12.9248 13.8514 14.2008 14.2859 14.3289 14.3678 14.3885 14.4065 14.4253
 14.4509 14.4701 14.4857 14.5002 14.523  14.5547 14.5719 14.5873 14.6095
 14.6335 14.6672 14.6872 14.7019 14.7137 14.7369 14.7574 14.7744 14.7905
 14.8098 14.8348 14.8504 14.8735 14.8958 14.9095 14.924  14.9531 14.9736
 14.9844 15.0035 15.018  15.0467 15.0997 15.1178 15.1308 15.1442 15.1687
 15.1785 15.1896 15.2007 15.2127 15.2427 15.2541 15.2705 15.2895 15.3037
 15.3177 15.3368 15.3564 15.3742 15.3959 15.4093 15.4231 15.4366 15.4471
 15.4652 15.4784 15.5048 15.5158 15.5304 15.5418 15.5575 15.5908 15.6036
 15.6173 15.6422 15.6748 15.6879 15.731
22.4319 22.4756 23.199  23.3723 23.501  23.5166 23.5452 23.7037 23.7278
 23.7623 23.7987 23.8207 23.8474 23.8606 23.8732 23.8968 23.9257 23.9596
 23.9803 23.9949 24.0236 24.0421 24.0577 24.0685 24.0807 24.0928 24.103
 24.1128 24.1234 24.1387 24.1531 24.1648 24.1944 24.2103 24.2309 24.2441
 24.2554 24.2747 24.2945 24.3094 24.3207 24.3326 24.3478 24.3579 24.3701
 24.3844 24.3942 24.4061 24.416  24.4277 24.4415 24.454  24.4643 24.4752
 24.4879 24.5063 24.5199 24.5354 24.5534 24.5644 24.5756 24.589  24.6017
 24.6178 24.6276 24.6391 24.6483 24.6572 24.6656 24.6754 24.6864 24.6975
 24.713  24.7245 24.7348 24.7507 24.7599 24.7699 24.7824 24.7957 24.8059
 24.817  24.8367 24.8506 24.8638 24.8731 24.8859 24.9    24.9132 24.9318
 24.9477 24.9636 24.9776 25.0004 25.0242 25.0471 25.0669 25.0781 25.1064
 25.1197 25.1518 25.1747 25.2187 25.2365 25.2587 25.2897 25.3351 25.3531
31.8798 32.4473 32.9445 33.3355 33.4514 33.5105 33.6011 33.7055 33.78
 33.8542 33.93   33.9695 33.9992 34.0118 34.0256 34.0432 34.06   34.0821
 34.0957 34.1094 34.1235 34.1355 34.1525 34.1733 34.1884 34.2256 34.2635
 34.2775 34.2927 34.3083 34.3363 34.3592 34.3802 34.3964 34.408  34.4245
 34.4386 34.4492 34.4643 34.4816 34.4957 34.5092 34.5249 34.5382 34.5556
 34.5738 34.5855 34.5987 34.6103 34.6251 34.6405 34.655  34.6673 34.6788
 34.6926 34.7043 34.7145 34.723  34.7328 34.7449 34.7555 34.7722 34.7817
 34.7914 34.8017 34.8124 34.8227 34.8352 34.8445 34.8556 34.8678 34.8765
 34.8879 34.8987 34.9118 34.9239 34.9401 34.9506 34.9613 34.9764 34.9942
 35.0078 35.0276 35.0498 35.0727 35.0931 35.1084 35.126  35.1439 35.1554
 35.1684 35.219  35.2454 35.299  35.3674
42.2904 42.4902 42.5593 42.6097 42.8086 42.8422 42.9361 43.0127 43.1202
 43.1476 43.1844 43.2129 43.2457 43.2695 43.2843 43.3019 43.3196 43.3447
 43.3608 43.3727 43.3855 43.3993 43.4178 43.4306 43.4419 43.4769 43.4899
 43.5061 43.5186 43.5372 43.5501 43.567  43.5852 43.6003 43.6164 43.6344
 43.6491 43.6608 43.6725 43.6839 43.6993 43.7126 43.7236 43.7355 43.7471
 43.7604 43.7741 43.7882 43.7985 43.8106 43.8203 43.8335 43.8433 43.8545
 43.8663 43.8757 43.8857 43.9011 43.914  43.9268 43.9444 43.9539 43.9693
 43.9782 43.9923 44.0009 44.0116 44.0219 44.0331 44.0433 44.0561 44.065
 44.0784 44.0887 44.1003 44.1121 44.126  44.1397 44.1509 44.1639 44.1781
 44.1882 44.2013 44.2117 44.2229 44.2367 44.2469 44.2592 44.2725 44.2894
 44.2997 44.3123 44.3231 44.3348 44.3449 44.3664 44.3867 44.4253 44.4453
 44.4709 44.4909 44.5315 44.5626
52.0879 53.0421 53.3027 53.453  53.5216 53.6459 53.661  53.6973 53.7254
 53.7415 53.7587 53.8297 53.8564 53.8722 53.8919 53.9113 53.9259 53.9398
 53.9618 53.9722 53.9846 54.0091 54.0355 54.0461 54.0591 54.0875 54.1163
 54.1282 54.1419 54.153  54.1655 54.1791 54.1935 54.2032 54.2158 54.2348
 54.2527 54.272  54.2822 54.2958 54.3068 54.3181 54.3273 54.3386 54.3493
 54.3585 54.3735 54.387  54.3997 54.4086 54.4174 54.429  54.4414 54.4502
 54.4586 54.4744 54.4849 54.4939 54.5027 54.5133 54.5227 54.5323 54.5418
 54.5523 54.563  54.5743 54.5912 54.6053 54.6188 54.6354 54.6465 54.6616
 54.6717 54.6815 54.6921 54.7012 54.7113 54.7211 54.7307 54.7437 54.753
 54.7631 54.7736 54.7837 54.7932 54.8052 54.8187 54.8292 54.8446 54.855
 54.8681 54.8783 54.8927 54.9032 54.9132 54.9252 54.9392 54.9487 54.9574
 54.968  54.9777 54.9914 55.0029 55.022  55.0371 55.0512 55.0672 55.0812
 55.0987 55.1245 55.152  55.1696 55.183  55.1947 55.2143 55.237  55.2603
 55.3248 55.3862 55.407
61.519  63.2719 63.3421 63.4671 63.7066 63.7653 63.7889 63.8377 63.8701
 63.8939 63.9357 63.9504 63.9861 64.0307 64.05   64.067  64.0905 64.1153
 64.1356 64.1754 64.1928 64.2136 64.2279 64.2401 64.2554 64.2714 64.2934
 64.3056 64.3203 64.3572 64.3739 64.3982 64.4355 64.4633 64.4796 64.4937
 64.5106 64.5376 64.5532 64.571  64.5846 64.6117 64.6289 64.6481 64.6607
 64.6778 64.6959 64.7112 64.7332 64.746  64.7741 64.8019 64.8187 64.8441
 64.8866 64.9072

