12.1585 12.8259 13.5044 13.8037 13.9826 14.0106 14.0723 14.2086 14.2347
 14.2905 14.3578 14.4235 14.4479 14.4775 14.4966 14.5109 14.5253 14.554
 14.5684 14.5946 14.6176 14.6458 14.6588 14.6711 14.6864 14.6983 14.7099
 14.7227 14.7393 14.7525 14.764  14.7766 14.7877 14.8014 14.8123 14.8252
 14.8354 14.8476 14.8605 14.8715 14.8829 14.8926 14.9026 14.9129 14.9249
 14.9359 14.9457 14.9551 14.9644 14.9728 14.9835 14.9926 15.0048 15.0145
 15.0242 15.035  15.0452 15.0574 15.0676 15.0788 15.088  15.1045 15.1136
 15.1231 15.1344 15.1448 15.1547 15.1636 15.1743 15.1864 15.1957 15.2072
 15.219  15.2295 15.2394 15.2483 15.2577 15.2654 15.2755 15.2837 15.2936
 15.3027 15.311  15.3197 15.3279 15.3365 15.3468 15.3553 15.3637 15.3723
 15.3813 15.3906 15.399  15.4076 15.4174 15.4268 15.4395 15.45   15.4616
 15.4728 15.482  15.4929 15.5023 15.5156 15.5264 15.5389 15.5523 15.5646
 15.5771 15.5878 15.5976 15.6089 15.6205 15.6304 15.6411 15.6516 15.6631
 15.6724 15.6878 15.7149 15.7256 15.7381 15.7487 15.7649 15.7875 15.8576
21.9035 22.9262 23.3339 23.3555 23.4638 23.5305 23.5577 23.5776 23.6067
 23.6235 23.6371 23.6583 23.6914 23.7145 23.76   23.7849 23.8199 23.8421
 23.8542 23.8657 23.8818 23.898  23.9117 23.9305 23.9467 23.9702 23.9922
 24.0076 24.0224 24.0358 24.0457 24.0586 24.0691 24.0812 24.0959 24.1066
 24.1211 24.1343 24.1509 24.1688 24.1828 24.2001 24.2118 24.2228 24.2316
 24.2421 24.2513 24.2637 24.2789 24.2921 24.3036 24.3191 24.3293 24.3382
 24.3498 24.3677 24.3782 24.3877 24.3993 24.4081 24.4187 24.4279 24.438
 24.4495 24.4581 24.4692 24.4797 24.4926 24.5043 24.5142 24.5254 24.5383
 24.5492 24.5584 24.5675 24.5784 24.5881 24.6001 24.612  24.6233 24.6344
 24.6433 24.6541 24.6633 24.6734 24.6842 24.6937 24.7066 24.7233 24.7374
 24.7472 24.756  24.7673 24.7782 24.7883 24.8065 24.8198 24.8289 24.8406
 24.8498 24.8598 24.8689 24.886  24.8984 24.9072 24.9267 24.9435 24.9619
 24.9825 24.9971 25.0276 25.0685 25.1059 25.1884
31.7985 32.5005 32.6518 32.824  32.8532 32.8793 32.9047 32.9343 32.9607
 32.9771 32.9969 33.0487 33.0672 33.1022 33.1366 33.1623 33.1746 33.1933
 33.2251 33.2373 33.2569 33.2747 33.2892 33.3025 33.3169 33.3284 33.3392
 33.3579 33.3715 33.3814 33.3925 33.4046 33.4152 33.4283 33.4398 33.4504
 33.4611 33.4746 33.4853 33.4953 33.5055 33.5166 33.5286 33.5458 33.5561
 33.5661 33.5755 33.5843 33.5964 33.6069 33.62   33.6288 33.6374 33.6461
 33.6551 33.6662 33.6775 33.6863 33.6952 33.7053 33.7153 33.7234 33.7314
 33.7405 33.7491 33.7582 33.7668 33.7756 33.7848 33.7939 33.8036 33.8127
 33.8208 33.8291 33.8381 33.8463 33.8545 33.8628 33.8721 33.8801 33.8887
 33.8971 33.9044 33.9114 33.9189 33.9267 33.9351 33.9429 33.9504 33.9581
 33.9666 33.9749 33.9828 33.9912 33.9986 34.0061 34.014  34.0218 34.0295
 34.0371 34.0454 34.0532 34.0614 34.0698 34.0771 34.0857 34.0935 34.1008
 34.1093 34.1187 34.1271 34.1341 34.1419 34.1504 34.1589 34.1662 34.1737
 34.1817 34.1889 34.1966 34.2042 34.2113 34.2191 34.2269 34.2347 34.2425
 34.2509 34.2591 34.2676 34.2748 34.2822 34.2899 34.2983 34.306  34.3137
 34.3221 34.3298 34.338  34.346  34.3542 34.364  34.3717 34.3801 34.3883
 34.3978 34.4063 34.4145 34.4224 34.4297 34.439  34.4471 34.4544 34.4639
 34.4725 34.4801 34.4881 34.4972 34.505  34.513  34.5215 34.5298 34.5388
 34.548  34.5564 34.5657 34.5773 34.5879 34.5996 34.6106 34.619  34.6282
 34.638  34.6465 34.6566 34.6665 34.6753 34.6848 34.6941 34.7049 34.7175
 34.7285 34.7428 34.7524 34.7679 34.7803 34.7914 34.8029 34.823  34.847
 34.8631 34.9236
41.9947 43.1388 43.1774 43.2314 43.41   43.4511 43.5043 43.5254 43.5868
 43.6199 43.6477 43.6625 43.6927 43.7136 43.7251 43.7754 43.7973 43.8208
 43.8464 43.8648 43.8765 43.8905 43.9035 43.9178 43.952  43.9649 43.9787
 43.9939 44.0059 44.0197 44.0357 44.0461 44.0577 44.0679 44.0839 44.1016
 44.1153 44.1301 44.1453 44.1572 44.1725 44.1879 44.1995 44.2112 44.222
 44.2334 44.2428 44.2526 44.264  44.273  44.2828 44.297  44.3051 44.314
 44.3268 44.3373 44.3458 44.3573 44.3684 44.3797 44.3893 44.4008 44.4127
 44.4229 44.4332 44.4422 44.453  44.4613 44.4697 44.4792 44.4889 44.4993
 44.5085 44.5179 44.5287 44.5367 44.5453 44.5536 44.5614 44.5701 44.5792
 44.5881 44.5961 44.6057 44.6151 44.6242 44.6339 44.647  44.6562 44.6731
 44.6838 44.6955 44.7045 44.7128 44.7219 44.7309 44.7396 44.7491 44.7586
 44.7679 44.7764 44.785  44.7932 44.8014 44.811  44.8185 44.8264 44.8348
 44.8434 44.8523 44.8611 44.8716 44.8798 44.8877 44.8956 44.9035 44.9115
 44.9203 44.9283 44.9359 44.9451 44.9547 44.9634 44.9715 44.9796 44.9883
 44.9978 45.0077 45.018  45.0283 45.0386 45.05   45.0597 45.0686 45.0782
 45.0897 45.1017 45.1108 45.1215 45.1332 45.144  45.1556 45.1696 45.1825
 45.2006 45.2152 45.2279 45.241  45.2586 45.2707 45.2889 45.3117 45.3257
 45.3541 45.4085
53.3842 53.4366 53.5078 53.559  53.5846 53.6346 53.684  53.7229 53.7727
 53.8561 53.9018 53.936  53.9552 53.9798 54.0039 54.0166 54.0516 54.0776
 54.092  54.1052 54.1227 54.1438 54.1675 54.2211 54.2457 54.2612 54.2742
 54.2913 54.3035 54.3144 54.3316 54.3504 54.3651 54.3785 54.3896 54.4148
 54.4306 54.4429 54.4584 54.4768 54.4903 54.5024 54.5177 54.5336 54.5434
 54.555  54.567  54.5788 54.5885 54.6006 54.6165 54.6293 54.641  54.6513
 54.6625 54.6725 54.6825 54.6924 54.7025 54.7112 54.7223 54.7334 54.743
 54.7524 54.7637 54.7747 54.7838 54.7932 54.8015 54.8115 54.8214 54.8298
 54.8382 54.8465 54.8556 54.8635 54.8726 54.8807 54.889  54.9002 54.9092
 54.9196 54.929  54.9374 54.9457 54.9543 54.9617 54.9693 54.9774 54.9852
 54.9955 55.0055 55.0156 55.0236 55.0317 55.0404 55.0488 55.0569 55.0661
 55.074  55.0816 55.0894 55.0971 55.1054 55.1135 55.122  55.1295 55.1371
 55.146  55.1541 55.1634 55.1739 55.1828 55.1923 55.2006 55.2109 55.22
 55.2314 55.2414 55.2505 55.2593 55.2696 55.2795 55.2877 55.2976 55.3091
 55.3174 55.3272 55.3383 55.349  55.3572 55.3687 55.3783 55.3882 55.3987
 55.4081 55.4187 55.4283 55.4377 55.4465 55.4549 55.4653 55.4751 55.4869
 55.497  55.5064 55.516  55.5252 55.5365 55.546  55.5557 55.5656 55.5774
 55.5896 55.604  55.6285 55.6415 55.6548 55.6669 55.6797 55.7493 55.7985
62.7693 63.866  63.8898 64.0448 64.1995 64.4157 64.5117 64.556  64.5812
 64.6838 64.7117 64.7876 64.8031 64.8301 64.851  64.875  64.8884 64.9173
 64.9344 64.9657 64.9794 64.991  65.0094 65.0196 65.0362 65.0673 65.0829
 65.0997 65.1249 65.1372 65.1514 65.2059 65.2314 65.2512 65.2641 65.2764
 65.2887 65.302  65.3167 65.3337 65.3467 65.3578 65.3673 65.3787 65.3899
 65.4004 65.4104 65.4414 65.4529 65.4643 65.4766 65.4888 65.5109 65.5229
 65.5441 65.5675 65.5865 65.6123 65.6227 65.6412 65.6623 65.676  65.6968
 65.7117 65.726  65.7462 65.7604 65.7759 65.8398 65.8598 65.8757 65.8863
 65.9086 65.9241 65.9344 65.9595 65.9999

