14.338  14.3634 14.4446 14.4849 14.6312 14.6598 14.7042 14.7219 14.7785
 14.7951 14.8155 14.8305 14.8938 14.9157 14.9394 14.9577 14.9799 14.9965
 15.0107 15.0327 15.0529 15.0632 15.076  15.0934 15.1049 15.1213 15.1372
 15.1549 15.1687 15.1877 15.1997 15.2105 15.2269 15.242  15.2528 15.264
 15.2805 15.2913 15.3052 15.3171 15.3269 15.3373 15.3464 15.3592 15.3707
 15.3823 15.3975 15.4095 15.4191 15.4278 15.4364 15.4466 15.4573 15.4678
 15.4807 15.4916 15.5019 15.5135 15.5249 15.5355 15.5475 15.5571 15.5695
 15.5873 15.6024 15.6183 15.6305 15.64   15.6485 15.6582 15.6681 15.6799
 15.6922 15.7026 15.7137 15.7282 15.7435 15.7551 15.7662 15.7763 15.7865
 15.7965 15.8077 15.8193 15.8304 15.8408 15.8547 15.8657 15.8765 15.8975
 15.9236 15.9422 15.9769 15.9913 16.0178 16.0406 16.0627
21.4529 23.2621 23.4589 23.5895 23.735  23.8333 23.8876 23.9173 23.9482
 23.9667 23.9822 24.0013 24.0387 24.0704 24.0846 24.1217 24.133  24.1516
 24.1809 24.1972 24.2438 24.2638 24.2805 24.296  24.3141 24.3304 24.3542
 24.3799 24.3956 24.4194 24.4318 24.4441 24.4569 24.4676 24.4792 24.4921
 24.5047 24.5155 24.5283 24.5392 24.5543 24.5679 24.5847 24.5954 24.6081
 24.6228 24.6392 24.6511 24.6633 24.6739 24.6865 24.696  24.7099 24.7202
 24.7322 24.7464 24.756  24.7696 24.7802 24.7899 24.8017 24.8174 24.8291
 24.8406 24.8507 24.8667 24.8761 24.8869 24.8977 24.9077 24.9166 24.9263
 24.9371 24.9468 24.9548 24.9644 24.9737 24.9834 24.9936 25.0019 25.0109
 25.0221 25.0319 25.0411 25.05   25.0597 25.0695 25.0793 25.0906 25.1002
 25.1124 25.1237 25.1334 25.1464 25.1574 25.1741 25.1839 25.1941 25.2066
 25.2253 25.2406 25.2979 25.3558 25.3916
32.4363 32.7812 33.0062 33.0736 33.1426 33.1885 33.2127 33.2705 33.2983
 33.3469 33.3657 33.3817 33.4011 33.4185 33.4355 33.4481 33.4876 33.507
 33.5369 33.5547 33.5709 33.586  33.6002 33.619  33.6325 33.6462 33.6592
 33.6703 33.6835 33.6935 33.705  33.7178 33.7298 33.7422 33.7549 33.7705
 33.7815 33.7912 33.8012 33.8136 33.8246 33.8432 33.8605 33.8703 33.8809
 33.8912 33.9022 33.9125 33.9243 33.9342 33.9457 33.9555 33.967  33.9777
 33.9878 33.9979 34.0081 34.0197 34.0294 34.0387 34.0487 34.0573 34.0665
 34.0751 34.0844 34.0933 34.1023 34.1128 34.1236 34.1339 34.1437 34.1521
 34.1627 34.1707 34.1793 34.1877 34.1957 34.2043 34.2121 34.2229 34.2329
 34.2428 34.2516 34.2603 34.2689 34.2771 34.2864 34.2952 34.3042 34.3123
 34.3201 34.3286 34.3387 34.3473 34.3561 34.3646 34.3727 34.3813 34.3898
 34.4    34.4081 34.4172 34.4257 34.4355 34.4449 34.4542 34.4627 34.4707
 34.4797 34.4875 34.4952 34.5046 34.5139 34.5225 34.5305 34.5395 34.549
 34.5573 34.5657 34.5744 34.5823 34.5911 34.5997 34.6083 34.6181 34.6273
 34.6368 34.6449 34.6536 34.6618 34.6691 34.6769 34.6855 34.6937 34.7031
 34.712  34.7204 34.7291 34.7375 34.7459 34.7544 34.7633 34.7724 34.7809
 34.7895 34.797  34.8051 34.8131 34.8222 34.8313 34.8398 34.8479 34.8574
 34.866  34.8758 34.8834 34.8926 34.9034 34.9125 34.9208 34.9301 34.9388
 34.9484 34.9587 34.9696 34.9834 34.9947 35.0062 35.0194 35.0303 35.04
 35.0486 35.0589 35.0689 35.0792 35.0897 35.1014 35.1163 35.1283 35.1393
 35.1511 35.1657 35.1822 35.2008 35.2263 35.2442 35.2672 35.3193
41.8575 43.022  43.6407 43.6659 43.7204 43.7395 43.7624 43.8425 43.8733
 43.9028 43.9335 43.96   43.9769 43.9937 44.0119 44.0488 44.0739 44.0907
 44.1409 44.161  44.178  44.2018 44.2203 44.2353 44.254  44.2666 44.2829
 44.297  44.3134 44.3281 44.343  44.3646 44.3808 44.3931 44.4083 44.4282
 44.446  44.4646 44.4791 44.49   44.4986 44.5101 44.5211 44.5321 44.5427
 44.554  44.5639 44.5751 44.5894 44.6007 44.612  44.6207 44.6314 44.6451
 44.6568 44.6677 44.6794 44.6927 44.7047 44.7208 44.7317 44.7448 44.7576
 44.768  44.7779 44.7875 44.7998 44.8107 44.8203 44.8297 44.8395 44.8499
 44.8592 44.868  44.8773 44.8876 44.898  44.9066 44.9172 44.9276 44.9366
 44.9452 44.9561 44.9673 44.9761 44.9891 44.9979 45.009  45.0184 45.0277
 45.0369 45.0464 45.0552 45.0662 45.0763 45.0859 45.097  45.107  45.1168
 45.125  45.1368 45.1476 45.1565 45.1657 45.1745 45.1827 45.1927 45.2042
 45.2135 45.2244 45.2369 45.2468 45.2554 45.2641 45.2732 45.2813 45.2903
 45.2995 45.3098 45.3189 45.3274 45.337  45.3459 45.3538 45.3633 45.3725
 45.3833 45.3951 45.4053 45.416  45.4277 45.4396 45.4523 45.4684 45.4821
 45.4972 45.5128 45.5274 45.5429 45.5576 45.5742 45.6008 45.6179 45.6424
 45.6641 45.679  45.6969 45.7188
52.8105 53.4712 53.6508 53.9753 54.166  54.2468 54.3176 54.3409 54.3641
 54.3896 54.4156 54.4341 54.454  54.4674 54.4857 54.5657 54.5809 54.6184
 54.6305 54.6477 54.6621 54.6747 54.6847 54.6976 54.7134 54.7323 54.7451
 54.7575 54.7684 54.7799 54.7913 54.8042 54.8204 54.8331 54.8439 54.8554
 54.8683 54.8786 54.892  54.9041 54.9183 54.9301 54.9424 54.9539 54.9651
 54.9776 54.9882 55.0004 55.0098 55.0193 55.0288 55.0378 55.0476 55.058
 55.0667 55.0789 55.0912 55.1011 55.1105 55.122  55.1315 55.1411 55.1501
 55.1585 55.169  55.1782 55.1879 55.1973 55.2055 55.2159 55.2255 55.2354
 55.2441 55.2546 55.2644 55.2739 55.2846 55.2945 55.3031 55.3122 55.3212
 55.3327 55.3421 55.3518 55.364  55.3748 55.3832 55.3921 55.4013 55.4109
 55.4202 55.4297 55.4403 55.4493 55.4591 55.4677 55.4762 55.4863 55.4943
 55.503  55.5118 55.5211 55.5298 55.5393 55.5501 55.5604 55.5689 55.5772
 55.5855 55.5956 55.6054 55.6148 55.6245 55.6336 55.6424 55.6511 55.6625
 55.6705 55.6798 55.6903 55.7014 55.7115 55.7196 55.7305 55.7411 55.7521
 55.7631 55.7725 55.7831 55.7931 55.8012 55.8116 55.8214 55.8319 55.8418
 55.8519 55.8622 55.8726 55.8855 55.8962 55.9065 55.9174 55.9306 55.945
 55.9558 55.9671 55.9763 55.9876 56.0057 56.0235 56.0373 56.0586 56.0783
 56.1039 56.1351 56.1985
62.7815 64.2594 64.5708 64.6702 64.9128 64.9658 64.9827 65.0101 65.0312
 65.0531 65.0678 65.0858 65.1083 65.1303 65.1474 65.1671 65.18   65.1964
 65.2132 65.2564 65.2769 65.3019 65.3145 65.3284 65.3562 65.3696 65.3865
 65.3993 65.4151 65.4301 65.4537 65.468  65.4857 65.4968 65.5078 65.5238
 65.5463 65.5629 65.5956 65.6097 65.6318 65.6489 65.6745 65.6919 65.7095
 65.7277 65.7453 65.7684 65.7893 65.803  65.8194 65.837  65.8574 65.8925
 65.9058 65.9299 65.9493 65.9617 65.9802 66.0042 66.0401 66.0762 66.0992
 66.1216 66.1389 66.1829 66.2045

