12.1399 12.461  12.6188 12.7479 13.1834 13.3794 13.4061 13.4562 13.5209
 13.5627 13.6036 13.6319 13.6697 13.6924 13.7119 13.7253 13.7496 13.766
 13.8235 13.8405 13.8554 13.8662 13.8888 13.9319 13.9459 13.9665 13.9797
 14.0045 14.0174 14.0355 14.0537 14.0732 14.0875 14.1038 14.1212 14.1315
 14.1472 14.1683 14.1862 14.2069 14.2249 14.2382 14.2495 14.263  14.2751
 14.2884 14.2992 14.3106 14.3217 14.348  14.3604 14.3697 14.3871 14.4005
 14.4101 14.4188 14.4352 14.4482 14.4626 14.4749 14.4847 14.4944 14.5075
 14.5177 14.5276 14.5374 14.5474 14.5608 14.5702 14.5801 14.5922 14.6044
 14.6159 14.6253 14.6388 14.647  14.6577 14.6659 14.678  14.6899 14.7026
 14.715  14.7316 14.7438 14.7547 14.7669 14.7806 14.7905 14.8007 14.8127
 14.8271 14.8374 14.8478 14.8589 14.8745 14.8912 14.9023 14.9155 14.9249
 14.9421 14.9543 14.9707 14.9847 15.0194 15.0375 15.0566 15.0698 15.1127
22.0779 22.6057 22.8612 22.8912 22.9671 23.0851 23.1737 23.2495 23.2659
 23.282  23.3065 23.3504 23.3896 23.4174 23.4323 23.4502 23.4685 23.4885
 23.5033 23.5159 23.5306 23.5515 23.5647 23.5767 23.5892 23.5989 23.6199
 23.6373 23.6753 23.6921 23.7034 23.7248 23.7516 23.7688 23.7999 23.8219
 23.8376 23.8499 23.8625 23.8793 23.8893 23.8999 23.9133 23.9268 23.9398
 23.9517 23.9634 23.9836 23.9988 24.0183 24.0305 24.0408 24.0527 24.0648
 24.0775 24.0885 24.0989 24.1147 24.1272 24.1426 24.166  24.1801 24.1898
 24.2017 24.2112 24.2279 24.2418 24.2544 24.2659 24.2754 24.2957 24.3071
 24.3201 24.3308 24.3417 24.3589 24.3717 24.3884 24.4064 24.4416 24.4655
 24.4907 24.5345
30.4448 30.5427 31.8741 32.157  32.2241 32.2628 32.2888 32.3759 32.3977
 32.5061 32.5439 32.605  32.6472 32.6667 32.7072 32.7309 32.7493 32.7675
 32.7811 32.8084 32.8291 32.8496 32.8679 32.9041 32.9213 32.9604 32.9996
 33.0133 33.0255 33.0387 33.0544 33.069  33.0988 33.1166 33.1334 33.1576
 33.1753 33.1873 33.2009 33.2253 33.247  33.2698 33.2959 33.3113 33.3488
 33.3737 33.3864 33.401  33.4358 33.46   33.4721 33.4845 33.5144 33.5345
 33.5839 33.598  33.6546
40.1647 40.4758 41.1557 41.4017 41.4658 41.5361 41.6385 41.6609 41.7168
 41.7986 41.8548 41.9112 41.9344 41.9698 41.9893 42.043  42.1088 42.1705
 42.2002 42.2178 42.2338 42.2571 42.275  42.3037 42.3145 42.3286 42.3569
 42.3772 42.405  42.4362 42.4577 42.48   42.4964 42.5077 42.5278 42.5387
 42.5685 42.5882 42.6005 42.6123 42.6308 42.6504 42.6829 42.7266 42.7621
 42.7765 42.7905 42.8006 42.8157 42.8613 42.8799 42.9238 42.9686 43.0066
50.9149 51.1438 51.369  51.4119 51.4805 51.5238 51.5838 51.6208 51.6518
 51.7423 51.7593 51.7752 51.8034 51.8292 51.8413 51.8604 51.8758 51.892
 51.9089 51.9234 51.9346 51.9564 51.969  51.9914 52.0042 52.0185 52.0363
 52.0514 52.0641 52.0825 52.0978 52.1153 52.128  52.1406 52.1536 52.1681
 52.1813 52.1937 52.2087 52.2198 52.2334 52.2477 52.2582 52.2693 52.2853
 52.3005 52.315  52.3283 52.3431 52.3589 52.3813 52.3929 52.4046 52.4205
 52.4327 52.4461 52.4578 52.4727 52.4874 52.5011 52.5134 52.5575 52.5692
 52.582  52.5939 52.6063 52.6334 52.6514 52.679  52.7007 52.7113 52.7305
 52.7494 52.8266 52.8749 52.8989 56.7827
60.2427 60.3965 60.4706 60.5004 60.6218 60.6529 60.7504 60.8329 60.8556
 60.8847 60.9269 60.9524 60.9857 61.0471 61.0738 61.1108 61.1264 61.1494
 61.1654 61.195  61.2127 61.2323 61.2518 61.2724 61.2939 61.3096 61.3226
 61.3589 61.3711 61.3896 61.4062 61.4207 61.438  61.4558 61.4724 61.4889
 61.5057 61.5244 61.5341 61.547  61.562  61.5781 61.5888 61.6241 61.6437
 61.6647 61.6775 61.6918 61.7074 61.7245 61.7357 61.759  61.7824 61.8047
 61.8221 62.0456 67.1357 69.2637 69.4077 69.4367 69.506  69.5325 69.5632
 69.5878 69.6044 69.6249 69.6653 69.6886 69.715  69.765  69.7873 69.8016
 69.8368 69.8521 69.8649 69.8822 69.9238 69.9369 69.9508 69.9641 69.9791
 69.9956

