12.2969 12.8039 12.898  13.1533 13.2528 13.3087 13.4813 13.5169 13.5466
 13.5744 13.598  13.6245 13.6418 13.6581 13.6742 13.6913 13.7091 13.7293
 13.7495 13.7661 13.7767 13.789  13.8041 13.8246 13.8377 13.8489 13.8645
 13.8805 13.8925 13.9045 13.9214 13.9373 13.9487 13.963  13.9777 13.9961
 14.0077 14.0188 14.0305 14.0409 14.0519 14.0622 14.0726 14.0849 14.0959
 14.1086 14.1221 14.1344 14.1468 14.1556 14.1668 14.1778 14.1899 14.1999
 14.2119 14.2218 14.2338 14.244  14.2528 14.262  14.2718 14.2801 14.2887
 14.2968 14.3051 14.314  14.323  14.3324 14.3418 14.3505 14.3594 14.3687
 14.3775 14.3857 14.3946 14.4036 14.4122 14.4207 14.4293 14.4375 14.4461
 14.4549 14.4631 14.4716 14.4803 14.4878 14.4961 14.5041 14.5119 14.5209
 14.5295 14.5379 14.5468 14.5549 14.5641 14.5722 14.5807 14.589  14.5981
 14.6062 14.6141 14.6219 14.6298 14.6373 14.6455 14.6536 14.6616 14.6698
 14.6779 14.6866 14.6957 14.7038 14.7117 14.7191 14.7268 14.7354 14.7438
 14.7517 14.7602 14.7686 14.777  14.7854 14.794  14.8019 14.8098 14.818
 14.8257 14.8338 14.8418 14.8491 14.8565 14.8647 14.8728 14.8814 14.8888
 14.8959 14.9031 14.9105 14.9181 14.9261 14.9337 14.9416 14.949  14.9563
 14.9636 14.972  14.98   14.988  14.9959 15.0045 15.0123 15.0202 15.028
 15.0353 15.0428 15.0503 15.0583 15.0658 15.0734 15.081  15.0892 15.0985
 15.1063 15.1147 15.1234 15.1308 15.1394 15.1476 15.1553 15.1632 15.171
 15.1787 15.1872 15.1951 15.203  15.2113 15.2197 15.2282 15.2368 15.2449
 15.2526 15.2604 15.2685 15.2767 15.2849 15.2931 15.3006 15.3089 15.3167
 15.325  15.3335 15.3415 15.3503 15.3583 15.3661 15.374  15.3824 15.3913
 15.3999 15.4079 15.4161 15.4246 15.4328 15.4404 15.4487 15.4562 15.4646
 15.4734 15.4818 15.4898 15.4981 15.5062 15.5142 15.5226 15.5308 15.539
 15.5478 15.5563 15.5643 15.5722 15.5804 15.5887 15.5975 15.6061 15.6147
 15.6243 15.6324 15.6403 15.6484 15.657  15.6646 15.6729 15.6813 15.689
 15.6971 15.706  15.7147 15.7229 15.7315 15.7408 15.7499 15.7596 15.7682
 15.7766 15.7852 15.7941 15.8035 15.8122 15.8217 15.8297 15.8379 15.8477
 15.8567 15.8656 15.8753 15.8847 15.8944 15.9056 15.9156 15.9247 15.9336
 15.9432 15.9531 15.963  15.9724 15.9818 15.9911 16.0002 16.0098 16.0191
 16.029  16.0391 16.0492 16.0593 16.0695 16.08   16.0902 16.1017 16.1113
 16.1226 16.1347 16.1438 16.1557 16.1665 16.1773 16.1908 16.202  16.2143
 16.2274 16.2379 16.2499 16.2619 16.2729 16.2857 16.2969 16.3103 16.3232
 16.3418 16.3602 16.3756 16.3933 16.4107 16.4363 16.4546 16.4783 16.4976
 16.5243 16.5466 16.5805 16.6163 16.6526 16.6839 16.7366 16.9464
22.3447 22.7808 22.8499 23.0043 23.0411 23.132  23.154  23.1863 23.2261
 23.242  23.2645 23.2903 23.3138 23.3342 23.3494 23.3674 23.3836 23.4033
 23.4252 23.4401 23.4654 23.483  23.4985 23.5105 23.5289 23.5421 23.5568
 23.5695 23.5787 23.5889 23.6027 23.6154 23.6332 23.6511 23.6627 23.6739
 23.6888 23.6998 23.7092 23.7192 23.7297 23.7408 23.7522 23.7621 23.772
 23.7825 23.7926 23.8019 23.8129 23.8226 23.8326 23.8417 23.8534 23.863
 23.8712 23.8805 23.8895 23.8988 23.9097 23.9202 23.9306 23.94   23.9497
 23.9584 23.9686 23.9785 23.9871 23.9963 24.0053 24.0148 24.0237 24.0325
 24.0421 24.0516 24.0602 24.0688 24.0784 24.0876 24.0972 24.1065 24.1155
 24.1255 24.1353 24.1448 24.1535 24.1621 24.172  24.1813 24.1895 24.1991
 24.2088 24.2186 24.2283 24.2379 24.2456 24.2548 24.2629 24.2728 24.2808
 24.2893 24.2989 24.3086 24.3172 24.3253 24.3342 24.343  24.3518 24.3599
 24.3687 24.3779 24.386  24.3945 24.4032 24.4116 24.4191 24.4276 24.4371
 24.4462 24.4549 24.4638 24.4722 24.4804 24.489  24.4979 24.5069 24.5157
 24.5239 24.5332 24.5427 24.5515 24.5608 24.5707 24.5791 24.5884 24.597
 24.6067 24.6158 24.6245 24.6325 24.6409 24.6502 24.6588 24.6703 24.6793
 24.6883 24.6974 24.7066 24.7163 24.7263 24.735  24.743  24.7524 24.7613
 24.7699 24.7784 24.7885 24.7977 24.8078 24.816  24.8242 24.8332 24.8417
 24.8515 24.8621 24.8711 24.8824 24.8923 24.9018 24.9103 24.9193 24.9279
 24.9363 24.9458 24.9564 24.9665 24.9757 24.9854 24.9946 25.0031 25.0122
 25.0215 25.0305 25.0398 25.0498 25.0607 25.071  25.0802 25.0901 25.1001
 25.1092 25.1186 25.1278 25.1358 25.1453 25.1546 25.1646 25.1747 25.1863
 25.1976 25.2073 25.2177 25.227  25.2379 25.247  25.2577 25.2667 25.2763
 25.2861 25.2954 25.3054 25.317  25.3285 25.3398 25.3523 25.3639 25.3751
 25.386  25.398  25.411  25.4246 25.4385 25.4502 25.4598 25.474  25.4881
 25.5007 25.5133 25.525  25.5366 25.5537 25.5669 25.5837 25.598  25.6168
 25.635  25.6554 25.6808 25.6981 25.7124 25.7286 25.743  25.7583 25.7748
 25.7895 25.8111 25.8427 25.8575 25.8836 25.9155 25.9618 26.0438 26.09
30.9379 31.5101 31.6369 31.9658 32.1509 32.2362 32.274  32.3139 32.3464
 32.3658 32.3949 32.4315 32.4658 32.4866 32.5237 32.5539 32.5826 32.5966
 32.6149 32.6344 32.6464 32.6595 32.6734 32.7014 32.7151 32.731  32.7454
 32.7589 32.7709 32.7819 32.7934 32.805  32.8168 32.8298 32.8413 32.8522
 32.8644 32.8784 32.8897 32.902  32.9124 32.9236 32.9336 32.9427 32.9531
 32.9665 32.979  32.9902 33.0024 33.013  33.0232 33.0342 33.0471 33.0578
 33.0681 33.079  33.0889 33.0985 33.1085 33.1201 33.1297 33.1402 33.1513
 33.1619 33.1714 33.1807 33.1896 33.199  33.2095 33.2199 33.2316 33.2419
 33.2514 33.2605 33.2701 33.2794 33.2891 33.3004 33.3122 33.3225 33.3332
 33.3436 33.3542 33.3628 33.3743 33.3855 33.3948 33.4045 33.4134 33.4228
 33.4333 33.4418 33.4503 33.4595 33.4689 33.4773 33.487  33.4969 33.5062
 33.5144 33.5236 33.5331 33.5425 33.5525 33.563  33.5726 33.584  33.5942
 33.6026 33.6114 33.6211 33.6303 33.6395 33.6494 33.6603 33.6695 33.6793
 33.6888 33.6996 33.711  33.7205 33.7296 33.7417 33.7517 33.7611 33.7721
 33.7807 33.7889 33.7974 33.8068 33.8167 33.8295 33.8419 33.8505 33.8598
 33.8692 33.8793 33.8907 33.9014 33.9109 33.9208 33.9317 33.9409 33.9504
 33.9602 33.9691 33.9789 33.9883 34.001  34.0116 34.022  34.0329 34.0431
 34.0555 34.0672 34.0786 34.0892 34.1006 34.1129 34.1259 34.1408 34.1525
 34.162  34.173  34.1835 34.1936 34.205  34.2164 34.2268 34.2369 34.2466
 34.2563 34.2666 34.2787 34.2938 34.3064 34.3188 34.3338 34.3468 34.3568
 34.3685 34.3809 34.394  34.4086 34.4211 34.4332 34.4477 34.4607 34.4724
 34.4846 34.4956 34.5131 34.5293 34.5458 34.5652 34.5774 34.5897 34.6094
 34.622  34.6393 34.6589 34.6769 34.6941 34.7078 34.7301 34.749  34.7704
 34.791  34.8169 34.857  34.8735 34.8945 34.9192 34.9639 35.1185 39.3303
40.9796 41.2799 41.3463 41.4211 41.4568 41.5167 41.5386 41.5676 41.6512
 41.7252 41.7526 41.7929 41.8254 41.8617 41.9067 41.9227 41.9344 41.9486
 41.9687 41.9881 42.0021 42.0267 42.0453 42.0612 42.0795 42.1001 42.1257
 42.1451 42.1762 42.1989 42.214  42.2248 42.2426 42.2565 42.268  42.2809
 42.2915 42.3033 42.315  42.3261 42.3359 42.3471 42.3593 42.3706 42.3806
 42.3906 42.4033 42.4156 42.4294 42.4409 42.4521 42.4634 42.4733 42.4842
 42.4961 42.509  42.5192 42.5291 42.5405 42.5509 42.561  42.5721 42.5853
 42.5953 42.6066 42.6189 42.6288 42.6383 42.6479 42.6567 42.6671 42.6767
 42.6851 42.6953 42.7083 42.7191 42.7296 42.7405 42.7511 42.7623 42.7742
 42.7843 42.7956 42.8051 42.8141 42.8245 42.8363 42.8486 42.8586 42.8703
 42.8815 42.8936 42.9031 42.9131 42.923  42.9346 42.9438 42.9542 42.9642
 42.9768 42.9865 42.9956 43.0055 43.0148 43.0259 43.0352 43.0476 43.0576
 43.0675 43.0768 43.0882 43.0986 43.1077 43.1169 43.1252 43.1348 43.1447
 43.1564 43.1667 43.1786 43.189  43.201  43.2104 43.2208 43.2308 43.2426
 43.2538 43.2641 43.2768 43.288  43.3004 43.3098 43.32   43.3292 43.3378
 43.3464 43.3555 43.3662 43.3771 43.3867 43.3983 43.4079 43.4206 43.4309
 43.4401 43.4514 43.4622 43.474  43.4843 43.4962 43.5051 43.5156 43.5276
 43.5399 43.5537 43.5675 43.5775 43.5884 43.6019 43.6116 43.6215 43.634
 43.6482 43.6608 43.6714 43.6827 43.6965 43.7092 43.7205 43.7313 43.7484
 43.7626 43.7776 43.7926 43.8081 43.8223 43.8399 43.8525 43.8671 43.8794
 43.898  43.9157 43.9279 43.9421 43.9555 43.9735 43.9982 44.0208 44.0403
 44.0546 44.0801 44.1093 44.1256 44.1705 44.1915 44.226  44.2493 44.2837
 44.3769 49.7719
50.5708 50.6978 50.8746 51.0761 51.1255 51.1508 51.2245 51.3247 51.3953
 51.4399 51.4726 51.4979 51.5185 51.5386 51.5554 51.5958 51.6165 51.6326
 51.649  51.6668 51.683  51.6986 51.7132 51.7264 51.7489 51.7596 51.7706
 51.7848 51.7981 51.8138 51.8263 51.8413 51.852  51.8641 51.8745 51.8872
 51.9015 51.917  51.9301 51.9417 51.9533 51.9659 51.9773 51.9902 52.0048
 52.0159 52.0281 52.0402 52.05   52.062  52.071  52.0829 52.0938 52.1045
 52.1159 52.1255 52.1369 52.1463 52.1549 52.164  52.1732 52.1826 52.1931
 52.203  52.2134 52.2234 52.2321 52.2411 52.2505 52.2592 52.2702 52.2789
 52.2868 52.2946 52.3027 52.3125 52.3208 52.3291 52.3382 52.3484 52.3569
 52.3653 52.3737 52.3823 52.3912 52.4    52.4082 52.416  52.4244 52.4329
 52.4412 52.4497 52.4584 52.4671 52.4754 52.485  52.4942 52.5028 52.5108
 52.5202 52.5286 52.5375 52.5455 52.554  52.5624 52.5709 52.5794 52.5873
 52.5952 52.6039 52.6125 52.6208 52.6289 52.6377 52.6463 52.6562 52.6653
 52.6745 52.6824 52.6921 52.7003 52.7084 52.7176 52.7257 52.7344 52.7435
 52.753  52.7614 52.7697 52.7785 52.7871 52.7953 52.8041 52.8129 52.8212
 52.8297 52.838  52.8461 52.8544 52.863  52.872  52.8813 52.8901 52.9002
 52.9088 52.9177 52.9268 52.9362 52.9452 52.9535 52.9619 52.9699 52.9786
 52.9869 52.9951 53.0029 53.0115 53.0202 53.0294 53.0385 53.0482 53.0582
 53.068  53.0767 53.0851 53.0937 53.1045 53.1134 53.1224 53.1333 53.1439
 53.1529 53.1619 53.1706 53.1795 53.1881 53.198  53.2066 53.2151 53.2238
 53.2328 53.2408 53.2508 53.2601 53.2687 53.2784 53.2864 53.2949 53.3039
 53.3123 53.322  53.3303 53.3399 53.3487 53.3581 53.3687 53.3815 53.3909
 53.4015 53.4132 53.4236 53.4323 53.441  53.4517 53.4629 53.4713 53.4796
 53.4902 53.5    53.5102 53.5206 53.5304 53.5425 53.5527 53.5629 53.5735
 53.5833 53.5932 53.6035 53.6143 53.6251 53.6349 53.6452 53.6561 53.6681
 53.6778 53.6888 53.7003 53.7167 53.7286 53.74   53.7533 53.7653 53.7778
 53.7925 53.8064 53.8184 53.8316 53.8424 53.854  53.865  53.8806 53.8986
 53.9141 53.9305 53.9522 53.9714 53.9841 53.9972 54.0176 54.0366 54.051
 54.0643 54.0839 54.0973 54.117  54.1479 54.1896 54.2187 54.3328 54.366
 54.5718 59.5534
60.4029 60.514  60.6148 60.6667 60.7028 60.7219 60.7507 60.8002 60.8365
 60.8572 60.8789 60.8956 60.9164 60.9387 60.9615 60.9814 61.0096 61.0285
 61.0504 61.0672 61.0847 61.1009 61.1176 61.1361 61.1666 61.1871 61.2044
 61.2161 61.232  61.2459 61.2609 61.2811 61.2963 61.3094 61.3226 61.3357
 61.3454 61.3594 61.3735 61.3875 61.4013 61.4122 61.4249 61.4367 61.4481
 61.4582 61.4698 61.4819 61.492  61.5021 61.5153 61.5246 61.5344 61.5437
 61.5533 61.5626 61.5734 61.5836 61.5936 61.6024 61.6127 61.6241 61.6338
 61.6449 61.6543 61.6631 61.6725 61.6822 61.6939 61.7034 61.7118 61.7217
 61.7328 61.7447 61.7543 61.7645 61.7725 61.782  61.7918 61.8005 61.8095
 61.8192 61.8294 61.8404 61.8504 61.8621 61.8729 61.8819 61.8905 61.8989
 61.9087 61.9177 61.9271 61.9367 61.9462 61.9566 61.9666 61.9759 61.9845
 61.9932 62.0029 62.0131 62.0249 62.0341 62.0429 62.0533 62.0629 62.0728
 62.0832 62.0924 62.1029 62.1129 62.1234 62.1337 62.1426 62.1519 62.1634
 62.1728 62.1838 62.1931 62.2017 62.2108 62.22   62.2298 62.2394 62.2494
 62.26   62.2701 62.279  62.2895 62.3    62.3108 62.3224 62.3341 62.3454
 62.3556 62.3653 62.3747 62.3845 62.3947 62.4049 62.4171 62.4282 62.4392
 62.4494 62.4617 62.4724 62.4818 62.4911 62.5007 62.5106 62.5206 62.5306
 62.5393 62.5491 62.5592 62.5693 62.5787 62.5926 62.6055 62.6175 62.6278
 62.6375 62.649  62.6607 62.6708 62.6815 62.6931 62.7041 62.7162 62.7274
 62.7404 62.7512 62.7617 62.7731 62.7841 62.797  62.8089 62.8217 62.836
 62.8502 62.865  62.8769 62.8922 62.9069 62.9241 62.9453 62.9638 62.9874
 63.0025 63.021  63.0356 63.0541 63.0737 63.091  63.1054 63.1257 63.1519
 63.1803 63.1984 63.2189 63.2394 63.2573 63.2795 63.3071 63.3313 63.3549
 63.4519 67.6778 67.8356 68.9876 69.0349 69.0826 69.1969 69.2205 69.2538
 69.3024 69.3668 69.4331 69.4508 69.4924 69.5165 69.5426 69.5669 69.5988
 69.6208 69.6493 69.6658 69.6912 69.7094 69.7274 69.7399 69.7532 69.7712
 69.786  69.8011 69.8171 69.831  69.8424 69.8603 69.8747 69.8853 69.8993
 69.9127 69.9247 69.9375 69.9477 69.961  69.9714 69.9834 69.9929

