12.7395 13.2163 13.2724 13.3576 13.3947 13.5116 13.5858 13.6429 13.6699
 13.7541 13.787  13.8166 13.8438 13.8738 13.9117 13.962  13.9816 14.0077
 14.0239 14.0494 14.1015 14.1565 14.2357 14.2822 14.2991 14.3798 14.4254
 14.4427
22.5575 22.7882 22.8357 22.8941 23.0108 23.0804 23.1141 23.1656 23.2632
 23.306  23.3999 23.4554 23.5666 23.6546 23.6739 23.6885 23.7058 23.7772
 23.8222 23.8672
31.1198 32.2714 32.326  32.3464 32.3742 32.4157 32.4467 32.4788 32.5397
 32.5657 32.7425 32.7722 32.8409 32.9634 33.0137 33.0499
40.7907 40.8425 41.4034 41.4845 41.6909 41.8264 41.9198 42.0155 42.0897
 42.1121 42.2269 42.2572 42.3549 42.4122 42.4287 42.55   49.5818
50.8228 51.0518 51.1491 51.2292 51.3085 51.3927 51.4422 51.4982 51.5361
 51.578  51.6527 51.6819 51.7084 51.781  51.9217 51.9774 52.034  52.1233
 52.1459 59.7165
60.5331 60.724  60.7802 61.0607 61.1061 61.1653 61.1859 61.2189 61.2968
 61.3309 61.4562 68.8923 68.9289 69.2357 69.3108 69.3359 69.3946 69.4136
 69.4372 69.4807 69.6227 69.6405 69.6704 69.714  69.74   69.7776 69.7955
 69.8094 69.8242 69.8898 69.9655 69.9826

