12.4213 12.7819 12.8762 13.1357 13.2537 13.3016 13.3269 13.3558 13.3721
 13.4487 13.4791 13.5418 13.5593 13.5854 13.6276 13.6548 13.6776 13.6998
 13.7191 13.7366 13.7741 13.8013 13.8167 13.8314 13.8489 13.8692 13.8926
 13.9052 13.9252 13.9413 13.9551 13.9704 13.9851 14.004  14.0268 14.045
 14.0588 14.0703 14.0879 14.099  14.1118 14.1271 14.1417 14.1587 14.1718
 14.1887 14.2013 14.2132 14.226  14.2387 14.251  14.2642 14.2759 14.2898
 14.3027 14.3145 14.328  14.3434 14.3542 14.3653 14.3762 14.387  14.399
 14.4104 14.4215 14.4332 14.4439 14.4535 14.4652 14.4765 14.488  14.4982
 14.5087 14.5186 14.5311 14.5428 14.5545 14.5645 14.5767 14.5886 14.5989
 14.6088 14.6185 14.6291 14.6399 14.6505 14.6624 14.6745 14.6867 14.6979
 14.708  14.7182 14.7323 14.7451 14.7556 14.7673 14.7787 14.7899 14.8005
 14.8121 14.8226 14.8357 14.8466 14.8573 14.8672 14.8766 14.8865 14.8986
 14.9103 14.9218 14.9333 14.9434 14.9549 14.9669 14.9765 14.9866 14.9964
 15.0081 15.0186 15.0284 15.0391 15.0503 15.0623 15.0743 15.0872 15.0992
 15.1119 15.1234 15.1353 15.1465 15.1564 15.1689 15.1811 15.1926 15.2052
 15.2158 15.226  15.2368 15.25   15.2614 15.2737 15.2856 15.2996 15.3111
 15.331  15.342  15.3534 15.3666 15.3786 15.3912 15.4034 15.4149 15.4275
 15.4432 15.4581 15.4724 15.4836 15.4967 15.509  15.5198 15.53   15.5438
 15.5566 15.5709 15.5836 15.5963 15.6147 15.6287 15.6462 15.6581 15.6721
 15.6849 15.7014 15.7159 15.7346 15.753  15.771  15.7836 15.7992 15.8163
 15.8394 15.8804 15.8984 15.9191 15.9406 15.9666 15.9838 16.0075 16.0374
 16.067  16.0924 16.1196 16.1389 19.4498
22.5957 22.8417 22.928  23.1374 23.1676 23.2569 23.2828 23.3618 23.4215
 23.4783 23.5304 23.5638 23.5969 23.6498 23.6932 23.7285 23.7542 23.7923
 23.8281 23.8497 23.8698 23.8889 23.9081 23.9256 23.9388 23.9635 23.9834
 24.0017 24.0236 24.0409 24.0554 24.068  24.0806 24.0985 24.1118 24.125
 24.1383 24.1613 24.1757 24.1908 24.2035 24.2158 24.2299 24.2456 24.2629
 24.2771 24.288  24.2989 24.3093 24.3207 24.332  24.3442 24.3568 24.3705
 24.3826 24.3964 24.4141 24.4278 24.4422 24.4566 24.4745 24.489  24.4994
 24.5112 24.5227 24.5391 24.5536 24.5667 24.5792 24.5917 24.6049 24.6142
 24.6249 24.6381 24.6528 24.6664 24.6805 24.6905 24.7022 24.7126 24.7247
 24.7387 24.7509 24.7622 24.7725 24.7855 24.7989 24.8109 24.8232 24.8351
 24.8465 24.8609 24.8723 24.8825 24.8926 24.9023 24.916  24.9296 24.9452
 24.958  24.9704 24.9833 24.9959 25.0119 25.027  25.0374 25.0533 25.0661
 25.0773 25.0925 25.1085 25.1214 25.1347 25.1486 25.1597 25.173  25.1845
 25.1978 25.2093 25.2223 25.2407 25.2521 25.2671 25.2791 25.2917 25.3079
 25.3214 25.3359 25.3473 25.3597 25.3727 25.3846 25.3998 25.4167 25.435
 25.4546 25.47   25.489  25.5084 25.5244 25.5382 25.5481 25.561  25.5769
 25.5902 25.6101 25.6247 25.6388 25.6566 25.6767 25.6984 25.7136 25.7323
 25.7562 25.7812 25.8037 25.8286 25.9188 25.9867 26.0392 26.1547 26.2048
31.6748 31.9965 32.2327 32.2894 32.3239 32.3598 32.3847 32.4069 32.4259
 32.4538 32.4927 32.5093 32.5371 32.5655 32.5818 32.5979 32.6223 32.6381
 32.6549 32.6777 32.6988 32.716  32.7382 32.7555 32.7776 32.7964 32.8175
 32.8363 32.8565 32.8717 32.8875 32.9189 32.9358 32.9538 32.9687 32.9819
 32.9964 33.0119 33.0286 33.0477 33.0606 33.0757 33.0886 33.1078 33.1242
 33.1374 33.1558 33.1702 33.1937 33.2067 33.2197 33.2316 33.245  33.2592
 33.2713 33.282  33.2945 33.3087 33.3222 33.3377 33.3511 33.3673 33.3806
 33.3929 33.4043 33.4238 33.4371 33.4492 33.4607 33.4743 33.4857 33.5033
 33.5155 33.5271 33.539  33.5536 33.567  33.5785 33.5921 33.6051 33.6163
 33.6313 33.6454 33.6567 33.6689 33.6828 33.6983 33.7093 33.7212 33.7358
 33.7493 33.7636 33.7754 33.7893 33.8036 33.8145 33.8279 33.8443 33.8598
 33.8722 33.8894 33.9024 33.9153 33.9267 33.9431 33.9547 33.9678 33.9803
 33.997  34.0095 34.0229 34.0387 34.0535 34.0679 34.0809 34.0933 34.1062
 34.1195 34.1363 34.1554 34.1734 34.1884 34.2117 34.2272 34.2391 34.257
 34.2718 34.2919 34.3037 34.3167 34.3341 34.3493 34.364  34.3781 34.3944
 34.4096 34.4247 34.448  34.4675 34.484  34.5086 34.5435 34.5602 34.5757
 34.5899 34.6119 34.6336 34.6681 34.6902 34.7109 34.7538 34.7858 34.8128
 34.8312 34.8736
40.2323 40.4227 40.9352 41.2242 41.2833 41.3508 41.4154 41.4617 41.518
 41.5472 41.5659 41.6191 41.6644 41.6851 41.7182 41.7363 41.7644 41.7867
 41.8091 41.844  41.8656 41.8834 41.899  41.9135 41.9306 41.9565 41.9867
 42.0101 42.0271 42.0546 42.0934 42.1173 42.1344 42.1499 42.1665 42.1803
 42.1917 42.2134 42.2369 42.2571 42.2748 42.2903 42.308  42.3215 42.3334
 42.3476 42.3648 42.3842 42.3962 42.411  42.4266 42.442  42.4557 42.473
 42.5063 42.5348 42.5458 42.5594 42.5756 42.5868 42.6033 42.6159 42.6333
 42.6576 42.6788 42.6951 42.7112 42.7272 42.7488 42.7643 42.776  42.7914
 42.8049 42.8183 42.8319 42.8464 42.8593 42.8841 42.9063 42.9391 42.9602
 42.9768 43.008  43.0268 43.0455 43.0688 43.0857 43.1097 43.1256 43.1493
 43.168  43.2242 43.2473 43.2645 43.2852 43.3003 43.316  43.3444 43.3715
 43.403  43.4217 43.452  43.4824 43.5073 43.528  43.5739 43.606  43.6298
 43.6599 43.6919 43.7148 43.7399 43.7574 43.7802 43.8086 49.1984 49.9483
50.0425 50.4315 50.5645 50.6546 50.7216 50.7571 50.7867 50.8357 50.8836
 50.9153 50.9314 50.9475 50.9605 50.9868 51.0077 51.0439 51.0626 51.0738
 51.087  51.103  51.1207 51.1368 51.1535 51.1677 51.1842 51.1989 51.2163
 51.2282 51.2398 51.2553 51.267  51.2795 51.2928 51.3075 51.3206 51.3305
 51.3395 51.3529 51.3653 51.3778 51.3937 51.408  51.4204 51.4368 51.45
 51.4595 51.4711 51.4803 51.4917 51.5022 51.5133 51.5235 51.5341 51.5437
 51.5626 51.5747 51.5895 51.6023 51.6153 51.6256 51.6367 51.6494 51.6596
 51.6722 51.6836 51.6963 51.7059 51.7174 51.7276 51.7381 51.7487 51.7606
 51.7741 51.7982 51.8165 51.8298 51.844  51.8577 51.869  51.8831 51.8969
 51.9124 51.9263 51.94   51.9504 51.9649 51.9759 51.989  52.0021 52.0143
 52.0282 52.0462 52.062  52.0748 52.0873 52.1094 52.1264 52.1398 52.1536
 52.1644 52.1766 52.1899 52.205  52.2167 52.2351 52.25   52.2653 52.2786
 52.2892 52.3038 52.3177 52.3329 52.3536 52.3674 52.3797 52.3935 52.4089
 52.4229 52.4375 52.455  52.4701 52.491  52.5174 52.5317 52.5427 52.5651
 52.5831 52.5999 52.6134 52.6307 52.6443 52.6655 52.6928 52.7183 52.7425
 52.7577 52.7773 52.799  52.8275 52.847  52.8626 52.8855 52.9039 52.9343
 52.95   52.9778 53.0057 53.0273 53.0598 53.08   53.1026 53.1894 58.5791
 59.4131 59.6366 59.6827 59.7067 59.7447 59.7997 59.8517 59.8735 59.9029
 59.9511 59.9743
60.0038 60.0495 60.0747 60.0908 60.1072 60.1228 60.1391 60.1612 60.1838
 60.211  60.2293 60.2475 60.2698 60.2863 60.3014 60.3208 60.3438 60.3634
 60.3737 60.3911 60.4066 60.4179 60.43   60.4492 60.4686 60.4854 60.5014
 60.5218 60.5355 60.5476 60.5635 60.582  60.5982 60.6159 60.6481 60.6639
 60.6755 60.689  60.7014 60.7122 60.7246 60.7349 60.7479 60.7632 60.7756
 60.7914 60.8031 60.8168 60.8277 60.8457 60.8675 60.8803 60.8948 60.9078
 60.9213 60.9342 60.95   60.9658 60.9795 60.9927 61.0074 61.023  61.0348
 61.0475 61.0582 61.0673 61.0795 61.0931 61.1075 61.1187 61.1291 61.143
 61.155  61.1711 61.1856 61.1972 61.2098 61.2231 61.2491 61.2752 61.2886
 61.3059 61.3207 61.3338 61.3489 61.3615 61.3749 61.3881 61.4007 61.4145
 61.4282 61.4471 61.4617 61.4786 61.4934 61.5081 61.5206 61.5389 61.5567
 61.5681 61.5835 61.5992 61.6141 61.6275 61.6421 61.6561 61.6705 61.6848
 61.7005 61.7277 61.7441 61.7568 61.7728 61.7904 61.8108 61.8249 61.8433
 61.8631 61.8848 61.9087 61.9277 61.9424 61.9642 61.9814 62.0062 62.0271
 62.0475 62.0727 62.0863 62.1083 62.1305 62.1597 62.1868 62.2286 62.2736
 62.3149 62.349  68.9725 69.0046 69.0809 69.1478 69.2077 69.2618 69.2878
 69.3215 69.3626 69.4028 69.4316 69.4666 69.4927 69.5077 69.5215 69.5331
 69.5534 69.5685 69.5826 69.5976 69.6153 69.6309 69.645  69.6563 69.6761
 69.6873 69.7091 69.7288 69.7442 69.7725 69.7875 69.8005 69.8177 69.8361
 69.851  69.8658 69.8804 69.8962 69.907  69.9262 69.9387 69.9525 69.9637
 69.9778 69.9885

