13.2903 13.3408 13.4046 13.4211 13.4999 13.5913 13.6178 13.6959 13.7688
 13.7904 13.8425 13.8831 14.0309 18.4321
21.989  22.947  23.046  23.2284 23.3291 23.7267 24.046
32.0955 32.1589 32.1858 32.2163 32.29   32.3714 32.4729 32.5805 32.5993
 32.7137 32.7706 32.8449 32.8948 32.9237
40.5522 41.1743 41.3968 41.5146 41.7999 47.6099 49.3986
50.1497 50.3071 50.5743 50.628  50.7028 50.7344 50.8647 50.9058 58.5003
 59.3483 59.3789
60.1361 60.3078 68.0877 68.6867 68.7507 69.0662 69.0985 69.1432 69.274
 69.3109 69.3501

