12.4963 13.1693 13.2052 13.3369 13.4016 13.4187 13.4458 13.4894 13.5181
 13.5459 13.5812 13.6014 13.6678 13.7046 13.7303 13.7575 13.7715 13.7917
 13.8148 13.8344 13.8525 13.8768 13.9085 13.9371 13.9516 13.9913 14.0444
 14.2515
21.9019 22.1778 22.4025 22.4918 22.7771 22.8798 23.0354 23.135  23.2089
 23.3134 23.3479 23.3735 23.4216 23.4514 23.4702 23.4854 23.5023 23.5227
 23.5613 23.5828 23.6346 23.6548 23.7282 23.7459 23.7629 23.7878 23.8481
 23.972  24.0084
30.5635 31.4485 31.5696 31.6791 31.8935 31.92   31.9889 32.0325 32.1126
 32.2349 32.2597 32.2827 32.3087 32.3814 32.4082 32.4356 32.4683 32.4883
 32.5199 32.5474 32.5926 32.6288 32.7942 32.9148 32.9425 39.8467
41.0795 41.1723 41.2107 41.2457 41.2866 41.3071 41.3494 41.4181 41.4431
 41.4616 41.4806 41.5187 41.5929 41.6237 41.6697 41.7049 41.8123 41.8827
 41.9375 42.0281 42.1499 49.2358 49.8805 49.9612
50.1168 50.2162 50.3076 50.3868 50.4257 50.5043 50.5543 50.5815 50.6183
 50.6515 50.6825 50.7065 50.7225 50.7369 50.7509 50.7925 50.8409 50.8829
 50.8945 50.9099 50.9257 50.9403 50.9606 51.0024 51.0754 51.1169 51.1455
 51.188  51.2122 51.2701 51.3025 59.1852 59.3931 59.4356 59.4876 59.5801
 59.693  59.8267 59.8614 59.8963 59.9538
60.0331 60.0552 60.083  60.155  60.188  60.2795 60.3313 60.3964 60.4542
 60.5277 68.0217 68.49   68.5707 68.7417 68.7908 68.814  68.8666 68.9004
 69.0114 69.1599 69.2106 69.2283 69.2565 69.2925 69.3119 69.3517 69.3839
 69.4084 69.4516 69.5577 69.7576 69.7726

