14.4417 14.6686 14.7805 14.9035 14.9563 15.0011 15.0578 15.0914 15.1808
 15.2065 15.2588 15.2886 15.3228 15.3433 15.3641 15.384  15.4071 15.4357
 15.453  15.4694 15.4908 15.5044 15.5191 15.5341 15.5516 15.5691 15.5862
 15.5976 15.6116 15.6327 15.6493 15.6674 15.6909 15.7134 15.729  15.7405
 15.7566 15.774  15.7878 15.8027 15.8154 15.8294 15.8439 15.8549 15.8676
 15.8817 15.892  15.9027 15.9145 15.9255 15.9364 15.9523 15.9651 15.9749
 15.9874 16.0005 16.0186 16.0362 16.0472 16.0624 16.0734 16.085  16.0957
 16.1085 16.1178 16.1291 16.1386 16.148  16.1575 16.1693 16.1798 16.191
 16.2013 16.2109 16.2207 16.2304 16.2399 16.2517 16.2624 16.2752 16.2866
 16.2954 16.3058 16.3185 16.3293 16.3421 16.3524 16.3614 16.3704 16.3787
 16.3897 16.3989 16.4072 16.4183 16.427  16.4366 16.4471 16.4575 16.4691
 16.4786 16.4875 16.4967 16.5061 16.5148 16.5251 16.5339 16.5445 16.555
 16.5631 16.5724 16.5821 16.5912 16.6009 16.6098 16.6189 16.6284 16.639
 16.6477 16.6567 16.6655 16.675  16.6858 16.6988 16.7091 16.7188 16.7276
 16.738  16.7483 16.7586 16.77   16.779  16.7891 16.7987 16.8077 16.8167
 16.8261 16.8351 16.8453 16.8546 16.8644 16.8733 16.8838 16.894  16.9044
 16.9144 16.9235 16.9337 16.9423 16.9533 16.9634 16.9726 16.9824 16.9928
 17.0014 17.0113 17.0218 17.0316 17.0442 17.0556 17.0655 17.0763 17.0883
 17.099  17.1099 17.1226 17.1344 17.1466 17.1582 17.1735 17.1889 17.2003
 17.2152 17.2288 17.2421 17.2578 17.2695 17.288  17.3044 17.3212 17.3362
 17.3635 17.3868 17.4057 17.4221 17.445  17.4809 17.5323 17.5591 17.6205
 17.7207 17.9129 17.9518
23.2186 24.9747 25.0496 25.0876 25.1933 25.2736 25.303  25.4023 25.4511
 25.4707 25.4913 25.5173 25.5393 25.5607 25.5777 25.5984 25.622  25.6414
 25.6622 25.6882 25.7113 25.7308 25.7416 25.7585 25.771  25.7862 25.7984
 25.809  25.8306 25.8456 25.8599 25.885  25.9015 25.9232 25.9345 25.9501
 25.9663 25.9839 25.9984 26.0098 26.0266 26.036  26.0478 26.0589 26.0716
 26.0817 26.0938 26.1064 26.1191 26.1311 26.1433 26.1543 26.1708 26.1833
 26.1949 26.2082 26.2194 26.2285 26.2378 26.2477 26.2579 26.2667 26.2759
 26.2848 26.2937 26.3028 26.3127 26.3234 26.3337 26.3435 26.352  26.3613
 26.3701 26.3788 26.3906 26.4004 26.4112 26.4214 26.4314 26.4432 26.4538
 26.4637 26.4735 26.4831 26.4916 26.4995 26.5094 26.5185 26.5284 26.5377
 26.5476 26.5567 26.5665 26.577  26.5861 26.5956 26.6046 26.6139 26.6232
 26.6325 26.643  26.6533 26.6622 26.6708 26.6796 26.6877 26.697  26.7056
 26.7147 26.7254 26.7354 26.7445 26.7534 26.7625 26.7715 26.7821 26.7916
 26.8004 26.8091 26.8195 26.8286 26.8394 26.8492 26.8585 26.8676 26.8767
 26.8864 26.8961 26.9038 26.9117 26.9199 26.9292 26.9375 26.947  26.9552
 26.9636 26.9728 26.9829 26.9923 27.0018 27.0111 27.0199 27.0309 27.0406
 27.051  27.0623 27.0725 27.0813 27.0908 27.1003 27.1103 27.1206 27.1325
 27.1445 27.1562 27.1665 27.1755 27.1862 27.1963 27.2058 27.2175 27.2337
 27.2479 27.2618 27.2745 27.287  27.2994 27.3148 27.3282 27.341  27.3533
 27.3737 27.3866 27.3997 27.4128 27.4253 27.4385 27.454  27.467  27.498
 27.5171 27.5416 27.5585 27.5773 27.6039 27.6389 27.6633 27.6854 27.7087
 27.7945 27.9117 29.4157
33.9878 34.6779 34.8432 35.0338 35.1528 35.2294 35.2644 35.3128 35.3306
 35.3602 35.382  35.3997 35.4291 35.4537 35.4811 35.5056 35.5205 35.5376
 35.5599 35.5787 35.6027 35.6235 35.6407 35.6556 35.6727 35.6905 35.7067
 35.7257 35.7417 35.7564 35.7742 35.7868 35.8075 35.8284 35.8404 35.8559
 35.8786 35.89   35.9077 35.9205 35.9361 35.9483 35.9629 35.975  35.9875
 35.9994 36.0131 36.0233 36.034  36.0472 36.0598 36.0728 36.0832 36.0961
 36.1069 36.1182 36.1306 36.1459 36.156  36.167  36.1779 36.1882 36.1998
 36.2087 36.2244 36.2358 36.2474 36.26   36.273  36.2838 36.2941 36.3033
 36.3124 36.3219 36.3317 36.3432 36.3535 36.3642 36.3764 36.3875 36.397
 36.4056 36.4149 36.4244 36.4352 36.4479 36.4601 36.472  36.4831 36.4928
 36.5035 36.5134 36.5232 36.5345 36.5443 36.5564 36.5665 36.5765 36.5865
 36.5958 36.6047 36.6143 36.6233 36.6326 36.6428 36.6563 36.667  36.6785
 36.6904 36.6992 36.709  36.7193 36.7294 36.7398 36.7495 36.7589 36.7683
 36.7776 36.7882 36.7988 36.8075 36.8178 36.8277 36.8379 36.8474 36.8572
 36.8664 36.8756 36.8865 36.8965 36.9062 36.918  36.9281 36.939  36.9491
 36.9605 36.9722 36.9817 36.9911 37.0014 37.0124 37.0237 37.0339 37.0436
 37.0531 37.0623 37.0743 37.0872 37.1039 37.1153 37.1301 37.141  37.1533
 37.1649 37.1764 37.1891 37.2032 37.2165 37.2276 37.241  37.2533 37.2661
 37.2844 37.3038 37.3224 37.3362 37.3499 37.3658 37.3829 37.3946 37.4096
 37.4265 37.4447 37.4602 37.4803 37.502  37.5183 37.5578 37.579  37.6045
 37.6289 37.6549 37.7269 37.7985 37.8383
43.3986 43.6753 43.721  43.986  44.1504 44.1945 44.2409 44.3072 44.3631
 44.4028 44.4337 44.4815 44.5029 44.5184 44.5416 44.596  44.6124 44.6269
 44.6476 44.7013 44.7211 44.7405 44.769  44.784  44.7936 44.8057 44.8196
 44.8414 44.854  44.8709 44.8845 44.8979 44.9129 44.9221 44.933  44.944
 44.9547 44.9663 44.9799 44.9947 45.0078 45.0277 45.038  45.0496 45.0596
 45.0705 45.0874 45.1058 45.1201 45.1297 45.1398 45.1518 45.1651 45.1767
 45.1886 45.1991 45.2099 45.221  45.233  45.2425 45.2538 45.2647 45.2751
 45.2858 45.2955 45.305  45.3141 45.323  45.3336 45.3422 45.3508 45.3588
 45.3684 45.3778 45.3866 45.3966 45.4066 45.416  45.4255 45.4345 45.4433
 45.4531 45.4619 45.4701 45.4794 45.4902 45.4996 45.5078 45.5184 45.527
 45.5364 45.5465 45.5552 45.5635 45.5718 45.5805 45.588  45.5964 45.6046
 45.6151 45.6244 45.6326 45.6405 45.6498 45.6586 45.6671 45.6758 45.6838
 45.6919 45.7008 45.7106 45.7201 45.7302 45.7394 45.7494 45.7596 45.768
 45.7763 45.7846 45.793  45.8011 45.8105 45.8198 45.8298 45.839  45.8471
 45.856  45.8644 45.8734 45.8826 45.8913 45.9009 45.9093 45.9181 45.9271
 45.9359 45.9446 45.9529 45.962  45.9706 45.9792 45.9888 45.9968 46.0062
 46.014  46.022  46.0309 46.0399 46.0497 46.0598 46.0702 46.0794 46.0881
 46.097  46.1066 46.1149 46.1246 46.134  46.1434 46.1518 46.1608 46.17
 46.1797 46.1886 46.1982 46.2086 46.2171 46.227  46.2371 46.2466 46.2554
 46.2661 46.277  46.286  46.2945 46.3034 46.3129 46.3228 46.3327 46.343
 46.3531 46.3627 46.372  46.3816 46.3908 46.4    46.4106 46.4216 46.4327
 46.4432 46.4544 46.4661 46.4807 46.491  46.5023 46.5167 46.5347 46.5469
 46.562  46.5756 46.5876 46.6052 46.621  46.635  46.6496 46.6647 46.6829
 46.6996 46.7196 46.7497 46.7725 46.8214 46.8581 46.9022 47.109
52.9491 53.4875 53.6676 53.7353 53.773  53.804  53.833  53.8596 53.8784
 53.9219 53.9598 53.9785 54.0189 54.0423 54.0794 54.1297 54.1469 54.168
 54.1893 54.2141 54.2398 54.2597 54.287  54.3125 54.3293 54.3446 54.3627
 54.3738 54.3992 54.4149 54.4294 54.4466 54.4648 54.4894 54.5143 54.5298
 54.5447 54.5624 54.5819 54.603  54.6151 54.6282 54.6409 54.6549 54.6686
 54.681  54.6928 54.7081 54.7194 54.7319 54.746  54.7605 54.7715 54.7817
 54.7932 54.8067 54.8178 54.828  54.8409 54.8531 54.8669 54.8812 54.8935
 54.9062 54.9157 54.9269 54.9385 54.9514 54.9681 54.979  54.991  55.001
 55.0104 55.0216 55.0344 55.0442 55.059  55.0689 55.0803 55.0891 55.0988
 55.1084 55.1214 55.1321 55.143  55.1521 55.1625 55.1726 55.182  55.1918
 55.2042 55.2135 55.2247 55.2343 55.2441 55.2536 55.2625 55.2731 55.2847
 55.2942 55.3038 55.3132 55.3242 55.334  55.3429 55.352  55.3627 55.3714
 55.3814 55.3912 55.4011 55.4106 55.4203 55.4305 55.4433 55.4544 55.4635
 55.4723 55.4826 55.4919 55.5034 55.5135 55.5227 55.5337 55.5462 55.5558
 55.5655 55.5772 55.5872 55.5966 55.6056 55.6153 55.6271 55.6373 55.6468
 55.6563 55.6661 55.6762 55.6871 55.696  55.7064 55.7162 55.7256 55.7386
 55.7503 55.7619 55.7722 55.7831 55.7942 55.8051 55.8159 55.8288 55.8407
 55.8517 55.8641 55.8772 55.8887 55.9051 55.9188 55.9297 55.9426 55.9582
 55.9747 55.9912 56.0054 56.0199 56.0399 56.0533 56.0731 56.087  56.0985
 56.1286 56.1579 56.1886 56.2113 56.2441 56.2933
62.3903 62.4919 62.5598 62.6979 62.8197 62.8739 62.9221 62.961  63.0407
 63.0629 63.0949 63.1825 63.2026 63.2306 63.2469 63.2663 63.2891 63.3296
 63.3499 63.3695 63.3993 63.4257 63.4468 63.4634 63.4785 63.5096 63.5369
 63.5493 63.5608 63.5874 63.6106 63.6327 63.6608 63.6774 63.6927 63.7133
 63.7283 63.7386 63.7524 63.7694 63.7855 63.7956 63.8082 63.8209 63.8315
 63.8452 63.8617 63.8748 63.887  63.8995 63.912  63.9243 63.9387 63.9508
 63.9629 63.9767 63.9881 63.9979 64.0076 64.0178 64.0288 64.041  64.0513
 64.0631 64.0765 64.0868 64.0971 64.107  64.1176 64.1275 64.1378 64.148
 64.1597 64.1716 64.1818 64.1907 64.2003 64.2098 64.2218 64.2313 64.2411
 64.2524 64.2635 64.2728 64.2817 64.2926 64.3024 64.3125 64.3225 64.3318
 64.3409 64.3503 64.3619 64.3713 64.3813 64.3907 64.3998 64.4096 64.4195
 64.4287 64.4391 64.449  64.4583 64.4691 64.4786 64.4877 64.4978 64.508
 64.5171 64.5264 64.5348 64.5433 64.5547 64.5644 64.5727 64.5814 64.5908
 64.6012 64.6107 64.6217 64.63   64.6407 64.6496 64.6591 64.6692 64.6778
 64.6891 64.6995 64.7094 64.7181 64.7273 64.7376 64.7475 64.758  64.7707
 64.7804 64.7895 64.7997 64.8106 64.8208 64.832  64.8425 64.8546 64.8671
 64.8773 64.8875 64.8973 64.9075 64.9184 64.9292 64.9397 64.9507 64.9614
 64.9719 64.9845 64.9972 65.0107 65.0247 65.0385 65.05   65.0636 65.0736
 65.0848 65.0956 65.1068 65.1214 65.1337 65.1539 65.1677 65.1847 65.201
 65.2126 65.2274 65.2455 65.2687 65.311  65.3519 65.3686 65.401  65.4469
 65.4743 65.5011 65.5232 65.5437 65.7856

