13.7249 14.0958 14.1545 14.8176 14.8868 14.9829 15.0499 15.0798 15.1634
 15.2385 15.2794 15.2976 15.3256 15.3622 15.3902 15.4214 15.473  15.5497
 15.5672 15.5866 15.6039 15.6178 15.6343 15.6629 15.6806 15.6909 15.7048
 15.7304 15.7527 15.7905 15.8054 15.8212 15.8597 15.8795 15.9049 15.9218
 15.962  15.9907
22.2245 23.7999 23.9046 24.6053 24.7238 25.1352 25.168  25.2301 25.3107
 25.3506 25.3988 25.4461 25.6112 25.6935 25.7228 25.7434 25.7689 25.8065
 25.8378 25.8514 25.9178 26.0776
31.3668 31.8287 34.0249 34.3343 34.4428 34.4838 34.5078 34.5904 34.6263
 34.6538 34.7138 34.7448 34.7606 34.8031 34.8438 34.8913 34.9098 34.9254
 34.9561 34.9845 35.0447 35.0991 35.119  35.1359 35.1481 35.1633 35.1894
 35.2318 35.2568 35.299  35.3299 35.3656 35.4    35.4251 35.4471 35.4937
 35.5942 35.6739
42.2807 42.8159 42.9665 43.1889 43.9219 44.06   44.1064 44.201  44.319
 44.3454 44.3899 44.406  44.4416 44.4638 44.4775 44.5215 44.5658 44.6019
 44.6236 44.6402 44.6566 44.6767 44.6986 44.7264 44.7413 44.7639 44.8127
 44.8818 44.9062 45.0793 45.1047
50.8152 53.8191 53.8925 53.9149 53.9587 54.1045 54.1415 54.1619 54.2946
 54.3299 54.3545 54.3797 54.4479 54.4739 54.4897 54.5588 54.5769 54.6132
 54.6479 54.6725 54.6956 54.7393 54.7613 54.7913 54.8298 54.8729 54.9125
 55.1214
62.9064 63.311  63.4075 63.6447 63.6685 63.6828 63.8185 63.8756 63.976
 64.0067 64.0456 64.0842 64.1318 64.1452 64.227  64.2776 64.2953 64.3136
 64.3325 64.3709 64.4353 64.4608 64.5448 64.5985 64.6333 64.6585

