11.2902 13.3866 14.3698 14.4365 14.6217 14.6644 14.7053 14.7475 14.7947
 14.8369 14.8607 14.8788 14.9764 15.0332 15.0758 15.1068 15.1283 15.1525
 15.1717 15.1889 15.2222 15.2358 15.2533 15.2813 15.3177 15.3434 15.3585
 15.3959 15.4324 15.4459 15.4795 15.5088 15.5247 15.5417 15.5583 15.5788
 15.597  15.6152 15.6266 15.6462 15.6616 15.6766 15.7024 15.7153 15.7277
 15.7404 15.7538 15.7649 15.7751 15.7909 15.8119 15.8224 15.8318 15.8466
 15.857  15.8726 15.8867 15.9    15.9164 15.9282 15.9412 15.9532 15.9679
 15.9804 15.9962 16.007  16.0212 16.0352 16.0474 16.0594 16.07   16.0814
 16.0964 16.1169 16.1358 16.1847 16.197  16.213  16.2395 16.2532 16.2836
 16.2999 16.3196
24.391  24.4626 24.6802 24.7445 24.7621 24.8638 24.8971 24.945  24.9606
 25.0151 25.044  25.1064 25.1298 25.1561 25.2014 25.2412 25.2934 25.3104
 25.3433 25.3636 25.387  25.4149 25.429  25.4446 25.4765 25.4959 25.5137
 25.5301 25.5462 25.5585 25.5798 25.5954 25.6174 25.6663 25.6857 25.6977
 25.714  25.7335 25.7706 25.7894 25.8028 25.8257 25.8498 25.8663 25.8773
 25.8948 25.9416 25.9572 25.9733 26.0048 26.0189 26.0368 26.0582 26.0742
 26.0856 26.1038 26.1245 26.1564 26.2505
33.3109 33.3526 33.7579 33.8487 34.0717 34.1401 34.1764 34.216  34.2646
 34.5237 34.5859 34.6853 34.7202 34.7486 34.7723 34.8066 34.8202 34.8845
 34.9111 34.946  34.9657 34.9925 35.0164 35.0296 35.0492 35.0601 35.0818
 35.098  35.1131 35.1295 35.1509 35.165  35.1837 35.1957 35.2182 35.2303
 35.2438 35.2538 35.2657 35.2791 35.2898 35.3066 35.3275 35.3467 35.3589
 35.3866 35.3988 35.4494 35.4623 35.4811 35.5003 35.5107 35.5219 35.5398
 35.5559 35.5706 35.5851 35.6061 35.6198 35.6299 35.6445 35.705  35.7211
 35.7321 35.748  35.8042 35.8335
42.1518 42.3724 42.9157 43.1017 43.5032 43.5402 43.6218 43.6368 43.6613
 43.7127 43.7349 43.8091 43.9005 43.9546 43.9853 44.0464 44.0692 44.0948
 44.1251 44.1455 44.1588 44.1936 44.2308 44.2543 44.2741 44.3213 44.3403
 44.3541 44.3757 44.3899 44.4152 44.4339 44.4548 44.4662 44.4806 44.5003
 44.5134 44.5394 44.5658 44.586  44.601  44.6154 44.6379 44.651  44.6704
 44.6872 44.7047 44.7186 44.731  44.7456 44.7581 44.7735 44.7889 44.8062
 44.8264 44.8389 44.853  44.8658 44.8934 44.9059 44.9169 44.9279 44.9476
 44.9653 44.9785 44.992  45.0113 45.0283 45.0455 45.0599 45.0715 45.0828
 45.0992 45.1114 45.1322 45.1565 45.1725 45.1847 45.2245 45.2501 45.2745
 45.3056 45.3393 49.3266
53.2799 53.4167 53.4638 53.5588 53.6663 53.689  53.7353 53.9209 53.9512
 53.9886 54.0494 54.0948 54.1117 54.1606 54.1937 54.2587 54.2902 54.315
 54.3507 54.3706 54.4172 54.4429 54.4626 54.492  54.5249 54.5404 54.5816
 54.597  54.6087 54.6276 54.646  54.662  54.704  54.7269 54.7444 54.7557
 54.7684 54.7957 54.8123 54.8462 54.8787 54.9011 54.9195 54.9413 54.9635
 55.0638 55.1832 55.2517
62.3288 62.5282 63.1698 63.2123 63.2853 63.335  63.3976 63.592  63.6461
 63.7019 63.7232 63.7856 63.8571 63.8741 63.9161 63.9415 64.0037 64.0207
 64.0538 64.0699 64.094  64.1184 64.1519 64.1757 64.1866 64.2047 64.2332
 64.2651 64.2825 64.3017 64.3219 64.3388 64.3551 64.3735 64.4075 64.4359
 64.4552 64.4709 64.4942 64.5115 64.5357 64.5565 64.578  64.6023 64.6284
 64.6527 64.7243 64.7355 64.7916 64.8374 64.8919

