15.192  15.258  15.5252 15.5726 15.7887 15.8214 15.8404 15.8728 15.9051
 15.9287 15.9474 15.9682 15.9864 16.0406 16.1263 16.144  16.157  16.1755
 16.1911 16.2137 16.2353 16.2486 16.2637 16.2862 16.3002 16.3178 16.3305
 16.3416 16.3539 16.3703 16.3861 16.4    16.414  16.4331 16.4473 16.4634
 16.4779 16.4906 16.5026 16.5157 16.5272 16.5371 16.5489 16.5638 16.5791
 16.5925 16.6056 16.6185 16.6298 16.6439 16.6555 16.6699 16.686  16.6986
 16.7087 16.7193 16.7302 16.7422 16.7547 16.7648 16.7764 16.7885 16.7999
 16.812  16.8266 16.8378 16.8484 16.8598 16.8694 16.8794 16.8903 16.8993
 16.9108 16.9214 16.9324 16.9444 16.9538 16.9635 16.974  16.988  16.9989
 17.0098 17.0192 17.0294 17.0416 17.054  17.0628 17.0743 17.084  17.0932
 17.1036 17.1144 17.1244 17.1365 17.1468 17.1561 17.1672 17.1772 17.1866
 17.196  17.2045 17.2146 17.2254 17.2352 17.2456 17.2544 17.2637 17.2723
 17.2811 17.2913 17.3005 17.309  17.3187 17.3289 17.339  17.3491 17.3602
 17.3697 17.3792 17.388  17.396  17.4044 17.4125 17.4216 17.431  17.4399
 17.448  17.4569 17.4665 17.4759 17.4852 17.4942 17.5041 17.5138 17.5222
 17.5316 17.5402 17.5497 17.5589 17.5675 17.578  17.5888 17.5982 17.6086
 17.6182 17.6269 17.6368 17.6462 17.6546 17.6633 17.6718 17.681  17.6908
 17.7008 17.7104 17.7212 17.7315 17.7411 17.7503 17.7592 17.7686 17.7787
 17.7883 17.7986 17.8088 17.8195 17.8295 17.8402 17.8497 17.8608 17.872
 17.8827 17.8941 17.904  17.9142 17.9247 17.9355 17.9456 17.9563 17.9693
 17.9797 17.991  18.0027 18.0143 18.0273 18.0388 18.0487 18.059  18.0718
 18.0843 18.0968 18.109  18.1192 18.1325 18.1439 18.1545 18.1673 18.177
 18.1877 18.1997 18.2162 18.2329 18.2487 18.264  18.2812 18.3007 18.3187
 18.3358 18.3492 18.3645 18.3829 18.4117 18.4366 18.453  18.473  18.4887
 18.5049 18.53   18.5628 18.6077 18.7498 19.0365
24.8699 25.3945 25.4621 25.6889 25.9731 26.0149 26.0528 26.0955 26.1285
 26.1454 26.1648 26.189  26.2068 26.2202 26.2384 26.2543 26.2677 26.2897
 26.309  26.3346 26.3528 26.3742 26.3934 26.4143 26.4328 26.4504 26.4646
 26.4824 26.498  26.5136 26.539  26.5506 26.5646 26.5784 26.5892 26.603
 26.6159 26.6282 26.6415 26.6531 26.6667 26.6813 26.6954 26.7087 26.726
 26.7369 26.7497 26.7644 26.7758 26.7886 26.8019 26.8161 26.8328 26.8425
 26.8549 26.8639 26.8746 26.885  26.8951 26.906  26.917  26.9313 26.9419
 26.9543 26.9655 26.9759 26.9866 26.9984 27.0087 27.0192 27.0304 27.04
 27.052  27.0622 27.0721 27.0819 27.0913 27.1017 27.1106 27.1203 27.1321
 27.1418 27.1515 27.161  27.1706 27.1813 27.1921 27.2027 27.213  27.222
 27.2313 27.2416 27.2514 27.2631 27.2725 27.2843 27.2939 27.3041 27.3127
 27.3227 27.3327 27.3442 27.3544 27.3642 27.3732 27.3826 27.3941 27.4044
 27.4138 27.4238 27.435  27.4446 27.4544 27.4637 27.4741 27.483  27.4916
 27.5013 27.5103 27.5215 27.5309 27.5411 27.5507 27.5606 27.57   27.5805
 27.5884 27.5992 27.609  27.6185 27.6268 27.6365 27.6459 27.6558 27.6645
 27.6747 27.6848 27.6937 27.7024 27.7111 27.72   27.7299 27.7395 27.7488
 27.7586 27.7674 27.7758 27.785  27.7941 27.8025 27.8116 27.8208 27.8302
 27.8393 27.8482 27.8575 27.8668 27.8788 27.8894 27.8989 27.9088 27.9186
 27.9282 27.9373 27.946  27.9561 27.9652 27.9749 27.9845 27.9942 28.0051
 28.0145 28.0245 28.0348 28.0446 28.0544 28.0651 28.0766 28.0879 28.0983
 28.1104 28.1213 28.1306 28.1416 28.1516 28.1619 28.1724 28.1838 28.1943
 28.2064 28.2172 28.2282 28.2387 28.2496 28.2632 28.2726 28.2834 28.2956
 28.3071 28.3215 28.3325 28.346  28.3605 28.3744 28.3868 28.3995 28.4148
 28.428  28.4445 28.4658 28.4846 28.5051 28.5289 28.5454 28.5711 28.5855
 28.606  28.6342 28.6643 28.6825 28.7098 28.7499 28.8147 28.8565 28.8981
 28.9364 28.9954 29.1348 29.2822
35.0664 35.3498 35.423  35.4497 35.4727 35.4982 35.5415 35.5946 35.7339
 35.7565 35.8066 35.8382 35.8625 35.8848 35.9023 35.9341 35.9625 35.997
 36.0352 36.057  36.083  36.1049 36.1215 36.1357 36.149  36.1617 36.173
 36.1865 36.1998 36.2124 36.2233 36.2377 36.2564 36.269  36.285  36.2954
 36.3072 36.325  36.3512 36.3624 36.374  36.3856 36.3963 36.4106 36.4227
 36.4337 36.4445 36.4563 36.4668 36.4802 36.491  36.5015 36.5113 36.5264
 36.5376 36.5488 36.5584 36.5682 36.5779 36.5905 36.6026 36.6165 36.6277
 36.6383 36.648  36.6565 36.6684 36.6798 36.6904 36.7023 36.7116 36.7219
 36.7299 36.7392 36.7474 36.7561 36.7668 36.7773 36.7874 36.7984 36.8095
 36.8192 36.8291 36.8382 36.8481 36.8584 36.868  36.8768 36.8872 36.8966
 36.906  36.9156 36.9251 36.9358 36.9445 36.9537 36.9628 36.9715 36.9808
 36.989  36.9978 37.0058 37.0159 37.0253 37.0338 37.0426 37.0502 37.0588
 37.0668 37.0749 37.0829 37.0917 37.0995 37.108  37.1158 37.1241 37.1325
 37.1409 37.1497 37.1584 37.1669 37.1754 37.1839 37.192  37.2014 37.2098
 37.2191 37.2284 37.237  37.2461 37.2538 37.2617 37.2697 37.2777 37.2854
 37.2931 37.3008 37.3084 37.3163 37.3241 37.3321 37.3397 37.3475 37.3552
 37.3633 37.371  37.3787 37.3866 37.3944 37.4023 37.4096 37.4173 37.4251
 37.4331 37.4401 37.4477 37.4553 37.4632 37.4705 37.4782 37.4858 37.4931
 37.5005 37.5081 37.5159 37.5238 37.5315 37.5391 37.5473 37.5549 37.5628
 37.571  37.5791 37.5871 37.5946 37.6025 37.61   37.6176 37.6259 37.6336
 37.6406 37.648  37.6555 37.6634 37.6709 37.6783 37.6864 37.6936 37.7011
 37.7084 37.7159 37.7236 37.7311 37.7385 37.7461 37.7536 37.7607 37.7685
 37.7755 37.7828 37.7908 37.7982 37.8058 37.8137 37.8209 37.8286 37.8359
 37.8438 37.8515 37.8589 37.8663 37.8739 37.8814 37.889  37.8966 37.9046
 37.9124 37.9204 37.9283 37.9362 37.9442 37.9525 37.96   37.9682 37.9756
 37.9834 37.9911 37.9993 38.0072 38.0146 38.0228 38.0308 38.0385 38.0469
 38.0546 38.0626 38.0703 38.0784 38.0871 38.0956 38.1037 38.1118 38.1201
 38.1289 38.138  38.1464 38.1551 38.1637 38.1722 38.1811 38.1902 38.1987
 38.2071 38.2167 38.2257 38.2348 38.2444 38.2539 38.2635 38.2726 38.2806
 38.2894 38.2986 38.3079 38.3174 38.3274 38.3364 38.3463 38.3564 38.3657
 38.3765 38.3865 38.3982 38.4089 38.4179 38.4292 38.439  38.4499 38.4603
 38.47   38.4797 38.4904 38.5019 38.5121 38.5217 38.5324 38.5438 38.5539
 38.5654 38.5784 38.5887 38.6006 38.6139 38.6282 38.64   38.6559 38.6683
 38.6817 38.6933 38.7045 38.7168 38.7285 38.7483 38.7636 38.7785 38.795
 38.8107 38.8282 38.8493 38.869  38.8959 38.9177 38.9541 38.9914 39.0129
 39.0458 39.0724 39.1189 39.1448 39.1888 39.2178 39.2578 39.2942 39.3416
 39.4256 39.5388 39.5757
45.0092 45.8308 45.9638 46.0354 46.6426 46.7524 46.8348 46.9657 46.9997
 47.0222 47.0569 47.0977 47.1393 47.1594 47.1949 47.2143 47.2284 47.2491
 47.2724 47.2987 47.3156 47.3531 47.3815 47.3942 47.4081 47.4307 47.4455
 47.4607 47.4737 47.4888 47.5017 47.5174 47.5303 47.5421 47.5523 47.5674
 47.5839 47.5939 47.6052 47.6204 47.6321 47.6478 47.6606 47.6765 47.6881
 47.7016 47.7172 47.7323 47.7455 47.7557 47.7726 47.7863 47.7993 47.8122
 47.8239 47.8337 47.8477 47.8594 47.8721 47.884  47.8949 47.9039 47.9133
 47.9232 47.9338 47.9429 47.956  47.9665 47.9768 47.9873 47.998  48.0096
 48.0212 48.0331 48.0425 48.053  48.0631 48.0727 48.0823 48.093  48.102
 48.1117 48.1218 48.131  48.1416 48.1518 48.1613 48.1722 48.1823 48.1927
 48.2045 48.2139 48.2236 48.2327 48.242  48.2514 48.2602 48.2691 48.278
 48.2877 48.2967 48.3071 48.3159 48.3247 48.335  48.3436 48.3538 48.3645
 48.3743 48.3837 48.3939 48.405  48.4147 48.4247 48.433  48.4419 48.4527
 48.4614 48.471  48.4795 48.4878 48.4969 48.5049 48.5146 48.5234 48.5317
 48.5416 48.5506 48.5603 48.5695 48.5802 48.59   48.5986 48.6073 48.6154
 48.6234 48.6319 48.6407 48.6511 48.6592 48.6684 48.6772 48.6853 48.6936
 48.7029 48.7115 48.722  48.731  48.7409 48.7504 48.7594 48.769  48.7792
 48.789  48.7984 48.808  48.8177 48.8275 48.8368 48.8487 48.8579 48.8674
 48.877  48.886  48.8955 48.9048 48.9161 48.9243 48.9341 48.9446 48.9546
 48.9636 48.973  48.9842 48.9957 49.0055 49.0157 49.0251 49.0346 49.0445
 49.055  49.0661 49.0764 49.0861 49.1    49.111  49.1218 49.1346 49.1454
 49.1556 49.1676 49.1791 49.1907 49.2039 49.2159 49.2283 49.2409 49.2538
 49.2671 49.2794 49.2916 49.3034 49.317  49.3335 49.3494 49.3648 49.3768
 49.3941 49.4115 49.4262 49.4395 49.4561 49.4744 49.4905 49.5155 49.5339
 49.5548 49.5782 49.5968 49.6168 49.6419 49.6716 49.755  49.7878 49.8626
 49.8998
50.1147 54.9026 55.7855 56.3453 56.3889 56.4157 56.5918 56.6167 56.6703
 56.7269 56.7645 56.8104 56.828  56.8627 56.8919 56.9142 56.9344 56.9534
 57.0059 57.0273 57.0492 57.0716 57.0918 57.111  57.1245 57.1459 57.1736
 57.197  57.2135 57.2281 57.2465 57.2674 57.2855 57.3012 57.3167 57.3408
 57.3586 57.372  57.386  57.3983 57.4115 57.4283 57.4425 57.4534 57.4653
 57.478  57.4902 57.5052 57.5182 57.5315 57.5424 57.5528 57.5628 57.5737
 57.584  57.5941 57.6046 57.6162 57.6267 57.639  57.6497 57.6595 57.6692
 57.6793 57.6918 57.7032 57.7145 57.7246 57.7341 57.7445 57.7551 57.7635
 57.7733 57.7831 57.7933 57.8032 57.8135 57.8237 57.8337 57.8445 57.8552
 57.8638 57.874  57.8838 57.8927 57.9019 57.9115 57.9209 57.93   57.9414
 57.9514 57.9619 57.9727 57.9826 57.9915 58.0002 58.0098 58.0194 58.0289
 58.0383 58.0473 58.0555 58.0641 58.0736 58.0819 58.0902 58.0987 58.1074
 58.116  58.1249 58.134  58.1424 58.1499 58.1582 58.1659 58.1744 58.1827
 58.1916 58.1999 58.2088 58.2167 58.225  58.2331 58.2416 58.2493 58.2577
 58.2653 58.2743 58.2823 58.2912 58.2994 58.3075 58.3153 58.3234 58.3314
 58.3393 58.3475 58.3558 58.3645 58.3723 58.3801 58.3883 58.3959 58.4038
 58.4127 58.4214 58.4297 58.4379 58.4455 58.4534 58.4612 58.4695 58.477
 58.4846 58.4925 58.5007 58.5083 58.5163 58.5247 58.5324 58.5397 58.5474
 58.5551 58.5629 58.5703 58.578  58.5862 58.5944 58.602  58.6095 58.6167
 58.6248 58.6321 58.6398 58.6474 58.6549 58.6626 58.6698 58.6775 58.6854
 58.6929 58.7003 58.7079 58.7155 58.723  58.7304 58.7384 58.7458 58.7531
 58.7603 58.7675 58.7749 58.7822 58.7892 58.7968 58.8047 58.8119 58.8197
 58.8277 58.8354 58.8428 58.8504 58.8579 58.8655 58.8731 58.8808 58.8891
 58.8964 58.9039 58.9112 58.919  58.9268 58.9345 58.9421 58.9495 58.9573
 58.9659 58.9736 58.9815 58.9891 58.9969 59.0048 59.0132 59.0213 59.0294
 59.0373 59.0452 59.0535 59.0619 59.0695 59.0782 59.0868 59.0945 59.1022
 59.1108 59.1195 59.1283 59.1367 59.1448 59.1531 59.1624 59.1706 59.1792
 59.1873 59.196  59.2047 59.2123 59.2203 59.2287 59.2366 59.2445 59.2528
 59.2615 59.27   59.2789 59.288  59.297  59.305  59.3141 59.3233 59.3314
 59.3408 59.3502 59.3593 59.3678 59.3767 59.3863 59.395  59.4053 59.4145
 59.4248 59.4337 59.4434 59.4536 59.4643 59.474  59.4853 59.4961 59.5063
 59.5162 59.526  59.5372 59.5485 59.5594 59.571  59.5813 59.594  59.6067
 59.6169 59.6279 59.6398 59.6544 59.6656 59.6789 59.6897 59.7023 59.715
 59.7286 59.7402 59.7528 59.7669 59.7818 59.797  59.8111 59.8243 59.8365
 59.8538 59.8695 59.8857 59.9064 59.9381 59.9587 59.9826
60.0197 60.0635 60.1018 60.1302 60.1608 60.239  60.3101 60.3388 60.3903
 60.4703 60.5491 63.604  66.6483 66.8736 66.99   67.0791 67.1896 67.2405
 67.3698 67.4031 67.422  67.4596 67.486  67.5034 67.5324 67.5536 67.5745
 67.5943 67.6279 67.6533 67.6728 67.6959 67.7097 67.7264 67.7409 67.7584
 67.7735 67.7863 67.8025 67.8162 67.8306 67.8442 67.8578 67.8733 67.8879
 67.9026 67.9192 67.9339 67.9452 67.9577 67.9742 67.9881 68.0016 68.0167
 68.0341 68.0491 68.0695 68.0828 68.0963 68.1075 68.1192 68.1333 68.1453
 68.1641 68.1814 68.1912 68.2055 68.2195 68.2337 68.2483 68.2577 68.2689
 68.2841 68.2957 68.3105 68.321  68.3316 68.3409 68.3521 68.3623 68.3716
 68.3877 68.3993 68.4099 68.421  68.4304 68.4421 68.4516 68.4607 68.4711
 68.482  68.4906 68.5015 68.5108 68.5205 68.5295 68.5405 68.55   68.5605
 68.5707 68.5801 68.5895 68.5986 68.6076 68.6173 68.6269 68.6363 68.6457
 68.6549 68.6653 68.6745 68.6848 68.6955 68.7065 68.7164 68.7261 68.7366
 68.7469 68.7576 68.7677 68.7772 68.7861 68.7947 68.8029 68.8116 68.8197
 68.8279 68.8368 68.8464 68.8554 68.8644 68.8733 68.8823 68.8913 68.9001
 68.9097 68.9196 68.9288 68.9386 68.9468 68.9561 68.9646 68.9731 68.9829
 68.9908 68.9994 69.0083 69.017  69.0261 69.0342 69.0426 69.051  69.0602
 69.0685 69.0765 69.0854 69.0944 69.1039 69.1131 69.1226 69.1318 69.1414
 69.1511 69.1601 69.1701 69.1795 69.1879 69.1962 69.2059 69.2149 69.224
 69.2332 69.2412 69.2497 69.2584 69.2673 69.2764 69.2855 69.295  69.3043
 69.3134 69.3245 69.3363 69.3463 69.3559 69.3671 69.3762 69.3854 69.3939
 69.4031 69.4135 69.4254 69.4351 69.445  69.4546 69.4641 69.4744 69.4852
 69.4944 69.5047 69.5137 69.5236 69.5332 69.5436 69.5561 69.5658 69.5783
 69.5886 69.5986 69.6095 69.6229 69.6355 69.6507 69.6622 69.6744 69.6887
 69.7037 69.7163 69.7294 69.7403 69.7532 69.7663 69.782  69.7949 69.8083
 69.8217 69.8377 69.8525 69.8668 69.8811 69.8994 69.9148 69.9301 69.9489
 69.966  69.988

