13.3012 13.6884 14.1737 15.1053 15.2714 15.3436 15.5656 15.6968 15.8732
 15.933  16.0183 16.0855 16.1287 16.1464 16.1709 16.1858 16.2757 16.4012
 16.4263 16.4441 16.4699 16.5024 16.6123 16.6713 16.7132 16.7299 16.7582
 16.7885 16.9537
25.6453 25.7337 26.0029 26.04   26.0826 26.1595 26.1809 26.2502 26.2642
 26.2791 26.3415 26.3738 26.5185 26.5459 26.609  26.6615 26.7398 26.7939
 26.8144 26.8326 26.8474 26.9345 27.0178 27.0605
33.7083 34.8929 35.1447 35.2567 35.3883 35.5486 35.6121 35.843  35.8883
 35.9446 35.9793 36.0052 36.025  36.0451 36.0562 36.0721 36.1037 36.121
 36.1455 36.1987 36.2248 36.239  36.2675 36.2877 36.3112 36.3237 36.3526
 36.3701 36.3932 36.4181 36.4448 36.4595 36.5213 36.5611 36.5892 36.6198
 36.6675 36.6789 36.7033 36.7237 36.7827 36.8016 36.8536 36.8844 36.918
 36.9363 37.0217 37.1354 37.1629 37.1779
42.266  46.2587 46.5067 46.5525 46.812  46.8478 46.9086 46.9898 47.1054
 47.1371 47.1567 47.1723 47.1855 47.2092 47.3315 47.3893 47.4152 47.4579
 47.4759 47.4941 47.531  47.5463 47.5643 47.6538 47.6879 47.7528 47.7677
 47.7967 47.8252 47.8963 47.9546 47.993  48.1323 48.1906
56.4383 56.6025 56.6185 56.6527 56.7122 56.7486 56.7758 56.804  56.8719
 56.9249 56.9795 57.0039 57.0733 57.1075 57.1609 57.1799 57.1991 57.2364
 57.2532 57.2711 57.3098 57.3439 57.3595 57.3861 57.4037 57.4325 57.4472
 57.4675 57.5002 57.5254 57.553  57.6016 57.6211 57.6489 57.6682 57.685
 57.7007 57.7279 57.7431 57.782  57.7932 57.8062 57.8161 57.8379 57.8568
 57.8752 57.9052 57.9202 57.9382 57.9546 57.9684 58.021  58.0422 58.0556
 58.0729 58.095  58.1338 58.1751 58.2048 58.2209 58.238  58.2513 58.3623
66.3498 66.8396 67.0047 67.0494 67.0782 67.1062 67.3339 67.3826 67.4244
 67.5472 67.581  67.612  67.6792 67.7496 67.8184 67.8367 67.8701 67.8916
 67.9058 67.9407 68.0214 68.0369 68.0624 68.1628 68.202  68.271  68.2877
 68.3333 68.3592 68.3809 68.4724 68.5982

