15.4485 15.7587 15.7996 16.0062 16.0394 16.1115 16.1566 16.1892 16.2381
 16.2784 16.416  16.4331 16.473  16.4944 16.5149 16.5425 16.6149 16.6435
 16.6859 16.7748 16.8478 16.9932
25.7493 25.9214 26.0077 26.2309 26.2488 26.2605 26.2936 26.3189 26.3438
 26.44   26.4973 26.9859
35.3036 35.6299 35.7254 35.7623 35.8233 35.9214 35.9457 36.0188 36.0379
 36.1051 36.1381 36.1517 36.2189 36.3433 36.3627 36.3774 36.4654 36.5065
 36.5625 36.5802 36.5988 36.6208 36.6404 36.6584 36.6805 36.7035 36.7236
 36.7592 36.7863 36.8244 36.8709 36.9224 36.9701 37.0119 37.0937
45.0954 46.29   46.4857 46.8351 46.9061 47.2325 47.3291 47.3617 47.513
 47.5486 47.6293 47.7945 47.8334 47.8806 47.9604
56.1906 56.8529 57.0166 57.0927 57.127  57.1899 57.2658 57.3122 57.3827
 57.3973 57.4331 57.4787 57.5035 57.5527 57.566  57.6965 57.7187 57.766
 57.8314 57.8649 57.8812
66.8768 67.2837 67.3561 67.4386 67.5909 67.6362 67.6717 67.8205 67.871
 67.9121 67.9563 68.1486 68.1846 68.2147

