14.4335 14.9221 15.2707 15.5494 15.9994 16.0226 16.0552 16.2658
22.2097 25.6666 25.7357 25.7958 25.8209 25.9159 25.9807 26.0446 26.062
 26.1244 26.356
32.0553 35.2803 35.4474 35.497  35.7179 35.7868 35.8202 35.8476 35.9332
 36.0545 36.0772 36.1516 36.1964 36.2705
45.402  45.728  45.9473 46.9906 47.0184 47.0545 47.173  47.2063 47.3626
 47.4408
55.9962 56.4436 56.5069 56.538  56.5899 56.6814 56.8388 56.8768 56.9267
 56.9668 56.9959 57.0263 57.2051 57.2234 57.2532 57.2906 57.3949 57.4304
65.0281 66.3545 66.8719 66.9784 67.0655 67.0896 67.1396 67.3501 67.4298
 67.4959 67.6254 67.6503 67.7106 67.9231

