12.3005 13.2843 13.3852 13.4718 13.5366 13.6187 13.6738 13.6944 13.7156
 13.743  13.7827 13.8193 13.8523 13.8714 13.8957 13.9535 13.9708 13.985
 14.0032 14.0169 14.0686 14.0846 14.1307 14.1587 14.1929 14.208  14.2245
 14.2473 14.2643 14.331  14.4055 14.4805 14.5031 19.8106
20.2068 21.4116 21.4788 21.5019 21.6658 21.7558 21.8819 21.9459 21.9883
 22.0129 22.0372 22.0879 22.1155 22.1622 22.2246 22.2588 22.278  22.2951
 22.3211 22.3383 22.3655 22.4021 22.4288 22.4454 22.4615 22.4771 22.5011
 22.5235 22.5384 22.554  22.5688 22.591  22.6043 22.62   22.6384 22.6497
 22.6685 22.684  22.6971 22.7101 22.7211 22.7306 22.744  22.7737 22.789
 22.8048 22.8179 22.8363 22.8535 22.8643 22.8819 22.9035 22.917  22.9364
 22.9714 22.9853 23.004  23.0409 23.0686 29.9303
30.4926 30.7435 30.807  30.8458 30.8722 30.9056 30.9476 30.9747 30.9948
 31.0227 31.0848 31.1141 31.1467 31.1623 31.1917 31.2259 31.266  31.2901
 31.3205 31.3578 31.3837 31.399  31.4204 31.4378 31.4631 31.4749 31.4923
 31.5172 31.5456 31.5577 31.5785 31.5913 31.6108 31.6275 31.6399 31.658
 31.6835 31.7236 31.742  31.7627 31.8009 31.8515 31.8907 32.0413 38.4296
 38.6605 38.7379 38.8949 39.071  39.1112 39.1346 39.1559 39.1814 39.2082
 39.2587 39.298  39.3133 39.3576 39.383  39.413  39.4446 39.4839 39.5032
 39.5455 39.5574 39.5712 39.581  39.5964 39.6255 39.6462 39.6598 39.6839
 39.6945 39.7074 39.7195 39.7437 39.7599 39.7784 39.7949 39.8096 39.8306
 39.8519 39.8629 39.8739 39.8885 39.9043 39.9237 39.9727 39.9888
40.0197 40.0466 40.0676 40.0775 40.091  40.1073 40.1231 40.1519 40.1632
 40.2479 40.3124 46.7639 47.7247 47.7579 47.82   47.9044 48.2069 48.3057
 48.4383 48.4573 48.5151 48.5543 48.596  48.6804 48.6982 48.7485 48.7696
 48.7957 48.813  48.8381 48.8547 48.875  48.8916 48.9063 48.9477 48.9625
 48.979  48.9954 49.0083 49.0251 49.0428 49.0716 49.0903 49.1064 49.1175
 49.1481 49.172  49.1872 49.2022 49.2227 49.2385 49.2522 49.2701 49.3145
 49.3343 49.3983 49.4378 49.4541 49.4895 49.5024 49.5367
56.3218 57.2167 57.3706 57.5028 57.562  57.6056 57.694  57.7368 57.7729
 57.8138 57.8595 57.873  57.8909 57.9445 57.9674 57.9876 58.0355 58.0625
 58.0897 58.1155 58.1295 58.1454 58.1762 58.1883 58.2048 58.2173 58.2463
 58.2679 58.2944 58.3178 58.3308 58.3692 58.389  58.4034 58.4384 58.4936
 58.5731 58.5901 58.6066 58.7616
66.0022 66.0169 66.3342 66.3607 66.4497 66.4886 66.5485 66.5795 66.6308
 66.6588 66.7585 66.8003 66.8284 66.8491 66.877  66.8902 66.9059 66.9337
 66.9607 66.9824 67.008  67.0319 67.0607 67.0796 67.0948 67.1302 67.1455
 67.1567 67.1682 67.1807 67.197  67.2218 67.2388 67.2554 67.2668 67.2816
 67.3012 67.3173 67.3368 67.3519 67.364  67.3787 67.3945 67.4106 67.4316
 67.4565 67.468  67.5078 67.5198 67.5328 67.5512 67.5721 67.6093 67.6409
 67.7623

