11.2669 13.0414 13.2612 13.6096 13.6412 13.6722 13.6976 13.7756 13.8301
 13.8553 13.901  13.9423 13.9589 13.984  14.0066 14.0241 14.0424 14.1057
 14.137  14.1573 14.2135
21.6548 21.6836 21.7562 21.8505 21.8887 21.9131 21.9553 22.0875 22.1674
 22.1992 22.2277 22.2516 22.2723 22.3125 22.332  22.3943 22.458  22.4927
 22.5245 22.5979 22.6153 22.6343 22.6464 22.6603 22.7224 22.7492 22.7872
 22.9577
30.0959 30.2221 30.5783 30.6966 30.7328 30.803  30.8689 30.9182 30.9879
 31.0111 31.0815 31.0997 31.1841 31.2214 31.2788 31.2938 31.3056 31.3394
 31.3839 31.4084 31.4724 31.6149 38.5417 38.7346 38.7936 38.9122 39.0086
 39.1108 39.1329 39.1765 39.1927 39.2377 39.29   39.3257 39.3475 39.3717
 39.3977 39.4336 39.471  39.4973 39.5126 39.5483 39.5687 39.6157 39.6385
 39.6567 39.6746 39.6871 39.7145 39.7302 39.7509 39.7695 39.8008 39.9667
 39.9786 39.9955
40.0582 40.0889 47.327  47.4539 47.6327 48.0268 48.2274 48.4061 48.4785
 48.5205 48.5374 48.6148 48.6346 48.6622 48.6945 48.7466 48.786  48.8567
 48.8889 48.9153 48.9814 49.0161 49.0464 49.0877 49.1056 49.1516 49.1804
 49.2146 49.4228
54.0767 57.1475 57.3892 57.5172 57.5406 57.5724 57.6134 57.6661 57.6963
 57.743  57.7711 57.7854 57.8194 57.8445 57.9296 57.9563 57.9912 58.04
 58.0857 58.1147 58.1647 58.2103 58.4825 58.5117
62.9119 63.8224 65.9848 66.4379 66.506  66.5782 66.6119 66.6425 66.6886
 66.7199 66.7381 66.7578 66.8924 66.9137 66.936  66.9677 67.0195 67.037
 67.0683 67.0985 67.1247 67.1502 67.1856 67.2137 67.2482 67.2792 67.3248
 67.3401 67.363  67.4052 67.453  67.5421

