13.0626 13.1956 13.2385 13.4485 13.4721 13.5353 13.6487 13.6726 13.776
 14.1519 19.0409
21.0648 21.419  21.5268 21.6697 21.7646 21.8967 21.9753 22.2613 22.4253
 22.4546 22.4812 29.1933
30.5905 30.6211 30.6755 30.7303 30.9714 31.0426 31.2116 31.2554 31.2767
 31.3375 31.3964 31.4247 31.4491 38.6219 38.6523 38.8247 38.9266 38.9699
 39.0016 39.0258 39.111  39.172  39.2056 39.2527 39.2937 39.3258 39.3512
 39.3665 39.4031 39.4153 39.4728 39.4966 39.5378 39.6127 39.6446
47.4809 48.0207 48.4387 48.4955 48.6548 48.6916 48.8331 48.8611 48.9337
 48.9478
56.8593 57.1238 57.2217 57.3864 57.4749 57.6572 57.7189 57.7946 57.8252
 57.8861 57.9263 57.9829 58.1326
65.8267 66.4463 66.6067 66.6336 66.7396 66.7636 66.8083 66.844  66.8628
 66.8821 66.9096 67.0493 67.1234 67.1918

