10.0087 12.7434 12.9645 13.0935 13.1209 13.1603 13.1853 13.3398 13.5708
 13.6016 13.6296 13.7365 13.7968 14.0746
20.9157 21.0386 21.0674 21.1412 21.4288 21.6837 21.7345 21.9119 21.9847
 22.0125 22.0696 22.1512 22.1796 22.3102 22.3851 22.4141 22.4625 22.5761
 22.6369 29.7599
30.4135 30.4674 30.5646 30.6904 30.7676 30.8692 30.8969 30.9579 31.3735
 31.4449 38.2623 38.4465 38.7705 38.9874 39.0567 39.1096 39.1824 39.2039
 39.2214 39.2435 39.3716 39.4809 39.5475 39.6158 39.6668 39.7167
47.9663 48.1606 48.5795 48.6014 48.6285 48.7233 48.7538 48.8234 48.945
 48.9689
56.6366 57.1009 57.3823 57.4839 57.5206 57.7825 57.8344 57.9855 58.021
 58.136
65.8436 65.9328 66.0339 66.2709 66.3127 66.3742 66.4398 66.7736 66.8672
 66.8911 66.9849 67.0492 67.1223

