13.6176 13.6968 13.7887 13.8523 13.8778 13.9389 13.9627 13.9903 14.0396
 14.0586 14.0838 14.1305 14.1931 14.2264 14.2664 14.3061 14.3295 14.3511
 14.3789 14.4301 14.4998
21.0126 21.5767 21.7867 22.1959 22.2368 22.2696 22.3396 22.3761 22.4121
 22.4546 22.5215 22.5463 22.5621 22.5881 22.6029 22.6284 22.6638 22.7049
 22.7222 22.7349 22.8303 22.8489 22.8728 22.9418 22.9745 22.9983 23.0943
 23.3161
31.0891 31.1494 31.2128 31.2908 31.4257 31.4732 31.5367 31.5719 31.5948
 31.6508 31.7198 31.739  31.802  31.8246 31.9449 31.9647 37.3978 38.1037
 38.8516 39.1112 39.2179 39.2417 39.3419 39.3725 39.3913 39.4146 39.4339
 39.4784 39.5009 39.525  39.5604 39.6015 39.6248 39.6516 39.6939 39.7269
 39.7526 39.7879 39.8001 39.8258 39.8801 39.8972 39.9346 39.9604
40.0181 40.0374 40.0554 40.0955 40.1097 40.1665 40.1878 40.2637 40.4091
 48.7457 48.7872 48.8291 48.8972 48.9203 48.9385 48.9571 48.9897 49.1957
 49.2394 49.3261 49.3482 49.3682 49.4362 49.4512 49.4901 49.5389
56.7309 57.1789 57.2064 57.6146 57.7412 57.8057 57.8599 57.8779 57.9062
 57.9633 58.0036 58.024  58.1647 58.1993 58.2852 58.3058 58.3208 58.3581
 58.3759 58.4419 58.4675 58.4838 58.5272 58.5521 58.6307 58.663  58.7109
 58.8162
65.1903 65.5105 65.7886 66.2209 66.3559 66.5818 66.6448 66.737  66.761
 66.7924 66.8667 66.9187 66.9679 66.9904 67.0136 67.0725 67.0994 67.1247
 67.1805 67.2173 67.2486 67.2955 67.3759 67.4039 67.4318 67.5958 67.6257
 67.7138

