12.8399 14.0866 14.1069 14.3474 14.465  14.6454 14.6864 14.7509 14.8383
 15.0044 15.0308 15.0459 15.0957 15.1177 15.1431 15.1862 15.2099 15.2742
 15.3546 15.4423 15.4857 15.4971 15.5167 15.6041 15.6806 15.7124 15.7884
20.9692 23.2807 24.1427 24.3375 24.4842 24.5463 24.6359 24.7266 24.8533
 24.8808 24.9948 25.0536 25.1177 25.1746 25.1957 25.2122 25.2437 25.2656
 25.2853 25.3345 25.3582 25.3802 25.4122 25.4336 25.4936 25.5352 25.5689
 25.597  25.6309 25.6439 25.6688 25.6983 25.7207 25.7599 25.8034 25.8295
 25.8613 25.8951 25.9562
31.4009 32.9812 33.1424 33.5589 33.6165 33.8505 34.0426 34.0975 34.1609
 34.5198 34.5866 34.6116 34.6389 34.6677 34.721  34.7471 34.7752 34.9136
 34.9369 34.9563 35.0776 35.1065 35.1253 35.2334 35.2654 35.3347 35.3676
 35.4052 35.5497
43.8885 44.2826 44.4174 44.4425 44.4782 44.5423 44.6095 44.6568 44.7542
 44.8515 44.9421 44.9828 45.0129 45.1617 45.1992 45.2251 45.2524 45.6059
53.3726 53.4823 53.6681 53.7342 53.7955 53.9497 54.0197 54.0498 54.0815
 54.1917 54.2054 54.2651 54.3488 54.3771 54.4154 54.4469 54.4853 54.5142
 54.5458 54.5754 54.5905 54.6968 54.7808
62.4966 63.4472 63.8479 63.9428 63.9745 64.0849 64.1465 64.1776 64.2227
 64.3563 64.3782 64.4688 64.5217 64.5592 64.6031 64.6809 64.7815

