13.0668 13.6223 14.0547 14.3039 14.4941 14.5624 14.7604 14.7895 14.8286
 14.8718 14.9517 14.9886 15.0635 15.0821 15.1254 15.1539 15.1735 15.2104
 15.2387 15.2573 15.2798 15.3318 15.3608 15.3842 15.3987 15.4225 15.4414
 15.4589 15.4953 15.5156 15.5334 15.5681 15.5875 15.608  15.6253 15.6438
 15.6596 15.6771 15.6934 15.7073 15.7261 15.7439 15.7736 15.7956 15.8124
 15.8288 15.8478 15.8656 15.8936 15.9117 15.9352 15.9572 15.9727 15.9901
 16.0079 16.0573 16.0745 16.0913 16.1123 16.1301 16.1428 16.1567 16.1716
 16.1878 16.203  16.2161 16.231  16.2498 16.2649 16.2794 16.2964 16.3128
 16.3429 16.3609 16.3748 16.3913 16.4092 16.4231 16.4454 16.459  16.4883
 16.5047 16.5273 16.552  16.572  16.5918 16.6149 16.6358 16.6621 16.6786
 16.7029 16.721  16.7384 16.7536 16.7684 16.7873 16.8081 16.8275 16.8549
 16.8726 16.8965 16.9267 16.9556 16.9771 16.9974 17.0183 17.0352 17.0556
 17.0779 17.1113 17.1387 17.1722 17.2274 17.2682
24.0539 24.3739 24.4406 24.4891 24.5744 24.7514 24.8149 24.9195 24.9651
 25.0083 25.0306 25.065  25.0839 25.1348 25.1497 25.1666 25.2118 25.2324
 25.2463 25.2602 25.2834 25.3101 25.3316 25.3617 25.4187 25.4376 25.459
 25.4755 25.4925 25.5114 25.5248 25.5457 25.5864 25.6037 25.6199 25.6344
 25.6526 25.6697 25.7093 25.7258 25.7493 25.7702 25.7869 25.7995 25.8147
 25.8303 25.8446 25.8597 25.8749 25.8947 25.9138 25.9335 25.9569 25.9693
 25.9843 26.0044 26.0272 26.0427 26.0573 26.0737 26.0896 26.1137 26.1337
 26.151  26.1606 26.176  26.193  26.2172 26.2304 26.2516 26.2676 26.2793
 26.2999 26.3173 26.3355 26.352  26.367  26.3883 26.4088 26.4294 26.4456
 26.47   26.4825 26.5003 26.5171 26.536  26.5542 26.5698 26.5837 26.6162
 26.6373 26.6628 26.696  26.7207 26.7409 26.7598 26.7781 26.8028 26.8199
 26.8398 26.8598 26.8734 26.8874 26.9067 26.9259 26.9472 26.9628 26.9833
 27.0026 27.0303 27.0476 27.0656 27.0832 27.1081 27.1263 27.1384 27.1579
 27.1936 27.2113 27.237  27.2715 27.294  27.3312 27.3637 27.5813 27.6815
32.9945 33.0819 34.1719 34.2242 34.4881 34.5226 34.5816 34.6078 34.6257
 34.6471 34.6865 34.7218 34.8469 34.8675 34.9358 34.9686 35.0035 35.0531
 35.0818 35.1002 35.1251 35.1606 35.1792 35.1937 35.2132 35.2357 35.2525
 35.2786 35.3054 35.3429 35.3652 35.389  35.4039 35.4209 35.4448 35.4687
 35.4905 35.5038 35.5238 35.5406 35.5617 35.5875 35.6053 35.6227 35.6404
 35.6649 35.6786 35.6936 35.7152 35.7545 35.7806 35.8003 35.8153 35.8327
 35.8469 35.8612 35.8768 35.8942 35.9065 35.9208 35.9356 35.9575 35.9824
 36.0038 36.0408 36.0612 36.0847 36.0975 36.111  36.1356 36.1612 36.182
 36.2058 36.2263 36.2433 36.261  36.2772 36.2937 36.3263 36.3445 36.3618
 36.3852 36.4077 36.4333 36.4506 36.4665 36.4844 36.504  36.5221 36.5491
 36.5705 36.6007 36.6194 36.6499 36.6779 36.7036 36.7429 36.7647 36.7907
 36.8458 36.8698 37.2861 38.9865
42.8974 43.9049 44.3417 44.3615 44.454  44.4886 44.6474 44.6705 44.7007
 44.7788 44.8344 44.8628 44.8815 44.9033 44.9175 44.932  44.964  44.9855
 45.0027 45.0151 45.0421 45.0646 45.0882 45.1117 45.1416 45.1645 45.1887
 45.205  45.2246 45.2498 45.2672 45.2834 45.3102 45.3305 45.3563 45.377
 45.4188 45.4362 45.4564 45.4993 45.5138 45.5296 45.5455 45.5716 45.5903
 45.6059 45.6191 45.6353 45.6586 45.6743 45.6886 45.707  45.7194 45.7378
 45.7531 45.7694 45.7984 45.8176 45.8361 45.8535 45.8691 45.8845 45.9065
 45.9298 45.9595 45.9825 45.9991 46.0316 46.0572 46.1168 46.1586 46.1788
 46.2015 46.2456 46.2666 46.2862 46.3083 46.3313 46.35   46.3698 46.3998
 46.4199 46.4349 46.4612 46.4838 46.5086 46.5274 46.5598 46.6617 46.6911
 46.8475 46.8975
53.2837 53.8396 53.9083 53.953  53.9952 54.0412 54.0927 54.1377 54.2158
 54.2586 54.3008 54.3584 54.3849 54.4045 54.4203 54.4408 54.4582 54.4763
 54.4922 54.5244 54.561  54.578  54.6097 54.6364 54.6559 54.6741 54.6905
 54.7145 54.7329 54.7541 54.7731 54.7986 54.8223 54.8483 54.8671 54.8874
 54.9104 54.9296 54.9508 54.9739 54.9985 55.0307 55.049  55.0643 55.0885
 55.1033 55.118  55.1328 55.1619 55.1903 55.2053 55.2243 55.2401 55.2616
 55.2845 55.3041 55.3263 55.3493 55.3764 55.3984 55.4228 55.4513 55.4754
 55.5037 55.5216 55.5432 55.5594 55.5817 55.5971 55.6263 55.6553 55.6799
 55.6977 55.7262 55.7581 55.7798 55.7995 55.8273 55.8485 55.8687 55.8943
 55.9169 55.9316 55.9518 55.9971 56.0376 56.1845 56.2273 56.2873 56.3217
 56.6064
62.3898 62.8152 63.4483 63.6199 63.6723 63.7086 63.8156 63.8608 63.9127
 63.9669 64.0967 64.1128 64.1318 64.1784 64.2135 64.2303 64.2546 64.3038
 64.3558 64.4508 64.4777 64.4958 64.52   64.5344 64.5559 64.5696 64.592
 64.6148 64.6464 64.6783 64.6987 64.717  64.7311 64.7512 64.7717 64.8078
 64.8458 64.8648 64.8953 64.9134 64.9336 64.9509 64.9698 64.9852 65.0138
 65.0805 65.1226 65.1397 65.1622 65.1976 65.2247 65.2559 65.2772 65.2898
 65.3058 65.3486 65.366  65.3821 65.4034 65.421  65.4478 65.4646 65.4856
 65.5167 65.5359 65.5645 65.5959 65.6371 65.6599 65.7017 65.7338 65.7529
 65.7695 65.8169 65.8539 65.8857 65.9285 66.0124 66.0592 66.0982 66.2308
 66.3159 66.6205

