12.1112 13.0098 13.1189 13.2015 13.3041 13.3935 13.506  13.6529 13.6739
 13.6924 13.7179 13.748  13.7774 13.8033 13.8258 13.8547 13.8839 13.9009
 13.9184 13.9469 13.9619 13.978  13.9927 14.0101 14.0274 14.0445 14.0558
 14.0707 14.0889 14.1061 14.1235 14.1373 14.1513 14.1702 14.1951 14.2092
 14.222  14.2355 14.2488 14.2668 14.2836 14.2963 14.3103 14.3207 14.3322
 14.3433 14.3565 14.367  14.38   14.3914 14.4073 14.419  14.4301 14.4406
 14.4525 14.4663 14.4814 14.5004 14.5182 14.5296 14.5418 14.5527 14.5636
 14.5741 14.5844 14.597  14.6074 14.6165 14.628  14.6412 14.653  14.6632
 14.6732 14.6829 14.6963 14.708  14.7191 14.731  14.7413 14.751  14.7615
 14.7742 14.7844 14.7951 14.8103 14.8219 14.8343 14.8464 14.8567 14.8686
 14.8791 14.8911 14.904  14.9135 14.9234 14.9339 14.9445 14.9566 14.9676
 14.9792 14.9893 14.9992 15.0105 15.0225 15.0336 15.0457 15.0589 15.0731
 15.0852 15.1008 15.1131 15.1249 15.1423 15.153  15.1654 15.1789 15.1906
 15.2022 15.2157 15.2288 15.2425 15.2572 15.2715 15.2852 15.2996 15.3178
 15.3324 15.3496 15.3651 15.386  15.4024 15.4189 15.442  15.4719 15.4931
 15.5238 15.5412 15.5659 15.6122 15.636  15.6959 15.7259 15.7898 15.8533
 15.9796 16.1507 17.4049
22.4537 22.5856 22.9354 22.9613 23.0217 23.1087 23.1367 23.201  23.2777
 23.3214 23.3853 23.4075 23.4329 23.4556 23.4913 23.5143 23.5336 23.587
 23.6507 23.6678 23.6853 23.7043 23.7208 23.7384 23.7773 23.7954 23.8122
 23.8256 23.8436 23.8583 23.8899 23.904  23.9243 23.9406 23.954  23.971
 23.9911 24.0058 24.019  24.0362 24.0576 24.0703 24.0926 24.1055 24.122
 24.1421 24.1564 24.1716 24.1891 24.2052 24.2175 24.2292 24.2417 24.2561
 24.2669 24.2826 24.2944 24.308  24.3218 24.334  24.3539 24.3719 24.3852
 24.3984 24.4086 24.4222 24.4348 24.4476 24.459  24.4709 24.4819 24.4943
 24.5042 24.5185 24.534  24.5465 24.5645 24.5815 24.603  24.6177 24.6321
 24.6498 24.6644 24.6814 24.6945 24.7108 24.7305 24.747  24.7635 24.7889
 24.8036 24.8241 24.8451 24.8672 24.8888 24.9151 24.9335 24.9515 24.974
 24.9936 25.0131 25.0455 25.0874 25.1092 25.1436 25.163  25.2106 25.2324
 25.2615 25.3755 25.4118 25.4772 29.4682
30.0365 31.7124 31.9429 32.1047 32.3987 32.5303 32.552  32.6298 32.6539
 32.717  32.748  32.8105 32.8846 32.9234 32.9492 32.9857 33.0057 33.0547
 33.119  33.1433 33.1743 33.195  33.2188 33.2394 33.261  33.2782 33.2947
 33.3237 33.3401 33.3543 33.3727 33.3856 33.4148 33.435  33.4498 33.4739
 33.4949 33.5073 33.5209 33.5376 33.5545 33.5709 33.5865 33.5986 33.6165
 33.6316 33.6471 33.6656 33.6821 33.696  33.709  33.7214 33.7413 33.7571
 33.7738 33.7925 33.8037 33.8246 33.8385 33.8572 33.8795 33.8918 33.9073
 33.923  33.9385 33.9562 33.9788 33.9967 34.0145 34.0283 34.0425 34.0721
 34.0897 34.1097 34.1289 34.1486 34.1718 34.1974 34.2139 34.2305 34.2806
 34.2987 34.3326 34.3559 34.3892 34.4227 34.4539 34.4771 34.5347 34.5606
 34.5899 34.6365 34.7496 34.7905 34.8511 35.0348 38.3277
40.5798 41.1894 41.6279 41.7164 41.9885 42.1209 42.2459 42.3656 42.3896
 42.4248 42.4586 42.4886 42.5431 42.5638 42.5931 42.6253 42.6437 42.6581
 42.6699 42.6849 42.7214 42.7389 42.7589 42.7841 42.8002 42.8172 42.8313
 42.8478 42.8642 42.8804 42.9012 42.931  42.9496 42.9642 42.9798 42.9928
 43.0068 43.0246 43.0378 43.0642 43.082  43.0974 43.1097 43.1254 43.1457
 43.1584 43.1734 43.1879 43.2048 43.2209 43.238  43.2613 43.2762 43.2887
 43.3033 43.3184 43.3464 43.3729 43.3847 43.4007 43.4133 43.4279 43.4385
 43.4527 43.4678 43.4923 43.5168 43.5334 43.5498 43.5711 43.6099 43.6257
 43.6455 43.6595 43.674  43.702  43.7193 43.7361 43.756  43.7708 43.7884
 43.8111 43.8382 43.8779 43.9039 43.9271 43.9534 43.9769 43.9941 44.0165
 44.0388 44.1119 44.1639 44.1848 44.2069 44.3766 44.4425 44.4989 46.2814
 49.8938 49.9425
50.0769 50.5054 50.6378 50.8136 50.9687 50.9986 51.1195 51.2296 51.2499
 51.2783 51.2976 51.3613 51.3894 51.4169 51.5142 51.5519 51.5805 51.5988
 51.6213 51.6418 51.6639 51.6817 51.6985 51.7258 51.7398 51.7594 51.7718
 51.7872 51.7991 51.8161 51.8365 51.8531 51.8685 51.8914 51.905  51.918
 51.9314 51.9415 51.9546 51.968  51.9864 52.0018 52.0156 52.0286 52.0425
 52.0558 52.0721 52.0862 52.0985 52.1125 52.1241 52.1394 52.1568 52.1706
 52.1837 52.1985 52.2195 52.2374 52.2494 52.2672 52.2787 52.2904 52.3088
 52.3227 52.3341 52.3477 52.3615 52.3762 52.3919 52.4165 52.4321 52.4456
 52.4571 52.4744 52.4881 52.5272 52.5442 52.5586 52.5735 52.5865 52.5973
 52.6135 52.6583 52.6779 52.6956 52.7126 52.728  52.7472 52.7653 52.8005
 52.8156 52.8458 52.8713 52.9003 52.9287 52.9949 53.0255 53.0648 53.1035
 53.1206 53.1634 53.1955 53.2243 53.2776 53.3542 58.3126 58.8893 59.0743
 59.3726 59.4298 59.5028 59.6502 59.7339 59.8845 59.9916
60.1148 60.1782 60.2292 60.2538 60.2798 60.3219 60.3428 60.3577 60.3872
 60.4152 60.4318 60.4692 60.4889 60.5203 60.5372 60.5504 60.5676 60.5947
 60.6137 60.6427 60.663  60.6749 60.6933 60.7097 60.7228 60.7331 60.7459
 60.7677 60.7843 60.8032 60.817  60.8276 60.8397 60.8861 60.8998 60.9156
 60.9411 60.9534 60.9659 60.9814 60.9977 61.0122 61.0246 61.0345 61.0484
 61.0604 61.0748 61.0885 61.0999 61.1099 61.1218 61.1328 61.1448 61.1613
 61.1748 61.1942 61.2118 61.2241 61.2367 61.251  61.2656 61.2771 61.2918
 61.3068 61.3227 61.3359 61.3487 61.3709 61.3845 61.4069 61.4214 61.4438
 61.4586 61.4722 61.4897 61.5059 61.5175 61.532  61.5448 61.5675 61.5821
 61.5963 61.6129 61.6353 61.6555 61.6688 61.6907 61.7082 61.7219 61.7459
 61.7628 61.7773 61.7917 61.8229 61.8446 61.866  61.8971 61.9198 61.9417
 61.9758 62.036  62.085  62.217  62.3088 62.4966 64.6744 68.     68.6838
 68.7308 69.2018 69.3337 69.4147 69.5354 69.5531 69.6073 69.6309 69.6505
 69.6963 69.717  69.743  69.7731 69.8066 69.8321 69.8581 69.8919 69.9131
 69.9312 69.9493 69.9803

