11.1213 13.3748 13.5253 13.8707 13.9134 13.9736 14.0137 14.0412 14.0692
 14.0987 14.1319 14.1588 14.2127 14.2584 14.3249 14.4353
20.0376 21.5317 21.6093 22.2969 22.6054 22.6449 22.9036 23.0264 23.5166
 23.5589 23.5943 23.6275 23.7422 23.7667 23.7945 23.8789 23.897  23.9275
 23.9837
31.7423 32.3939 32.9146 32.9525 33.1147 33.1773
40.8858 42.1926 42.4047 42.5744 42.6915 42.7174 42.7947
51.0248 51.1972 51.2498 51.4464 51.7327 51.7856 52.0743 58.3159 58.9698
 59.6599
60.1248 60.1425 60.2193 60.2737 60.3076 60.3767 60.4191 60.5719 60.7594
 60.8826 68.6976 68.7978 69.1608 69.5789 69.9098

