15.0977 15.2775 15.4237 15.5268 15.5548 15.7584 15.7935 16.0395
22.3667 25.2558 25.47   25.6256 25.6623 25.7267 25.7807 25.8229 26.0052
 26.1592 26.1903 26.253
34.1641 34.4142 34.4978 34.5381 34.7294 34.9457 34.9828 35.0374 35.098
 35.2159 35.2496 35.2774 35.3387 35.3809 35.412  35.4462 35.4853 35.5301
 35.8015
43.8753 44.3196 44.6953 45.1087 45.2395 45.2649 45.3523 45.3937 45.4185
 45.4855 45.5889 45.6664 45.7435
51.7759 54.2662 54.7263 55.0753 55.1899 55.5501
63.3198 63.954  63.9739 64.0533 64.0757 64.1352 64.2421 64.3578 64.6096
 64.8458 64.9041

