13.0291 13.4992 14.1389 14.4157 14.896  15.0419 15.2675 15.357  15.4648
 15.6939 15.8156 15.9207 16.1091 16.2072 16.2516 16.3003 16.3243 16.3406
20.1448 24.1969 24.3034 25.2913 25.4699 25.6187 25.8882 25.9576 25.9789
 26.0888 26.138
33.7603 33.9171 34.3469 34.3744 34.7926 34.8273 34.9314 35.0443 35.0706
 35.103  35.1242 35.1442 35.1588 35.1894 35.2432 35.2985 35.3169 35.3367
 35.3628 35.3797 35.4069 35.4399 35.4738 35.5704 35.6345 35.6603 35.8817
41.5016 43.2799 45.1305 45.2043 45.2386 45.504  45.5235 45.6443 45.7796
52.5068 54.067  54.6073 54.9095 54.9296 54.9584 55.0072 55.327  55.4759
 55.5383
63.2547 63.438  63.9788 64.0181 64.171  64.2205 64.2534 64.3774 64.4305
 64.4566 64.5672 64.5883 64.6152 64.6715 64.7019 64.7165 64.824  64.8615
 64.8779 64.9054 64.9918

