13.4008 15.1176 15.2326 15.3036 15.4528 15.7528 15.7735 15.8377 15.8762
 15.9527 15.9886 16.017  16.0753 16.0974 16.19   16.2307 16.56   16.5934
 16.6674 16.7323
24.5666 24.8197 25.5762 25.6082 25.8317 25.9555 25.9955 26.0241 26.0775
 26.1091 26.1481 26.1893 26.2429 26.3927 26.409  26.4426 26.5505 26.7222
 26.8319
34.1603 34.564  34.6523 34.8208 34.8489 34.8734 34.9158 35.016  35.0558
 35.1752 35.2063 35.2346 35.3008 35.3267 35.363  35.3799 35.4055 35.4376
 35.4592 35.4738 35.4895 35.5073 35.5212 35.5371 35.5534 35.5682 35.5854
 35.6046 35.6349 35.6519 35.6741 35.689  35.7083 35.7449 35.7714 35.7907
 35.8045 35.8311 35.8568 35.8811 35.9049 35.9322 35.9603 35.9869 36.0079
 36.059  36.0799 36.096  36.1834 36.2433 36.3347
44.1315 44.2519 44.9867 45.1877 45.2715 45.3413 45.3988 45.4598 45.5141
 45.6349 45.6609 45.6863 45.7464 45.831  45.8676 45.8998 45.9166 45.9496
 45.9883 46.0239 46.042  46.1107 46.1394 46.194  46.2201
54.4141 55.0348 55.099  55.1197 55.1385 55.2428 55.3016 55.3786 55.4242
 55.4767 55.6004 55.6264 55.6987 55.7229 55.8683 55.9305 55.986  56.0126
62.1649 63.4579 63.8372 64.0096 64.0894 64.133  64.1565 64.1854 64.4016
 64.4399 64.511  64.6621 64.6877 64.7084 64.7255 64.7934 64.8078 64.8319
 64.8822 64.9097 64.9434 64.9597 65.0245 65.0445 65.067  65.0958 65.1216
 65.1432 65.1844 65.2373 65.2984 65.336  65.3557 65.3665 65.388  65.4177
 65.5672

