10.2333 11.1649 11.7299 12.5879 13.5921 13.69   13.8279 19.4824 19.9825
20.4133 20.5351 21.0323 21.2227 21.5049 21.5495 21.5804 21.648  21.6788
 21.8067 25.9977 28.6546 28.7187 28.8418 28.9379 28.9745 29.0386 29.0793
 29.1593 29.1995 29.2213 29.2506 29.3273 29.3615 29.4226 29.4721 29.5221
 29.5365 29.5606 29.7518 29.8209
36.5067 36.6338 36.6678 36.6961 36.7992 36.8178 36.8434 36.9823 37.0328
 37.0494 37.1031 37.1408 37.1925 37.2157 37.2514 37.2843 37.3286 37.4811
 37.505
43.5155 43.737  43.8557 44.3704 45.1637 45.2326 45.2818 45.3173 45.3892
 45.4209 45.4467 45.4938 45.528  45.5614 45.7502 45.7931 45.8831
52.0762 53.0901 53.4367 53.4989 53.612  53.6656 53.738  53.8056 53.8427
 53.9293 53.9827 54.0012 54.0353 54.0941 54.1375 54.1621 54.2473
61.3555 61.6563 61.6903 61.8954 61.9213 61.9553 61.9906 62.0167 62.1786
 62.4197 67.1195 68.9672 69.0159 69.445  69.6429 69.7789 69.8429 69.9038
 69.9425

