11.4927 12.1089 12.3174 12.4279 12.5184 12.8051 12.9214 12.9494
20.0937 20.3327 20.8302 20.8489 20.9905 21.0176 21.0608 21.1084 21.1539
 21.2165 21.2512 21.2667 21.3449 21.5749 27.9908 28.3507 28.4135 28.5359
 28.7418 28.8628 28.9667 29.0224 29.096  29.1316 29.1534 29.2648 29.2955
 29.5068 29.5527
34.9716 35.5785 35.9003 36.0484 36.3984 36.4379 36.5079 36.6216 36.702
 36.7713 36.7956 36.8392 36.8722 36.9539 37.0614 37.1258 37.2236 37.2715
44.1082 44.4647 44.8286 44.9164 44.957  45.0033 45.0682 45.1078 45.1888
 45.2087 45.2754 45.4119 45.4302 45.4439 45.5058 45.5397 45.5964 45.6476
53.0638 53.316  53.3465 53.5629 53.6177 53.8482 53.9692 59.4302
60.0202 60.3867 61.2099 61.2271 61.2889 61.3327 61.3608 61.6952 61.7792
 68.8973 69.3726 69.5109 69.5488 69.5947 69.6153 69.6339 69.6899 69.7764
 69.8118 69.8452 69.8631 69.8933 69.934

