12.7023 13.0058 13.1689 13.2032 13.2628 13.2887 13.3469 13.3662 13.4115
 13.4569 13.5435 13.5603 13.5856 13.6597 13.6864 13.7065 13.7518 13.7672
 13.7856 13.8188 13.8327 13.8577 13.8735 13.8917 13.9236 13.9449 13.9563
 13.9768 14.0047 14.029  14.0575 14.0744 14.102  14.1541 14.1752 14.194
 14.2084
20.8839 21.1629 21.5355 21.7337 21.8707 21.9838 22.0087 22.1757 22.2348
 22.3231 22.343  22.3694 22.3816 22.411  22.4458 22.6102 22.6557 22.8275
 28.1217 29.4427 29.5247 29.5877 29.8795 29.9036 29.9913
30.0556 30.0742 30.0996 30.1191 30.1351 30.1548 30.1778 30.2299 30.247
 30.2663 30.2883 30.3179 30.3395 30.3555 30.3801 30.3959 30.4138 30.4409
 30.4596 30.4738 30.4876 30.5016 30.5158 30.5342 30.5558 30.5679 30.5781
 30.6035 30.666  30.6806 30.7008 30.7253 30.7459 30.7599 30.7723 30.8101
 30.8381 36.2527 37.6448 37.6666 37.7155 37.7886 37.8729 37.9194 37.9607
 38.0006 38.0252 38.0616 38.1164 38.1717 38.1976 38.2311 38.2507 38.2863
 38.3308 38.3429 38.3646 38.3815 38.397  38.4331 38.4504 38.4886 38.5088
 38.5574 38.5806 38.6019 38.6405 38.6868 38.7802 38.829
44.7649 45.5708 45.8846 45.9277 46.0597 46.1833 46.2057 46.2587 46.3703
 46.396  46.4188 46.5346 46.5756 46.6177 46.6376 46.6627 46.6927 46.8295
 46.8529 46.8769 46.9123
52.5339 53.2842 53.3319 53.771  54.1969 54.4375 54.4765 54.6358 54.6625
 54.6881 54.7328 54.8168 54.8333 54.8784 54.9855 55.0512 55.0878 55.1182
 55.1459 55.2028 55.2277 55.2718 55.3008 55.5184
62.0376 62.0783 62.4358 62.5069 62.6607 62.9864 63.1372 63.1677 63.1985
 63.2272 63.2983 63.3572 63.4032 63.4296 63.5271 63.5539 63.6315 63.6655
 63.6991 63.7234 63.7512 63.7896 63.8219 63.9025 63.9435

