12.9772 13.0459 13.1044 13.1343 13.1525 13.2539 13.3062 13.3547 13.4078
 13.4271 13.501  13.5319 13.5912 13.6147 13.6383 13.6526 13.6739 13.7228
 13.7704 13.7929 13.8076 13.833  13.8525 13.8898 13.9251 13.9589 13.9822
 14.0078 14.0449 14.057  14.0828 14.1376 14.1604
21.1957 21.5074 21.526  21.6374 21.6676 21.8249 21.9355 22.0911 22.1631
 22.2239 22.2962 22.59   22.6107 22.6835 22.7507 28.7776 29.3178 29.6413
 29.7386 29.8087 29.8407 29.8691 29.9115 29.9357 29.9568
30.0121 30.0615 30.0874 30.1174 30.1611 30.174  30.1868 30.2105 30.2633
 30.3247 30.3416 30.3567 30.3779 30.4232 30.4554 30.4705 30.4879 30.5376
 30.5506 30.5706 30.5829 30.6035 30.6279 30.6442 30.6642 30.6898 30.7147
 30.7496 30.77   30.7847 30.8172 35.2779 37.4719 37.6985 37.8338 37.8818
 37.9742 37.9874 38.0128 38.1269 38.148  38.1641 38.1843 38.2018 38.2739
 38.2966 38.3168 38.4236 38.4439 38.4587 38.4796 38.5089 38.5213 38.5454
 38.6253 38.6499 38.6706 38.6875 38.714  38.7372 38.7847 38.8105 38.8316
 38.8729 38.9618
45.1545 45.3003 45.7946 45.9362 46.0886 46.271  46.3019 46.3494 46.3829
 46.5525 46.5688 46.6173 46.6519 46.6813 46.768  46.7873 46.8056 46.8624
 46.8842 46.9045 46.9823
52.7721 54.1116 54.3576 54.459  54.5119 54.5924 54.6224 54.6387 54.6679
 54.7094 54.7428 54.8665 54.8864 54.8969 54.9408 54.9732 55.0556 55.0747
 55.0876 55.106  55.1233 55.1446 55.1831 55.2268 55.2699 55.3099 55.3329
 55.3708
62.5251 62.596  62.87   62.9347 62.9741 63.0075 63.0356 63.1056 63.1329
 63.1877 63.2124 63.2265 63.2742 63.3611 63.3879 63.4599 63.4786 63.4956
 63.5552 63.6459 69.3756 69.9695

