12.4788 13.0445 13.3579 13.5087 13.5589 13.5829 13.6156 13.6903 13.7144
 13.753  13.7989 13.8421 13.8682 13.8891 13.9419 14.1412 14.1639
20.7389 20.8343 20.8574 22.3309 22.5667 22.5918 22.6315 28.6148 29.7878
 29.9106 29.9529
30.0765 30.1237 30.1502 30.2049 30.2939 30.312  30.3408 30.3666 30.3908
 30.4808 30.5389 30.5838 30.6053 30.6281 30.6554 30.6953 30.7585 30.835
 37.3196 37.8962 38.2291 38.2964 38.333  38.4944 38.5099 38.5429 38.6458
 38.7016 38.7175 38.7352 38.756  38.7783 38.9031 38.9518
43.763  43.9549 45.1577 45.6476 45.9099 46.0103 46.1854 46.3715 46.4227
 46.5028 46.5418 46.7642
54.3319 54.7182 54.7397 54.8397 54.8679 54.9134 54.9852 55.0596 55.1788
 55.2744 55.3037 59.7599
61.9902 62.0412 62.2568 62.551  62.7774 62.8095 62.8567 62.8832 62.9973
 63.0725 63.2889 63.3987 63.4256 63.5769 63.6957

