12.5882 12.9444 13.064  13.2603 13.412  13.4312 13.5085 13.5814 13.6732
 13.7498 13.7898 13.8659 13.8907 13.9198 13.9359 13.9501 14.0002 14.0474
 14.0846 14.098  14.1183 14.1481 14.1994 14.2275 14.2971 14.4062 17.5184
21.3796 21.5295 21.7823 21.8961 22.0658 22.1923 22.2415 22.3342 22.3711
 22.3989 22.4155 22.5045 22.7006 22.9493 29.8129 29.8599 29.9381
30.0005 30.078  30.0998 30.1319 30.164  30.2376 30.2575 30.2891 30.3652
 30.3898 30.4203 30.4487 30.4663 30.4903 30.5066 30.5194 30.5472 30.5664
 30.5841 30.6079 30.6554 30.686  30.7065 30.7451 30.7667 30.8682 30.901
 30.9301 37.1539 37.5786 37.6326 37.7542 37.8175 38.049  38.2357 38.2731
 38.3105 38.3343 38.3619 38.3785 38.4005 38.4172 38.4337 38.4488 38.4679
 38.5247 38.5808 38.6211 38.6519 38.6889 38.7159 38.7457 38.7959 38.8142
 38.8351 38.8947 38.9364 38.9578 39.044  39.1134 39.1401
45.6418 45.9977 46.0406 46.2103 46.2564 46.3063 46.3491 46.4758 46.626
 46.6508 46.6709 46.6947 46.7311 46.7522 46.7936 46.8353 46.8928 47.0715
 47.0868
52.8125 53.6835 53.8024 54.5141 54.5581 54.5739 54.5959 54.8897 54.9607
 54.9855 55.011  55.023  55.0666 55.0834 55.1024 55.1161 55.1829 55.2101
 55.2255 55.2634 55.2872 55.3296 55.3944 55.4114 55.4259 55.4501
62.5423 62.8465 62.9494 63.0248 63.0479 63.0951 63.1645 63.3604 63.3783
 63.3991 63.4515 63.5723 63.5983 63.6197 63.8138 63.8639 68.8146

