11.8507 11.9743 12.0494 12.2222 12.2811 17.5129 18.276  18.6816 19.1149
 19.3054 19.6916
20.0963 27.7363 28.3748 28.4764 28.5304 28.561  28.7457 28.8056 28.9134
 28.9648 29.0593 29.3371 29.4729
36.0827 37.1829 37.2529 37.3345 37.4166 37.4841 37.5409 37.5807 37.7278
 37.7787 38.0149 38.1069
44.8454 45.081  45.1325 45.2069 45.3205 45.5134 45.6399 45.888  46.0466
 46.1885 46.3555 46.4392
51.0269 52.3426 52.8672 53.0044 53.1198 53.4209 53.5354 53.596  53.7166
 53.8205 53.885  58.4375
61.9314 61.9809 62.1343 62.2703 62.3336 62.3555 69.2827 69.5812 69.7258
 69.8777 69.9906

