10.4193 11.1365 11.3497 11.5005 11.5839 11.6879 11.9703 12.0558 12.1244
 12.2135 12.2276 12.3039 12.456  12.4774 12.5723 12.5869 12.6043 12.6286
 19.059  19.0874 19.7441 19.8866 19.9246
20.0418 20.1019 20.1343 20.1935 20.2218 20.3511 20.3713 20.3952 25.4207
 28.1283 28.8697 28.9109 28.9418 28.9683 29.0332 29.0753 29.1567 29.1796
 29.3677 29.4094
34.6748 35.7219 36.1576 36.2116 36.7337 37.0205 37.3599 37.3821 37.4735
 37.581  37.6317 37.6527 37.6898 37.7622 37.79   37.8474 37.9222 37.9929
 38.0153 38.0407 38.0919
42.6338 44.1449 45.0689 45.1049 45.5344 45.7492 45.8526 45.9567 45.9803
 46.0772 46.2183 46.3082 46.4337
52.1246 52.8327 52.9965 53.1335 53.2392 53.2548 53.3473 53.3727 53.4927
 53.7378 53.7546 53.7735 53.789  53.8215 53.9271 53.9543 54.0071 54.0351
61.1237 61.7976 61.9433 61.9934 62.0513 62.1202 62.1358 62.1551 62.251
 62.3011 62.3509 62.4769 62.5532 62.7372 68.6921 68.7879 69.2344 69.4297
 69.6027 69.8794 69.9844

