10.9392 11.7174 11.7588 11.8051 12.0446 12.1758 12.4095 19.5341 19.6728
 19.813
20.0559 20.4609 27.4379 27.8939 28.8652 29.0129 29.0771 29.1656 29.3292
35.8316 36.5288 36.8508 36.9624 36.9927 37.0616 37.2835 37.3143 37.4026
 37.4976 37.5713 37.6599 37.7698 37.9916
43.3592 45.1518 45.3746 45.4703 45.7021 45.9768 46.014  46.0851 46.2245
 49.9182
50.7859 52.5929 52.7997 53.0693 53.2518 53.3943 53.6049 53.6676 53.735
 53.8531 53.9467 54.1171
61.3134 61.4933 61.5955 61.7003 61.9588 62.225  62.33   62.7076 67.1695
 69.0645 69.2534 69.8947 69.9943

