11.4739 11.5592 11.7502 11.7881 11.8504 11.9311 12.0775 12.1571 12.2456
 12.2925 12.3455 12.4122 12.4597 12.4769 12.5085 12.5381 12.5803 12.6956
 12.7322 12.7567 12.783  12.8325 12.8808 12.8939 12.9143 12.9383 12.9564
 12.9708 12.991  13.0197 13.0573 13.0746 13.1244 13.1544 13.1843 13.2218
 13.2417 13.2728 13.3008 13.3412 13.3567 13.3769 13.3975 13.4227 13.4436
 13.4642 13.5077 13.5246 13.5524 13.6431 13.7096 13.7305 13.8973 14.0976
 19.527  19.6409 19.7879 19.8315 19.9159 19.9988
20.0535 20.1381 20.2088 20.2788 20.3332 20.3648 20.3891 20.411  20.4693
 20.529  20.5601 20.6068 20.6313 20.6775 20.7048 20.7271 20.7724 20.8024
 20.8769 20.8947 20.9242 20.9803 21.059  21.0829 21.1054 21.163  21.1926
 21.2181 21.2556 21.3549 21.5772 28.1929 28.6124 28.7025 28.8828 28.9388
 28.9837 29.006  29.0725 29.1034 29.183  29.2327 29.2738 29.3051 29.3949
 29.4474 29.4997 29.5319 29.5687 29.6081 29.6282 29.6459 29.6599 29.6896
 29.7116 29.732  29.7539 29.7783 29.7944 29.808  29.8205 29.8449 29.8622
 29.8811 29.9215 29.9616 29.9797 29.9944
30.0079 30.0318 30.0463 30.0885 30.122  30.1741 30.2477 30.2688 30.3008
 30.3459 30.3747 30.3957 30.4153 30.4569 30.5136 30.5704 30.6096 30.6338
 36.0137 36.6495 37.2469 37.4779 37.5099 37.5327 37.5573 37.6206 37.6852
 37.7372 37.7688 37.8284 37.8569 37.8881 37.9092 37.9349 37.976  37.9955
 38.0589 38.0822 38.1002 38.1199 38.1401 38.1594 38.176  38.1958 38.2223
 38.2397 38.2614 38.2845 38.3468 38.3697 38.3886 38.4056 38.4343 38.4656
 38.4815 38.4963 38.5468 38.5781 38.5986 38.6349 38.6501 38.6689 38.7046
 38.8156 38.8557 38.8792 38.9066 38.9285 39.0165 39.0838 39.1789 39.2604
 39.2888
44.8118 45.5981 45.7739 45.8465 45.9096 45.9727 46.0276 46.1437 46.1713
 46.2177 46.2832 46.3136 46.3517 46.378  46.4099 46.4277 46.4597 46.5036
 46.5238 46.5451 46.5636 46.5802 46.6048 46.6334 46.6589 46.6966 46.7334
 46.7596 46.7789 46.7929 46.8578 46.8853 46.9362 46.9798 47.0026 47.0286
 47.0761 47.1092 47.1297 47.1562 47.2051 47.2264 47.3158 47.4132
53.1283 53.2648 53.3576 53.4998 53.5327 53.5525 53.5848 53.6645 53.7029
 53.7264 53.7552 53.7717 53.8273 53.846  53.8677 53.8947 53.9164 53.9729
 53.9986 54.0148 54.0509 54.0698 54.0906 54.1077 54.1276 54.1481 54.1593
 54.1718 54.1914 54.2111 54.2288 54.2504 54.2654 54.2855 54.3105 54.3262
 54.3856 54.4164 54.4595 54.4829 54.5085 54.5373 54.6002 54.6205 54.6429
 54.6644 54.7302 54.7549 54.7775 54.8064 54.8249 54.8465 54.8755 54.8931
 54.9286 54.9493 54.9755 55.0147 55.0344 55.0635 55.0865 55.1743 55.2427
 55.289  55.4129 57.1738
61.7516 61.8509 62.0626 62.1319 62.2795 62.3085 62.4615 62.5002 62.5181
 62.5469 62.5886 62.6164 62.6426 62.6644 62.6883 62.7232 62.7534 62.7755
 62.7955 62.813  62.8432 62.8619 62.8843 62.9117 62.9388 62.9604 62.9895
 63.0147 63.1013 63.1524 63.1832 63.2113 63.2479 63.2759 63.3226 63.3563
 63.3861 63.4268 63.4428 63.5092 63.528  63.5566 63.6507 63.6759 63.7479
 63.8155 63.8979 63.9858 69.3724 69.4796 69.7623 69.9127 69.9741

