10.1086 11.0228 11.2059 11.3365 11.4512 11.4786 11.6975 11.8177 11.8429
 11.9284 11.9479 11.9872 12.0132 12.065  12.1173 12.1746 12.1975 12.2191
 12.2341 12.2533 12.297  12.3221 12.4087 12.4321 12.5013 12.5292 12.5441
 12.5574 12.5786 12.5954 12.6315 12.6439 12.67   12.7616 18.5621 19.1117
 19.2578 19.3574 19.4756 19.5454 19.5908 19.6229 19.7788 19.8013 19.8588
 19.8803 19.8968 19.914  19.9328
20.0173 20.0576 20.086  20.14   20.175  20.1918 20.211  20.2305 20.2576
 20.2939 20.3149 20.3449 20.3726 20.4004 20.4601 20.4892 20.5329 20.5672
 20.7028 27.1506 27.9417 28.4529 28.5114 28.6124 28.6336 28.7728 28.7934
 28.8201 28.9069 28.9687 29.0013 29.0159 29.0618 29.0745 29.1068 29.1201
 29.1332 29.1558 29.1962 29.2175 29.2303 29.245  29.2608 29.2963 29.348
 29.3595 29.3774 29.3943 29.4123 29.4236 29.4385 29.4561 29.4749 29.489
 29.4998 29.5504 29.5776
36.2003 36.4979 36.8908 36.9829 37.0568 37.1823 37.2028 37.2257 37.2559
 37.2805 37.3527 37.3788 37.4014 37.4279 37.4907 37.5176 37.5696 37.6086
 37.6967 37.7254 37.7526 37.7771 37.8128 37.846  37.8909 37.9075 37.9207
 37.9447 37.96   38.0388 38.0588 38.1491 38.3321
44.1847 45.2114 45.2788 45.5085 45.5303 45.6035 45.6318 45.6608 45.686
 45.7161 45.7409 45.7593 45.8094 45.8397 45.8784 45.9323 45.977  46.0357
 46.0601 46.1916 46.2325 46.2605 46.2745 46.2958 46.3355 46.3723 46.382
 46.3991 46.4187 46.5135 46.5531
51.1253 52.5549 52.8487 53.1421 53.2835 53.3126 53.4966 53.5425 53.5864
 53.6048 53.6286 53.6605 53.7487 53.7712 53.7991 53.821  53.8439 53.88
 53.8999 53.9121 53.9295 53.9482 53.975  54.007  54.033  54.0708 54.1579
 54.1892 54.2428 54.2608 54.3237 54.3506
60.4956 61.4388 61.6469 61.7235 61.9479 61.9667 61.9951 62.0177 62.0361
 62.0558 62.1105 62.1834 62.2021 62.2218 62.2439 62.2859 62.3079 62.3499
 62.3958 62.4293 62.4879 62.5037 62.5439 62.5714 62.6023 62.6327 62.6651
 62.6829 62.7184 62.7889 62.8076 62.8723 62.8848 62.9027 62.932  62.9711
 62.998  69.3518 69.4372 69.6017 69.7509 69.7935 69.8407 69.9067 69.9612
 69.9841

