11.4567 11.5873 11.6725 11.7819 11.8967 12.0374 12.0634 12.1332 12.2157
 12.2556 12.2704 12.3196 18.2405 19.0229 19.3167 19.3537 19.5182 19.581
 19.6578 19.6886 19.8014 19.8319 19.8936 19.9599
20.0396 20.0648 20.1964 20.4559 20.5044 24.9596 28.3919 28.4289 28.4924
 28.8208 28.8845 28.9669 28.9917 29.0281 29.0671 29.1098 29.1326 29.1958
 29.3249 29.3825 29.4859 29.5086 29.5418
35.5444 36.4037 36.9135 37.0873 37.1499 37.2735 37.3095 37.3874 37.4824
 37.5529 37.5686 37.6042 37.6308 37.6897 37.7129 37.8215 37.8379 37.8523
 37.9722 38.0066 38.1009
41.5258 45.2751 45.4776 45.4988 45.5325 45.5673 45.7136 45.7297 45.8408
 45.9064 46.0029 46.1895 46.2373 46.2616 46.2971 46.3162 46.3861 46.4187
52.9404 53.1614 53.2424 53.3199 53.4095 53.4304 53.467  53.5159 53.5881
 53.789  53.8669 53.9205 53.9747 53.9946 54.1084
60.9454 61.051  61.1778 61.4157 61.8581 61.9248 62.024  62.0695 62.1656
 62.2127 62.2619 62.3105 62.328  62.4197 62.5649 62.5951 62.6256 62.6725
 67.9688 69.0642 69.1857 69.3535 69.3755 69.8367 69.9304

