11.3036 11.5128 11.798  11.855  11.8754 11.9396 11.9619 12.0031 12.0299
 12.0529 12.0733 12.116  12.1378 12.1529 12.2232 12.2432 12.2658 12.288
 12.3022 12.3206 12.335  12.3483 12.3614 12.3732 12.3892 12.401  12.4193
 12.4403 12.4546 12.468  12.4821 12.4984 12.5136 12.5344 12.5536 12.5695
 12.5858 12.6042 12.6216 12.6387 12.6543 12.668  12.6811 12.6973 12.7106
 12.7354 12.7517 12.7741 12.7893 12.8005 12.8119 12.8317 12.8474 12.8584
 12.8693 12.8819 12.8987 12.9153 12.9259 12.9363 12.9483 12.9607 12.9728
 12.9959 13.0093 13.023  13.0355 13.0546 13.068  13.0811 13.0977 13.1138
 13.1286 13.1474 13.1624 13.1878 13.2042 13.2177 13.2313 13.2769 13.3017
 13.3165 13.3295 13.3471 13.3616 13.3903 13.4041 13.4292 13.4475 13.4653
 13.4849 13.509  13.5585 13.5902 13.6176 13.6611 13.7137 13.8015 13.9293
 14.2902 14.4752 18.9382 19.4537 19.5104 19.535  19.6967 19.7338 19.7939
 19.8438 19.8645 19.8889 19.9043 19.9213 19.9447 19.9677
20.0038 20.0356 20.0561 20.0708 20.0878 20.1135 20.1393 20.1568 20.1759
 20.1874 20.2043 20.2269 20.2394 20.2575 20.2785 20.2965 20.3114 20.3237
 20.3398 20.3516 20.3658 20.3821 20.398  20.4164 20.435  20.4483 20.463
 20.4769 20.4923 20.5102 20.5198 20.5321 20.5499 20.5674 20.5818 20.597
 20.6116 20.6305 20.6435 20.6556 20.6693 20.6818 20.6939 20.7075 20.7192
 20.7345 20.7471 20.7606 20.7716 20.7875 20.8047 20.8197 20.8305 20.8457
 20.857  20.8726 20.8878 20.9012 20.9221 20.9392 20.9551 20.9783 20.9968
 21.0126 21.0398 21.0601 21.0802 21.1058 21.1235 21.1398 21.1594 21.2226
 21.2474 21.2717 21.3075 21.3391 21.3768 21.4059 21.4538 26.0934 26.4028
 27.7731 28.2034 28.4286 28.4868 28.5932 28.6444 28.8033 28.9126 28.9551
 28.9815 29.0026 29.0416 29.0728 29.1008 29.1202 29.1434 29.1592 29.1745
 29.1916 29.2111 29.2385 29.2514 29.2659 29.2803 29.294  29.3094 29.3246
 29.3433 29.3578 29.3713 29.385  29.3984 29.4133 29.4252 29.4415 29.4551
 29.4784 29.4915 29.5023 29.5173 29.5313 29.5439 29.5579 29.5719 29.5847
 29.5963 29.6086 29.6185 29.6318 29.6475 29.6611 29.674  29.685  29.6988
 29.7132 29.7302 29.7518 29.767  29.7807 29.7935 29.8054 29.8255 29.8437
 29.8561 29.8665 29.879  29.889  29.8994 29.9109 29.9206 29.9316 29.9446
 29.9589 29.9734 29.987
30.007  30.0222 30.0366 30.0496 30.0788 30.0997 30.1157 30.1324 30.1512
 30.1807 30.2002 30.2192 30.2601 30.2784 30.3133 30.3507 30.3802 30.3955
 30.4111 30.4417 30.4575 30.4836 30.5278 30.5474 30.6136 30.6583 30.6778
 30.7101 30.7343 30.8009 30.9678 31.0085 35.1512 36.7385 37.1207 37.3126
 37.3684 37.4148 37.4679 37.4928 37.5153 37.5403 37.5856 37.6198 37.6461
 37.6692 37.6895 37.7121 37.73   37.7468 37.7625 37.7802 37.7989 37.8269
 37.8433 37.8572 37.8812 37.9038 37.9255 37.9503 37.969  37.9849 38.0077
 38.0243 38.0438 38.0567 38.0693 38.083  38.0945 38.1056 38.1173 38.1312
 38.1448 38.161  38.1755 38.1872 38.1994 38.209  38.2213 38.2367 38.2573
 38.2719 38.2877 38.3023 38.3182 38.3303 38.3432 38.3566 38.3672 38.3777
 38.3925 38.4066 38.4181 38.4294 38.442  38.4537 38.4662 38.4766 38.487
 38.5023 38.5149 38.5312 38.5489 38.5661 38.5854 38.5971 38.6121 38.6308
 38.6426 38.6597 38.6793 38.6944 38.7091 38.7279 38.7418 38.7577 38.7736
 38.791  38.8065 38.8233 38.8399 38.8564 38.8732 38.8916 38.9329 38.9545
 38.9773 38.9942 39.0174 39.0597 39.0907 39.1381 39.1585 39.1978 39.2165
 39.3012 39.3317 39.3657 39.5449
44.6946 44.8348 45.4988 45.5329 45.5594 45.5785 45.7127 45.7678 45.7858
 45.8045 45.8359 45.8978 45.9147 45.932  45.974  45.9997 46.0168 46.0293
 46.0506 46.0853 46.1065 46.1211 46.1489 46.1854 46.1987 46.2122 46.2311
 46.2479 46.2676 46.2836 46.2964 46.3119 46.3261 46.3443 46.3593 46.3716
 46.3858 46.3985 46.4144 46.4309 46.4504 46.4645 46.4819 46.5011 46.5133
 46.525  46.5374 46.5553 46.5693 46.5811 46.5955 46.6088 46.6219 46.6346
 46.6502 46.6668 46.6825 46.697  46.7138 46.7328 46.7436 46.7546 46.7674
 46.7829 46.7943 46.8107 46.8271 46.8459 46.8578 46.8763 46.8922 46.9028
 46.9171 46.9317 46.9493 46.9676 46.9839 46.9987 47.0147 47.0303 47.0523
 47.0779 47.0935 47.1099 47.1312 47.148  47.1635 47.1846 47.2035 47.2292
 47.2728 47.2954 47.3403 47.3778 47.404  47.5096
50.2606 50.3297 53.0927 53.2076 53.2769 53.3277 53.4781 53.4923 53.5171
 53.5532 53.5772 53.6138 53.6331 53.6638 53.7245 53.7462 53.7716 53.7839
 53.8218 53.8362 53.8504 53.8629 53.8747 53.8904 53.9063 53.9194 53.9319
 53.9457 53.9579 53.9738 53.9863 53.9996 54.0144 54.0264 54.0346 54.0466
 54.0587 54.0721 54.085  54.097  54.1088 54.1248 54.1343 54.1449 54.1578
 54.1718 54.1841 54.1971 54.2142 54.2254 54.2446 54.2557 54.2649 54.2762
 54.2899 54.3015 54.3143 54.3242 54.3339 54.3445 54.3543 54.3648 54.3748
 54.3865 54.3972 54.4091 54.4203 54.4301 54.4434 54.4545 54.4653 54.4773
 54.4886 54.5003 54.5095 54.5182 54.5294 54.5421 54.5537 54.5671 54.5766
 54.5864 54.5988 54.6105 54.6215 54.6331 54.6447 54.6574 54.6704 54.6819
 54.6954 54.7085 54.722  54.7336 54.7446 54.7583 54.7744 54.7885 54.8031
 54.8175 54.8333 54.8522 54.8703 54.8981 54.9161 54.9406 54.9615 54.9772
 54.9998 55.0273 55.0551 55.081  55.1087 55.131  55.1964 55.2418 55.3241
 55.4075 55.4959 55.5452 55.5781
61.6818 61.8444 61.9411 61.9662 62.0207 62.1136 62.145  62.1779 62.2172
 62.2423 62.2568 62.2744 62.2922 62.3251 62.3556 62.3745 62.3956 62.4193
 62.4521 62.4729 62.4855 62.4978 62.5319 62.5508 62.5708 62.5955 62.6251
 62.6414 62.6558 62.6706 62.6841 62.6948 62.7134 62.7335 62.751  62.7655
 62.7805 62.8024 62.8153 62.8361 62.8475 62.8791 62.8939 62.9056 62.9188
 62.9365 62.9471 62.9597 62.9736 62.9886 63.0064 63.021  63.0353 63.0503
 63.0693 63.0815 63.0939 63.1083 63.1231 63.1349 63.147  63.1628 63.1737
 63.1846 63.1974 63.2139 63.2303 63.2463 63.26   63.2779 63.2927 63.3068
 63.323  63.3436 63.3637 63.3859 63.4069 63.4238 63.447  63.4625 63.4834
 63.5147 63.5459 63.5685 63.5889 63.6054 63.6262 63.6485 63.6719 63.69
 63.7521 63.7922 63.8894 63.9265 63.9613 64.6257 69.6352 69.7814 69.8857
 69.9184 69.9699

