11.3274 11.7101 13.2248 13.3178 13.3617 13.3876 13.4524 13.5342 13.6014
 13.6536 13.8264 19.9449
20.3467 20.7298 20.9241 20.9656 21.0197 21.111  21.2154 21.4344 21.585
 27.79   29.0724 29.1187 29.2369 29.3124 29.4769 29.4952 29.6546 29.9763
30.0538 30.1316 30.1555 36.9428 37.9086 38.0357 38.1038 38.4149 38.4805
 38.5178 38.5678 38.6089 38.6244 38.6683 38.6929 38.9097
46.1117 46.2615 46.5771 46.6056 46.6622 46.6958 46.7158 46.7386 46.7808
 46.8029 46.864  46.922  46.961  47.0329 47.0897 47.1894 47.2339 47.3078
 47.3844
54.5199 55.0459 55.1345 55.1614 55.4788
62.1028 62.4017 62.5167 62.6855 62.7798 62.8215 63.0456 63.0913 63.1125
 63.1459 63.2774 63.4114

