12.8897 13.1037 13.2079 13.2993 13.3548 13.4523 13.4769 13.5292 13.5631
 13.5899 13.6262 13.6919 13.7337 19.7649 19.7959
20.6413 20.7213 20.8084 21.1778 21.2107 21.2608 21.3481 21.4307 21.478
 29.2656 29.3117 29.5114 29.5497 29.7657 29.8271 29.8871 29.9049 29.9961
30.0416 30.1319 37.5654 37.7609 38.0599 38.1565 38.1881 38.3224 38.3525
 38.4052 38.4369 38.4599 38.5024 38.6364 38.7959
46.4003 46.5513 46.6875 46.7257 46.7534 46.7749 46.8794 46.9123 46.9697
 47.0167 47.0974 47.1804 47.2109
51.3528 54.8089 54.8807 54.9406 55.0136 55.0648 55.1389 55.1646 55.2341
 55.2877 55.3777 55.4023 55.4164 55.6128 55.6379
61.3757 62.2832 62.41   62.4277 62.7738 62.8056 62.8546 62.9877 63.0122
 63.0497 63.0666 63.1255 63.1598 63.2339 63.2701 63.2968 63.3131 63.3388
 63.3589 69.098

