12.1422 12.4619 12.6136 12.6516 13.2161 13.3704 13.5535 13.8909 18.1048
 18.9905 19.8378
20.3278 20.5636 20.8385 20.9926 21.0767 21.3468 28.4321 29.1332 29.1992
 29.387  29.5627 29.7858
30.0112 30.0769 30.3409 37.759  37.8418 37.9327 38.2123 38.3338 38.3511
 38.3675 38.4392 38.5904 38.9309
44.6352 45.0646 45.3704 46.3758 46.4518 46.5188 46.6361 46.9075 46.9404
53.7931 54.2475 54.6785 54.7049 54.7879 55.0909 55.2399 55.4828
62.0037 62.4935 62.7444 62.7633 62.7911 63.0038 63.0439 63.2004 63.241
 63.38   63.4141 63.5916 69.7899

