12.5879 12.6253 13.2059 13.2303 13.4669 19.3027
20.4391 20.5857 20.7655 20.7972 20.8659 20.9918 21.101  21.2099 21.2336
 21.2792 21.3483 21.4285 21.5142 21.5408 21.6711 27.301  28.6137 28.8264
 29.0689 29.2102 29.2874 29.3404 29.3825 29.6087 29.6338
35.7198 36.1334 37.3159 37.8253 37.8625 37.9984 38.0736 38.174  38.1903
 38.2304
43.2105 45.5839 45.7473 45.7863 45.8792 46.0422 46.1966 46.2975 46.7583
52.3502 53.0245 53.5756 53.9072 54.2147 54.3437 54.3653 54.4428 54.5476
 54.5925 55.0378
62.3556 62.4687 62.5062 62.5804 62.6289 62.6727 62.7319 62.7857 63.0548
 63.1076 68.7617 69.4524

