12.0072 12.2802 12.3229 12.5628 12.6452 12.7354 12.8666 12.9206 13.0515
 13.0751 13.1025 13.1437 13.3214 19.6284
20.1279 20.6669 20.8146 20.8461 20.8618 20.9357 21.0166 21.0777 21.1375
 21.1907 21.2111 21.2455 21.3115 21.3339 21.3933 21.4162 21.4562 21.5166
 28.2355 28.7119 28.7548 28.8294 29.0155 29.2034 29.2209 29.3636 29.4149
 29.6047
36.1016 37.1274 37.3376 37.4751 37.4949 37.5175 37.56   37.6381 37.678
 37.7029 37.7351 37.9713 37.9962 38.1889
44.9493 45.6352 45.967  46.0822 46.3867 46.542
51.4699 53.5747 53.9335 54.1005 54.1699 54.3159 54.3636 54.3941 54.4695
 54.5392 54.5814 54.6297
62.1457 62.3798 62.6085 62.7446 62.7719 62.8678 62.9097 62.9339 62.9717
 62.9982 67.8457 69.9188

