10.2381 10.9168 11.9927 12.1044 12.2196 12.2577 12.3715 12.4572 12.503
 12.535  12.6164 12.6498 12.6849 12.7622 12.7882 12.8034 12.8361 12.8507
 12.8754 12.9126 12.9291 12.943  12.9636 12.9906 13.0032 13.02   13.0343
 13.0504 13.0657 13.0905 13.1231 13.1397 13.157  13.1745 13.1909 13.2039
 13.2187 13.2312 13.2474 13.2648 13.2784 13.2916 13.303  13.3156 13.3322
 13.3458 13.3653 13.3829 13.399  13.4163 13.4277 13.4441 13.4561 13.4685
 13.4833 13.4949 13.5069 13.522  13.5381 13.5544 13.566  13.5895 13.6032
 13.6196 13.636  13.6525 13.6647 13.6837 13.7077 13.7205 13.7343 13.7495
 13.7764 13.7919 13.8057 13.8398 13.8581 13.8842 13.9086 13.9258 13.9417
 13.9757 13.9949 14.0418 14.0923 14.1142 14.142  14.1726 14.2514 19.702
 19.9878
20.088  20.4437 20.4955 20.5513 20.5808 20.6654 20.7146 20.7445 20.7676
 20.7984 20.8173 20.8768 20.8978 20.9286 20.945  20.9687 21.0009 21.0155
 21.0412 21.0561 21.0693 21.0809 21.0938 21.1146 21.1369 21.1544 21.1683
 21.1832 21.1999 21.2178 21.2307 21.2456 21.2612 21.2744 21.2883 21.309
 21.3196 21.333  21.35   21.3647 21.3759 21.3893 21.4045 21.4167 21.4292
 21.4415 21.4527 21.4642 21.4743 21.4856 21.4967 21.5076 21.5179 21.53
 21.5407 21.5505 21.562  21.5756 21.5917 21.6032 21.6139 21.6248 21.638
 21.6495 21.662  21.6751 21.6891 21.704  21.7183 21.7307 21.7403 21.7522
 21.7654 21.7767 21.7899 21.804  21.8183 21.8289 21.8403 21.8513 21.8652
 21.8778 21.8899 21.9023 21.9144 21.9292 21.9408 21.9563 21.972  21.9848
 21.9994 22.0166 22.028  22.0404 22.0553 22.0684 22.0833 22.0938 22.1092
 22.1236 22.1383 22.1538 22.1703 22.1852 22.1998 22.2294 22.2509 22.2727
 22.2961 22.3213 22.3387 22.3774 22.4269 22.4609 22.5162 25.3196 26.6755
 28.467  28.5181 28.6423 28.7976 28.8246 28.8528 28.9415 28.9597 28.9833
 29.007  29.0233 29.0638 29.0885 29.1183 29.1556 29.1739 29.1977 29.2175
 29.2512 29.2874 29.3031 29.3219 29.3421 29.3562 29.3682 29.3825 29.3949
 29.4167 29.4541 29.4684 29.4879 29.5059 29.5238 29.537  29.5496 29.5671
 29.5843 29.6008 29.6152 29.6278 29.6404 29.6562 29.6675 29.6781 29.6918
 29.7042 29.7171 29.7304 29.7451 29.7587 29.7722 29.7901 29.8032 29.8168
 29.8291 29.8434 29.8583 29.8725 29.8965 29.9119 29.9278 29.9423 29.9609
 29.9787 29.9986
30.0157 30.0295 30.0426 30.056  30.0711 30.0872 30.1017 30.1135 30.1271
 30.1461 30.1607 30.1781 30.1892 30.2018 30.2185 30.2349 30.2561 30.2744
 30.2913 30.3121 30.3305 30.3544 30.368  30.3842 30.3985 30.4274 30.4565
 30.5208 30.6357 30.6763 30.7236 34.1361 36.5729 36.8165 36.8956 37.1439
 37.2499 37.2903 37.3646 37.4306 37.4638 37.4876 37.5268 37.5504 37.5962
 37.6209 37.6502 37.6764 37.7069 37.724  37.7394 37.7634 37.7764 37.7923
 37.8044 37.8198 37.8347 37.8489 37.8627 37.8749 37.8888 37.9126 37.9272
 37.9447 37.9562 37.9662 37.9793 37.9938 38.0083 38.0235 38.0379 38.0493
 38.0624 38.0762 38.0877 38.1021 38.115  38.1282 38.1419 38.1562 38.1705
 38.1852 38.2022 38.2155 38.2279 38.244  38.2554 38.2677 38.2842 38.299
 38.3097 38.321  38.3335 38.3444 38.3555 38.3694 38.3811 38.3919 38.4036
 38.4186 38.4319 38.4468 38.4578 38.4689 38.4793 38.4891 38.4985 38.5104
 38.5214 38.5346 38.545  38.5603 38.5749 38.5859 38.5973 38.6097 38.6203
 38.6328 38.6473 38.6588 38.6694 38.6827 38.6951 38.7079 38.723  38.7401
 38.753  38.7679 38.7825 38.7957 38.8127 38.8361 38.8499 38.8634 38.882
 38.8973 38.9096 38.9457 38.9646 38.9829 39.0318 39.0532 39.1527 39.1955
45.3697 45.4669 45.6278 45.6516 45.6758 45.709  45.728  45.8547 45.8926
 45.9176 45.9497 45.9631 45.9877 46.0046 46.0643 46.0847 46.1025 46.1267
 46.1518 46.1739 46.1999 46.2212 46.2434 46.2594 46.2712 46.2883 46.3076
 46.3387 46.3654 46.38   46.3965 46.4137 46.4311 46.451  46.4637 46.4777
 46.4992 46.513  46.5317 46.5464 46.5609 46.5731 46.5867 46.5986 46.6164
 46.6344 46.6481 46.6642 46.6785 46.7032 46.7175 46.7311 46.7491 46.7629
 46.7795 46.7968 46.8063 46.8194 46.8328 46.8447 46.8581 46.8712 46.8856
 46.9043 46.9229 46.9395 46.9626 46.9762 46.9946 47.0071 47.0201 47.0362
 47.0558 47.0753 47.0931 47.1079 47.1207 47.1354 47.1612 47.1766 47.1912
 47.2228 47.2628 47.2956 47.3232 47.3782 47.4929 47.5527 47.6338 47.7074
52.1647 53.2207 53.4067 53.5708 53.744  53.8346 53.853  53.9508 53.9833
 54.0068 54.031  54.0817 54.138  54.1649 54.1873 54.2024 54.2264 54.2434
 54.2686 54.3304 54.3533 54.3679 54.3872 54.4037 54.421  54.4387 54.4637
 54.4887 54.5    54.5176 54.53   54.545  54.5609 54.5757 54.5918 54.6074
 54.6224 54.6343 54.65   54.6654 54.6764 54.6888 54.7007 54.713  54.7326
 54.7467 54.7624 54.7861 54.8    54.8142 54.8247 54.8461 54.8576 54.8719
 54.8835 54.9014 54.9167 54.9299 54.9429 54.9562 54.971  54.9807 54.9936
 55.0046 55.0165 55.032  55.0439 55.0554 55.0688 55.083  55.0928 55.1054
 55.1168 55.1278 55.1405 55.1555 55.1705 55.1843 55.195  55.208  55.2244
 55.2429 55.2597 55.2789 55.2926 55.3052 55.3173 55.3353 55.3488 55.3626
 55.3802 55.3989 55.4181 55.4383 55.4673 55.4869 55.5024 55.5172 55.5386
 55.5586 55.5751 55.5918 55.622  55.6406 55.674  55.7075 55.7373 55.7606
 55.8189 55.8818 55.9639
60.9427 61.3739 61.7758 61.8672 61.9385 61.9888 62.161  62.1928 62.3159
 62.4134 62.4444 62.4975 62.5428 62.5584 62.5833 62.5978 62.6258 62.6433
 62.665  62.7002 62.7228 62.7626 62.7937 62.8321 62.8459 62.8576 62.8782
 62.8967 62.9129 62.9288 62.9424 62.9551 62.9687 62.9829 62.9981 63.0107
 63.0255 63.0453 63.0627 63.0773 63.0918 63.1019 63.1164 63.1277 63.1381
 63.1498 63.1647 63.1786 63.1919 63.2089 63.2221 63.235  63.2504 63.2614
 63.275  63.2886 63.3048 63.3195 63.3314 63.347  63.3658 63.3867 63.4027
 63.417  63.4306 63.4467 63.461  63.4765 63.49   63.5003 63.5127 63.5251
 63.5396 63.5524 63.5658 63.5877 63.6027 63.6139 63.6255 63.6372 63.6515
 63.6679 63.684  63.6962 63.7298 63.7455 63.775  63.7973 63.8208 63.8416
 63.8592 63.8859 63.9042 63.9255 63.9477 63.9832 64.0035 64.0286 64.0606
 64.0932 64.1201 65.6438 69.4137 69.8433

