11.4631 12.0447 12.4612 12.8381 12.9266 12.9689 13.0108 13.0388 13.0659
 13.102  13.118  13.1502 13.1936 13.2516 13.2779 13.3046 13.3207 13.3833
 13.4483 13.5065
20.0647 20.5427 20.9221 21.1583 21.3281 21.436  21.5519 21.6248 21.6697
 21.7313 21.8006 21.8597 21.8779 21.9438 22.0302 26.8857 28.1859 28.6229
 28.9432 29.3513 29.4431 29.4784 29.5382 29.5575 29.5779 29.6108 29.637
 29.6517 29.6829 29.697  29.7183 29.7452 29.7984 29.817  29.8444 29.8637
 29.8893 29.9246 29.9509 29.9749
30.0298 30.1322 30.1533 36.7587 37.1212 37.1442 37.1821 37.3002 37.329
 37.4462 37.5745 37.6027 37.6605 37.7024 37.7326 37.7596 37.8611 37.9319
 37.9551 38.0013 38.0279 38.0527 38.0886 38.1268 38.1756 38.1992 38.2335
 38.2746 38.3347
45.4016 45.5531 45.6982 45.8087 45.8343 45.8677 45.9099 45.9298 45.9514
 45.973  46.0162 46.0394 46.0696 46.0893 46.2137 46.2356 46.2553 46.2929
 46.3327 46.3481 46.3756 46.4084 46.4644 46.4786 46.4999 46.5351 46.5477
 46.6421
52.5154 52.8666 53.2709 53.5206 53.7118 53.7385 53.8148 53.8594 53.924
 54.054  54.0939 54.1208 54.1368 54.1577 54.175  54.1976 54.2227 54.2394
 54.2651 54.2871 54.3075 54.3263 54.3477 54.3626 54.3766 54.3924 54.4168
 54.4463 54.4643 54.4805 54.4986 54.5108 54.5468 54.5696 54.6198 54.6456
 54.6679 54.7209 54.792  54.8376 54.8619 54.9096
60.2171 60.9272 61.3696 61.5601 61.6686 61.7264 62.0489 62.1123 62.2065
 62.2346 62.2654 62.2828 62.3    62.3368 62.354  62.3695 62.3961 62.4242
 62.4513 62.4973 62.562  62.5861 62.6018 62.621  62.6343 62.6517 62.6679
 62.7051 62.7215 62.7441 62.7645 62.7793 62.794  62.8568 68.2546 69.462
 69.8433

