11.9447 12.0589 12.1213 12.4355 12.5298 12.6756 12.7278 12.7823 12.8257
 12.9016 12.9341 12.9926 13.0313 13.0594 13.0962 13.1192 13.1413 13.1747
 13.1955 13.2137 13.2362 13.2487 13.2883 13.3046 13.3269 13.3553 13.3693
 13.3824 13.3989 13.4149 13.426  13.4382 13.452  13.4678 13.4851 13.498
 13.5123 13.5273 13.5411 13.5554 13.5671 13.5878 13.6085 13.6309 13.6462
 13.6639 13.6752 13.6856 13.697  13.7083 13.7228 13.7345 13.747  13.7592
 13.7709 13.7829 13.7941 13.8067 13.8202 13.8326 13.8455 13.8583 13.8749
 13.8915 13.9045 13.921  13.9329 13.9447 13.9595 13.9743 13.9894 14.0007
 14.0137 14.0261 14.0386 14.0602 14.0738 14.0881 14.1    14.1155 14.1288
 14.1411 14.1548 14.1667 14.1827 14.2001 14.2127 14.2242 14.2371 14.2484
 14.2617 14.2822 14.2951 14.3087 14.3221 14.3369 14.3528 14.3675 14.3851
 14.3953 14.4071 14.4216 14.4357 14.4599 14.4792 14.4959 14.5105 14.5288
 14.5469 14.5677 14.5879 14.6082 14.6219 14.6378 14.6506 14.671  14.7029
 14.7293 14.7514 14.7785 14.8022 14.8527 14.9227 15.0096 15.0978
20.8013 20.9675 21.0949 21.1179 21.1548 21.3153 21.3372 21.3823 21.4332
 21.4617 21.5027 21.5459 21.5772 21.6111 21.6379 21.6625 21.6939 21.7092
 21.7357 21.7562 21.7733 21.7932 21.8121 21.8322 21.852  21.8722 21.8892
 21.9091 21.9279 21.9425 21.9587 21.9747 21.9875 22.0026 22.0172 22.0356
 22.0468 22.0603 22.0723 22.0862 22.104  22.1261 22.1409 22.1553 22.1661
 22.1874 22.2031 22.2165 22.2277 22.2411 22.2557 22.2699 22.283  22.2988
 22.3088 22.3235 22.3413 22.3608 22.3756 22.3904 22.4044 22.4193 22.435
 22.449  22.467  22.4806 22.4943 22.5079 22.5311 22.5493 22.5648 22.5819
 22.6002 22.6215 22.6478 22.6681 22.6811 22.7019 22.7188 22.7369 22.7536
 22.7689 22.7868 22.8153 22.833  22.8477 22.864  22.8898 22.9183 22.9413
 22.9666 23.0038 23.0528 23.0866 23.1175 23.1654 23.2096 23.2448 23.2773
 23.3446 23.4157 28.4785 28.7975 28.952  29.1867 29.2378 29.2849 29.3309
 29.3464 29.3674 29.3811 29.403  29.4368 29.4567 29.4822 29.4992 29.5266
 29.5495 29.5696 29.5891 29.6059 29.6208 29.633  29.6446 29.6575 29.6735
 29.689  29.7098 29.7224 29.7369 29.7528 29.7671 29.7914 29.8037 29.8213
 29.8351 29.8493 29.8657 29.8854 29.8993 29.912  29.9269 29.9399 29.9538
 29.9673 29.9798 29.9941
30.0177 30.0295 30.0412 30.0546 30.0657 30.079  30.0915 30.1022 30.1137
 30.1254 30.1393 30.154  30.1723 30.1899 30.201  30.2132 30.2225 30.2359
 30.2471 30.2583 30.2712 30.2839 30.2964 30.3081 30.3225 30.3354 30.3474
 30.3592 30.3751 30.3861 30.3957 30.4065 30.4252 30.438  30.4506 30.4628
 30.4725 30.4848 30.4954 30.5063 30.5167 30.5286 30.5406 30.5534 30.566
 30.5753 30.5894 30.6035 30.6149 30.6258 30.6378 30.6494 30.661  30.671
 30.6844 30.699  30.7149 30.726  30.7395 30.7543 30.769  30.7805 30.7944
 30.8059 30.8185 30.831  30.8426 30.8551 30.8681 30.8902 30.9045 30.9196
 30.9306 30.9448 30.9611 30.9746 30.9895 31.0061 31.0239 31.0372 31.0527
 31.0733 31.0937 31.1136 31.1337 31.1561 31.1731 31.2038 31.2339 31.2606
 31.3384 31.3661 36.0231 36.0548 36.174  36.301  36.7825 37.1539 37.3127
 37.4289 37.4537 37.4939 37.5568 37.5974 37.6803 37.7248 37.7422 37.7595
 37.7957 37.8088 37.8242 37.8689 37.8993 37.9164 37.9382 37.957  37.9746
 37.9912 38.0082 38.0256 38.0445 38.0576 38.078  38.0911 38.1054 38.1319
 38.1489 38.1634 38.1774 38.193  38.2077 38.2286 38.2406 38.2558 38.2713
 38.2868 38.3035 38.3151 38.3281 38.3418 38.3554 38.3704 38.3901 38.4021
 38.4175 38.4307 38.4425 38.4575 38.4705 38.4814 38.4924 38.5048 38.5162
 38.5391 38.5541 38.5659 38.5791 38.5918 38.6033 38.6167 38.6279 38.6377
 38.6527 38.6647 38.6761 38.6891 38.7051 38.7184 38.7315 38.7444 38.7628
 38.7791 38.7914 38.8028 38.8135 38.8255 38.8372 38.856  38.8717 38.8921
 38.9119 38.9283 38.9459 38.9575 38.9718 38.9859 38.9975 39.0087 39.0225
 39.0359 39.0492 39.0602 39.0759 39.0906 39.105  39.1211 39.1395 39.1561
 39.1699 39.1852 39.2012 39.2211 39.236  39.2543 39.2693 39.2962 39.3231
 39.3399 39.3594 39.391  39.4147 39.4412 39.4847 39.5199
43.5509 43.7203 44.5501 44.7939 45.2751 45.4149 45.4848 45.6516 45.6749
 45.7274 45.7517 45.7868 45.815  45.8498 45.882  45.9184 45.9463 45.967
 45.9857 46.0063 46.0257 46.0586 46.0781 46.1017 46.1282 46.1482 46.16
 46.1747 46.1907 46.2077 46.2268 46.2448 46.2581 46.2734 46.2942 46.3144
 46.3314 46.3471 46.3663 46.3831 46.3986 46.416  46.4313 46.4658 46.4808
 46.4921 46.5044 46.5165 46.5305 46.545  46.5619 46.5735 46.5855 46.6029
 46.6144 46.6303 46.6444 46.659  46.6693 46.6809 46.6942 46.7086 46.7251
 46.7385 46.7505 46.7631 46.7784 46.7907 46.8046 46.8148 46.8268 46.8372
 46.8501 46.8589 46.8714 46.8825 46.8931 46.9041 46.9156 46.9261 46.9366
 46.9524 46.9653 46.9803 46.9924 47.0033 47.0155 47.0284 47.0394 47.0506
 47.0657 47.0781 47.0891 47.1011 47.1131 47.1256 47.1446 47.1567 47.1689
 47.1843 47.1985 47.2163 47.2295 47.2486 47.265  47.2807 47.2939 47.3056
 47.3163 47.3289 47.3417 47.3549 47.3686 47.387  47.4035 47.4158 47.427
 47.4449 47.4603 47.4749 47.4888 47.5114 47.5236 47.5452 47.5632 47.5797
 47.5941 47.6123 47.6519 47.6774 47.7409 47.7785 47.8197 47.8842
53.5336 53.6396 53.7317 53.7754 53.8197 53.8982 53.9408 53.9608 53.9967
 54.0181 54.0576 54.0859 54.1177 54.1442 54.1724 54.1963 54.2142 54.2314
 54.246  54.2689 54.2986 54.331  54.3479 54.3701 54.3802 54.3911 54.4084
 54.4278 54.4417 54.4524 54.4647 54.4753 54.4925 54.5046 54.522  54.5344
 54.5438 54.5544 54.5665 54.5769 54.5899 54.5998 54.6129 54.6225 54.6323
 54.6428 54.6544 54.6645 54.676  54.686  54.696  54.7072 54.7182 54.7269
 54.7379 54.746  54.7559 54.7662 54.7807 54.7909 54.803  54.814  54.8235
 54.8326 54.8424 54.8537 54.8641 54.8764 54.8869 54.8997 54.911  54.9203
 54.93   54.9413 54.9542 54.9645 54.9734 54.9851 54.9963 55.0056 55.0172
 55.0299 55.0409 55.0566 55.0655 55.0769 55.0865 55.1011 55.1121 55.1225
 55.1339 55.1454 55.1578 55.1683 55.1791 55.191  55.2032 55.2146 55.225
 55.236  55.246  55.2566 55.2668 55.2821 55.2938 55.3042 55.3152 55.3302
 55.3414 55.3519 55.3637 55.3776 55.3892 55.3996 55.4095 55.4214 55.4318
 55.4428 55.4557 55.467  55.4781 55.4881 55.5003 55.5146 55.526  55.5366
 55.5472 55.5581 55.5698 55.58   55.5913 55.6008 55.6119 55.623  55.6335
 55.6456 55.6574 55.6723 55.6833 55.6997 55.7161 55.7289 55.744  55.7563
 55.7764 55.7931 55.8093 55.823  55.8398 55.8551 55.871  55.8906 55.9049
 55.9307 55.9496 55.9768 55.9919 56.0153 56.0498 56.0757 56.1257 56.1733
 56.2305 56.3663 57.3919
60.5206 60.7729 61.3218 61.64   61.851  61.9877 62.01   62.059  62.2277
 62.2653 62.2843 62.3417 62.37   62.3983 62.4167 62.4367 62.4537 62.4695
 62.4862 62.5055 62.5184 62.536  62.5536 62.567  62.5836 62.5979 62.6129
 62.6304 62.6426 62.6564 62.6834 62.6979 62.7125 62.7226 62.7334 62.7436
 62.7562 62.7707 62.7825 62.7964 62.8143 62.8247 62.8418 62.8625 62.8742
 62.8854 62.8984 62.91   62.9226 62.9355 62.9478 62.959  62.9714 62.9837
 62.9973 63.0071 63.0189 63.0372 63.0501 63.0628 63.0748 63.0857 63.0985
 63.1081 63.1173 63.127  63.1389 63.1506 63.1615 63.1734 63.1849 63.1969
 63.2115 63.2277 63.2407 63.2521 63.2631 63.2777 63.2893 63.3027 63.3145
 63.3258 63.3357 63.3479 63.3583 63.3701 63.3822 63.3947 63.407  63.4195
 63.4323 63.4445 63.4554 63.4671 63.4795 63.4936 63.5059 63.5183 63.5302
 63.542  63.5543 63.5664 63.5772 63.5899 63.6005 63.6112 63.6218 63.6319
 63.644  63.6559 63.6678 63.6798 63.6936 63.7043 63.7178 63.7296 63.7416
 63.7529 63.7706 63.7825 63.7981 63.8092 63.8259 63.8384 63.8535 63.8692
 63.8838 63.9044 63.9169 63.9297 63.9417 63.9555 63.9711 63.9878 64.0052
 64.0389 64.0598 64.0816 64.0985 64.1252 64.1441 64.1619 64.1853 64.2139
 64.2374 64.325  69.6045 69.7145

