11.8395 12.0741 12.364  12.4273 12.6047 12.705  12.7906 12.8307 12.8704
 12.9113 12.9316 12.9525 12.985  13.0227 13.0554 13.0802 13.12   13.1396
 13.213  13.2436 13.278  13.3821 13.4047 13.4484 13.4693 18.1069
20.9533 21.1967 21.2616 21.2886 21.3179 21.4198 21.4889 21.5648 21.6226
 21.6486 21.7558 27.7723 28.0945 28.8715 28.8979 28.9457 29.1402 29.2913
 29.373  29.3893 29.4565 29.5166 29.6162 29.6521 29.7878 29.8116 29.8604
 29.8844 29.9789 29.9999
30.0238 30.0415 30.0627 34.8137 37.0685 37.1148 37.1723 37.2427 37.3826
 37.4039 37.5325 37.5996 37.6281 37.6561 37.6874 37.7797 37.8127 37.8291
 37.93   37.9994 38.0524 38.1617 38.2663 38.3566
43.9271 44.7225 45.2411 45.3664 45.4801 45.5867 45.6812 45.757  45.8855
 45.9817 46.0167 46.1277 46.1877 46.2584 46.3353 46.3519 46.3756 46.4549
 46.549  46.5754
52.1583 52.8007 53.7594 53.8126 53.8737 53.9697 54.0238 54.1381 54.1675
 54.2049 54.3396 54.3825 54.4114 54.4541 54.4727 54.5326 54.6009 54.6279
 54.6432 54.6683 54.6835 54.7447 54.7702
60.9028 60.9644 61.3718 61.6055 61.6599 61.7886 61.8816 61.9236 61.9871
 62.0495 62.1177 62.1548 62.2196 62.2835 62.3045 62.3665 62.3865 62.4161
 62.4616 62.6006 62.6294 62.7787 62.8007 62.8308 62.913  69.4858 69.7476
 69.9009

