11.9439 12.3705 12.4893 12.5257 12.8549 12.961  13.1118 13.1424 13.1715
 13.2167 13.2614 13.3038 13.3765
20.8556 21.0149 21.1332 21.1875 21.2789 21.3587 21.5244 21.654  27.5966
 27.8501 29.009  29.1638 29.186  29.2259 29.2687 29.3858 29.4138 29.4438
 29.4671 29.4922 29.5442 29.5792 29.6915 29.8172 29.8608 29.948
30.0014 36.9634 37.058  37.144  37.2485 37.5645 37.6309 37.6615 37.6824
 37.7317 37.7634 37.7852 37.917  37.9581 38.0356
44.6375 45.3776 45.4581 45.4815 45.6183 45.7309 45.8322 45.8774 45.9671
 46.0064 46.0347 46.1022 46.6159
52.6004 52.7762 53.5728 53.6407 53.9202 53.9516 54.031  54.089  54.1805
 54.195  54.216  54.2769 54.363  54.5109 54.5715 54.6663
61.7977 62.0623 62.0917 62.2829 62.3893 62.5461 62.6163 62.6572 62.6968
 62.7399 62.8808 69.6879 69.8966

