10.1694 12.0667 12.5008 12.6427 12.8258 12.8977 12.9955 13.1748 13.2946
 13.3303 13.3471 13.3694 13.3994 13.5369
20.0675 20.939  20.9997 21.0489 21.2476 21.3936 21.5353 21.6096 21.6477
 21.7414 21.7575 22.1876 27.1777 28.8715 29.3972 29.4943 29.5954 29.8686
 29.8998 29.9432 29.9868
30.0672 30.143  34.1988 35.0829 35.2645 37.2558 37.2832 37.3267 37.4134
 37.7019 37.9766 38.0049 38.0279 38.2301 38.3191 38.4099
44.9554 45.2707 45.6369 45.9277 45.9508 46.0024 46.0457 46.3778 46.4015
 46.462
51.7877 51.9973 52.7699 53.5218 53.8519 53.996  54.0422 54.0901 54.1604
 54.1927 54.2467 54.2759 54.3101 54.3275 54.3712 54.4657 54.5205 54.5478
 54.5786 54.6195 54.6725 54.7869 55.0056
60.5647 61.2013 61.4223 61.7616 62.0872 62.2877 62.4505 62.5558 62.5905
 62.6235 62.7298 62.7638 62.8408 62.9073 62.9828 68.5796

