11.1568 12.1889 12.2573 12.4075 12.4437 12.4687 12.6654 12.8214 12.8558
 12.8831 13.0587 13.1158 13.3105
20.6813 21.1004 21.1327 21.4217 21.4763 21.6251 28.5276 28.6653 29.0449
 29.226  29.3158 29.3365 29.3654 29.4141 29.4802 29.5122 29.525  29.5926
 29.7665
36.5959 37.121  37.4071 37.4727 37.5308 37.5989 37.7154 37.8239 37.8805
 38.0904
44.4614 44.7963 45.5059 45.5517 45.6489 45.7239 45.9258 46.009  46.0523
 46.2494
50.6584 52.5175 52.9939 53.1148 53.1425 53.6823 53.714  53.7507 53.9215
 53.9732 54.1189 54.2072 54.2362 54.2689 54.2999 54.3364 54.3931 54.4921
 54.5765
61.6727 61.7887 61.8365 61.8767 61.9115 62.112  62.282  62.3021 62.5092
 62.5349 62.5581 69.5746

