10.6124 10.9213 11.1929 11.8712 11.9684 12.1209 12.183  12.2371 12.3185
 12.3416 12.3788 12.4937 12.5408 12.5568 12.575  12.6078 12.6468 12.6647
 12.7485 12.7646 12.8193 12.8703 12.9642 16.8557 19.3987 19.4689
20.4572 20.536  20.5565 20.8771 20.9422 20.9561 20.9734 20.9971 21.1047
 21.223  21.3004 21.359  21.4072 28.9099 29.0681 29.1275 29.3359 29.4704
 29.5318 29.6618 29.7104 29.7589 29.7742 29.8099 29.8349 29.8543 29.9184
 29.9748
30.0523 30.0924 30.1088 30.1377 37.2275 37.5606 37.858  37.8886 37.9177
 37.9827 38.0109 38.041  38.0656 38.0973 38.2304 38.2642 38.3089 38.3268
 38.3596 38.5232
46.0315 46.1074 46.4704 46.4921 46.5541 46.7588 46.8217 46.8647 46.8866
 46.9186 46.9509 47.0291 47.0903 47.1189 47.2545 47.3503
53.3218 54.1099 54.1948 54.2221 54.5414 54.6734 54.7504 54.7853 54.803
 54.8431 54.8862 54.9313 55.0229 55.2376
63.185  63.2222 63.3942 63.4929 63.512  69.3069 69.7517 69.8129

