10.3068 12.4037 12.4278 12.6299 12.6552 12.7461 12.7937 12.8505 12.9165
 12.9519 12.9745 13.0019 13.0558 13.1414 13.1642 13.1887 13.202  13.229
 13.2529 13.2854 13.3093 13.3291 13.3511 13.3686 13.3924 13.4115 13.4283
 13.4542 13.4828 13.4991 13.5288 13.5568 13.5729 13.5882 13.604  13.6263
 13.6539 13.6744 13.6887 13.7036 13.7232 13.7369 13.7525 13.7681 13.782
 13.7999 13.8122 13.831  13.8474 13.8596 13.8758 13.8962 13.9161 13.9281
 13.9451 13.9606 13.9895 14.0056 14.0209 14.0507 14.077  14.0969 14.115
 14.1366 14.1541 14.1756 14.2117 14.2285 14.2417 14.2561 14.2702 14.2912
 14.3092 14.3327 14.3575 14.3833 14.4149 14.4405 14.4548 14.4757 14.5338
 14.5483 14.5848 14.6238 14.6577 14.7135 14.876  14.9616 15.3066
20.3787 20.4698 20.5639 20.6093 20.6446 20.668  20.7699 20.8156 20.8597
 20.8822 20.9029 20.9257 20.9774 21.0059 21.0206 21.0706 21.1188 21.1396
 21.1669 21.1841 21.2132 21.2537 21.2803 21.2994 21.3275 21.3668 21.4014
 21.4202 21.4458 21.4626 21.4758 21.4896 21.5081 21.5268 21.5419 21.5576
 21.5728 21.5924 21.6198 21.6342 21.6512 21.6658 21.6853 21.7007 21.7189
 21.7367 21.7546 21.7685 21.7865 21.8078 21.8272 21.8517 21.8698 21.8938
 21.9102 21.9292 21.9427 21.9645 21.9785 21.9948 22.0115 22.0282 22.0555
 22.0721 22.0946 22.1171 22.1388 22.1566 22.1789 22.1966 22.2113 22.2302
 22.2437 22.2597 22.2768 22.3039 22.3193 22.3515 22.379  22.4339 22.4505
 22.5052 22.5675 22.6205 22.6638 22.6883 22.7265 22.7967 22.8668 22.9105
 22.9497 27.8516 28.2427 28.8006 28.8723 29.1139 29.1497 29.1952 29.2504
 29.3312 29.3599 29.3821 29.4003 29.4227 29.4428 29.4609 29.48   29.4977
 29.5196 29.5581 29.5855 29.6259 29.646  29.6622 29.6852 29.7075 29.731
 29.7577 29.7834 29.7988 29.8133 29.8332 29.8506 29.8658 29.8814 29.8989
 29.9223 29.9401 29.9538 29.9717 29.9888
30.0109 30.0297 30.0409 30.0553 30.0687 30.0806 30.0954 30.1093 30.1274
 30.1542 30.182  30.1986 30.2183 30.2378 30.2548 30.2795 30.2948 30.3179
 30.3317 30.346  30.3614 30.3906 30.4104 30.427  30.4471 30.4778 30.5088
 30.5376 30.553  30.5741 30.5921 30.6162 30.6577 30.6913 30.7389 30.7688
 30.7905 30.812  30.8311 30.8674 30.9218 30.9564 31.0197 31.0456 35.0959
 37.0224 37.1471 37.1923 37.3097 37.4237 37.5224 37.6248 37.6862 37.7436
 37.8103 37.8618 37.8951 37.9198 37.9426 37.956  37.9718 37.9966 38.0205
 38.0367 38.0568 38.0691 38.0912 38.1041 38.1193 38.1318 38.15   38.1647
 38.1859 38.2027 38.2209 38.2457 38.2688 38.2821 38.2996 38.3137 38.3317
 38.3441 38.3797 38.3976 38.4122 38.4252 38.4439 38.4594 38.4751 38.4874
 38.4996 38.5122 38.5253 38.541  38.5532 38.5652 38.5759 38.5894 38.6029
 38.6157 38.6335 38.6473 38.6597 38.6834 38.7045 38.7205 38.7396 38.7549
 38.7706 38.7855 38.7983 38.8129 38.8273 38.8421 38.8569 38.871  38.8873
 38.9065 38.9209 38.935  38.9473 38.9598 38.9919 39.006  39.0305 39.0468
 39.0636 39.0801 39.0984 39.1203 39.1383 39.1654 39.1973 39.2176 39.2356
 39.2557 39.2779 39.3113 39.3281 39.3819 39.4078 39.4429 39.4727 39.4901
 39.5371 39.5894 39.6399 39.6838 39.7362
40.1571 41.3922 45.1148 45.6739 45.719  46.0019 46.0477 46.0942 46.3208
 46.4353 46.4835 46.5028 46.5274 46.5494 46.5751 46.5961 46.627  46.6615
 46.6818 46.7023 46.7261 46.7484 46.7754 46.7964 46.8185 46.8503 46.8872
 46.9015 46.9182 46.9354 46.9539 46.9725 46.9863 47.0005 47.0141 47.0267
 47.047  47.0622 47.077  47.1102 47.1368 47.1605 47.1805 47.1993 47.2141
 47.2361 47.2526 47.2764 47.2925 47.3062 47.319  47.333  47.3485 47.3648
 47.3764 47.3936 47.4182 47.4323 47.455  47.4797 47.5051 47.5211 47.5457
 47.5678 47.5836 47.6063 47.6206 47.6375 47.6563 47.6702 47.6896 47.7112
 47.7291 47.7555 47.7748 47.7918 47.8173 47.8425 47.8617 47.883  47.8983
 47.9187 47.9465 48.0133 48.0289 48.0491 48.0778 48.1003 48.127  48.1526
 48.1765 48.1975 48.2218 48.2474 48.3714 48.4452 48.6498
54.0256 54.3296 54.5207 54.7274 54.9882 55.0526 55.1232 55.1649 55.2045
 55.2502 55.2671 55.301  55.3244 55.3428 55.3863 55.4005 55.424  55.4524
 55.471  55.5192 55.5475 55.6141 55.6345 55.6882 55.7076 55.7545 55.7754
 55.7931 55.8084 55.8375 55.8678 55.9019 55.9274 55.9446 55.9777 56.0257
 56.0414 56.0715 56.1068 56.1303 56.1517 56.1891 56.2336 56.2689 56.296
 56.3403 56.3538 56.3659 56.3816 56.4474 56.4678 56.6289 56.6537 56.7966
61.1257 61.4272 61.9745 62.1173 62.2961 62.4738 62.6226 62.6613 62.6985
 62.751  62.8225 62.8552 62.8796 62.9115 62.9338 62.9905 63.0145 63.0696
 63.115  63.1372 63.1563 63.1738 63.1965 63.2105 63.2287 63.2448 63.2634
 63.2881 63.3093 63.3236 63.3396 63.3538 63.367  63.3875 63.4114 63.4317
 63.4492 63.4684 63.4876 63.5175 63.5334 63.5576 63.5846 63.6012 63.6131
 63.6257 63.6427 63.6577 63.6713 63.6888 63.7075 63.7288 63.7484 63.7724
 63.7892 63.8007 63.8215 63.8503 63.8679 63.9067 63.9247 63.9422 63.9581
 63.9837 64.0104 64.0328 64.0535 64.075  64.0928 64.1353 64.1843 64.2137
 64.2366 64.2656 64.3009 64.3369 64.3622 64.4069 64.4546 64.4837 64.5686
 64.6213 64.7018 69.6906

