12.6667 12.756  12.8243 12.8861 12.9075 12.9751 12.9955 13.0404 13.1
 13.1164 13.1718 13.2136 13.2328 13.296  13.351  13.3749 13.4068 13.4266
 13.532  13.5671 13.6289 13.678  13.72   13.7591 13.8049
20.481  20.7967 20.8356 20.9625 20.9907 21.0703 21.0919 21.1258 21.1479
 21.1642 21.1915 21.2256 21.2512 21.3468 21.3888 21.4101 21.4291 21.4546
 21.4703 21.5206 21.591  21.6299 21.6467 21.7866 25.632  28.6812 29.0467
 29.076  29.1011 29.1539 29.2347 29.3236 29.343  29.3714 29.3911 29.4595
 29.4911 29.5124 29.559  29.6337 29.7188 29.7603 29.804
37.0186 37.3916 37.4994 37.523  37.6195 37.7297 37.8358 37.8985 37.9669
 37.9913 38.0918 38.1108 38.1309 38.1658 38.1827 38.2006 38.3276 38.3434
 38.5184 38.6053 38.7964
45.6496 45.7432 45.8317 45.8779 45.9148 45.9759 46.0274 46.0868 46.3467
 46.4641 46.4867 46.5314 46.5485 46.5809 46.5954 46.6335 46.6606 46.6757
 46.6991 46.7356 46.762  46.791  46.822  46.8812 46.92   46.9433 46.9978
 47.0108 47.0321 47.0587 47.0696 47.0991 47.1218 47.2749
52.7355 53.5739 54.1791 54.2812 54.9147 55.0145 55.0523 55.1558 55.211
 55.2919 55.3188 55.4115 55.6236
61.5697 62.3579 62.6248 62.784  62.873  62.8946 63.0207 63.0987 63.1604
 63.1891 63.2197 63.2442 63.2643 63.2996 63.3659 63.3867 63.4544 63.4839
 63.5174 63.6511 69.5946

