11.4582 11.8635 12.2034 12.3726 12.4396 12.4764 12.4962 12.5184 12.5355
 12.5759 12.6905 12.7117 12.7392 12.7592 12.7937 12.8127 12.8384 12.8629
 12.8843 12.9031 12.9255 12.9446 12.9743 12.992  13.0125 13.0396 13.056
 13.086  13.1249 13.1417 13.1601 13.1827 13.2047 13.2268 13.2422 13.2583
 13.2779 13.2967 13.3195 13.3335 13.3468 13.3664 13.3772 13.395  13.4103
 13.4217 13.4459 13.4706 13.4987 13.5278 13.5487 13.5664 13.5957 13.6076
 13.6509 13.6722 13.6882 13.7133 13.7425 13.7586 13.7791 13.7959 13.8192
 13.8676 13.9217 13.9625 13.9949 14.0308 14.1843 14.2276 14.2503 14.2772
 14.3959 14.9683 19.3906 19.465
20.2309 20.6516 20.7106 20.7361 20.7714 20.862  20.887  20.9324 20.9705
 21.0054 21.0353 21.0563 21.0876 21.1345 21.165  21.1954 21.2124 21.2315
 21.2556 21.2739 21.2917 21.3156 21.3329 21.3497 21.3674 21.3889 21.4148
 21.4331 21.4628 21.4871 21.5003 21.5119 21.5358 21.5627 21.5962 21.6174
 21.6395 21.66   21.6751 21.7117 21.7296 21.7613 21.7845 21.8285 21.8626
 21.9344 21.9715 21.9985 22.0212 22.1277 22.1452 22.1662 22.198  22.2212
 22.2419 22.3968 22.574  27.1816 27.6498 27.9432 28.5824 28.6194 28.6413
 28.6662 28.6946 28.7267 28.7498 28.7726 28.8063 28.8219 28.8385 28.8705
 28.9241 28.9436 28.9668 28.988  29.0208 29.0384 29.0566 29.0703 29.1041
 29.1266 29.1437 29.1606 29.181  29.1962 29.215  29.2305 29.2521 29.2684
 29.2886 29.321  29.3488 29.3627 29.3804 29.4094 29.441  29.4564 29.4743
 29.4907 29.5087 29.5302 29.5437 29.5563 29.5713 29.5877 29.6028 29.6184
 29.6507 29.6709 29.6855 29.7077 29.7266 29.7504 29.7634 29.7821 29.8006
 29.8448 29.8712 29.8907 29.9153 29.9362 29.9542 29.9744 29.9927
30.026  30.0455 30.0645 30.0845 30.1165 30.1347 30.1624 30.1928 30.2218
 30.2436 30.2576 30.2769 30.2913 30.3196 30.3706 30.5219 35.9749 36.1162
 36.1584 36.288  36.3343 36.3657 36.4061 36.4247 36.448  36.4794 36.5265
 36.5407 36.6017 36.6489 36.6827 36.7038 36.7201 36.7555 36.7773 36.7949
 36.8229 36.8395 36.8783 36.8917 36.9092 36.9303 36.9498 36.9692 36.9836
 36.9985 37.0099 37.0211 37.0362 37.054  37.0767 37.0926 37.1046 37.1204
 37.1373 37.1487 37.1627 37.1741 37.1864 37.2011 37.2158 37.2294 37.2445
 37.2556 37.2676 37.2804 37.2906 37.3081 37.323  37.335  37.346  37.3605
 37.3746 37.3884 37.3995 37.4112 37.4236 37.4332 37.4421 37.4538 37.4674
 37.4807 37.4959 37.511  37.5224 37.5335 37.5447 37.5564 37.5686 37.5831
 37.5937 37.6073 37.6216 37.6358 37.6539 37.6708 37.6827 37.6981 37.7088
 37.7232 37.7348 37.7484 37.7613 37.777  37.7888 37.8083 37.829  37.8467
 37.8621 37.8882 37.9068 37.9213 37.9348 37.9515 37.9681 37.9852 38.0022
 38.0195 38.0394 38.0543 38.0729 38.0986 38.1221 38.1487 38.1717 38.1963
 38.2229 38.2437 38.2612 38.2809 38.302  38.3218 38.345  38.3673 38.4426
 38.5421
43.8626 44.2022 44.4741 44.5366 44.6184 44.6605 44.7669 44.799  44.8704
 44.8971 44.9718 45.0131 45.0406 45.0688 45.0821 45.111  45.1246 45.1725
 45.1966 45.2208 45.2433 45.2608 45.2764 45.3002 45.3252 45.3421 45.3634
 45.3742 45.3912 45.4065 45.4241 45.4367 45.4488 45.4635 45.4767 45.4952
 45.5081 45.5212 45.5336 45.5456 45.568  45.5809 45.5941 45.6089 45.6243
 45.6419 45.6573 45.667  45.6778 45.6932 45.705  45.7164 45.7265 45.7379
 45.7535 45.7639 45.7774 45.789  45.7998 45.8116 45.824  45.8349 45.8473
 45.8604 45.8731 45.8846 45.8981 45.909  45.9229 45.9366 45.9472 45.959
 45.9694 45.979  45.9899 46.0024 46.0145 46.0265 46.0406 46.0517 46.0647
 46.0744 46.0855 46.0998 46.1129 46.1259 46.137  46.1493 46.1639 46.178
 46.1883 46.2004 46.2137 46.2232 46.2341 46.2468 46.2583 46.2689 46.2794
 46.2903 46.3013 46.3163 46.3315 46.3421 46.3529 46.364  46.3758 46.3887
 46.4026 46.4163 46.4293 46.4414 46.4561 46.4728 46.4859 46.4987 46.5175
 46.5337 46.5516 46.5637 46.5815 46.6002 46.6182 46.6409 46.6609 46.6796
 46.7059 46.7265 46.7429 46.768  46.7989 46.8401 46.9018 47.0574 47.085
51.9448 52.0242 52.6174 52.7447 52.8063 52.8856 52.9612 53.0021 53.0409
 53.1151 53.1497 53.1754 53.2061 53.2373 53.2583 53.284  53.2992 53.3291
 53.3594 53.4238 53.4532 53.4753 53.4901 53.5091 53.5445 53.5608 53.5768
 53.5922 53.6252 53.644  53.6622 53.6927 53.7159 53.7363 53.7493 53.7771
 53.7938 53.8055 53.8176 53.8327 53.846  53.8594 53.8751 53.8915 53.904
 53.9169 53.9335 53.9465 53.9704 53.9877 54.0026 54.0153 54.0331 54.0497
 54.067  54.0814 54.0969 54.1107 54.1265 54.1406 54.1524 54.1646 54.1796
 54.1964 54.2066 54.2225 54.2385 54.2526 54.2645 54.2796 54.2895 54.3016
 54.3117 54.326  54.336  54.3492 54.3619 54.3775 54.3941 54.4093 54.4283
 54.4455 54.468  54.4817 54.4999 54.5162 54.5393 54.556  54.5764 54.5988
 54.614  54.6353 54.6508 54.6878 54.7068 54.7225 54.7653 54.786  54.8399
 54.857  54.8793 54.9184 54.9341 54.9785 55.0006 55.0403 55.1239 55.2953
60.9633 61.5369 61.682  61.7431 62.0566 62.0879 62.1798 62.2081 62.2764
 62.3592 62.3988 62.4201 62.4459 62.4854 62.5096 62.532  62.5847 62.6227
 62.6599 62.6772 62.7479 62.7777 62.7979 62.8229 62.8435 62.8882 62.9095
 62.93   62.9489 62.9631 62.9791 62.9961 63.0207 63.0618 63.0906 63.1097
 63.1305 63.1584 63.1742 63.1945 63.2118 63.2337 63.2502 63.2668 63.283
 63.3027 63.3221 63.3383 63.357  63.388  63.4309 63.4694 63.5032 63.5268
 63.5577 63.5783 63.6095 63.6352 63.6935 63.7349 63.7681 63.8632 66.5948
 68.7824 69.0459 69.7328 69.7987 69.8894 69.9127

