11.5289 11.8735 12.0548 12.2207 12.2617 12.3078 12.5908 12.6455 12.7225
 12.7698 12.8062 12.855  12.9333 12.9947 13.0071 13.1098 18.0898 18.1339
20.1536 20.3897 20.5278 20.5744 20.6128 20.8025 20.8536 21.0477 21.1703
 21.1927 21.2572 21.279  28.4659 28.6983 28.8138 28.8906 28.9515 29.0101
 29.1075 29.1945 29.327
35.0976 35.86   36.0121 36.0662 36.247  36.378  36.4538 36.5015 36.5698
 36.5925 36.6356 36.7129 36.7302 36.7629 36.7849 36.8418 36.8718 36.9317
 36.9501 36.9674 36.9885 37.0669 37.0904 37.1089 37.2301
44.0769 44.54   44.7632 44.7797 44.8949 44.939  44.9842 45.0098 45.0512
 45.1006 45.132  45.1552 45.1722 45.2092 45.2424 45.2723 45.29   45.3149
 45.3471 45.3661 45.4278 45.4598 45.5184 45.5719 45.5905 45.6147
51.8402 52.2954 52.5326 52.6329 52.8031 52.8275 52.8874 52.9352 53.0591
 53.0992 53.1989 53.3029 53.3191 53.3854 53.4124 53.452  53.5207 53.5443
 53.6439 53.6677 53.7182 53.7829 57.3287
60.1655 61.9518 62.0163 62.2354 62.2732 62.3749 62.5225 68.8842 68.9613
 69.0304 69.1798 69.4149 69.5574 69.6473 69.8623

