12.2268 12.3259 12.4862 12.6529 12.7068 12.7322 12.8218 13.0966 19.9133
20.0779 20.2883 20.4856 20.6016 20.6535 20.8474 20.9675 20.9879 21.0278
 21.0688 21.2047 21.2605 21.3468 27.9206 28.0732 28.2802 28.3747 28.6274
 28.661  28.8468 28.8686 28.8888 28.9215 29.1798
34.8151 34.9965 35.7461 35.9913 36.2409 36.2856 36.3567 36.4335 36.4648
 36.5098 36.5407 36.5687 36.6158 36.7005 36.7259 36.7628 36.8788 36.9273
 36.9615 36.9804 37.0044 37.0729 37.1717
44.1904 44.9285 44.9787 45.0331 45.0747 45.1453 45.1683 45.1906 45.2819
 45.3202 45.3372 45.3678 45.4525 45.4932 45.5178 45.5764 45.6032 45.6274
 45.6608 45.7145 45.8607
52.4019 52.5899 52.825  52.8757 53.4146 53.555  53.6003 53.7191 53.8777
 53.906
61.5471 61.9974 62.0791 62.3528 62.496  62.5424 62.5908 62.6449 62.6941
 68.1188 68.6719 68.9908 69.6519 69.7225 69.7872 69.904

