11.2418 11.4367 11.6256 11.7383 11.7821 11.9493 12.0895 12.2517 12.3074
 12.4307 12.4696 12.4897 12.5216 12.5466 12.7301 12.7606 12.7771 12.8488
 12.9078 12.9322 13.0285 13.0603
20.5526 20.9794 21.0066 28.2044 28.3815 28.7093 28.7413 28.7817 28.8066
 28.8487 28.9004 28.9265 29.0008 29.1664 29.1912 29.2799 29.3052 29.3315
 29.395
36.2249 36.3841 36.488  36.5499 36.7968 36.9021 36.9425 37.0361 37.0612
 37.0767 37.1724 37.2419 37.2996 37.3343 37.357  37.4103 37.4305 37.4534
44.4347 44.4779 44.6616 44.7016 44.8168 44.8402 44.9058 44.9349 45.0098
 45.0714 45.1167 45.1399 45.1698 45.1884 45.2524 45.2729 45.3017 45.3465
 45.3615 45.3808 45.3953 45.4157 45.4555 45.4793 45.4973 45.533  45.5517
 45.5764 45.5927 45.6036 45.6353 45.654  45.7495 45.7697 45.8307
52.5868 53.0183 53.0569 53.1603 53.3163 53.6268 53.7164 53.8388 53.8778
 53.8984 53.9897 54.0305 54.0648 54.136  54.1732 54.1956 54.2564 54.2859
 54.3206 54.3565 54.4333
60.18   60.5375 61.3436 61.379  61.4056 61.4515 61.5198 61.5515 61.5747
 61.5946 61.6219 61.7548 61.7704 61.7909 61.8275 61.9677 61.9894 62.0028
 62.0214 62.0417 62.0778 62.1247 62.1653 62.2017 68.2259 68.8948 69.4188
 69.4639 69.5049 69.5696 69.5995 69.7303 69.7821 69.8045 69.8482 69.9113
 69.9747 69.9892

