10.0673 11.8108 12.0086 12.082  12.1173 12.1923 12.2939 12.5033 12.5293
 12.5496 12.5975 12.6592 12.7138 12.7308 12.7471 12.7836 12.8162 12.8395
 12.8668 12.8786 12.9033 12.9164 12.9316 12.9524 12.9643 12.9794 12.9991
 13.0144 13.0274 13.0434 13.0571 13.0709 13.0849 13.0972 13.108  13.1212
 13.1356 13.1476 13.1683 13.1832 13.1969 13.2086 13.2231 13.2403 13.2614
 13.2735 13.2929 13.3084 13.3196 13.3339 13.3473 13.3587 13.3732 13.3913
 13.4039 13.4175 13.4317 13.4438 13.4576 13.4678 13.4782 13.4894 13.5019
 13.5182 13.5311 13.5481 13.5611 13.5721 13.5844 13.5959 13.608  13.6207
 13.6332 13.6457 13.6604 13.6715 13.6867 13.6983 13.7127 13.7274 13.7455
 13.7594 13.7719 13.789  13.8033 13.8178 13.8438 13.8607 13.8792 13.896
 13.9123 13.9296 13.9469 13.9726 14.0031 14.0198 14.0404 14.0602 14.0826
 14.1153 14.1396 14.16   14.182  14.2015 14.2256 14.2745 14.3236 14.3501
 14.3754 14.4104 14.4526 14.511  14.5824 14.6277 14.6548 14.7676 14.8158
 15.8823
20.1668 20.2173 20.3434 20.8222 20.8828 21.0652 21.1559 21.2349 21.2724
 21.3363 21.3514 21.3704 21.4569 21.4844 21.5168 21.5378 21.5608 21.5817
 21.6058 21.6219 21.6414 21.6655 21.6835 21.7178 21.7431 21.7594 21.7854
 21.8064 21.8548 21.8822 21.9027 21.9156 21.9376 21.9807 21.9968 22.0396
 22.0597 22.0855 22.111  22.1606 22.1847 22.2306 22.2745 22.3147 22.3376
 22.3739 22.4117 22.4347 22.4822 22.6522 22.6872 22.8699 22.9394 28.1454
 28.3723 28.5042 28.751  28.7755 28.8118 28.8507 28.9224 28.9495 28.9719
 29.0004 29.0459 29.0741 29.1151 29.134  29.1533 29.1792 29.1987 29.2169
 29.2346 29.2547 29.278  29.2947 29.3088 29.3288 29.3415 29.3588 29.3743
 29.399  29.4137 29.4276 29.44   29.4561 29.4726 29.4886 29.5018 29.5179
 29.5303 29.5415 29.554  29.5664 29.578  29.5965 29.61   29.6264 29.6382
 29.6497 29.6629 29.6774 29.6911 29.7069 29.7207 29.7322 29.7493 29.7639
 29.7781 29.7914 29.8057 29.8166 29.8268 29.8384 29.8495 29.8617 29.8763
 29.8887 29.9026 29.9143 29.9327 29.9501 29.9627 29.9774 29.99
30.0021 30.0156 30.0282 30.0388 30.0561 30.0686 30.0851 30.0997 30.1155
 30.1319 30.1459 30.1598 30.1739 30.1878 30.2014 30.2191 30.2316 30.2476
 30.2631 30.2759 30.2957 30.3121 30.3423 30.3604 30.3797 30.3947 30.417
 30.4434 30.4859 30.5026 30.5235 30.55   30.5707 30.5938 30.6174 30.6617
 30.6956 30.7257 30.7459 30.7669 30.7874 30.8046 30.8393 30.8727 30.8999
 30.9379 31.0326 31.1315 31.1545 36.2727 36.3167 36.3678 36.5826 36.8678
 36.9086 36.9615 36.9834 37.0146 37.0651 37.1021 37.1579 37.1838 37.2203
 37.2469 37.2764 37.2962 37.3191 37.3596 37.3978 37.4136 37.4353 37.448
 37.4606 37.4884 37.5043 37.5244 37.5405 37.5585 37.5842 37.5995 37.6146
 37.6367 37.6523 37.6687 37.6854 37.6979 37.71   37.7224 37.7353 37.7507
 37.7627 37.7768 37.79   37.8043 37.8154 37.8278 37.8419 37.8547 37.8674
 37.8802 37.8944 37.9064 37.9173 37.9337 37.9479 37.963  37.9739 37.9859
 37.9978 38.0086 38.0187 38.0332 38.0451 38.0609 38.0762 38.0938 38.1039
 38.1172 38.1291 38.142  38.1536 38.1641 38.1757 38.1956 38.2155 38.2313
 38.2467 38.2644 38.2782 38.2892 38.3048 38.3204 38.3341 38.345  38.3565
 38.3678 38.3822 38.3984 38.4165 38.4319 38.4501 38.4696 38.4872 38.5052
 38.5236 38.5567 38.5769 38.6065 38.6246 38.6363 38.6622 38.6975 38.7267
 38.7552 38.7966 38.816  38.8639 38.9266 38.9664 38.987  39.0377 39.0559
 39.0893 39.1098 39.1977 39.2799
42.3845 45.0245 45.0844 45.1615 45.1922 45.2227 45.2368 45.2581 45.2821
 45.3006 45.3166 45.3381 45.3549 45.3729 45.3848 45.3984 45.4106 45.4241
 45.4417 45.471  45.4938 45.5054 45.5303 45.5447 45.5583 45.5743 45.5882
 45.6022 45.6167 45.6292 45.6408 45.6567 45.6721 45.6847 45.7032 45.7193
 45.7309 45.7434 45.7544 45.7683 45.7778 45.7894 45.8024 45.8147 45.8238
 45.833  45.8448 45.8574 45.8665 45.876  45.8856 45.8956 45.9054 45.9149
 45.9229 45.9338 45.944  45.954  45.9654 45.9764 45.9859 45.9952 46.0053
 46.0149 46.0236 46.0324 46.0425 46.0539 46.0637 46.0736 46.0824 46.0924
 46.1035 46.1116 46.1209 46.1307 46.1415 46.1518 46.1612 46.1691 46.1793
 46.1893 46.1988 46.2099 46.2187 46.2279 46.2383 46.2485 46.2587 46.2675
 46.2757 46.2839 46.2932 46.3019 46.3104 46.3193 46.3284 46.3374 46.3467
 46.3554 46.3649 46.3742 46.384  46.392  46.4001 46.4085 46.4171 46.426
 46.4351 46.4447 46.4573 46.4682 46.4782 46.4876 46.497  46.5067 46.5182
 46.5283 46.5381 46.5467 46.5565 46.5666 46.5771 46.5867 46.5969 46.6081
 46.6196 46.6304 46.6409 46.6538 46.6641 46.6751 46.6858 46.6957 46.7075
 46.718  46.7302 46.7421 46.7535 46.766  46.7819 46.7944 46.8071 46.8184
 46.8347 46.8443 46.8559 46.8716 46.8878 46.8992 46.9156 46.9311 46.9493
 46.9706 46.9947 47.0128 47.0267 47.0389 47.0536 47.0699 47.0894 47.1066
 47.1227 47.1415 47.1649 47.1822 47.1968 47.2168 47.2431 47.2655 47.2862
 47.3521 47.3887 47.4217 47.4702 47.5359 47.6341 47.6652 47.7658
53.5583 53.7461 53.781  53.8249 53.8454 53.875  53.9097 53.9672 54.0127
 54.0609 54.0909 54.1078 54.1498 54.1922 54.2479 54.2679 54.3071 54.3277
 54.3493 54.3643 54.3802 54.4008 54.4187 54.4383 54.4519 54.4692 54.4875
 54.502  54.5178 54.5408 54.5549 54.5661 54.5793 54.5957 54.6083 54.6216
 54.6365 54.6515 54.6666 54.678  54.6928 54.7078 54.7191 54.7331 54.7443
 54.7559 54.7732 54.7852 54.7981 54.8142 54.8358 54.8534 54.8749 54.8879
 54.9023 54.914  54.9278 54.9491 54.9674 54.983  54.9997 55.0161 55.0361
 55.0571 55.0749 55.0869 55.0982 55.1111 55.1268 55.1561 55.1744 55.1932
 55.2046 55.2176 55.2459 55.2609 55.297  55.3183 55.3324 55.3478 55.373
 55.3933 55.4298 55.4674 55.501  55.5363 55.5645 55.6002 55.6256 55.6465
 55.7201 55.7405 55.7858 55.8098 55.88   55.9013 56.1215
61.0927 61.3293 61.4119 61.6487 61.7379 61.7844 61.8154 61.8474 61.8759
 61.921  61.9419 61.968  61.9853 62.0073 62.0314 62.0527 62.0744 62.0934
 62.1104 62.1274 62.1409 62.1652 62.1793 62.1906 62.2103 62.2247 62.2403
 62.2656 62.2806 62.2931 62.3048 62.3172 62.3338 62.3504 62.3645 62.3746
 62.3899 62.4018 62.4134 62.4292 62.4427 62.4538 62.4694 62.4795 62.4904
 62.5035 62.5129 62.5239 62.5365 62.548  62.56   62.5723 62.5838 62.5953
 62.6067 62.6186 62.6301 62.6407 62.6519 62.6649 62.6794 62.6952 62.7091
 62.7198 62.7305 62.7449 62.7552 62.7656 62.7779 62.7918 62.8029 62.8136
 62.8249 62.835  62.8486 62.8631 62.8768 62.8862 62.8971 62.9125 62.9216
 62.9323 62.9436 62.955  62.9661 62.9773 62.9902 63.0061 63.0174 63.0291
 63.0454 63.0576 63.0703 63.0904 63.1035 63.1168 63.1297 63.1429 63.1565
 63.1747 63.1917 63.2038 63.218  63.24   63.2586 63.2768 63.2926 63.3074
 63.3223 63.335  63.3469 63.3622 63.3753 63.3904 63.4097 63.4411 63.4765
 63.5009 63.5138 63.5397 63.5618 63.5957 63.6201 63.6452 63.6651 63.6997
 63.7257 63.7609 63.79   63.8157 63.8503 63.9989 64.0962 64.1352 67.2389
 69.5044 69.5247 69.5787 69.6875 69.7305 69.7996 69.8502 69.8997 69.9335
 69.9904

