11.9221 12.2531 12.407  12.4279 12.5142 12.6245 12.6507 12.7083 12.7467
 12.7595 12.8656 12.8829 12.941  12.9913 13.0995 13.2042
20.5976 20.8282 21.142  21.2058 21.2598 21.2853 21.3254 21.3825 21.4696
 27.5781 28.0538 28.3146 28.4025 28.4312 28.6575 28.6992 28.8838 28.9072
 28.9272 28.9486 28.9701 29.079  29.2065 29.2367 29.2863 29.3502 29.4425
 29.5684 29.6169 29.649  29.7706
35.7944 36.2857 36.6927 36.8154 36.9579 36.9822 37.0107 37.0452 37.0977
 37.1154 37.1477 37.1671 37.1817 37.2867 37.3265 37.4042 37.43   37.5289
 37.548  37.5873 37.639  37.6662 37.7033 37.7436 37.7823 37.7992 37.8962
44.1905 44.5318 44.8222 44.8768 44.9017 44.9309 45.0108 45.1228 45.1403
 45.173  45.1902 45.2029 45.2458 45.3044 45.3368 45.3552 45.372  45.3978
 45.4106 45.4582 45.4776 45.4917 45.5064 45.521  45.5432 45.5605 45.5769
 45.5905 45.6045 45.6244 45.64   45.6568 45.673  45.6853 45.7082 45.7474
 45.7616 45.7762 45.8003 45.8181 45.8396 45.8557 45.8738 45.8937 45.9112
 45.9341 45.953  45.9858 46.0065 46.0322 46.0518 46.0767
51.5241 53.0502 53.3126 53.4058 53.6141 53.7469 53.7854 53.8449 53.962
 54.0608 54.0837 54.1274 54.2163 54.2578 54.385  54.4059 54.4255 54.4395
 54.4886 54.5338 54.5607
60.2947 61.1916 61.224  61.4194 61.4812 61.5592 61.6249 61.7136 61.7392
 61.7826 61.8634 61.9825 62.0242 62.0507 62.0709 62.0881 62.1024 62.1192
 62.1477 62.1708 62.1862 62.2222 62.2589 62.3139 62.3808 62.408  62.4232
 62.4427 62.4886 62.5104 62.543  62.6292 68.2324 69.4111 69.5119 69.6647
 69.8359 69.874  69.9051 69.9664 69.9997

