10.8784 11.0098 11.1036 11.4069 11.6426 11.7679 11.8429 11.9084 11.9558
 12.0413 12.0895 12.1049 12.1315 12.1967 12.2557 12.2886 12.3112 12.3302
 12.3452 12.3562 12.3753 12.402  12.4281 12.4512 12.4773 12.5143 12.5307
 12.5471 12.5693 12.5864 12.5992 12.6144 12.6357 12.6559 12.6685 12.7051
 12.7234 12.741  12.7568 12.7798 12.7994 12.8235 12.8391 12.8709 12.887
 12.916  12.9403 12.965  12.9797 13.0048 13.0266 13.0411 13.0579 13.0713
 13.0951 13.1183 13.143  13.1605 13.177  13.1971 13.2114 13.2311 13.2512
 13.2733 13.2909 13.3106 13.3269 13.3473 13.3668 13.3791 13.4067 13.429
 13.4463 13.4635 13.4899 13.5156 13.5648 13.5806 13.6396 13.6695 13.6949
 13.7525 19.2609 19.8405 19.874  19.9926
20.0497 20.0725 20.1318 20.2166 20.2599 20.297  20.3167 20.3395 20.3628
 20.3835 20.4195 20.4409 20.4707 20.4887 20.5186 20.5413 20.5534 20.5679
 20.5854 20.6028 20.6235 20.6464 20.6611 20.6744 20.6877 20.7007 20.717
 20.736  20.7557 20.7765 20.7874 20.8027 20.8185 20.8334 20.8493 20.8624
 20.8821 20.8979 20.9107 20.9262 20.942  20.9548 20.967  20.9802 20.9924
 21.0042 21.0176 21.0329 21.0474 21.0644 21.0813 21.0953 21.1083 21.124
 21.1385 21.1509 21.1717 21.1924 21.2108 21.2249 21.2375 21.2589 21.2769
 21.2916 21.3069 21.3218 21.3424 21.3575 21.3702 21.3884 21.4067 21.4349
 21.4533 21.4743 21.4926 21.5181 21.5313 21.5535 21.5843 21.6075 21.6304
 21.6544 21.7054 21.7889 21.8289 21.8819 22.0103 22.0584 22.1037 22.3835
 25.4099 26.9929 27.3434 27.7255 27.9289 28.0834 28.1742 28.2225 28.2774
 28.3151 28.4289 28.4602 28.5205 28.5564 28.5847 28.6101 28.6349 28.6674
 28.69   28.7119 28.7374 28.7988 28.8173 28.8437 28.8595 28.896  28.9195
 28.9306 28.9494 28.9656 28.9993 29.0253 29.042  29.0542 29.0685 29.0864
 29.1094 29.1227 29.1384 29.1566 29.1714 29.1859 29.2018 29.2202 29.2493
 29.2718 29.2994 29.3375 29.3585 29.397  29.4119 29.4347 29.459  29.4783
 29.5012 29.5292 29.5578 29.5807 29.5983 29.6277 29.6649 29.705  29.7327
 29.7496 29.7719 29.802  29.8297 29.8532 29.8729 29.8943 29.9205 29.9496
 29.9754
30.0675 30.1516 30.2858 30.3656 35.8789 36.3449 36.3628 36.4242 36.4446
 36.4704 36.5006 36.6201 36.6977 36.7125 36.7574 36.7785 36.7988 36.8257
 36.8698 36.8856 36.9119 36.9444 36.9621 36.9855 37.009  37.0401 37.0634
 37.0767 37.0946 37.1122 37.1288 37.1583 37.1757 37.1942 37.2205 37.2343
 37.2484 37.2697 37.2842 37.32   37.347  37.3693 37.3878 37.4066 37.4285
 37.4458 37.4628 37.4778 37.4969 37.5142 37.5308 37.5476 37.5657 37.5845
 37.6012 37.6296 37.6586 37.6844 37.7045 37.7257 37.7499 37.7725 37.7888
 37.8113 37.8617 37.9159 37.9354 37.9755 38.008  38.0535 38.1256 38.1877
 38.2623 38.3117 38.3698 38.4537 38.8504
44.275  44.5257 44.5609 44.7793 44.8176 44.9089 45.0469 45.0692 45.1024
 45.12   45.1434 45.1666 45.1828 45.2071 45.2337 45.2638 45.2907 45.3064
 45.3241 45.3459 45.3593 45.3779 45.3964 45.4159 45.435  45.4532 45.4736
 45.4892 45.5032 45.518  45.5344 45.5545 45.5819 45.6043 45.6179 45.6326
 45.6519 45.671  45.6839 45.7026 45.7316 45.7509 45.7656 45.7894 45.8041
 45.8172 45.8366 45.8532 45.8712 45.893  45.9191 45.9398 45.9537 45.9773
 45.9913 46.0078 46.0228 46.0377 46.0603 46.0815 46.0945 46.114  46.1342
 46.1708 46.2142 46.2337 46.2575 46.2797 46.2974 46.3173 46.3346 46.3522
 46.3722 46.4043 46.485  46.5    46.6687 46.7368
52.8238 53.0257 53.1104 53.2813 53.3313 53.3524 53.3689 53.4101 53.4322
 53.4756 53.5088 53.5504 53.6127 53.6327 53.6898 53.7201 53.7342 53.7687
 53.7921 53.8187 53.8354 53.8606 53.8805 53.9197 53.9519 53.9752 54.0168
 54.0409 54.0598 54.0755 54.0867 54.1091 54.1289 54.1559 54.1862 54.1998
 54.2168 54.2378 54.2687 54.284  54.3062 54.3205 54.3407 54.3609 54.3886
 54.4167 54.4366 54.4553 54.4738 54.4882 54.507  54.5249 54.5497 54.5728
 54.6005 54.6416 54.6682 54.6918 54.7289 54.7584 54.7882 54.8195 54.8405
 54.8668 54.8896 54.931  54.9605 55.0259 55.1093 55.1454 55.3589
60.0292 60.7457 61.0456 61.1509 61.2652 61.4758 61.5157 61.7278 61.7748
 61.8102 61.8517 61.8858 61.9195 61.9361 61.9614 61.9822 62.016  62.0401
 62.0628 62.0993 62.1687 62.1848 62.2035 62.2286 62.252  62.2914 62.3276
 62.3548 62.3754 62.4032 62.4196 62.4449 62.4595 62.4764 62.4912 62.5279
 62.5544 62.5877 62.6053 62.6214 62.6807 62.7159 62.7486 62.7658 62.7907
 62.8296 62.8618 62.8849 62.9105 62.9408 63.0098 63.0299 63.049  63.0753
 63.1065 63.1308 63.1738 63.1997 63.2214 63.2487 63.2721 63.3232 63.3509
 63.3968 63.4666 63.7056 63.7997 69.6799 69.7119 69.8234 69.864  69.9344
 69.9696

