11.4294 11.6338 11.7341 11.7817 11.8217 12.0204 12.135  12.1709 12.1941
 12.2215 12.2657 12.2988 12.3227 12.3468 12.4153 12.4387 12.4653 12.4897
 12.5499 12.6438 12.7182 19.3654 19.629  19.9879
20.1687 20.1939 20.2419 20.2698 20.3487 20.3997 20.4462 20.4758 20.5763
 20.6104 20.6337 20.7039 20.7389 20.8076 28.161  28.2609 28.3895 28.4906
 28.5648 28.8324 29.0899
35.6166 35.8132 36.571  36.5973 36.7244 36.7873 36.8166 36.8816 37.0981
 37.15
43.9644 44.6079 44.7898 44.8388 44.9952 45.0863 45.1139 45.1508 45.1804
 45.2297 45.382  45.4398 45.4634 45.4838
52.9594 53.1738 53.5666 53.6294 53.8807 53.951  53.9889
60.8772 61.619  61.8676 61.9725 61.9908 62.0575 62.3585 68.8272 69.1889
 69.8423

