11.2355 11.4231 11.5208 11.6086 11.9493 11.9969 12.0562 12.0879 12.1773
 12.2195 12.2439 12.2698 12.2954 12.3135 12.3489 12.3662 12.3818 12.3956
 12.41   12.4404 12.4727 12.49   12.5246 12.5803 12.6077 12.6306 12.663
 12.68   12.7122 12.7294 12.7463 12.7749 12.8292 19.2056 19.6514 19.7876
 19.8639 19.9375
20.0025 20.0491 20.0682 20.2784 20.3229 20.3435 20.3561 20.3827 20.4076
 20.4391 20.4879 20.526  20.5579 20.6242 20.6552 20.6849 20.7009 20.7786
 20.8144 20.8446 20.8674 20.9127 20.9617 20.9824 21.0887 26.7958 27.3828
 28.1937 28.3237 28.4357 28.4572 28.6408 28.6801 28.8355 28.8579 28.8788
 28.8952 28.9656 28.9939 29.027  29.1194 29.1385 29.1731
34.6088 36.2423 36.4946 36.5453 36.6163 36.6461 36.6989 36.7279 36.7594
 36.8164 36.846  36.8687 36.9103 36.9468 36.9614 36.9826 36.9978 37.0118
 37.0311 37.0425 37.0673 37.105  37.1202 37.2645 37.3217 37.3422 37.4003
44.2098 44.3867 44.592  44.8221 44.8905 44.9234 44.9755 44.9935 45.0251
 45.1262 45.1669 45.1862 45.2512 45.2902 45.3392 45.3856 45.4159 45.4994
 45.5212 45.5506 45.5926 45.6478 45.6707 45.7715 45.806  45.9073
53.5538 53.6654 53.716  53.8213 53.8554 53.8828 53.9262 53.9452 53.971
 54.007  54.0257 54.1273 54.2035 59.5014
61.052  61.1689 61.5123 61.6318 61.7489 61.8009 61.9203 61.9486 62.0234
 62.0553 62.0838 62.1094 62.1696 62.1864 62.2414 62.2648 62.3175 62.4153
 69.6304

