10.5974 11.4485 11.9755 12.0003 12.3377 12.5086 12.6689 16.7656 17.596
 19.177  19.3381 19.5131 19.6047
20.0203 20.1066 20.1757 20.3525 20.5257 25.6059 26.321  26.5103 26.7019
 27.0011 27.4143 27.4439 27.5408 27.663  27.7264 27.7837 27.8354 27.8996
 27.9191 28.0152 28.0804 28.1127 28.1494 28.167  28.1917 28.2874 28.2994
 28.3485 28.4795 28.6223
34.3664 34.902  35.4887 35.7504 35.7839 35.9316 36.1278 36.162  36.1796
 36.2373 36.2794 36.4676 36.5653 36.6534 36.6753 36.7989 36.8492
42.0061 42.7287 42.9772 44.1375 44.4089 44.6734 44.7161 44.8433 45.1863
 45.2305 45.2954
50.9216 52.9342 52.9814 53.0949 53.1319 53.287  53.3475 53.4383 53.4575
 53.4934
60.5497 61.0098 61.2815 61.4709 61.7387 62.003  62.0623 67.6224 69.8036

