12.2165 12.3187 12.5317 12.6214 12.7819 12.8122 12.8492 12.8758 12.913
 12.9445 12.9599 13.1002 13.1448 13.1902 13.2194 13.2381 13.2686 13.2934
 13.315  13.3359 13.3567 13.3852 13.4109 13.4478 13.4924 13.5128 13.5329
 13.5499 13.5738 13.6123 13.6429 13.6643 13.6883 13.7111 13.7351 13.7836
 13.8088 13.8471 13.88   13.9103 13.9407 13.9691 14.0399 14.1192 14.231
 14.2987 14.4484 19.7476 19.8276
20.1473 20.2323 20.2543 20.2734 20.3238 20.356  20.3749 20.4008 20.4156
 20.4353 20.4653 20.4872 20.5185 20.5922 20.6228 20.6355 20.6508 20.6711
 20.6918 20.7083 20.7281 20.7488 20.7668 20.7802 20.7959 20.8124 20.8262
 20.8435 20.8693 20.8821 20.898  20.9129 20.9263 20.9453 20.9586 20.974
 20.9956 21.0137 21.0274 21.0398 21.0522 21.0681 21.0824 21.1203 21.1405
 21.1531 21.1857 21.2009 21.2169 21.2341 21.2632 21.2806 21.2926 21.3125
 21.3409 21.3623 21.3816 21.3963 21.4113 21.4305 21.4568 21.485  21.531
 21.5578 21.5757 21.5888 21.6181 21.6445 21.661  21.6886 21.7089 21.7359
 21.7549 21.7959 21.8166 21.8473 21.8676 21.8933 21.9236 21.9595 21.995
 22.0499 22.085  22.1251 22.1684 22.1951 22.2272 22.2518 27.9943 28.0176
 28.0836 28.1388 28.195  28.2158 28.2473 28.2889 28.3053 28.364  28.3878
 28.4191 28.436  28.4553 28.484  28.5367 28.5584 28.5745 28.5938 28.6067
 28.6204 28.6375 28.6543 28.6753 28.694  28.7078 28.724  28.7384 28.7499
 28.7643 28.7817 28.7934 28.8092 28.8236 28.836  28.8483 28.8645 28.8795
 28.8903 28.9032 28.9239 28.9339 28.9483 28.963  28.9747 28.9856 28.9979
 29.013  29.027  29.0392 29.055  29.0738 29.0928 29.114  29.1329 29.1469
 29.1644 29.179  29.1969 29.2102 29.2238 29.2371 29.2527 29.264  29.2776
 29.2932 29.3074 29.3219 29.3384 29.3563 29.3708 29.3831 29.3989 29.412
 29.4267 29.4441 29.463  29.48   29.493  29.5087 29.5202 29.5418 29.5572
 29.5778 29.5927 29.6252 29.6557 29.6807 29.7172 29.7395 29.7576 29.7798
 29.7974 29.8268 29.8791 29.9158 29.9372 29.9649
30.0247 30.0841 30.1238 30.1463 30.1711 30.292  30.3654 36.1762 36.4402
 36.5034 36.5269 36.5557 36.5922 36.6322 36.6747 36.7138 36.7339 36.7582
 36.7927 36.8231 36.8473 36.8733 36.9085 36.9331 36.9562 36.9699 36.9949
 37.0131 37.035  37.0563 37.0721 37.0914 37.1088 37.1317 37.1543 37.1708
 37.1836 37.2051 37.2219 37.2369 37.2505 37.2655 37.2835 37.3107 37.3613
 37.3811 37.4017 37.4168 37.4299 37.454  37.4744 37.4969 37.5154 37.5365
 37.5667 37.5836 37.5982 37.6157 37.6321 37.6435 37.6567 37.6717 37.6991
 37.7142 37.7325 37.7497 37.7688 37.7876 37.8095 37.8368 37.8645 37.8889
 37.9071 37.9259 37.9495 37.9626 37.98   38.0071 38.0325 38.0524 38.0731
 38.0955 38.1134 38.1418 38.1583 38.1954 38.2196 38.2891 38.3101 38.3281
 38.3483 38.3746 38.4045 38.434  38.4661 38.503  38.5412 38.6178 38.6465
 38.6796 38.7257
43.5349 43.6996 43.8455 44.6396 44.8872 44.972  45.0113 45.289  45.3161
 45.3362 45.3755 45.4172 45.4424 45.465  45.4834 45.5098 45.5386 45.5642
 45.5816 45.5994 45.6189 45.6385 45.6513 45.666  45.6896 45.7266 45.7388
 45.76   45.7752 45.7996 45.8197 45.8427 45.8656 45.8854 45.9039 45.9228
 45.9389 45.9588 45.9755 45.9985 46.0136 46.0308 46.0911 46.1142 46.1372
 46.1567 46.1775 46.2099 46.2351 46.2549 46.2804 46.3537 46.3676 46.3967
 46.42   46.4348 46.4604 46.4947 46.5296 46.5487 46.5763 46.5997 46.6428
 46.6677 46.7431 46.7631 46.8366 46.9279 46.9542 47.1833
52.0209 52.5678 52.8058 52.8473 53.1139 53.1473 53.1989 53.4042 53.4385
 53.464  53.5297 53.5538 53.5802 53.6519 53.7242 53.7447 53.7873 53.8056
 53.8244 53.8477 53.8689 53.8838 53.9142 53.9319 53.9478 53.9772 53.9977
 54.0135 54.0352 54.0521 54.0796 54.1064 54.1286 54.1652 54.1778 54.207
 54.2316 54.2453 54.2625 54.2816 54.299  54.3139 54.331  54.3463 54.3642
 54.3781 54.3989 54.4226 54.4574 54.478  54.5003 54.5177 54.5506 54.5776
 54.613  54.6312 54.6479 54.6766 54.7279 54.7578 54.8235 54.8528 54.8778
 54.9018 54.926  54.9577 55.0035 55.033  55.0888 55.1144 55.2183 55.3349
 55.3856 55.6684
60.7435 61.2407 61.2891 61.5385 61.7373 61.8685 61.9299 62.0508 62.0948
 62.1515 62.1831 62.198  62.2482 62.2778 62.3015 62.322  62.3445 62.3633
 62.3887 62.4113 62.4333 62.454  62.4889 62.5078 62.5254 62.5404 62.5682
 62.5879 62.632  62.6609 62.6749 62.6879 62.7028 62.726  62.7486 62.7697
 62.7891 62.827  62.8519 62.868  62.883  62.9044 62.9239 62.9449 62.9662
 63.0253 63.072  63.0904 63.1076 63.1424 63.1634 63.2124 63.2366 63.2871
 63.5032 63.5774 63.7378 63.8494 69.3522 69.9818

