11.9199 12.1042 12.1941 12.2164 12.2851 12.6029 12.6414 12.73   12.8527
 12.9228 12.9572 13.0076 19.6461
20.0746 20.1246 20.2016 20.226  20.3003 20.3467 20.72   27.2783 27.4459
 27.7488 27.8298 28.1398 28.1568 28.1775 28.3221 28.3723 28.4055
32.3437 35.1254 36.2477 36.2767 36.3898 36.4479 36.4813 36.6534 36.6787
 36.6993 36.7194 36.7515 36.8343 36.8566 36.8742 36.9045 36.9273 36.9486
43.8021 44.5347 44.5894 45.0257 45.0454 45.1139 45.6297
51.8476 53.3422 53.4487 53.472  53.5341 53.5537 53.5979 53.6337 53.6805
 53.7156 53.8105 53.8758
60.1605 60.6091 60.9134 61.136  61.3098 61.3877 61.5526 61.6685 61.7455
 62.0639 62.0898 62.1229 62.2261 62.3657 69.9766

