12.5622 13.4837 13.7018 13.8733 13.9109 13.9489 14.0193 14.0345 14.0899
 14.1648 14.1874 14.2263 14.2712 14.315  14.3557 14.381  14.4425 14.4599
 14.5002 14.5326 14.5795 14.6695 14.7129 14.7289 14.7536 14.8009 14.8325
 14.8544 14.8718 14.8908 14.9152 14.9305 14.9429 14.9569 14.9746 14.9978
 15.0169 15.0535 15.1099 15.1287 15.1777 15.2245 15.3446 15.3791
21.6958 22.7279 22.9904 23.2048 23.2878 23.3964 23.563  23.6357 23.6748
 23.7283 23.7891 23.8187 23.8635 23.9577 23.9895 24.2767
32.0809 32.2305 32.2805 32.4458 32.5571 32.7095 32.729  32.91   32.9362
 32.9857 33.0182 33.1855 33.2084 33.2353 33.2584 33.3    33.3186 33.3335
 33.3511 33.4688 33.5395
41.5614 42.034  42.0907 42.1205 42.1875 42.3169 42.3522 42.3911 42.4732
 42.5065 42.6212 42.6753 42.706  42.7504 42.8046 42.8566 42.8806 42.9328
 42.9474 42.9651 43.0044 43.0298 43.0548 43.0783 43.1025 43.1272 43.1449
 43.2065 48.2011
50.9758 51.2522 51.2987 51.3592 51.4374 51.5745 51.5988 51.6934 51.7349
 51.7617 51.8529 51.8942 51.9696 52.0257 52.082  52.1018 52.1289 52.1554
 52.2441 52.2817 52.3338 52.4037 52.4251 52.4846 52.5108 52.5926 59.8259
60.7075 60.9326 61.0499 61.101  61.1544 61.2516 61.3698 61.4714 61.5938
 61.6568 61.701  61.7409 61.8427 67.0241 69.2318 69.9341

