13.4464 13.6162 13.8729 13.9856 14.0684 14.1005 14.1264 14.3016 14.465
 14.4947 14.5513 14.6589 14.7515
22.0055 22.0659 22.5977 23.1301 23.2769 23.3226 23.4046 23.4888 23.527
 23.6228 23.6462 23.7109 23.7386 23.8527 23.9024 23.9402 23.98   24.0056
 24.032  24.057
30.8956 31.2777 31.7539 31.9128 32.0204 32.0818 32.246  32.278  32.348
 32.3886 32.43   32.454  32.532  32.6337 32.6963 32.7176 32.7448 32.7929
 32.8071 32.8848 32.9896 33.1687 33.1945 33.3036 33.356  33.4124
41.3719 41.6354 41.7268 42.1561 42.3304 42.3582 42.3811 42.4171 42.448
 42.4792 42.4999 42.6409 42.6568 42.6876 42.7344 42.8029
50.3668 50.9946 51.0571 51.2676 51.3491 51.4306 51.4956 51.5938 51.6366
 51.6969 51.7266 51.7685 51.7857 51.8175 51.8509 51.9184 52.0236 52.088
 52.1027 52.1826 52.2227 52.2371 52.2665 52.2894 52.3245 52.3561 52.3829
 59.9996
60.1441 60.2198 60.5566 60.6816 60.758  60.94   61.0692 61.0879 61.1359
 61.1687 61.2078 61.2655 61.306  61.3358 61.3847 61.4125 61.4502 61.5388
 68.3041 69.1259 69.3396 69.5272 69.8485 69.8643 69.9944

