11.5587 13.2653 13.4637 13.5156 13.5492 13.6027 13.6244 13.6588 13.7111
 13.7351 13.7696 13.7915 13.8786 13.8945 13.9128 13.9773 14.0268 14.0378
 14.05   14.0641 14.0822 14.0959 14.1129 14.1455 14.1599 14.1727 14.1864
 14.2037 14.2194 14.2371 14.2621 14.2753 14.296  14.3112 14.3297 14.3444
 14.3763 14.3931 14.4126 14.4449 14.4559 14.4689 14.4791 14.4958 14.5148
 14.5257 14.5367 14.547  14.5589 14.5684 14.5793 14.5909 14.6032 14.6144
 14.6345 14.6502 14.6587 14.6689 14.6834 14.6956 14.7076 14.7201 14.7326
 14.7411 14.7548 14.7658 14.7791 14.7895 14.8012 14.8108 14.8205 14.8315
 14.843  14.8539 14.8633 14.8741 14.8836 14.8932 14.9043 14.9141 14.9263
 14.9368 14.947  14.9572 14.9665 14.975  14.9883 15.0057 15.0167 15.0305
 15.0422 15.0539 15.0677 15.0791 15.0889 15.1016 15.112  15.1219 15.1306
 15.1414 15.1502 15.1637 15.1787 15.1892 15.1988 15.2179 15.236  15.2546
 15.2694 15.2824 15.31   15.3302 15.3454 15.3802 15.4016
22.3427 22.3962 22.7538 22.8225 22.8816 22.9747 23.0083 23.0419 23.0666
 23.0847 23.1377 23.1754 23.2068 23.327  23.3436 23.3954 23.4155 23.4357
 23.4568 23.4901 23.5207 23.536  23.5536 23.574  23.5926 23.6165 23.641
 23.6663 23.6841 23.7178 23.7321 23.7444 23.7548 23.7706 23.7855 23.7979
 23.8153 23.8308 23.8448 23.8552 23.8708 23.882  23.8931 23.9064 23.9177
 23.9292 23.9463 23.9621 23.9872 24.0003 24.0141 24.0291 24.0428 24.0578
 24.0732 24.0933 24.1048 24.1176 24.1282 24.1396 24.151  24.1657 24.1781
 24.1948 24.2101 24.2246 24.262  24.2758 24.2879 24.309  24.3408 24.3697
 24.3817 24.4185 24.4598
31.9274 31.9788 31.9974 32.0561 32.1673 32.2195 32.2895 32.3058 32.3375
 32.3973 32.4202 32.438  32.4515 32.4652 32.4842 32.4971 32.5174 32.5353
 32.553  32.5729 32.5903 32.6025 32.6187 32.6443 32.6653 32.6767 32.6886
 32.6998 32.7176 32.7316 32.7569 32.7693 32.7849 32.8004 32.8176 32.8282
 32.8428 32.8579 32.8716 32.8856 32.9042 32.916  32.9304 32.9456 32.9594
 32.9686 32.9828 32.9958 33.0129 33.0245 33.0359 33.0492 33.0641 33.0765
 33.0857 33.0966 33.1107 33.1228 33.1374 33.1462 33.1572 33.168  33.1817
 33.1914 33.2055 33.2145 33.2243 33.235  33.2449 33.2552 33.2677 33.2764
 33.2885 33.2987 33.3096 33.3196 33.3362 33.3452 33.3578 33.3664 33.379
 33.3902 33.4029 33.4131 33.4254 33.4357 33.4484 33.4621 33.4753 33.4961
 33.513  33.5294 33.5411 33.5542 33.5664 33.5905 33.6148 33.6373 33.691
 33.722  37.7367
41.0597 41.5457 41.6095 41.7708 41.8216 41.8408 41.8662 41.9552 41.9688
 41.9905 42.0398 42.059  42.0936 42.1203 42.1448 42.1661 42.2071 42.235
 42.2463 42.2564 42.2807 42.2949 42.3116 42.3249 42.3422 42.3573 42.3744
 42.3871 42.4035 42.4178 42.4286 42.4395 42.4502 42.4668 42.4789 42.4908
 42.4997 42.5103 42.5231 42.5355 42.5512 42.5641 42.5766 42.5867 42.5981
 42.6197 42.6286 42.6433 42.6605 42.6707 42.6796 42.6884 42.6966 42.7066
 42.7167 42.727  42.7363 42.7452 42.7548 42.7669 42.7768 42.7895 42.7991
 42.8087 42.819  42.8287 42.8403 42.8513 42.8631 42.8747 42.8842 42.8962
 42.9089 42.925  42.9369 42.9459 42.9594 42.9695 42.9817 42.9976 43.0064
 43.0174 43.0279 43.0379 43.0521 43.0651 43.0806 43.0986 43.1128 43.1249
 43.1408 43.1676 43.1816 43.2028 43.2196
50.2975 50.3426 50.6693 50.9178 51.2014 51.3922 51.4124 51.4422 51.5296
 51.5826 51.6077 51.6347 51.649  51.6662 51.696  51.7075 51.7333 51.7548
 51.7666 51.7789 51.7924 51.8239 51.8414 51.8555 51.8685 51.885  51.9058
 51.9166 51.9266 51.9375 51.9475 51.9633 51.9799 51.9911 52.0032 52.0221
 52.0326 52.0449 52.0609 52.0723 52.0813 52.0918 52.1087 52.1215 52.1365
 52.1478 52.1612 52.1729 52.1848 52.199  52.2115 52.2241 52.2343 52.2467
 52.2594 52.2713 52.2826 52.294  52.3077 52.3207 52.3454 52.3592 52.3734
 52.3876 52.4081 52.4218 52.4339 52.4472 52.4568 52.4666 52.4854 52.4994
 52.5112 52.5231 52.5389 52.5555 52.5671 52.5809 52.592  52.6044 52.6268
 52.6834 52.7312 59.9328
60.3936 60.4246 60.4689 60.584  60.6232 60.6766 60.6979 60.719  60.7396
 60.7628 60.782  60.8118 60.8395 60.8661 60.9186 60.9476 60.9813 60.9951
 61.015  61.0368 61.0613 61.0792 61.0973 61.1125 61.1245 61.1362 61.1561
 61.1732 61.1888 61.2018 61.2116 61.2249 61.2382 61.2493 61.2616 61.2793
 61.295  61.3047 61.3142 61.3256 61.3384 61.3531 61.3644 61.3761 61.3873
 61.4002 61.4123 61.4282 61.4418 61.4563 61.4664 61.477  61.4883 61.4989
 61.5089 61.5199 61.5295 61.539  61.5524 61.5648 61.5794 61.5906 61.6064
 61.6174 61.6279 61.6388 61.6497 61.6716 61.6829 61.6926 61.7119 61.7225
 61.7314 61.7425 61.7533 61.7659 61.7783 61.7893 61.7991 61.8106 61.8225
 61.8407 61.8514 61.8647 61.8781 61.889  61.91   61.9478 69.7211 69.8472
 69.8717 69.9159 69.9873

