12.3736 13.2868 13.3939 13.4968 13.6063 13.6379 13.6671 13.6892 13.7269
 13.8668 13.9095 13.9676 13.9836 14.0098 14.0414 14.0604 14.1006 14.1207
 14.1507 14.1779 14.1976 14.214  14.2273 14.2433 14.2646 14.2929 14.3108
 14.329  14.3492 14.367  14.3815 14.394  14.4048 14.4218 14.4392 14.4701
 14.4828 14.4965 14.5083 14.5207 14.5331 14.5427 14.5541 14.5653 14.5765
 14.5878 14.5976 14.6068 14.6176 14.6269 14.6366 14.6491 14.6594 14.6697
 14.6797 14.6926 14.7054 14.7144 14.7252 14.7377 14.7496 14.7597 14.7703
 14.7807 14.7912 14.8017 14.8104 14.8206 14.8307 14.8391 14.8487 14.8578
 14.8672 14.8764 14.8853 14.894  14.9035 14.9115 14.9202 14.9287 14.9368
 14.9447 14.9529 14.9622 14.9709 14.9793 14.9876 14.9959 15.0029 15.0108
 15.0184 15.0265 15.0347 15.0432 15.0507 15.0581 15.0651 15.0728 15.0801
 15.0886 15.0967 15.1042 15.1122 15.1205 15.128  15.1356 15.1425 15.1496
 15.1572 15.1649 15.1725 15.18   15.1877 15.1948 15.2029 15.2101 15.2177
 15.2253 15.2322 15.2392 15.247  15.2542 15.261  15.2681 15.2751 15.282
 15.2892 15.2963 15.3035 15.3112 15.3188 15.3261 15.3346 15.3424 15.3497
 15.3571 15.365  15.3724 15.3804 15.3884 15.3955 15.4032 15.4108 15.4181
 15.4258 15.4332 15.4401 15.4478 15.4551 15.4626 15.4701 15.4778 15.4852
 15.4923 15.4994 15.5066 15.5133 15.5204 15.5275 15.5345 15.5421 15.5495
 15.5569 15.5642 15.5721 15.5796 15.5873 15.5944 15.602  15.6093 15.6172
 15.6258 15.6334 15.6406 15.6478 15.6562 15.6645 15.6717 15.6791 15.6868
 15.6945 15.7031 15.711  15.7187 15.7269 15.7351 15.7428 15.7514 15.7592
 15.7673 15.7756 15.7845 15.7946 15.8036 15.8122 15.8209 15.8298 15.838
 15.8472 15.8568 15.8658 15.8748 15.8863 15.8975 15.9076 15.9203 15.9317
 15.9447 15.9564 15.9679 15.9806 15.9939 16.0052 16.0212 16.0406
21.4967 21.7576 23.0627 23.1054 23.1421 23.2298 23.2709 23.3093 23.3797
 23.4062 23.44   23.4749 23.5182 23.5602 23.5881 23.6191 23.6341 23.6531
 23.6676 23.6835 23.7035 23.7224 23.7426 23.7703 23.7866 23.8052 23.8198
 23.8355 23.8469 23.8594 23.8706 23.8869 23.903  23.9248 23.9395 23.952
 23.9644 23.977  23.9897 24.0035 24.0154 24.0276 24.0384 24.0543 24.0671
 24.0894 24.1055 24.1225 24.1321 24.1462 24.1599 24.176  24.1876 24.1972
 24.2081 24.2166 24.2277 24.2381 24.2506 24.2602 24.2717 24.2815 24.2934
 24.3023 24.3128 24.3213 24.3301 24.3397 24.3486 24.3569 24.3671 24.3759
 24.3856 24.3958 24.4051 24.4132 24.423  24.4324 24.4426 24.4528 24.4608
 24.4703 24.4795 24.489  24.4986 24.5082 24.5174 24.5262 24.5366 24.5464
 24.5556 24.5656 24.5757 24.5849 24.5946 24.604  24.6123 24.6207 24.6305
 24.6394 24.6484 24.6584 24.6675 24.678  24.6878 24.6972 24.7068 24.7158
 24.7241 24.7352 24.7461 24.7558 24.7652 24.7744 24.7846 24.7954 24.806
 24.8169 24.8271 24.8363 24.8481 24.8583 24.868  24.8781 24.888  24.8967
 24.9075 24.9171 24.9279 24.9378 24.9487 24.9606 24.9749 24.9876 25.0022
 25.0206 25.0479 25.0743 25.1377
31.0392 31.2729 31.4177 32.0919 32.1894 32.2266 32.2586 32.3586 32.3815
 32.4036 32.4311 32.4501 32.4699 32.5457 32.5667 32.5822 32.6028 32.6334
 32.6578 32.6698 32.6872 32.7036 32.7238 32.7398 32.7535 32.7688 32.7968
 32.8138 32.8252 32.8408 32.8575 32.8676 32.882  32.8942 32.905  32.9167
 32.9301 32.9449 32.959  32.9685 32.9797 32.99   33.0022 33.0134 33.0239
 33.035  33.0458 33.0564 33.0693 33.0798 33.0903 33.1013 33.1094 33.1181
 33.1267 33.1372 33.1463 33.157  33.1674 33.179  33.1885 33.1992 33.2079
 33.2178 33.227  33.2374 33.2462 33.2545 33.2636 33.2719 33.28   33.2889
 33.298  33.3059 33.3138 33.322  33.3302 33.3389 33.3472 33.3555 33.3635
 33.3726 33.3806 33.3883 33.3979 33.4075 33.4156 33.4245 33.432  33.4412
 33.4495 33.4581 33.4666 33.4748 33.4824 33.4906 33.5002 33.5084 33.516
 33.5239 33.5316 33.5388 33.5466 33.5547 33.5622 33.5703 33.5782 33.586
 33.594  33.6022 33.6102 33.6185 33.6272 33.6355 33.6437 33.6525 33.6606
 33.6684 33.676  33.6841 33.6915 33.6989 33.707  33.7146 33.7233 33.7308
 33.7386 33.7468 33.7547 33.7622 33.77   33.7774 33.785  33.793  33.8001
 33.8075 33.8146 33.822  33.8298 33.8384 33.8462 33.8533 33.8604 33.8683
 33.877  33.8848 33.8925 33.9    33.908  33.9161 33.9257 33.9343 33.943
 33.9525 33.9603 33.9699 33.9775 33.9852 33.9934 34.0033 34.0132 34.0217
 34.0302 34.0393 34.0486 34.0612 34.07   34.0799 34.0889 34.0984 34.1071
 34.1179 34.1263 34.1372 34.1486 34.1577 34.1673 34.1781 34.192  34.2017
 34.2154 34.2272 34.2379 34.2489 34.2664 34.2811 34.3    34.3164 34.3311
40.4144 40.658  41.3829 41.6087 41.7243 41.7659 41.9586 42.0055 42.0349
 42.1226 42.1466 42.1792 42.1978 42.2287 42.2429 42.2575 42.2752 42.3042
 42.3223 42.3365 42.3595 42.392  42.4114 42.4239 42.4418 42.4534 42.4697
 42.4804 42.4938 42.5054 42.52   42.5331 42.5427 42.5539 42.5655 42.5783
 42.5879 42.6    42.6114 42.6233 42.636  42.6475 42.6601 42.6718 42.6815
 42.6904 42.7017 42.7118 42.7231 42.7333 42.7418 42.7509 42.7615 42.772
 42.7823 42.7928 42.8017 42.8111 42.8207 42.8315 42.8403 42.85   42.8595
 42.8681 42.8765 42.8851 42.8929 42.9016 42.9108 42.9193 42.9273 42.9357
 42.9442 42.9539 42.9633 42.9717 42.98   42.9876 42.9959 43.0035 43.0111
 43.0194 43.0279 43.0356 43.0436 43.0527 43.0601 43.0679 43.0755 43.0844
 43.0922 43.1    43.1074 43.1151 43.1237 43.132  43.1397 43.1472 43.155
 43.1628 43.171  43.1782 43.187  43.1943 43.2025 43.2103 43.218  43.226
 43.2336 43.2415 43.2499 43.2573 43.2658 43.2735 43.2811 43.2887 43.2969
 43.3043 43.3121 43.3205 43.3286 43.3366 43.345  43.3531 43.3612 43.3703
 43.3791 43.3868 43.3944 43.4027 43.4098 43.418  43.4253 43.4326 43.4406
 43.4495 43.4582 43.466  43.4736 43.4809 43.4894 43.4983 43.5062 43.5142
 43.5223 43.5308 43.5405 43.5499 43.5592 43.5687 43.5776 43.5871 43.5956
 43.6058 43.6149 43.6244 43.6332 43.6419 43.6509 43.6594 43.6674 43.6763
 43.6864 43.6951 43.7051 43.7141 43.7229 43.7335 43.7426 43.7527 43.7641
 43.7736 43.7831 43.7932 43.8044 43.8167 43.8266 43.8403 43.8533 43.8634
 43.8766 43.8894 43.9056 43.9331 43.9655 48.1126
50.9395 51.1736 51.3267 51.3931 51.5375 51.5594 51.5799 51.6043 51.6283
 51.6559 51.7007 51.7287 51.7498 51.7665 51.782  51.796  51.8289 51.8402
 51.858  51.8754 51.8883 51.9001 51.9222 51.9349 51.9552 51.9686 51.9805
 51.9975 52.0093 52.0248 52.0412 52.0564 52.0667 52.0782 52.0918 52.105
 52.1201 52.1296 52.1395 52.1495 52.1619 52.1745 52.1883 52.1967 52.2068
 52.2163 52.2267 52.2397 52.2534 52.2636 52.272  52.2822 52.2907 52.3003
 52.3101 52.3206 52.3323 52.3417 52.3517 52.3609 52.3705 52.3796 52.388
 52.3971 52.4059 52.4149 52.4235 52.4312 52.4398 52.4495 52.4575 52.4674
 52.4761 52.4862 52.4944 52.5027 52.5109 52.5203 52.5289 52.5377 52.5454
 52.5541 52.5625 52.571  52.5789 52.587  52.595  52.6045 52.612  52.6214
 52.6299 52.6381 52.6471 52.6547 52.6627 52.6707 52.679  52.686  52.6938
 52.7023 52.71   52.7178 52.7258 52.7337 52.742  52.751  52.7597 52.7676
 52.7756 52.7832 52.7925 52.8003 52.8082 52.8164 52.8257 52.8335 52.8408
 52.849  52.8571 52.8648 52.8736 52.8815 52.8897 52.8982 52.9077 52.916
 52.9235 52.9325 52.9406 52.9482 52.9561 52.9638 52.9732 52.9821 52.9902
 52.9987 53.008  53.0169 53.0269 53.0355 53.0445 53.0548 53.0662 53.0754
 53.0852 53.0987 53.1119 53.1212 53.133  53.1422 53.1519 53.1624 53.1731
 53.1858 53.198  53.2114 53.2272 53.2392 53.2489 53.2589 53.274  53.293
 53.3096 58.5535 59.4772
60.4009 60.6068 60.6708 60.768  60.83   60.8885 60.9077 60.9276 60.9431
 60.9611 61.0008 61.0623 61.0763 61.1025 61.1163 61.1391 61.1712 61.1973
 61.2094 61.2283 61.2416 61.2546 61.2726 61.2844 61.309  61.323  61.3402
 61.3553 61.3712 61.3841 61.3954 61.4082 61.4216 61.4437 61.4528 61.4649
 61.4753 61.4842 61.4958 61.5058 61.5156 61.5272 61.539  61.5492 61.558
 61.5714 61.5817 61.5937 61.6037 61.6159 61.6257 61.6382 61.6471 61.6567
 61.6671 61.6771 61.6857 61.6947 61.7047 61.7147 61.7238 61.7325 61.7421
 61.7521 61.7605 61.7695 61.7793 61.7883 61.7966 61.805  61.8131 61.8214
 61.8292 61.8376 61.8454 61.8537 61.8638 61.872  61.8802 61.888  61.8963
 61.9043 61.9126 61.9209 61.9288 61.9373 61.9453 61.9533 61.9624 61.9713
 61.9803 61.989  61.997  62.0054 62.0149 62.0226 62.0299 62.039  62.0466
 62.0546 62.0628 62.0705 62.0786 62.0863 62.0942 62.102  62.1118 62.1195
 62.1286 62.1362 62.1451 62.1532 62.1606 62.1698 62.1783 62.1875 62.1955
 62.2043 62.2124 62.2205 62.2289 62.2361 62.2443 62.252  62.2599 62.2688
 62.2796 62.2876 62.2963 62.3063 62.3158 62.3255 62.3343 62.3428 62.3518
 62.3607 62.3696 62.3778 62.3867 62.3967 62.4074 62.4154 62.4244 62.4326
 62.443  62.4519 62.4621 62.4715 62.485  62.4982 62.5106 62.523  62.5364
 62.5493 62.5626 62.5736 62.5845 62.6001 62.6175 62.6486 62.6736 62.7115
 62.7367 69.7044 69.8795 69.9334 69.983

