13.3192 13.4678 13.5955 13.6447 13.7108 13.7338 13.7652 13.7916 13.8523
 13.8882 13.9401 13.9815 14.0245 14.1418 14.1758 14.1991 14.2159 14.2597
 14.3013 14.3216 14.3474 14.3798 14.4105 14.4287 14.4616 14.4896 14.5097
 14.5272 14.5374 14.5507 14.6034 14.6222 14.6378 14.6512 14.6652 14.6784
 14.6901 14.7163 14.7337 14.7484 14.7641 14.7732 14.7852 14.7968 14.8183
 14.8332 14.8494 14.8746 14.897  14.9102 14.9221 14.9307 14.9425 14.9524
 14.9631 14.9787 14.9933 15.0026 15.0138 15.0234 15.0326 15.042  15.0509
 15.0617 15.0738 15.0829 15.0977 15.1079 15.1175 15.127  15.1368 15.1455
 15.1569 15.1664 15.1758 15.1876 15.1968 15.2061 15.2192 15.2328 15.2443
 15.2569 15.2695 15.2864 15.2989 15.3108 15.3233 15.3374 15.3514 15.3642
 15.388  15.405  15.4166 15.4919
22.1073 22.8276 22.9298 22.982  23.0287 23.3055 23.3627 23.4275 23.4568
 23.5042 23.548  23.5835 23.6038 23.6446 23.6983 23.748  23.7791 23.8111
 23.8293 23.8434 23.9028 23.9465 23.9835 24.0142 24.0301 24.0445 24.0713
 24.1076 24.1305 24.1534 24.1663 24.1909 24.2129 24.2319 24.2458 24.2587
 24.2788 24.3764 24.3915 24.4172 24.4331 24.4565 24.5129 24.5282
32.0326 32.1066 32.2488 32.2824 32.3657 32.4367 32.4839 32.6486 32.6716
 32.6909 32.7087 32.7296 32.7453 32.7619 32.7953 32.8234 32.8488 32.8839
 32.8971 32.9139 32.9438 33.0034 33.0342 33.0587 33.1058 33.1177 33.1305
 33.1429 33.162  33.1776 33.1907 33.2057 33.2194 33.2317 33.2411 33.2568
 33.272  33.2858 33.3016 33.3154 33.3347 33.3482 33.364  33.3873 33.4006
 33.4165 33.4271 33.4373 33.449  33.462  33.4709 33.4835 33.5021 33.5142
 33.537  33.5524 33.5717 33.5839 33.6107 33.6414 33.6652 33.6808 33.7057
 33.7209 33.7386
41.2885 41.5519 41.7148 41.767  42.0317 42.0963 42.1439 42.2134 42.2264
 42.2612 42.293  42.3152 42.3294 42.3521 42.3768 42.409  42.4644 42.4858
 42.5096 42.5214 42.5405 42.5754 42.5954 42.6109 42.6249 42.6425 42.6588
 42.6723 42.6879 42.6989 42.7163 42.7342 42.7487 42.7596 42.7711 42.7813
 42.7925 42.8026 42.8165 42.8283 42.8431 42.8587 42.8675 42.8766 42.8866
 42.8994 42.9132 42.9228 42.9334 42.944  42.9541 42.9655 42.9788 42.99
 43.0035 43.0134 43.0238 43.0351 43.0462 43.0574 43.0693 43.0779 43.0897
 43.1006 43.1164 43.1264 43.1392 43.1494 43.1662 43.1855 43.2008 43.2164
 43.227  43.2435 43.258  43.2719 43.2934 43.3096 43.3334 43.3494 43.3659
50.9341 51.0088 51.0788 51.1186 51.2345 51.3489 51.4155 51.5122 51.5724
 51.5908 51.6065 51.6894 51.7166 51.7439 51.7961 51.8153 51.8651 51.9146
 51.9299 51.9434 51.9606 51.9829 52.0022 52.0248 52.0837 52.0983 52.1226
 52.1378 52.1581 52.1718 52.22   52.2341 52.2453 52.2606 52.2765 52.2941
 52.3066 52.3204 52.333  52.3497 52.3626 52.3778 52.3952 52.4086 52.4302
 52.4472 52.4611 52.4761 52.4865 52.4967 52.5173 52.5282 52.5419 52.5577
 52.5863 52.6053 52.6255 52.6383 52.6493 52.6763 52.6968 52.7077 52.7321
 52.7928 59.4209
60.2207 60.4164 60.5258 60.5522 60.6219 60.7404 60.7869 60.815  60.9581
 61.0191 61.0624 61.0819 61.0988 61.1386 61.1908 61.2185 61.2367 61.2661
 61.2963 61.3126 61.33   61.3424 61.3598 61.4136 61.4337 61.4441 61.4672
 61.4776 61.499  61.5323 61.5456 61.5721 61.5868 61.6014 61.6155 61.6313
 61.6442 61.6555 61.6889 61.7003 61.7249 61.7349 61.7564 61.7687 61.7837
 61.7943 61.8111 61.8285 61.8414 61.8702 61.8838 61.9052 61.916  61.93
 61.9432 61.9638 61.9893 62.0119 62.1006 69.3538 69.9156 69.9431

