13.5969 13.795  13.8466 13.8717 13.9029 13.954  13.9835 14.0387 14.089
 14.1102 14.1766 14.2097 14.2488 14.2768 14.3167 14.3391 14.3509 14.3748
 14.3965 14.4122 14.4273 14.4457 14.4658 14.4945 14.5247 14.5515 14.5735
 14.6008 14.6315 14.6726 14.7004 14.7121 14.7414 14.7583 14.7736 14.7926
 14.8112 14.8542 14.8847 14.9119 14.963  14.9786 15.061
22.7026 22.8909 22.9368 23.0886 23.1091 23.1917 23.2787 23.4847 23.5224
 23.5559 23.5814 23.6114 23.7269 23.7475 23.8034 23.8745 23.8928 23.9175
 23.9348 23.9669 23.9876 24.0439 24.0718 24.1213 24.3758
30.0246 31.3347 31.9717 32.0098 32.2105 32.3655 32.4114 32.4623 32.5335
 32.6103 32.6279 32.6776 32.7026 32.7193 32.7588 32.7837 32.8889 32.9113
 32.9302 33.1591 33.1779 33.2237 33.2597 33.3019 33.33   33.3916 33.4368
 33.5021 33.6341 33.7012 33.7371
41.4152 41.5767 41.7249 41.9183 41.9403 41.9798 42.0281 42.0581 42.0815
 42.126  42.1839 42.2849 42.3869 42.4275 42.4487 42.4735 42.5122 42.5569
 42.5855 42.6096 42.6734 42.8267 42.8843 43.0703
51.2894 51.3654 51.5013 51.5352 51.6104 51.6754 51.6931 51.7226 51.8551
 51.8876 51.9047 52.0111 52.0351 52.0496 52.0721 52.0967 52.1108 52.2165
 52.2641 52.2894 52.3447 52.4405 52.4887
60.2382 60.5125 60.62   60.7058 60.8998 60.9286 61.0908 61.1397 61.1928
 61.2094 61.2684 61.2899 61.3286 61.3629 61.3795 61.4009 61.4198 61.4446
 61.4684 61.4851 61.5301 61.6268 61.7758 61.9318 66.2614 68.6999 68.7828
 69.7529

