13.1746 13.9098 14.0188 14.0833 14.1164 14.1915 14.2904 14.3444 14.4042
 14.5627 14.6152 14.6575 14.9076
22.4556 23.4298 23.4608 23.7421 29.7278
32.1906 32.3942 32.5044 32.6769 32.6964 32.7093 32.8362 32.8607 32.9531
 32.9876 33.0017 33.0576 33.1784 33.3341
42.0815 42.1319 42.2293 42.3998 42.5915 42.7897 42.8859 48.7579
50.4621 50.5585 50.6315 51.2235 51.394  51.6512 51.6946 51.8626 52.1332
 52.1898 52.2173 52.4671 59.9682
60.5847 60.6925 60.8342 60.8679 60.9001 61.0621 61.0798 61.3077 69.002
 69.1094 69.949

