11.8003 12.6748 13.1475 13.3404 13.4099 13.594  13.6314 13.7057 13.7306
 13.7689 13.7957 13.8135 13.8435 13.8614 13.8944 13.9236 13.9448 13.9594
 13.9772 13.9904 14.0095 14.0252 14.0389 14.0522 14.0711 14.0878 14.0991
 14.1137 14.1264 14.1423 14.1593 14.1734 14.1849 14.197  14.2083 14.22
 14.231  14.2451 14.2555 14.267  14.2774 14.286  14.2953 14.3042 14.314
 14.3242 14.3346 14.3434 14.3526 14.362  14.3708 14.3804 14.3886 14.3985
 14.4074 14.4164 14.4255 14.4349 14.4442 14.4526 14.4621 14.4711 14.48
 14.4885 14.4967 14.5049 14.5135 14.5216 14.5303 14.5388 14.5476 14.5558
 14.5646 14.573  14.5818 14.5897 14.5971 14.6048 14.6129 14.6219 14.6296
 14.637  14.6452 14.6528 14.6604 14.6683 14.6762 14.6838 14.6918 14.6992
 14.707  14.7152 14.7238 14.7317 14.7394 14.7471 14.7545 14.7619 14.7692
 14.7765 14.7834 14.7905 14.7979 14.805  14.8125 14.8199 14.8272 14.8351
 14.8432 14.8503 14.8579 14.865  14.8725 14.8798 14.8875 14.8946 14.902
 14.9092 14.9164 14.9235 14.9307 14.9379 14.9452 14.9523 14.959  14.9661
 14.9729 14.9799 14.9873 14.9941 15.0011 15.0084 15.0156 15.0234 15.0311
 15.0383 15.0455 15.0527 15.0598 15.0667 15.0739 15.0812 15.0886 15.0959
 15.1027 15.1095 15.1166 15.1239 15.1309 15.138  15.1452 15.1519 15.1592
 15.1662 15.173  15.1795 15.1862 15.1931 15.1998 15.2066 15.2135 15.2203
 15.2271 15.234  15.2406 15.2474 15.2541 15.2609 15.2676 15.2744 15.2811
 15.2882 15.2952 15.3022 15.309  15.3162 15.3231 15.3297 15.3367 15.3437
 15.3506 15.3576 15.3648 15.3722 15.3793 15.3863 15.3933 15.3999 15.4067
 15.4138 15.4205 15.4275 15.4343 15.4411 15.4481 15.455  15.4619 15.4692
 15.4761 15.483  15.4903 15.4974 15.5043 15.5112 15.5181 15.5249 15.5319
 15.5386 15.5456 15.5526 15.5597 15.5669 15.5741 15.5812 15.588  15.5955
 15.6029 15.6107 15.618  15.6254 15.6328 15.64   15.6474 15.6546 15.6616
 15.6686 15.6759 15.6834 15.6911 15.6984 15.7055 15.713  15.7202 15.7278
 15.7357 15.7433 15.7507 15.7581 15.7652 15.7725 15.7796 15.7871 15.7941
 15.8017 15.809  15.8166 15.8241 15.8314 15.8387 15.8459 15.8534 15.8609
 15.8681 15.8756 15.8834 15.891  15.8994 15.9081 15.9159 15.9238 15.932
 15.9405 15.9479 15.9555 15.9637 15.9718 15.98   15.9884 15.9966 16.0048
 16.0129 16.0215 16.0296 16.039  16.0479 16.0566 16.0654 16.0743 16.0835
 16.0936 16.1047 16.1143 16.1243 16.1341 16.1436 16.1525 16.1634 16.1726
 16.1813 16.1909 16.1995 16.2105 16.2204 16.2301 16.2406 16.2504 16.2604
 16.2701 16.28   16.2911 16.3002 16.3105 16.3202 16.3302 16.3399 16.3503
 16.3607 16.3707 16.383  16.394  16.4081 16.4195 16.4315 16.4437 16.4563
 16.4683 16.481  16.4948 16.5075 16.5197 16.5337 16.5482 16.5609 16.575
 16.5914 16.6082 16.6231 16.6405 16.6574 16.6772 16.692  16.7086 16.7245
 16.7416 16.7651 16.789  16.8035 16.8344 16.8587 16.8768 16.8989 16.9206
 16.9654 17.0686
20.5737 22.9117 23.1423 23.3115 23.3565 23.4858 23.5356 23.5563 23.5823
 23.5989 23.614  23.6548 23.6794 23.6989 23.7342 23.7502 23.7664 23.7901
 23.813  23.8323 23.8487 23.8663 23.8821 23.8968 23.9122 23.925  23.9413
 23.9521 23.9644 23.9818 23.9969 24.0156 24.0317 24.048  24.0595 24.0727
 24.0857 24.0961 24.1068 24.1255 24.1389 24.1529 24.1664 24.1767 24.1892
 24.1995 24.2104 24.2208 24.2333 24.2463 24.2576 24.2681 24.2802 24.2895
 24.2995 24.3092 24.3201 24.3351 24.3463 24.3571 24.3692 24.3813 24.3932
 24.4025 24.4134 24.4229 24.4331 24.4422 24.4532 24.4651 24.4742 24.4844
 24.4936 24.5034 24.5138 24.5253 24.5352 24.5473 24.5564 24.5685 24.5776
 24.5886 24.5974 24.6069 24.6192 24.6293 24.6396 24.6532 24.6639 24.6747
 24.6847 24.6954 24.704  24.7135 24.725  24.7348 24.7446 24.7531 24.764
 24.774  24.7848 24.7957 24.8064 24.8175 24.8308 24.8402 24.8525 24.8636
 24.8754 24.8874 24.9004 24.9121 24.9245 24.9372 24.9488 24.959  24.9743
 24.9861 25.0011 25.0146 25.0257 25.037  25.0487 25.0617 25.0723 25.0826
 25.0926 25.1057 25.1179 25.1282 25.1392 25.1515 25.1639 25.1828 25.1971
 25.2089 25.2242 25.239  25.2526 25.2646 25.2823 25.2977 25.315  25.3308
 25.3536 25.3715 25.3926 25.4169 25.4328 25.4497 25.4678 25.4928 25.52
 25.5442 25.58   25.5977 25.6223 25.6649 25.7756 25.8334 26.1811
30.6544 31.2788 31.7594 31.8749 31.895  32.0107 32.1212 32.1388 32.1538
 32.2306 32.2696 32.2909 32.3273 32.3674 32.3932 32.4078 32.4513 32.4665
 32.4844 32.5017 32.5123 32.5267 32.5412 32.5526 32.577  32.5927 32.6039
 32.6165 32.6273 32.6398 32.6557 32.6688 32.6788 32.6894 32.6995 32.7088
 32.7201 32.735  32.7471 32.7562 32.7654 32.78   32.7913 32.8017 32.8137
 32.8242 32.8356 32.8467 32.8556 32.8652 32.8739 32.8833 32.892  32.9012
 32.9111 32.9212 32.9331 32.9418 32.9509 32.959  32.9669 32.9752 32.9841
 32.9932 33.0022 33.0108 33.019  33.0274 33.0365 33.0447 33.0533 33.0612
 33.0698 33.0786 33.0876 33.0966 33.106  33.1145 33.1226 33.1303 33.1387
 33.1463 33.1534 33.1608 33.1682 33.1756 33.1834 33.1908 33.1982 33.2054
 33.2128 33.22   33.2279 33.2352 33.2429 33.2506 33.2581 33.2655 33.2734
 33.2812 33.2882 33.2956 33.3032 33.3113 33.3185 33.3258 33.333  33.3406
 33.3482 33.3558 33.3633 33.3704 33.3779 33.3856 33.393  33.4002 33.407
 33.4139 33.4214 33.4283 33.4357 33.4425 33.4501 33.4571 33.4643 33.4713
 33.4783 33.4851 33.4923 33.4994 33.5063 33.5132 33.5202 33.5269 33.5337
 33.5405 33.5477 33.5545 33.5614 33.5682 33.5754 33.5822 33.5894 33.5963
 33.603  33.6099 33.6167 33.6234 33.6302 33.6372 33.6442 33.6512 33.6584
 33.6658 33.6728 33.6795 33.6863 33.6935 33.7001 33.7069 33.7137 33.7203
 33.7272 33.7342 33.7416 33.7485 33.7555 33.7628 33.77   33.7772 33.7841
 33.7914 33.7984 33.805  33.8115 33.8185 33.8253 33.8321 33.8389 33.8458
 33.8528 33.8595 33.8665 33.8731 33.8802 33.8875 33.8943 33.9011 33.908
 33.9148 33.9217 33.9284 33.935  33.9419 33.9488 33.9557 33.9622 33.9689
 33.9756 33.9826 33.9895 33.9965 34.0035 34.0104 34.0171 34.0239 34.0307
 34.038  34.045  34.0518 34.0584 34.0653 34.0721 34.0794 34.0864 34.0931
 34.0999 34.1067 34.114  34.1208 34.1283 34.1352 34.1422 34.1489 34.1559
 34.163  34.17   34.1772 34.1843 34.1912 34.1981 34.205  34.2122 34.2195
 34.227  34.2341 34.2415 34.2485 34.2555 34.263  34.27   34.2774 34.2844
 34.292  34.2992 34.3064 34.314  34.3212 34.3285 34.336  34.3436 34.3512
 34.3591 34.367  34.3746 34.3817 34.3896 34.3971 34.405  34.4124 34.4202
 34.4276 34.4351 34.443  34.4505 34.4579 34.4656 34.4732 34.4811 34.4888
 34.4969 34.5049 34.5135 34.5229 34.532  34.541  34.5489 34.5571 34.5649
 34.5725 34.5801 34.5881 34.5961 34.6045 34.6124 34.6213 34.6298 34.6389
 34.6472 34.6551 34.6642 34.6735 34.6821 34.6909 34.6996 34.7091 34.7175
 34.7262 34.7363 34.7459 34.7553 34.7649 34.7741 34.784  34.793  34.8017
 34.811  34.8202 34.8291 34.8397 34.8499 34.8617 34.8738 34.884  34.8945
 34.9054 34.9161 34.927  34.9376 34.9484 34.9599 34.9707 34.984  34.9973
 35.009  35.022  35.0363 35.0479 35.0611 35.0732 35.091  35.1037 35.1169
 35.1297 35.1444 35.1661 35.1833 35.1999 35.2148 35.2308 35.2512 35.2693
 35.288  35.3056 35.3259 35.3444 35.3608 35.3833 35.4017 35.4199 35.4396
 35.4659 35.4906 35.5154 35.5383
41.158  41.2725 41.5657 41.5959 41.7388 41.7707 41.7895 41.8142 41.8285
 41.8545 41.8784 41.9033 41.9386 41.9569 41.968  41.9926 42.0049 42.0231
 42.0397 42.0534 42.0743 42.0921 42.1087 42.1229 42.1442 42.1574 42.1806
 42.198  42.2203 42.2322 42.2455 42.2557 42.2664 42.2774 42.2895 42.2995
 42.3099 42.3188 42.3315 42.3462 42.358  42.3673 42.3793 42.3897 42.4005
 42.4128 42.4221 42.4325 42.4432 42.4548 42.4655 42.478  42.4916 42.5017
 42.5136 42.523  42.533  42.5417 42.5499 42.5586 42.5674 42.5771 42.586
 42.5959 42.6056 42.6139 42.6228 42.6313 42.6387 42.6478 42.6571 42.6668
 42.6767 42.6856 42.6951 42.7029 42.7125 42.7206 42.7295 42.7385 42.7468
 42.7561 42.764  42.7722 42.7803 42.7887 42.7965 42.8048 42.8131 42.8215
 42.8295 42.8372 42.8452 42.8528 42.8612 42.8693 42.8771 42.8844 42.8925
 42.8994 42.9069 42.9151 42.9226 42.9313 42.9391 42.9466 42.9542 42.9618
 42.9696 42.9777 42.9851 42.9927 43.0008 43.0087 43.0164 43.0241 43.0313
 43.0384 43.0455 43.0532 43.0608 43.0686 43.0763 43.0838 43.0917 43.0997
 43.1069 43.1138 43.1211 43.1287 43.1364 43.1438 43.151  43.158  43.1658
 43.1729 43.181  43.1892 43.197  43.2044 43.2124 43.2201 43.2277 43.2358
 43.2435 43.2508 43.2584 43.2658 43.2733 43.2809 43.2882 43.2956 43.303
 43.3108 43.318  43.3255 43.3327 43.3405 43.348  43.3555 43.3639 43.3715
 43.38   43.3876 43.3952 43.4029 43.4108 43.4188 43.4275 43.435  43.4425
 43.4499 43.4578 43.4654 43.4727 43.4807 43.4883 43.4961 43.5047 43.5121
 43.5206 43.5282 43.5372 43.5448 43.5527 43.5602 43.568  43.5758 43.584
 43.5924 43.6002 43.6079 43.6169 43.6249 43.6322 43.6404 43.648  43.6563
 43.6645 43.6723 43.6797 43.6878 43.6971 43.7061 43.7141 43.7227 43.7311
 43.7396 43.7477 43.7562 43.765  43.7742 43.7836 43.7922 43.8012 43.8098
 43.8184 43.8276 43.8387 43.8472 43.856  43.8644 43.8728 43.8812 43.8894
 43.8988 43.9074 43.9162 43.9253 43.9356 43.947  43.9564 43.9662 43.9776
 43.9875 43.9976 44.0069 44.016  44.0263 44.0354 44.0455 44.0558 44.0696
 44.0799 44.0913 44.1019 44.1117 44.123  44.1329 44.1434 44.155  44.1655
 44.1771 44.1901 44.2032 44.2147 44.2269 44.2385 44.2496 44.2628 44.2743
 44.2888 44.3006 44.3118 44.3223 44.337  44.3525 44.3658 44.3851 44.3991
 44.4178 44.4304 44.4483 44.4626 44.4849 44.4993 44.5146 44.5405 44.5701
 44.5896 44.6138 44.6353 44.6665 44.6894 44.7066 44.7388 44.7664 44.8157
 44.8712 44.9086 49.659
50.2591 51.0355 51.1008 51.185  51.2377 51.2774 51.2993 51.3186 51.3457
 51.3893 51.4376 51.4645 51.4864 51.5126 51.5277 51.5418 51.5656 51.5836
 51.5972 51.6243 51.6408 51.6513 51.6658 51.6833 51.7017 51.7153 51.7273
 51.739  51.7535 51.7662 51.7831 51.7939 51.8055 51.8161 51.8278 51.8395
 51.8501 51.8598 51.8717 51.885  51.8998 51.9093 51.9189 51.9345 51.9531
 51.9659 51.9833 51.9957 52.0078 52.0182 52.0289 52.0389 52.049  52.0587
 52.0679 52.0765 52.0868 52.0959 52.1044 52.1135 52.1223 52.1309 52.1406
 52.1492 52.1592 52.169  52.1777 52.1862 52.1945 52.2047 52.2143 52.2226
 52.2316 52.2402 52.2484 52.2572 52.2664 52.2746 52.2834 52.2921 52.3005
 52.3084 52.3165 52.3236 52.3319 52.3402 52.3493 52.3581 52.3662 52.3745
 52.3824 52.39   52.3979 52.4065 52.4141 52.4216 52.4289 52.4369 52.444
 52.4511 52.4587 52.4661 52.4737 52.4818 52.4896 52.4978 52.5058 52.5142
 52.5225 52.5308 52.5389 52.5464 52.5537 52.5612 52.5693 52.5772 52.5846
 52.5927 52.6002 52.6078 52.6155 52.6228 52.6302 52.6378 52.6447 52.6522
 52.6595 52.6671 52.6752 52.6824 52.6902 52.698  52.7057 52.7141 52.7219
 52.7291 52.7365 52.7452 52.7529 52.7606 52.7677 52.7749 52.7831 52.7909
 52.7987 52.8066 52.8139 52.8213 52.8296 52.8372 52.8446 52.8522 52.8596
 52.8671 52.875  52.8831 52.8914 52.8997 52.9074 52.9148 52.9225 52.9299
 52.9376 52.9454 52.9535 52.9614 52.9697 52.9777 52.986  52.9944 53.0021
 53.0101 53.0188 53.0267 53.0347 53.0424 53.051  53.0589 53.0672 53.0755
 53.0834 53.092  53.1004 53.1087 53.1169 53.1255 53.1332 53.142  53.1498
 53.1584 53.1665 53.1746 53.1827 53.1904 53.1983 53.206  53.2144 53.2226
 53.2307 53.2391 53.2474 53.2555 53.2641 53.2719 53.2807 53.289  53.2971
 53.3054 53.3141 53.322  53.3308 53.3412 53.3498 53.3587 53.3689 53.378
 53.3887 53.3984 53.4078 53.4166 53.4264 53.4352 53.4445 53.4536 53.4643
 53.4728 53.4824 53.4919 53.5013 53.5105 53.521  53.53   53.5401 53.5505
 53.5603 53.5694 53.5787 53.5902 53.6001 53.6126 53.6226 53.6344 53.6469
 53.6585 53.6701 53.6818 53.6915 53.7023 53.7125 53.7236 53.7359 53.7486
 53.7599 53.7726 53.7872 53.7988 53.8106 53.8281 53.8421 53.8566 53.8718
 53.8861 53.9008 53.9193 53.9386 53.9576 53.9753 53.9913 54.0087 54.0318
 54.0621 54.093  54.1166 54.1407 54.1598 54.193  54.2274 54.2546 54.2785
 54.4696 59.0887 59.6503 59.8827
60.1129 60.1532 60.2398 60.2658 60.3038 60.3348 60.368  60.5018 60.587
 60.6099 60.6291 60.6656 60.6824 60.7003 60.7153 60.7347 60.7483 60.7644
 60.7796 60.7932 60.8052 60.8299 60.8461 60.8658 60.8792 60.8947 60.9098
 60.9217 60.9347 60.9485 60.9656 60.9776 60.9901 60.9998 61.0139 61.0252
 61.0396 61.054  61.0677 61.0805 61.092  61.104  61.1148 61.1262 61.1389
 61.1508 61.1629 61.173  61.1861 61.1968 61.2089 61.2195 61.231  61.2451
 61.2561 61.2663 61.276  61.2863 61.2969 61.3071 61.3186 61.3286 61.3377
 61.348  61.3572 61.3671 61.3777 61.3875 61.3969 61.4066 61.4168 61.4254
 61.4359 61.4446 61.457  61.4664 61.4752 61.4843 61.4939 61.5022 61.5113
 61.5194 61.5282 61.5366 61.5457 61.5549 61.5629 61.5717 61.5807 61.5904
 61.5995 61.609  61.6173 61.6258 61.6345 61.6435 61.6528 61.6618 61.6708
 61.6794 61.6888 61.6995 61.7101 61.718  61.7261 61.7356 61.7442 61.7524
 61.7611 61.7686 61.777  61.786  61.7944 61.8041 61.812  61.82   61.828
 61.8369 61.8454 61.854  61.8629 61.8718 61.8798 61.889  61.8979 61.9072
 61.9156 61.9247 61.9335 61.9422 61.9519 61.9611 61.9689 61.9783 61.9871
 61.996  62.0057 62.0141 62.0219 62.0297 62.039  62.0483 62.0574 62.0668
 62.0767 62.0854 62.0957 62.1044 62.1147 62.1247 62.1358 62.1465 62.1558
 62.1678 62.1792 62.1895 62.2011 62.2116 62.222  62.2316 62.2408 62.2502
 62.2606 62.2707 62.2807 62.2892 62.2987 62.3086 62.3184 62.3294 62.3396
 62.3478 62.3569 62.3658 62.3766 62.3872 62.3978 62.4067 62.4172 62.4266
 62.4372 62.4458 62.4573 62.4688 62.4782 62.4887 62.5    62.512  62.5282
 62.5412 62.556  62.5678 62.5778 62.5904 62.6006 62.6148 62.6271 62.642
 62.6547 62.6672 62.6847 62.6962 62.7119 62.7276 62.7414 62.7551 62.7719
 62.7892 62.8039 62.8183 62.8358 62.8549 62.8687 62.8898 62.907  62.9226
 62.9461 62.9734 63.0079 63.0284 63.0478 63.0661 63.0957 63.1228 63.1416
 63.1599 63.1827 63.2368 63.3474 63.3682 67.9757 68.7749 68.9629 69.0589
 69.0974 69.3712 69.5022 69.5584 69.5946 69.6417 69.6859 69.7099 69.7583
 69.7905 69.8261 69.9153 69.9336 69.9762 69.9984

