10.8378 13.2147 13.488  13.597  13.6417 13.6744 13.7313 13.7758 13.8028
 13.8198 13.8447 13.8656 13.9052 13.9215 13.954  13.9697 13.9888 14.0084
 14.0293 14.0418 14.0602 14.083  14.1049 14.1188 14.1333 14.1453 14.1597
 14.177  14.1902 14.2055 14.2201 14.235  14.2482 14.2594 14.2698 14.2811
 14.2901 14.2995 14.3084 14.3184 14.3295 14.3407 14.3499 14.3608 14.3698
 14.3786 14.3902 14.4001 14.4105 14.4204 14.4318 14.4425 14.4522 14.4621
 14.4712 14.4804 14.4887 14.4973 14.5061 14.515  14.5246 14.5345 14.5438
 14.5542 14.5636 14.5729 14.5815 14.5899 14.5983 14.6064 14.6158 14.6239
 14.6326 14.6415 14.6491 14.657  14.6648 14.6728 14.6808 14.6884 14.6963
 14.7046 14.7128 14.7207 14.7281 14.7367 14.7443 14.7526 14.7598 14.768
 14.7761 14.7844 14.7918 14.7994 14.8069 14.8146 14.8218 14.8291 14.8371
 14.845  14.8521 14.8595 14.8667 14.8741 14.882  14.8899 14.8975 14.9051
 14.913  14.9203 14.9274 14.9349 14.9421 14.9496 14.9571 14.964  14.9713
 14.9788 14.9867 14.9935 15.001  15.0083 15.0151 15.0223 15.0294 15.0362
 15.0429 15.0499 15.057  15.064  15.0711 15.0778 15.0847 15.0916 15.0986
 15.1059 15.1129 15.1197 15.1271 15.1339 15.1411 15.1484 15.1555 15.1625
 15.1695 15.1766 15.1834 15.1906 15.1976 15.2047 15.2117 15.2186 15.2256
 15.2324 15.2399 15.2471 15.2541 15.2613 15.2685 15.2757 15.2831 15.2901
 15.2967 15.3038 15.3109 15.3177 15.3245 15.3315 15.3385 15.3455 15.3526
 15.3598 15.367  15.3745 15.3821 15.3893 15.3964 15.4035 15.4108 15.4183
 15.4258 15.433  15.4402 15.4475 15.4546 15.462  15.4691 15.4765 15.4838
 15.491  15.4978 15.5049 15.5125 15.5198 15.5269 15.5341 15.5413 15.5487
 15.5562 15.5631 15.5701 15.5773 15.5841 15.5914 15.5985 15.6055 15.6127
 15.6198 15.627  15.6339 15.641  15.648  15.6549 15.662  15.6692 15.6762
 15.6831 15.6901 15.6974 15.7047 15.712  15.7195 15.7265 15.7335 15.741
 15.748  15.7552 15.7626 15.7696 15.7764 15.7834 15.7907 15.7983 15.8055
 15.8126 15.8197 15.827  15.8345 15.8415 15.8486 15.8558 15.8628 15.87
 15.8776 15.8846 15.892  15.8992 15.9068 15.9138 15.9213 15.9283 15.9356
 15.9427 15.9499 15.9572 15.9642 15.9718 15.9793 15.9869 15.9943 16.0017
 16.009  16.0167 16.0243 16.0317 16.0395 16.0482 16.0563 16.064  16.0718
 16.0796 16.087  16.0948 16.103  16.1109 16.1191 16.1268 16.1348 16.1435
 16.1519 16.1604 16.1701 16.1783 16.188  16.1972 16.2068 16.2157 16.2244
 16.2345 16.2439 16.2534 16.263  16.2721 16.2819 16.293  16.3038 16.3148
 16.3247 16.3353 16.3458 16.3591 16.3693 16.3808 16.3919 16.4029 16.4148
 16.4297 16.4424 16.4551 16.4705 16.4815 16.4944 16.5065 16.5201 16.5352
 16.5503 16.5741 16.5996 16.6293 16.6607
22.9752 23.0227 23.1736 23.2089 23.2886 23.3154 23.3467 23.3703 23.4125
 23.4499 23.5149 23.5375 23.5676 23.5923 23.6257 23.6552 23.681  23.7024
 23.7261 23.7451 23.7698 23.783  23.799  23.8236 23.8649 23.8805 23.8945
 23.9108 23.9288 23.9443 23.9564 23.9707 23.9819 23.9936 24.0079 24.0276
 24.0398 24.0556 24.07   24.0802 24.0994 24.1124 24.1234 24.1383 24.1523
 24.1651 24.1775 24.1927 24.2067 24.2159 24.2274 24.2415 24.2536 24.2641
 24.2782 24.2908 24.3025 24.3134 24.328  24.3392 24.3531 24.3652 24.3754
 24.3864 24.3994 24.4099 24.4207 24.4307 24.44   24.4502 24.4604 24.4704
 24.4808 24.4919 24.5029 24.5123 24.5228 24.5334 24.5446 24.5555 24.566
 24.5778 24.5884 24.5985 24.6102 24.6208 24.6316 24.6416 24.6539 24.6651
 24.6755 24.6855 24.6979 24.7083 24.7186 24.7295 24.74   24.7501 24.7586
 24.7684 24.7778 24.7866 24.7974 24.8081 24.819  24.8306 24.845  24.8562
 24.8685 24.879  24.8901 24.8997 24.9107 24.9221 24.9335 24.9442 24.9591
 24.9726 24.9874 25.0023 25.0166 25.0291 25.0406 25.0538 25.0673 25.0823
 25.0955 25.1087 25.1228 25.1386 25.1522 25.1655 25.1813 25.1979 25.2101
 25.232  25.2462 25.2626 25.2743 25.2895 25.3031 25.3189 25.3345 25.3497
 25.3671 25.3824 25.3984 25.4197 25.4402 25.4718 25.495  25.5279 25.5566
 25.5838 25.6068 25.6626 25.7007
31.4797 31.7645 31.8365 31.9592 32.0308 32.0988 32.1456 32.1861 32.2338
 32.2843 32.3127 32.3355 32.3623 32.3831 32.4035 32.4204 32.4497 32.4721
 32.4912 32.5053 32.5195 32.5358 32.5508 32.5741 32.5904 32.6066 32.6224
 32.6361 32.6517 32.6657 32.6802 32.6928 32.707  32.7204 32.7365 32.7487
 32.7589 32.7701 32.7815 32.793  32.8038 32.8149 32.8248 32.837  32.8483
 32.8589 32.8685 32.8769 32.887  32.8975 32.9086 32.9181 32.9282 32.9395
 32.9482 32.9567 32.9653 32.9749 32.984  32.9936 33.002  33.0101 33.0192
 33.0288 33.0372 33.0455 33.0541 33.0624 33.0714 33.08   33.0885 33.0969
 33.1055 33.1141 33.1223 33.1311 33.1399 33.1476 33.1564 33.1645 33.1734
 33.1811 33.1891 33.1977 33.2061 33.2143 33.2226 33.2298 33.2378 33.2459
 33.2534 33.2607 33.2679 33.2753 33.2836 33.2914 33.2984 33.306  33.3139
 33.3213 33.3285 33.336  33.3432 33.3508 33.3584 33.3661 33.3742 33.3816
 33.389  33.3961 33.4031 33.4105 33.4185 33.4257 33.4335 33.4404 33.4477
 33.4548 33.4624 33.4693 33.4761 33.483  33.4902 33.4974 33.5045 33.5119
 33.519  33.5258 33.5331 33.5405 33.5475 33.5552 33.5622 33.5695 33.5765
 33.5838 33.5908 33.5976 33.6043 33.6115 33.6188 33.6258 33.6325 33.6392
 33.6461 33.6535 33.6606 33.6674 33.6745 33.6815 33.6885 33.6952 33.702
 33.7085 33.7153 33.7218 33.7288 33.7355 33.7427 33.7496 33.7566 33.7638
 33.7708 33.7775 33.7842 33.7915 33.7985 33.8056 33.8124 33.8197 33.8264
 33.8333 33.8403 33.8471 33.8543 33.8612 33.8685 33.8756 33.8827 33.8896
 33.8967 33.9039 33.911  33.9181 33.9249 33.9318 33.9391 33.9461 33.9533
 33.9602 33.9672 33.9741 33.9811 33.988  33.9948 34.0019 34.0092 34.016
 34.0229 34.0297 34.0365 34.0435 34.0506 34.0576 34.0646 34.0719 34.0791
 34.0864 34.0933 34.1003 34.1075 34.1145 34.1214 34.1283 34.1353 34.1428
 34.1496 34.1565 34.1634 34.1703 34.1772 34.1841 34.191  34.1985 34.2055
 34.2123 34.2194 34.2264 34.2332 34.2402 34.2473 34.2542 34.2611 34.2682
 34.2752 34.2821 34.2893 34.2963 34.3032 34.3101 34.3174 34.3249 34.332
 34.3391 34.3462 34.3534 34.3604 34.3678 34.3749 34.3818 34.3888 34.3958
 34.4024 34.4095 34.4168 34.4242 34.4318 34.439  34.4463 34.4537 34.4608
 34.4682 34.4753 34.4828 34.49   34.4976 34.5048 34.5127 34.5202 34.528
 34.5361 34.5431 34.5506 34.558  34.5652 34.5727 34.5811 34.5887 34.5965
 34.6044 34.6117 34.6195 34.6273 34.6346 34.6423 34.6506 34.6586 34.6677
 34.6761 34.6841 34.6928 34.7016 34.7106 34.7195 34.7276 34.7371 34.7458
 34.7547 34.7648 34.7752 34.7852 34.7949 34.8055 34.817  34.8263 34.8363
 34.8478 34.8589 34.8714 34.8832 34.8969 34.9078 34.919  34.9298 34.9421
 34.9541 34.9643 34.9747 34.9851 34.9962 35.0076 35.0187 35.0315 35.0436
 35.0569 35.0692 35.0835 35.0972 35.1109 35.1328 35.1542 35.1707 35.1943
 35.2448
40.8139 40.9369 41.2801 41.3591 41.3828 41.5194 41.6244 41.6685 41.6993
 41.7253 41.7458 41.7655 41.8164 41.845  41.8807 41.9175 41.9512 41.9708
 41.9872 42.0059 42.0267 42.0443 42.0599 42.0807 42.0957 42.1107 42.1276
 42.1398 42.1611 42.1737 42.1862 42.1997 42.2127 42.2254 42.2386 42.254
 42.2668 42.2803 42.2937 42.3066 42.3198 42.3309 42.3414 42.3524 42.3626
 42.3726 42.3834 42.393  42.4107 42.4207 42.4335 42.4439 42.4557 42.4655
 42.4754 42.4853 42.4954 42.5055 42.5161 42.5277 42.538  42.5469 42.5574
 42.568  42.5766 42.5854 42.5948 42.6039 42.6126 42.621  42.6292 42.6379
 42.6476 42.6574 42.6667 42.6749 42.6839 42.6933 42.7031 42.7113 42.7198
 42.7286 42.7369 42.7462 42.7546 42.7627 42.7715 42.7805 42.7884 42.7959
 42.8036 42.812  42.8201 42.8281 42.836  42.8451 42.8529 42.8613 42.8693
 42.8776 42.8854 42.8937 42.9013 42.9093 42.9162 42.9238 42.9318 42.9397
 42.9475 42.9562 42.9638 42.9716 42.9799 42.9875 42.9954 43.0029 43.0111
 43.0186 43.0266 43.0344 43.0422 43.0505 43.0579 43.066  43.0735 43.081
 43.0885 43.0959 43.1036 43.1116 43.1193 43.1271 43.1345 43.1416 43.1498
 43.1573 43.1646 43.172  43.1801 43.1877 43.1955 43.2028 43.2102 43.2181
 43.2257 43.2334 43.2413 43.249  43.2567 43.2643 43.2728 43.2806 43.2879
 43.2957 43.3033 43.3109 43.3185 43.3262 43.3338 43.3412 43.3489 43.3564
 43.3647 43.3724 43.38   43.3875 43.3961 43.4039 43.4117 43.42   43.428
 43.4355 43.4432 43.4512 43.4588 43.4665 43.4744 43.4822 43.4898 43.4972
 43.5046 43.5126 43.5206 43.5278 43.5353 43.5436 43.5518 43.5596 43.5673
 43.5749 43.5825 43.591  43.5995 43.6072 43.615  43.6231 43.6309 43.6384
 43.6456 43.653  43.6607 43.6679 43.6761 43.6837 43.6916 43.6992 43.7074
 43.7149 43.7231 43.7313 43.7389 43.7468 43.7542 43.7623 43.7706 43.7789
 43.7872 43.795  43.8037 43.8109 43.8194 43.8278 43.8361 43.8449 43.8535
 43.8625 43.8715 43.8797 43.8891 43.8973 43.9056 43.9142 43.9238 43.9329
 43.9417 43.9509 43.9599 43.9684 43.9778 43.9874 43.9963 44.0066 44.0165
 44.0266 44.0359 44.0455 44.0566 44.0674 44.0769 44.0874 44.0979 44.1088
 44.1186 44.1295 44.1399 44.1512 44.1619 44.1748 44.1855 44.1974 44.2078
 44.2209 44.2337 44.2475 44.2625 44.2745 44.2864 44.302  44.3161 44.328
 44.3428 44.3606 44.3756 44.4017 44.4212 44.4392 44.463  44.4989 49.5399
50.6659 51.0009 51.0623 51.1163 51.1566 51.203  51.2161 51.2671 51.3026
 51.4059 51.4436 51.4719 51.4854 51.5115 51.54   51.5672 51.592  51.6215
 51.6517 51.6694 51.6804 51.6942 51.7081 51.7241 51.736  51.7486 51.7612
 51.7736 51.7878 51.8016 51.8133 51.8244 51.8361 51.8465 51.8606 51.8707
 51.8826 51.8935 51.9038 51.9167 51.927  51.9381 51.9503 51.9622 51.9717
 51.9821 51.9916 52.003  52.0135 52.0241 52.0354 52.0472 52.0562 52.0652
 52.0746 52.0825 52.0912 52.1001 52.1094 52.1179 52.1264 52.1358 52.1451
 52.1528 52.1606 52.1683 52.1769 52.1855 52.1952 52.2047 52.2133 52.2243
 52.2338 52.2423 52.2513 52.2594 52.2672 52.2751 52.2833 52.2918 52.301
 52.3101 52.3191 52.3278 52.3355 52.3431 52.3511 52.3594 52.368  52.3765
 52.3837 52.3923 52.4011 52.4096 52.4187 52.4268 52.4341 52.4419 52.4497
 52.457  52.4651 52.4728 52.4802 52.4885 52.4969 52.506  52.5143 52.5225
 52.5306 52.5385 52.546  52.5536 52.5615 52.5694 52.5772 52.5855 52.5934
 52.6013 52.6094 52.6175 52.6252 52.633  52.6407 52.6481 52.6555 52.6635
 52.6715 52.6789 52.6868 52.6939 52.7014 52.7091 52.7164 52.7238 52.7316
 52.7394 52.7472 52.755  52.7624 52.7699 52.7778 52.786  52.7935 52.801
 52.8088 52.816  52.8241 52.8317 52.8396 52.8474 52.8557 52.8634 52.8706
 52.8782 52.8869 52.8955 52.9034 52.9115 52.9187 52.9263 52.9336 52.9419
 52.95   52.9587 52.9664 52.9741 52.9819 52.9893 52.9968 53.0041 53.0119
 53.0193 53.0267 53.0343 53.0419 53.0497 53.058  53.0659 53.0736 53.0816
 53.0891 53.0971 53.1048 53.1132 53.1215 53.129  53.1368 53.1446 53.1526
 53.1607 53.1682 53.176  53.1837 53.1914 53.1989 53.2064 53.2141 53.2223
 53.2308 53.2393 53.248  53.2561 53.2646 53.2721 53.2802 53.2879 53.2963
 53.3046 53.3129 53.3212 53.3291 53.3369 53.3448 53.3526 53.3607 53.3687
 53.3765 53.3849 53.3931 53.4015 53.4103 53.4188 53.4282 53.4378 53.4469
 53.4556 53.4644 53.4738 53.4837 53.4936 53.5034 53.5127 53.5229 53.5322
 53.5416 53.5522 53.5619 53.574  53.5841 53.5953 53.6059 53.6172 53.63
 53.6422 53.6529 53.6652 53.6775 53.6904 53.7035 53.7163 53.7277 53.7379
 53.7509 53.7633 53.7778 53.7908 53.8046 53.818  53.8373 53.8531 53.8685
 53.8836 53.9006 53.9251 53.9453 53.965  53.9945 54.0877 54.1408 59.4896
 59.6394
60.0259 60.1083 60.3386 60.4335 60.4528 60.4707 60.4967 60.524  60.5729
 60.6322 60.659  60.6791 60.7024 60.7196 60.7405 60.7559 60.7752 60.7986
 60.8544 60.8739 60.8888 60.901  60.9151 60.9306 60.9539 60.9669 60.9787
 60.9952 61.0088 61.0257 61.0475 61.0596 61.0735 61.0846 61.0954 61.1099
 61.1225 61.1389 61.1508 61.1634 61.1739 61.1853 61.1997 61.2115 61.2217
 61.2318 61.2425 61.253  61.2632 61.2737 61.2868 61.3024 61.3139 61.3233
 61.3338 61.3444 61.3543 61.3647 61.3741 61.3837 61.3926 61.404  61.4142
 61.4255 61.4376 61.4485 61.4585 61.4687 61.4784 61.4886 61.4983 61.5078
 61.5159 61.5247 61.5337 61.543  61.5519 61.5607 61.5704 61.5803 61.5892
 61.5972 61.6062 61.6166 61.6259 61.6346 61.6434 61.6525 61.6612 61.6699
 61.6789 61.687  61.6965 61.7061 61.7145 61.7236 61.7327 61.7422 61.7511
 61.7614 61.7707 61.78   61.7895 61.7987 61.8074 61.8153 61.8238 61.8333
 61.8437 61.8526 61.8627 61.8736 61.8828 61.8918 61.8995 61.9083 61.9166
 61.9248 61.9342 61.9443 61.9537 61.9628 61.971  61.9793 61.9882 61.9964
 62.0066 62.0153 62.025  62.0347 62.0443 62.0533 62.0618 62.0702 62.0786
 62.0872 62.0959 62.1046 62.1136 62.1226 62.1312 62.1406 62.1498 62.1588
 62.168  62.1778 62.1878 62.1971 62.205  62.2131 62.222  62.2303 62.2398
 62.2484 62.2593 62.2683 62.2778 62.2864 62.2966 62.3074 62.3178 62.3301
 62.3419 62.3553 62.3665 62.3776 62.3872 62.3967 62.4064 62.4158 62.4252
 62.4364 62.4458 62.4553 62.466  62.4761 62.4866 62.4965 62.5077 62.5211
 62.5319 62.5437 62.5583 62.5702 62.5841 62.5953 62.6098 62.6237 62.6381
 62.6592 62.6728 62.6856 62.6985 62.7099 62.7264 62.7416 62.7545 62.7742
 62.7955 62.8078 62.8262 62.8459 62.8825 62.9254 62.9503 62.9835 63.0246
 68.3237 68.9942 69.0551 69.684  69.7431 69.8108 69.8437 69.8765 69.9058
 69.9323 69.9489 69.9751

