13.47   13.4969 13.664  13.8043 13.8937 13.9974 14.0364 14.0605 14.0989
 14.1325 14.1999 14.2318 14.2499 14.2798 14.3412 14.3593 14.3798 14.4208
 14.4686 14.6025 14.6239
21.9427 21.9676 22.2542 22.3257 22.3497 22.3831 22.4911 22.5349 22.5665
 22.6301 22.6969 22.715  22.86   22.9129 22.9554 22.9819 22.9949 23.0125
 23.0282 23.0434 23.0599 23.0834 23.1133 23.1276 23.1498 23.1698 23.2117
 23.2472 23.2614 23.2737 23.2837 23.2941 23.3121 23.3252 23.3435 23.3703
 23.3952 23.413  23.4254 23.4353 23.4468 23.4798 23.5389 23.6482
31.1798 31.4556 31.4896 31.5469 31.7627 31.838  31.8978 31.9309 31.9839
 32.072  32.1053 32.1545 32.1804 32.1935 32.2171 32.2938 32.3434 32.3754
 32.3953 32.4731 32.4942 32.5126 32.5339 32.5496 32.5729 32.5958 32.6135
 32.661  32.6961 32.7547 32.7889 32.8123 32.8706 32.8833 32.9071 32.9191
 32.9426 36.8873 39.6106
41.4561 41.5474 41.607  41.6976 41.7658 41.8012 41.8395 41.8717 41.8924
 41.9205 41.9606 41.9761 42.0026 42.0324 42.0606 42.0808 42.0989 42.1134
 42.1365 42.1622 42.1858 42.2147 42.2285 42.2479 42.2648 42.2884 42.3055
 42.3188 42.3368 42.3573 42.3818 42.4007 42.4707 42.601  42.6163 42.6642
 49.0015 49.9207
50.98   51.1795 51.212  51.3993 51.421  51.4905 51.5449 51.6026 51.6256
 51.6416 51.6629 51.6842 51.7368 51.7586 51.7765 51.8573 51.8754 51.9044
 51.9196 51.9346 51.9533 51.9674 51.9959 52.0108 52.0251 52.0467 52.0688
 52.1436 52.1971 52.2194 52.2698 59.3769 59.5836 59.8235 59.8566 59.9432
 59.988
60.0118 60.0961 60.12   60.1983 60.2726 60.2912 60.3212 60.3369 60.3985
 60.4123 60.4269 60.4596 60.4974 60.5174 60.535  60.5576 60.5799 60.5973
 60.6117 60.6259 60.6495 60.6667 60.6945 60.7102 60.746  60.7717 60.7837
 60.7975 60.8425 60.8585 60.8825 60.924  60.9529 60.9889 60.9998 61.0098
 61.0224 61.0358 61.0992 67.7053 68.7191 69.1874 69.2526 69.2877 69.5556
 69.7524 69.7961 69.8285 69.8521 69.8742 69.9457 69.9687

