12.7951 13.4547 13.7363 13.7687 13.7871 13.8328 13.9833 14.0696 14.1133
 14.1673 14.2026 14.3521 14.4249 14.5005 19.6759
21.3456 21.5379 22.1512 22.2708 22.3376 22.4202 22.4498 22.4766 22.511
 22.5469 22.6486 22.6661 22.6807 22.7027 22.7599 22.7827 22.8541 22.887
 22.9367 22.9829 23.0184 23.0536 23.0812 23.1684 23.3717 29.0608
30.4377 30.7947 31.3047 31.4408 31.8745 31.9225 31.9571 32.0177 32.0973
 32.1253 32.1977 32.2357 32.2813 32.294  32.3129 32.3828 32.5567 32.5859
40.6909 41.5053 41.7286 41.7456 41.765  41.8248 41.8776 41.9045 42.0493
 42.0674 42.0853 42.1208 42.145  42.1699 42.2299 42.267  42.3935 42.4214
 42.5557
51.0876 51.1753 51.2691 51.2999 51.3609 51.4046 51.5635 51.618  51.7183
 51.8093 51.8381 52.099  58.7391 59.0076 59.7558 59.8855 59.9564
60.0149 60.073  60.11   60.3211 60.3385 60.3506 60.4003 60.417  60.4361
 60.4872 60.5155 60.6161 60.6413 60.6693 60.8767 68.4289 68.7865 69.442
 69.4722 69.5147 69.5934 69.6451 69.829  69.8497 69.9667

