13.2067 13.5183 13.8753 13.9652 13.9963 14.0202 14.0507 14.0789 14.1266
 14.1491 14.1618 14.1929 14.2387 14.2889 14.3084 14.3207 14.3337 14.3512
 14.3827 14.4144 14.4358 14.452  14.4866 14.5048 14.5234 14.5556 14.5714
 14.592  14.6056 14.6305 14.6452 14.6622 14.6751 14.6918 14.7148 14.7347
 14.7516 14.7688 14.7868 14.8012 14.8126 14.8264 14.8411 14.8557 14.8705
 14.887  14.9    14.9145 14.9366 14.9506 14.9659 14.9793 15.0028 15.0313
 15.0549 15.0683 15.0862
22.1262 22.3333 22.4317 22.5027 22.6038 22.6427 22.6799 22.7212 22.7988
 22.82   22.8495 22.8717 22.8978 22.9139 22.9368 22.9779 22.9922 23.0051
 23.0192 23.0363 23.0564 23.0779 23.0918 23.1123 23.132  23.1567 23.1777
 23.1889 23.1999 23.2188 23.2307 23.2426 23.2564 23.2674 23.2799 23.293
 23.3071 23.3185 23.3321 23.3431 23.3553 23.3666 23.3842 23.3944 23.4079
 23.4206 23.4314 23.4441 23.4579 23.4701 23.4831 23.4953 23.505  23.5164
 23.5301 23.5404 23.5512 23.5627 23.5747 23.5837 23.5957 23.6102 23.6217
 23.6325 23.6422 23.6562 23.6681 23.6811 23.6905 23.6998 23.7104 23.721
 23.7294 23.7396 23.748  23.7575 23.7674 23.7783 23.7903 23.8049 23.8177
 23.8315 23.8413 23.8499 23.8625 23.8728 23.8834 23.8951 23.9058 23.9148
 23.9243 23.9345 23.9438 23.9559 23.9683 23.9798 23.991  24.004  24.016
 24.0276 24.039  24.0511 24.0655 24.0806 24.0925 24.1138 24.1411 24.1536
 24.1676 24.2041 24.2228
30.6303 30.8449 31.4537 31.791  31.9987 32.0569 32.1558 32.2246 32.3008
 32.3526 32.3833 32.406  32.4538 32.4753 32.4957 32.5091 32.5263 32.5408
 32.5587 32.5792 32.6119 32.631  32.6444 32.6591 32.6872 32.6996 32.7146
 32.727  32.7441 32.7557 32.7842 32.7972 32.8089 32.8228 32.8345 32.8466
 32.8623 32.8778 32.8928 32.9079 32.9205 32.9341 32.9469 32.9625 32.9755
 32.9875 32.9976 33.0109 33.025  33.0354 33.0522 33.0732 33.0875 33.0985
 33.1134 33.1266 33.1373 33.1487 33.1611 33.1718 33.1823 33.1942 33.2064
 33.2181 33.2272 33.2425 33.2595 33.2696 33.2849 33.3065 33.3271 33.342
 33.3588 33.3719 33.3883 33.4069 33.4221 33.442  33.4569 33.4717 33.4916
 33.5135 33.5253 33.5553 33.5768 33.5983 33.6155 33.6385 33.6541
40.744  40.8441 41.4992 41.6688 41.7259 41.7908 41.8866 41.9271 41.9493
 41.9845 42.0129 42.0543 42.0872 42.1054 42.1228 42.1356 42.1552 42.1749
 42.1909 42.2086 42.226  42.2465 42.2622 42.2811 42.2947 42.3181 42.3287
 42.3434 42.3604 42.37   42.3832 42.3962 42.4075 42.4203 42.433  42.4457
 42.4631 42.4786 42.4905 42.5151 42.5313 42.5506 42.5627 42.5769 42.5924
 42.6097 42.6218 42.6335 42.6436 42.6599 42.6698 42.6838 42.6936 42.7046
 42.7189 42.7311 42.7427 42.7531 42.7635 42.7742 42.7845 42.7983 42.8162
 42.827  42.8373 42.8477 42.8575 42.8677 42.8804 42.8929 42.9015 42.9114
 42.9217 42.9312 42.9401 42.9502 42.9638 42.9755 42.9864 42.9961 43.0063
 43.015  43.0244 43.0329 43.0425 43.0522 43.0634 43.0754 43.0855 43.0969
 43.1118 43.1236 43.1365 43.1495 43.1607 43.1719 43.1867 43.2074 43.223
 43.2384 43.2515 43.2637 43.2908 43.3098 43.3312 43.3464 43.3671
51.1467 51.4619 51.5945 51.6358 51.6704 51.6994 51.7319 51.7663 51.7868
 51.8031 51.8209 51.8766 51.8966 51.9114 51.9304 51.9551 51.9873 52.0027
 52.0144 52.0285 52.0451 52.0612 52.0765 52.0923 52.1104 52.1238 52.1349
 52.1493 52.1657 52.18   52.1969 52.2165 52.2316 52.2421 52.2566 52.2701
 52.2869 52.3072 52.3284 52.347  52.3597 52.3715 52.3831 52.3942 52.4112
 52.4292 52.4427 52.4597 52.4726 52.4833 52.4946 52.5057 52.5224 52.5374
 52.5527 52.5873 52.6062 52.6281 52.6399 52.6616 52.6752 52.6989 52.716
 52.7288 52.7602 52.7875 59.9895
60.0349 60.1265 60.2369 60.2965 60.3148 60.3592 60.3781 60.3967 60.4219
 60.4408 60.4639 60.4926 60.5123 60.5295 60.555  60.5696 60.5955 60.6109
 60.6263 60.6447 60.6659 60.6877 60.7032 60.7199 60.7406 60.7614 60.7766
 60.7912 60.8038 60.8181 60.8289 60.8434 60.8581 60.8744 60.8885 60.9023
 60.9134 60.9285 60.9435 60.959  60.9718 60.9883 61.0013 61.0119 61.0244
 61.0364 61.0491 61.0614 61.0698 61.0805 61.0975 61.1089 61.1204 61.134
 61.1516 61.1651 61.1768 61.1866 61.1996 61.2121 61.2215 61.2314 61.2437
 61.2546 61.2692 61.2823 61.2922 61.3039 61.3157 61.3246 61.3337 61.3448
 61.3549 61.366  61.3789 61.3908 61.4004 61.4143 61.4269 61.4374 61.4477
 61.4602 61.4724 61.4867 61.5056 61.5247 61.5381 61.5505 61.5655 61.5744
 61.5891 61.6029 61.6148 61.6251 61.646  61.6627 61.7111 61.7647 68.9409
 69.6644 69.743  69.8688 69.9847

