11.0348 12.5079 12.7009 13.3204 13.4003 13.6189 13.6531 13.6722 13.7455
 13.8607 13.8837 13.9386 13.9608 13.9755 13.9952 14.0417 14.0552 14.1163
 14.1297 14.1428 14.2402 14.2677 14.2847 14.3051 14.3324 14.3749 14.3895
 14.4358 14.4721 14.5024 14.5482 14.5626
20.9768 21.6793 21.8962 22.0225 22.0685 22.0917 22.1177 22.1817 22.2224
 22.2697 22.3227 22.3565 22.3845 22.4455 22.4715 22.5046 22.5509 22.5684
 22.6053 22.64   22.6739 22.696  22.7093 22.726  22.7446 22.7757 22.7999
 22.8287 22.8558 22.877  22.9042 22.9235 22.9481 22.9606 22.9756 22.9935
 23.0075 23.021  23.0351 23.0485 23.0609 23.0737 23.0893 23.1032 23.1142
 23.1238 23.1365 23.1461 23.1657 23.1752 23.1858 23.1996 23.2111 23.2282
 23.2461 23.2627 23.2774 23.2909 23.3011 23.3173 23.3515 23.3841 23.4172
 23.4359 23.4593 23.4724 23.4858 23.5044 23.5216 23.5628
30.9559 31.2801 31.3569 31.428  31.5243 31.5911 31.6084 31.7339 31.8878
 31.9718 32.1238 32.1475 32.1728 32.2139 32.2678 32.2831 32.3231 32.352
 32.3678 32.3863 32.4019 32.4172 32.4582 32.4967 32.5194 32.5455 32.5626
 32.5765 32.5943 32.6414 32.6511 32.6629 32.6763 32.6872 32.7094 32.785
 32.81   32.9284 32.9594 32.9719 33.0022 33.0284 33.051  33.0668 33.091
40.8892 40.9825 41.1147 41.2307 41.4255 41.447  41.5093 41.5566 41.5869
 41.638  41.6658 41.6958 41.7794 41.8011 41.8528 41.872  41.9132 41.9339
 41.9512 41.9674 41.9815 41.9913 42.0277 42.0415 42.0585 42.0754 42.0886
 42.1017 42.1132 42.128  42.1386 42.1535 42.167  42.1791 42.1958 42.2104
 42.2212 42.2331 42.2426 42.2604 42.2747 42.2918 42.3015 42.3134 42.3237
 42.3429 42.3599 42.3744 42.3838 42.3958 42.4076 42.4329 42.4598 42.4713
 42.4822 42.4992 42.5138 42.533  42.5522 42.5646 42.6021 42.6212 42.6994
 42.7296 42.7638 42.8062 42.8321 42.8604 49.0528
50.2014 50.5393 50.6716 50.8499 50.8888 50.9385 51.0158 51.1546 51.2736
 51.3131 51.3715 51.4297 51.479  51.5494 51.5736 51.5874 51.6025 51.6137
 51.6333 51.6718 51.708  51.7253 51.7413 51.7652 51.7792 51.8082 51.8285
 51.8513 51.9261 51.9424 51.9775 51.9922 52.0117 52.0327 52.0975 52.1242
 52.2695 58.8966 59.2523 59.3927 59.4915 59.5249 59.6646 59.8264 59.8832
60.0132 60.0274 60.0515 60.0783 60.1126 60.1314 60.1561 60.1766 60.1995
 60.2492 60.3266 60.3427 60.3592 60.3778 60.3906 60.4038 60.4172 60.4344
 60.4531 60.4849 60.4964 60.5128 60.5315 60.5453 60.5584 60.5798 60.5989
 60.6089 60.6239 60.6486 60.6683 60.6877 60.7091 60.7297 60.743  60.7543
 60.7718 60.7944 60.8144 60.8267 60.852  60.8682 60.8794 60.8912 60.9387
 60.9659 60.9772 61.0061 61.0217 61.0471 61.0665 61.08   61.1065 61.1506
 69.2349 69.2589 69.3318 69.5283 69.5685 69.6576 69.6784 69.7783 69.8573
 69.888  69.9119 69.9319 69.9504 69.9706 69.9924

