11.5266 11.8217 12.6163 13.1155 13.2486 13.3394 13.4275 13.4808 13.5505
 13.6656 13.7137 13.7545 13.8117 13.8648 13.9104 13.9338 13.9529 13.9721
 13.9964 14.0208 14.0425 14.0626 14.0808 14.1201 14.1337 14.1548 14.1857
 14.2078 14.2267 14.2446 14.2584 14.2806 14.2928 14.3041 14.316  14.3308
 14.3416 14.3537 14.3641 14.3768 14.3907 14.4015 14.4174 14.4306 14.4443
 14.4604 14.474  14.4852 14.4981 14.508  14.5207 14.5316 14.545  14.5557
 14.568  14.578  14.587  14.5964 14.6067 14.618  14.631  14.6408 14.6494
 14.6589 14.6683 14.678  14.6878 14.6983 14.708  14.721  14.7308 14.7415
 14.7519 14.7619 14.7721 14.7812 14.7904 14.7993 14.8077 14.8171 14.8269
 14.8371 14.847  14.8575 14.8675 14.8764 14.8881 14.8974 14.9054 14.9145
 14.9236 14.9331 14.9411 14.9511 14.9625 14.9732 14.9823 14.9916 15.0016
 15.0119 15.0213 15.0316 15.0397 15.0484 15.0564 15.0662 15.0747 15.0845
 15.0954 15.1052 15.1151 15.1241 15.1345 15.1446 15.1543 15.1638 15.1734
 15.1826 15.1915 15.2017 15.2134 15.2217 15.2312 15.2412 15.2517 15.2603
 15.2702 15.2804 15.2898 15.2995 15.308  15.3173 15.3261 15.3357 15.346
 15.3557 15.3663 15.3782 15.3905 15.3998 15.412  15.4215 15.4325 15.4422
 15.4523 15.4638 15.4758 15.4898 15.5047 15.5173 15.5286 15.539  15.5496
 15.5619 15.5738 15.5852 15.5997 15.6124 15.6235 15.6348 15.6491 15.664
 15.6749 15.6957 15.7096 15.7243 15.7394 15.7518 15.7747 15.7946 15.8155
 15.8418 15.8617 15.8798 15.8914 15.9117 15.9427 15.9603 15.9867 16.0105
 16.0344 16.0609 16.0904 16.1283 16.1928
21.8008 21.9453 22.168  22.1916 22.2698 22.3015 22.327  22.4094 22.4396
 22.4679 22.5058 22.5379 22.5575 22.586  22.6296 22.6619 22.678  22.6949
 22.7128 22.7354 22.7536 22.7728 22.8026 22.819  22.8396 22.8866 22.8999
 22.9121 22.9265 22.9401 22.9548 22.9667 22.9776 22.9879 23.0002 23.0131
 23.0248 23.0349 23.046  23.0604 23.0798 23.0934 23.1057 23.1176 23.1309
 23.1423 23.1528 23.1639 23.1765 23.1865 23.1985 23.2098 23.2191 23.2285
 23.2373 23.2473 23.2571 23.267  23.2761 23.2858 23.2948 23.3047 23.3125
 23.3209 23.3304 23.3403 23.3503 23.3601 23.3679 23.3765 23.3847 23.3927
 23.4008 23.4088 23.4183 23.4274 23.4355 23.4452 23.4543 23.4631 23.4717
 23.4802 23.489  23.4982 23.506  23.5138 23.5217 23.5295 23.5377 23.5456
 23.5529 23.5603 23.5678 23.5754 23.5831 23.5907 23.5986 23.6065 23.6148
 23.6225 23.6301 23.6375 23.6461 23.6537 23.6616 23.6698 23.6782 23.6854
 23.6933 23.7009 23.7086 23.7162 23.724  23.7318 23.7394 23.7467 23.7547
 23.7621 23.7692 23.7765 23.7836 23.7907 23.7976 23.8047 23.812  23.819
 23.8265 23.834  23.8416 23.849  23.8562 23.8633 23.8705 23.8777 23.885
 23.892  23.899  23.9065 23.9139 23.9219 23.9293 23.937  23.9442 23.9518
 23.9589 23.9663 23.9741 23.9814 23.9887 23.9967 24.0042 24.0112 24.0187
 24.0263 24.0351 24.043  24.0507 24.058  24.0659 24.0734 24.0809 24.089
 24.0963 24.1037 24.111  24.119  24.1267 24.1346 24.1432 24.1511 24.1589
 24.1668 24.1747 24.1826 24.1903 24.1994 24.2073 24.2149 24.2226 24.2305
 24.2378 24.2455 24.253  24.2609 24.2685 24.2767 24.2845 24.2924 24.3003
 24.3081 24.3172 24.325  24.3332 24.3418 24.3499 24.3589 24.3672 24.3755
 24.3836 24.3911 24.3997 24.4081 24.4174 24.4264 24.4347 24.4434 24.4527
 24.4619 24.4722 24.4819 24.491  24.4997 24.5087 24.5174 24.5277 24.5362
 24.5455 24.5545 24.5632 24.5714 24.5804 24.5887 24.5966 24.6046 24.6142
 24.6236 24.6332 24.6426 24.6544 24.6636 24.6745 24.6863 24.6976 24.7086
 24.7196 24.7312 24.7412 24.7521 24.7633 24.7749 24.7865 24.7979 24.8095
 24.8211 24.8362 24.8482 24.8601 24.873  24.887  24.9039 24.9183 24.9328
 24.9517 24.9688 25.0005 25.0185 25.0395 25.0582 25.082  25.1049 25.1349
 25.1558 25.2077 25.2683
31.3392 31.6635 31.9868 32.0718 32.1626 32.2132 32.2416 32.2648 32.2964
 32.3157 32.3327 32.3535 32.372  32.3929 32.4125 32.4318 32.4468 32.4689
 32.4897 32.5045 32.5178 32.5345 32.5493 32.5639 32.575  32.5872 32.6007
 32.6131 32.6245 32.6398 32.6576 32.6696 32.6819 32.6951 32.7095 32.7238
 32.7362 32.7488 32.7583 32.7684 32.7807 32.7921 32.8011 32.8109 32.8205
 32.8296 32.8422 32.8535 32.863  32.8735 32.882  32.8901 32.8991 32.9083
 32.9179 32.9267 32.936  32.9458 32.9555 32.9643 32.9734 32.983  32.992
 33.0013 33.0101 33.0196 33.0288 33.0382 33.0465 33.0554 33.0636 33.0725
 33.0803 33.0893 33.0977 33.1054 33.1137 33.1223 33.1314 33.1394 33.1479
 33.1568 33.1648 33.1728 33.1805 33.1893 33.1977 33.2063 33.2154 33.2254
 33.2347 33.2423 33.2498 33.2581 33.266  33.2747 33.2825 33.2904 33.2979
 33.3058 33.3129 33.3209 33.329  33.3365 33.3441 33.3517 33.3595 33.3671
 33.3752 33.3825 33.3909 33.399  33.4065 33.4147 33.4228 33.4303 33.4382
 33.4467 33.4549 33.463  33.4718 33.4791 33.4868 33.4949 33.5036 33.5121
 33.5201 33.5284 33.5359 33.5435 33.5514 33.5589 33.5664 33.5746 33.5827
 33.5906 33.5992 33.6078 33.6159 33.6249 33.6342 33.6427 33.6509 33.6597
 33.6677 33.6773 33.687  33.6967 33.7049 33.715  33.7229 33.7318 33.7414
 33.7496 33.7593 33.7685 33.7778 33.7872 33.7963 33.8058 33.8141 33.8228
 33.8313 33.84   33.849  33.8585 33.8673 33.8775 33.887  33.8955 33.9052
 33.9152 33.9261 33.9356 33.9464 33.956  33.965  33.974  33.9847 33.9944
 34.0047 34.0168 34.0279 34.0378 34.0491 34.0603 34.0711 34.0836 34.0937
 34.1051 34.1163 34.1272 34.1387 34.1506 34.1623 34.176  34.1879 34.2015
 34.2138 34.2247 34.2379 34.2516 34.266  34.2805 34.2942 34.3156 34.3332
 34.3479 34.3617 34.3754 34.3908 34.4149 34.4366 34.4537 34.4894 34.5537
 34.6161 39.5419
40.9753 41.4852 41.5386 41.6169 41.6545 41.6867 41.7242 41.7465 41.7812
 41.8154 41.8357 41.8539 41.8708 41.8944 41.9143 41.9384 41.9543 41.9704
 41.9912 42.0071 42.0268 42.0462 42.0636 42.0751 42.0933 42.1085 42.1243
 42.1395 42.1525 42.1662 42.1829 42.1986 42.217  42.2327 42.2456 42.2581
 42.2702 42.2809 42.292  42.3019 42.3125 42.3231 42.3336 42.3447 42.3587
 42.3718 42.3825 42.3923 42.401  42.4095 42.4195 42.4304 42.4406 42.4497
 42.4583 42.4669 42.4763 42.4847 42.4933 42.5052 42.5137 42.5239 42.5327
 42.5417 42.5507 42.5589 42.5673 42.5757 42.5841 42.593  42.6015 42.6108
 42.619  42.6274 42.6362 42.6458 42.6545 42.6628 42.6711 42.6798 42.6881
 42.6972 42.7057 42.7145 42.7219 42.73   42.7381 42.7463 42.7544 42.7621
 42.7697 42.777  42.7843 42.7913 42.7981 42.8049 42.8122 42.8202 42.828
 42.8354 42.8429 42.851  42.859  42.8671 42.8751 42.8827 42.8899 42.8976
 42.9057 42.9132 42.9207 42.9281 42.9353 42.9423 42.9497 42.9571 42.9644
 42.9718 42.98   42.9881 42.9956 43.0027 43.0098 43.0172 43.0243 43.0323
 43.0393 43.0462 43.0534 43.0607 43.0686 43.0768 43.0838 43.0913 43.0986
 43.106  43.1133 43.1208 43.1281 43.1356 43.1428 43.1503 43.1577 43.165
 43.1727 43.1803 43.1874 43.195  43.2028 43.2105 43.2178 43.2252 43.2329
 43.2405 43.2476 43.2549 43.2626 43.2699 43.2779 43.2859 43.2935 43.3013
 43.3095 43.3176 43.3253 43.333  43.341  43.3485 43.356  43.364  43.3718
 43.3805 43.3887 43.3969 43.4047 43.4129 43.422  43.431  43.4398 43.4481
 43.456  43.4642 43.4721 43.4799 43.4878 43.4957 43.5046 43.5128 43.5215
 43.5299 43.5385 43.547  43.5548 43.5631 43.5718 43.58   43.5886 43.5977
 43.607  43.615  43.6238 43.6337 43.6439 43.6534 43.6629 43.6726 43.6821
 43.6904 43.7001 43.7089 43.718  43.727  43.7361 43.7454 43.7559 43.7652
 43.7763 43.7894 43.8002 43.811  43.8218 43.8329 43.8441 43.8559 43.8663
 43.8759 43.889  43.8992 43.9102 43.9218 43.9329 43.9439 43.9575 43.9686
 43.9821 43.9939 44.0058 44.0207 44.0336 44.0472 44.061  44.0824 44.0993
 44.122  44.1446 44.1604 44.1784 44.2469 44.3668
50.1397 50.6303 51.0778 51.1033 51.1392 51.2467 51.3037 51.3269 51.3786
 51.4212 51.4652 51.4868 51.5049 51.5505 51.5776 51.6009 51.6276 51.6493
 51.6728 51.7048 51.7207 51.7369 51.7545 51.7677 51.7817 51.7997 51.8147
 51.8323 51.8481 51.8631 51.8746 51.8886 51.9052 51.922  51.9341 51.9465
 51.9604 51.9729 51.9853 51.998  52.0109 52.0218 52.0329 52.0441 52.0573
 52.0673 52.0777 52.0885 52.0978 52.1073 52.1188 52.132  52.1443 52.1561
 52.1678 52.1802 52.1915 52.2002 52.2088 52.2196 52.2293 52.2389 52.2481
 52.2566 52.2663 52.2757 52.2848 52.2929 52.3029 52.3122 52.3216 52.3302
 52.3387 52.3479 52.3571 52.3664 52.3764 52.3849 52.3949 52.4041 52.4128
 52.4211 52.4311 52.4407 52.4491 52.4587 52.4674 52.4767 52.4849 52.4929
 52.5006 52.509  52.5174 52.5252 52.5337 52.5432 52.551  52.5594 52.5671
 52.5757 52.5844 52.5931 52.6021 52.6109 52.6202 52.6295 52.6382 52.6471
 52.6552 52.6638 52.6731 52.6825 52.6916 52.6997 52.7081 52.716  52.7254
 52.7344 52.7439 52.7531 52.7636 52.7733 52.7825 52.7919 52.8008 52.8124
 52.8207 52.8293 52.8378 52.8469 52.8557 52.8661 52.8757 52.8848 52.8936
 52.9023 52.911  52.9207 52.9312 52.9409 52.9491 52.9584 52.9679 52.9765
 52.9861 52.9959 53.005  53.0145 53.0246 53.0345 53.044  53.0533 53.0685
 53.079  53.0913 53.1027 53.1123 53.1227 53.1352 53.1458 53.1593 53.1709
 53.184  53.1983 53.2102 53.2205 53.2323 53.243  53.2568 53.2713 53.2829
 53.2952 53.3082 53.3198 53.3387 53.35   53.3669 53.3777 53.3904 53.4063
 53.4219 53.4399 53.4536 53.4769 53.5052 53.5349 53.5514 53.5769 53.6049
 53.6672 53.6957 53.822  59.2751 59.6615 59.746  59.7823 59.8807 59.9505
 59.9724
60.007  60.0358 60.1266 60.1717 60.1899 60.2357 60.2626 60.2786 60.2957
 60.3294 60.352  60.3733 60.3891 60.4046 60.4175 60.4332 60.4454 60.4596
 60.478  60.4935 60.5062 60.5224 60.5439 60.5589 60.5726 60.5853 60.6044
 60.6175 60.6293 60.6419 60.6536 60.6696 60.6823 60.6944 60.7062 60.7179
 60.729  60.7411 60.7527 60.763  60.7743 60.7856 60.7975 60.807  60.8171
 60.8271 60.8396 60.848  60.8595 60.8686 60.8792 60.8893 60.9014 60.9104
 60.9185 60.9292 60.9398 60.9486 60.9572 60.9663 60.9748 60.9839 60.9931
 61.0016 61.0107 61.0204 61.0298 61.0377 61.0474 61.056  61.0645 61.0723
 61.0799 61.0879 61.0961 61.1043 61.112  61.12   61.128  61.1371 61.1448
 61.153  61.1615 61.1694 61.1776 61.1862 61.1948 61.2034 61.2125 61.2211
 61.2293 61.2374 61.2465 61.2542 61.2622 61.2697 61.2773 61.2849 61.2933
 61.3013 61.3087 61.3163 61.3239 61.3315 61.3391 61.3466 61.3543 61.3618
 61.3688 61.3762 61.3838 61.3912 61.3985 61.4058 61.4127 61.4202 61.4279
 61.4349 61.4422 61.4496 61.4568 61.464  61.4713 61.4793 61.4871 61.4952
 61.5036 61.511  61.5185 61.5256 61.5334 61.5416 61.5489 61.5567 61.5641
 61.5719 61.5795 61.5873 61.5947 61.6023 61.6103 61.6183 61.6263 61.6345
 61.6422 61.6493 61.657  61.6644 61.6722 61.6802 61.6879 61.6964 61.7053
 61.714  61.7223 61.7302 61.7375 61.7455 61.7529 61.7617 61.7699 61.7779
 61.786  61.794  61.8014 61.8095 61.8184 61.8271 61.8346 61.8426 61.8504
 61.8583 61.8663 61.8749 61.8842 61.8937 61.9026 61.9107 61.9196 61.9277
 61.9358 61.9447 61.9531 61.9618 61.9712 61.9796 61.9885 61.9977 62.0065
 62.0153 62.0251 62.0345 62.0439 62.053  62.0625 62.0719 62.0803 62.09
 62.1005 62.1101 62.1201 62.1289 62.1391 62.1489 62.1588 62.1681 62.1778
 62.1885 62.1971 62.2076 62.2179 62.2282 62.2383 62.2473 62.257  62.2683
 62.2796 62.2902 62.3012 62.3127 62.323  62.3336 62.3453 62.3579 62.3726
 62.3842 62.3967 62.4088 62.4224 62.437  62.4539 62.4674 62.4827 62.4998
 62.5142 62.5332 62.5499 62.5739 62.5971 62.6186 62.6495 62.6832 62.7045
 62.7392 68.1405 68.5352 69.3531 69.4319 69.6207 69.6487 69.7237 69.7815
 69.8081 69.8461 69.8751 69.9036 69.9589 69.9853

