11.9621 12.4054 12.6196 12.8059 13.2398 13.4374 13.5297 13.5649 13.6645
 13.7021 13.7265 13.7602 13.8265 13.9015 14.0042 14.0252 14.0607 14.0792
 14.1234 14.2429 14.2929 14.3298 14.3678 18.8809
20.8772 22.0216 22.221  22.2709 22.3041 22.6075 22.7305 22.8138 22.8712
 22.894  22.9174 22.9375 22.9838 22.9947 23.0138 23.0381 23.0761 23.1273
 23.1801 23.2251 23.252  23.2844 23.3492 23.3715 23.5601
30.6375 31.3431 31.3801 31.4082 31.9515 32.0041 32.0313 32.0472 32.0791
 32.1575 32.186  32.3316 32.3804 32.4035 32.445  32.4597 32.4782 32.5106
 32.5239 32.5378 32.5876 32.6037 32.6225 32.6365 32.6626 32.6748 32.7232
 32.755  32.7855 32.8022 32.8181 32.8687 32.893  32.9114
40.7289 40.8051 41.4198 41.6629 41.6929 41.7498 41.7961 41.8139 41.841
 41.8577 41.9208 41.9718 42.0671 42.088  42.1021 42.118  42.1788 42.2014
 42.2307 42.2608 42.2792 42.2909 42.3016 42.3163 42.3555 42.3702 42.3839
 42.4091 42.4426 42.4681 42.5502 42.6447 42.6928 42.7176
50.4558 50.4933 51.1729 51.2155 51.2797 51.3507 51.3937 51.482  51.5569
 51.5806 51.6427 51.7075 51.7934 51.8203 51.8503 51.8829 51.9152 51.9674
 52.0116 52.0529 52.1195 57.1066 58.0111 59.5726
60.0311 60.0663 60.1023 60.1302 60.1786 60.2883 60.3005 60.3165 60.4031
 60.4222 60.45   60.4879 60.5057 60.519  60.5367 60.5559 60.5955 60.6346
 60.6579 60.6738 60.7043 60.721  60.7704 60.7945 60.8821 60.8987 60.9094
 60.9249 61.0473 61.1713 61.1952 68.5058 69.0458 69.1824 69.2445 69.8938
 69.9251

