11.5467 12.8563 12.9429 13.0099 13.0878 13.1417 13.4271 13.592  13.7164
 13.8316 13.8438 13.8639 13.8934 13.9112 13.9449 14.0122 14.0446 14.0655
 14.1033 14.1567 14.2992 14.4268 14.4485 14.4823 14.6043 14.627
21.5476 22.5245 22.5577 22.9673 23.1376 23.1781 23.2784 23.3749 23.3951
 23.4215 23.4494 23.5009 23.5966 23.6353 23.687  23.7198 23.7421 23.7626
 23.8479 24.0315 24.1105
31.1246 32.1074 32.2524 32.6559 32.7767 32.8593 32.8935 32.9904 33.0331
 33.3013
40.2268 40.4514 40.7916 41.3152 41.4264 41.5475 41.572  41.6827 41.7098
 41.7266 41.7875 41.9062 41.9628 41.9886 42.0883 42.2184 42.2571 42.5381
 49.3369 49.9988
50.7832 50.8345 50.9348 51.0107 51.065  51.1294 51.2852 51.3192 51.3471
 51.3887 51.4908 51.5099 58.5079 59.7804
60.0905 60.1678 60.2157 60.2899 60.3853 60.4175 60.4569 60.524  60.5419
 60.5974 60.6391 60.7139 60.731  60.7882 60.8405 60.9062 60.9437 60.9687
 61.003  61.0362 61.052  61.068  61.0907 61.1715 68.7435 69.6626 69.7409
 69.783  69.9201 69.9409

