11.8501 12.7858 12.9466 13.1938 13.3386 13.3855 13.4741 13.5159 13.6066
 13.7132 13.8176 13.8488 13.9166 13.9598 13.9925 14.0992
22.8329 22.973  23.1235 23.2195 23.3297 23.4703 23.514  23.6083 23.6476
 23.7537 23.7912 23.8544 29.6038
31.1498 31.7599 31.9165 32.5506 32.5816 32.8098 33.0684
40.1566 40.6616 40.9285 41.3432 41.3818 41.5081 41.5319 41.6657 41.69
 41.7258 41.9856 49.6052
50.6548 50.6941 51.0346 51.0651 51.0887 51.1495 51.2657 59.5517 59.9096
60.1341 60.297  60.4336 60.4936 60.5574 60.5948 60.6826 60.7536 69.1897
 69.5055 69.7432 69.9458

