12.9905 13.2005 13.4615 13.4851 13.5298 13.6112 13.7562 13.8379 13.9527
 14.0605 14.2539 14.5052 14.5878
22.1148 22.3952 22.5919 23.2709 23.3606 23.5596 23.9443
32.0732 32.1127 32.2073 32.5011 32.5263 32.6413 32.6862 32.7309 33.0024
 33.1163
41.1296 41.2433 41.436  41.502  41.7573 41.8065 41.8273 41.8815 41.9824
 42.103  42.1278 42.1505 42.2569 42.3659 42.5635 48.9778 49.4289 49.7354
50.3521 50.3809 50.5122 50.5959 50.6867 50.8874 51.0304 51.2666 51.4655
 51.6538 51.7437 59.8431 59.9447 59.9846
60.2385 60.3547 60.4059 60.4943 60.5718 60.5896 60.6589 60.6918 60.7547
 60.8811 60.9512 61.0659 61.1468 68.5942 69.9491

