13.7063 14.0975 14.2467 14.2724 14.3285 14.3878 14.4159 14.5274 14.5526
 14.6109 14.6375 14.6776 14.7054 14.7529 14.7834 14.8109 14.8449 14.8736
 14.9019 14.9354 14.971  14.9854 15.0035 15.0277 15.0433 15.0956 15.1142
 15.1323 15.1517 15.1712 15.1938 15.222  15.2443 15.2627 15.2839 15.3045
 15.3221 15.335  15.3537 15.3687 15.3843 15.398  15.4145 15.4293 15.4463
 15.4579 15.4834 15.4987 15.5152 15.5313 15.5494 15.5675 15.5816 15.6069
 15.6293 15.6546 15.6708 15.6879 15.7107 15.7284 15.7517 15.7698 15.7954
 15.8125 15.8314 15.8658 15.8839 15.9208 15.9388 15.9555 15.9827 15.9987
 16.0284 16.0453 16.0707 16.0975 16.1177 16.1433 16.1668 16.1957 16.2221
 16.2517 16.2872 16.3092 16.3613 16.3927 16.7495
21.683  22.0977 22.925  23.0477 23.0707 23.2713 23.2959 23.3557 23.4054
 23.4375 23.4585 23.5052 23.5346 23.5617 23.5794 23.6065 23.6383 23.6533
 23.6737 23.6919 23.716  23.7383 23.7593 23.7759 23.799  23.8186 23.8322
 23.8459 23.8617 23.8751 23.89   23.9011 23.9157 23.9305 23.9486 23.9632
 23.9776 23.9908 24.0065 24.019  24.0374 24.0488 24.062  24.072  24.0843
 24.0984 24.1159 24.1302 24.1409 24.153  24.1751 24.1887 24.2032 24.2144
 24.225  24.237  24.2498 24.2604 24.2745 24.2861 24.2978 24.309  24.322
 24.334  24.3444 24.3552 24.3665 24.38   24.3927 24.4073 24.4253 24.4399
 24.4542 24.4667 24.478  24.4897 24.4999 24.5091 24.5194 24.5321 24.5435
 24.5547 24.5659 24.5764 24.5863 24.5978 24.6104 24.6224 24.6346 24.6487
 24.6611 24.6765 24.6879 24.7034 24.7165 24.7314 24.7491 24.7616 24.7742
 24.7899 24.8028 24.8169 24.8284 24.8436 24.856  24.8677 24.882  24.8937
 24.9075 24.9244 24.9351 24.9481 24.965  24.9764 24.9913 25.0107 25.0309
 25.044  25.0582 25.0737 25.0923 25.1109 25.1437 25.1849 25.2105 25.2461
 25.2686 25.2976 25.3211 25.3546 25.3862 25.4092 25.4897 25.5285 25.5689
 25.6079 25.6377 25.6769 25.8988
31.393  31.9547 32.0929 32.1876 32.3905 32.5259 32.5554 32.6219 32.6439
 32.6829 32.7075 32.7258 32.7467 32.7788 32.8036 32.8207 32.8418 32.8705
 32.8931 32.9142 32.9439 32.96   32.9829 32.9994 33.016  33.038  33.0542
 33.0735 33.09   33.1055 33.1222 33.1358 33.1481 33.1599 33.1803 33.1941
 33.2143 33.2319 33.2443 33.2602 33.2732 33.2854 33.3017 33.3163 33.3344
 33.3446 33.3558 33.3666 33.3764 33.3891 33.4054 33.4221 33.4352 33.445
 33.4593 33.4691 33.4815 33.4919 33.5038 33.5144 33.5251 33.5381 33.5505
 33.563  33.579  33.59   33.6035 33.6149 33.6309 33.6438 33.6596 33.6687
 33.6822 33.6968 33.7089 33.7211 33.7375 33.749  33.7631 33.7838 33.7979
 33.8119 33.8239 33.8376 33.8526 33.8684 33.8824 33.8987 33.9117 33.9304
 33.9435 33.9578 33.976  33.9916 34.0051 34.0182 34.0346 34.0489 34.0652
 34.0843 34.1107 34.1225 34.1371 34.1585 34.1841 34.1962 34.2257 34.2644
 34.3027 34.3336 34.3576 34.4268 34.5098 34.8988 39.1288
40.2277 40.3197 40.4967 40.5853 41.2618 41.4613 41.6222 41.6577 41.7216
 41.7417 41.7829 41.832  41.8665 41.8875 41.9106 41.9269 41.9553 41.9687
 41.9866 42.0275 42.0429 42.0592 42.0741 42.1052 42.1248 42.1524 42.1754
 42.1907 42.2169 42.2328 42.2499 42.273  42.2882 42.3089 42.3218 42.3326
 42.3446 42.3581 42.3749 42.3897 42.4051 42.4188 42.4323 42.4472 42.4585
 42.4735 42.487  42.4974 42.5146 42.531  42.5459 42.5586 42.569  42.5811
 42.5954 42.6157 42.6284 42.6423 42.6534 42.668  42.6856 42.7071 42.7256
 42.75   42.7627 42.7814 42.7995 42.8113 42.8237 42.8428 42.8553 42.8697
 42.8844 42.9019 42.9247 42.9382 42.953  42.9721 42.9902 43.0132 43.0347
 43.0502 43.0649 43.0811 43.103  43.1208 43.1402 43.1626 43.1767 43.2091
 43.2359 43.2739 43.2953 43.3175 43.3388 43.3582 43.3819 43.4318 43.4627
 43.5122 43.5562 43.5763 43.6007 43.6552 43.7187 43.7476 43.8045 43.8789
 49.0636 49.4796
50.0035 50.2126 50.3557 50.4118 50.4565 50.4765 50.5325 50.5521 50.5679
 50.5843 50.5971 50.6331 50.6647 50.6926 50.7173 50.7516 50.7725 50.7905
 50.8093 50.8234 50.8456 50.8662 50.8887 50.9164 50.9292 50.9519 50.9819
 50.9962 51.0151 51.0272 51.0414 51.0541 51.0673 51.081  51.0967 51.11
 51.1244 51.1378 51.1514 51.1632 51.1892 51.1996 51.2146 51.2347 51.2495
 51.264  51.2771 51.2906 51.3059 51.3167 51.3376 51.3536 51.382  51.3955
 51.4131 51.4274 51.4388 51.4517 51.4631 51.4739 51.486  51.4961 51.5082
 51.5221 51.5333 51.5425 51.5532 51.5686 51.5876 51.5996 51.6109 51.6276
 51.6489 51.6681 51.6829 51.6998 51.7142 51.7254 51.7391 51.7665 51.7799
 51.7988 51.8133 51.826  51.8472 51.8655 51.8838 51.8961 51.9126 51.9299
 51.9482 51.964  51.989  52.0114 52.0308 52.044  52.0674 52.0985 52.1334
 52.1563 52.1773 52.224  52.2547 52.2788 52.3187 52.3995 52.4233 52.4485
 52.5127 52.5572 53.2276 56.1768 56.3085 58.5989 58.834  59.1906 59.2279
 59.2623 59.3169 59.3459 59.4423 59.4753 59.5131 59.5457 59.5956 59.6374
 59.6919 59.7118 59.7423 59.7714 59.794  59.8136 59.8369 59.8693 59.8864
 59.9045 59.9189 59.936  59.9516 59.9642 59.982  59.9963
60.0133 60.028  60.0481 60.0686 60.0805 60.0951 60.1118 60.1267 60.145
 60.1636 60.1778 60.1902 60.2023 60.218  60.2291 60.2399 60.2584 60.2702
 60.2829 60.3014 60.3152 60.3283 60.3406 60.3529 60.3656 60.3826 60.3962
 60.4071 60.4219 60.4366 60.4472 60.4606 60.4738 60.4913 60.5036 60.516
 60.5291 60.5422 60.5531 60.5665 60.5774 60.5904 60.6034 60.6179 60.633
 60.6443 60.6549 60.6663 60.6771 60.6888 60.701  60.7138 60.7243 60.7347
 60.7482 60.7622 60.775  60.7863 60.801  60.816  60.8273 60.8397 60.8541
 60.8693 60.8815 60.901  60.9122 60.9231 60.934  60.9446 60.958  60.9698
 60.982  60.9938 61.0066 61.0196 61.0325 61.0464 61.0622 61.0805 61.0926
 61.1061 61.1203 61.1349 61.1492 61.1639 61.1779 61.1932 61.2088 61.2221
 61.2353 61.2607 61.2814 61.2948 61.312  61.3257 61.3473 61.37   61.4034
 61.421  61.4396 61.4671 61.4879 61.516  61.5344 61.5684 61.6051 61.7585
 61.7844 61.8143 61.9021 61.9556 62.1788 67.473  67.9033 68.2046 68.3715
 68.4884 68.719  68.7815 68.8242 68.859  69.0348 69.1058 69.1895 69.2155
 69.2429 69.2598 69.2964 69.3308 69.3512 69.3722 69.4048 69.4209 69.444
 69.4624 69.4861 69.5218 69.5362 69.5496 69.5869 69.6027 69.6155 69.6338
 69.6515 69.6667 69.6813 69.6955 69.7099 69.7284 69.7404 69.7537 69.7733
 69.7861 69.8018 69.8228 69.8377 69.8511 69.8721 69.8876 69.903  69.9207
 69.9357 69.9479 69.9617 69.9751 69.9894

