14.0865 14.2931 14.3677 14.4477 14.6705 14.7108 14.9485 15.1283
20.6755 22.5698 22.7248 22.9366 23.1255 23.1667 23.4344 23.5179 23.6236
 23.7065 23.7335 23.8584 23.8796 23.9477
30.3059 32.3631 32.4173 32.4634 32.527  32.5796 32.949
41.1234 41.164  41.4133 41.5266 41.8024 41.8239 41.8619 41.9741 48.6958
 49.9876
50.2227 50.3109 50.3697 50.3884 50.4095 50.4848 50.6396 50.6944 50.7664
 50.8126 50.8549 51.0374 58.6805 59.1759 59.3155 59.4489 59.6181 59.6465
 59.7534 59.8369 59.8838 59.9109 59.9622 59.9993
60.1561 68.048  68.5599 69.1289 69.2156 69.3154 69.3656 69.5246 69.7246

