13.4728 13.8058 14.1086 14.2411 14.6211 14.6705 14.9185 14.9469 15.0085
 15.0238
20.4559 21.2218 21.6652 22.7459 22.9568 23.2057 23.336  23.3945 23.4182
 23.4634 23.5959 23.696  23.7363 23.775  23.8931 23.9571
30.5668 31.3828 31.5861 32.097  32.2817 32.5314 32.5822 32.6086 32.8416
 32.9243 33.0135 33.1715 38.8841
40.9729 41.5229 41.5768 41.7352 41.8748 41.9679 42.5266
50.097  50.2834 50.3969 50.4725 50.4999 50.6157 50.7049 59.1178 59.4068
 59.5522 59.606  59.7854 59.8287 59.8843 59.9174
65.5585 68.7054 68.8818 69.0365 69.3529 69.5994

