13.2211 13.3815 13.9705 14.0376 14.1942 14.2908 14.335  14.3814 14.4667
 14.5097 14.5663 14.5957 14.6117 14.6364 14.6575 14.7055 14.7199 14.7518
 14.7704 14.79   14.8019 14.8209 14.8473 14.8729 14.9017 14.919  14.9368
 14.9492 14.9635 14.9765 14.9912 15.0063 15.0367 15.0705 15.0862 15.1048
 15.1266 15.1441 15.1554 15.1744 15.191  15.2131 15.2411 15.2603 15.2806
 15.3085 15.3445 15.3555 15.3691 15.3823 15.3955 15.4162 15.4325 15.4491
 15.4616 15.4764 15.4929 15.5095 15.5293 15.5551 15.5729 15.588  15.6022
 15.6329 15.6662 15.7045 15.7402 15.7608 15.7841 15.7987 15.8207 15.8442
 15.8649 15.9089 15.9475 15.9824 16.0181 16.0463 16.0847 16.1118 16.1331
 16.2255 16.2999 17.0329
21.2535 22.8344 23.0419 23.2135 23.3635 23.4103 23.4483 23.4836 23.5185
 23.5576 23.6801 23.6985 23.7251 23.7452 23.7648 23.7822 23.7938 23.815
 23.8274 23.8423 23.8593 23.8716 23.8865 23.9021 23.92   23.937  23.9521
 23.9644 23.9804 23.9924 24.0081 24.0391 24.0549 24.0688 24.0878 24.1005
 24.118  24.1339 24.1508 24.167  24.1814 24.1939 24.2038 24.2164 24.2302
 24.2425 24.2538 24.2718 24.2841 24.2994 24.3158 24.3293 24.3443 24.3552
 24.3665 24.3777 24.3899 24.4041 24.4155 24.4274 24.4402 24.4525 24.4765
 24.4885 24.5022 24.5175 24.5307 24.5537 24.5697 24.5826 24.5973 24.6118
 24.6268 24.642  24.6565 24.6706 24.6854 24.6984 24.7111 24.7232 24.7358
 24.752  24.7634 24.7773 24.7964 24.8112 24.8267 24.8406 24.8561 24.8749
 24.888  24.9094 24.9313 24.9488 24.9729 24.9927 25.022  25.0406 25.0615
 25.0884 25.1132 25.1418 25.1596 25.184  25.2237 25.2429 25.2646 25.2908
 25.3149 25.3411 25.3969 25.4194 25.4487 25.4938
31.0693 31.4468 31.7359 31.8489 31.9461 32.0382 32.123  32.2208 32.2651
 32.4077 32.4307 32.4767 32.5009 32.5174 32.5389 32.5613 32.6015 32.6169
 32.6401 32.6747 32.6995 32.7163 32.7381 32.7573 32.7753 32.7958 32.8205
 32.8377 32.8571 32.8766 32.8901 32.9054 32.9207 32.9344 32.948  32.9585
 32.9702 32.9872 33.0053 33.0159 33.0295 33.0425 33.0539 33.0672 33.0779
 33.089  33.1031 33.1159 33.1287 33.1411 33.1537 33.1652 33.1761 33.1894
 33.2034 33.2188 33.2333 33.2439 33.2563 33.2677 33.2786 33.2892 33.3
 33.3121 33.3238 33.3382 33.3499 33.3655 33.3816 33.3954 33.4081 33.4229
 33.4399 33.4542 33.4732 33.4844 33.4969 33.5077 33.5196 33.5307 33.5462
 33.5575 33.5695 33.5863 33.6009 33.6138 33.6297 33.6427 33.6539 33.6658
 33.6784 33.6916 33.7108 33.7257 33.7446 33.7571 33.7738 33.7886 33.8043
 33.8215 33.8385 33.8496 33.8649 33.8861 33.8979 33.9176 33.9328 33.9516
 33.9666 33.98   34.0074 34.0234 34.038  34.0546 34.0729 34.0895 34.1121
 34.128  34.1452 34.1659 34.1804 34.1991 34.2225 34.2635 34.2883 34.3047
 34.3329 34.3493 34.3877 34.4368 34.4577
41.2795 41.3216 41.4294 41.4831 41.5717 41.6881 41.7807 41.8211 41.852
 41.8689 41.9273 41.9422 41.9552 41.9864 42.0068 42.0301 42.0597 42.0842
 42.1241 42.1421 42.1629 42.1799 42.1977 42.2188 42.237  42.2559 42.2778
 42.2983 42.3108 42.3326 42.3629 42.3897 42.4155 42.4408 42.4574 42.4713
 42.4904 42.5023 42.519  42.5343 42.5463 42.5625 42.5756 42.5923 42.6108
 42.6344 42.6494 42.6733 42.693  42.7102 42.7272 42.7603 42.7761 42.7919
 42.8264 42.8444 42.8755 42.9016 42.9195 42.9445 42.9713 43.0123 43.0344
 43.0586 43.0826 43.1179 43.1345 43.1484 43.1725 43.1982 43.2255 43.2434
 43.2745 43.3031 43.3254 43.3542 43.3869 43.4055 43.4411 43.4649 43.5061
 43.5402 43.659  43.8463 49.2538 49.9401
50.2846 50.3409 50.3633 50.4157 50.4589 50.4895 50.5427 50.5825 50.6114
 50.6416 50.6863 50.7227 50.7433 50.7684 50.7878 50.8149 50.8334 50.85
 50.8679 50.886  50.9038 50.9255 50.9408 50.9603 50.9727 50.9922 51.0249
 51.0404 51.0595 51.0776 51.0922 51.1079 51.121  51.1386 51.1503 51.1621
 51.1763 51.1863 51.2006 51.2166 51.2292 51.2398 51.2568 51.2701 51.2826
 51.2956 51.3119 51.3248 51.3446 51.3604 51.3743 51.3901 51.4013 51.4128
 51.4258 51.439  51.4507 51.4618 51.4749 51.4872 51.5022 51.5164 51.5311
 51.5453 51.5606 51.5785 51.5921 51.6069 51.619  51.6403 51.6538 51.6673
 51.6804 51.6936 51.7055 51.722  51.7354 51.7497 51.7618 51.7728 51.7845
 51.8058 51.8203 51.8328 51.8433 51.8541 51.8689 51.8891 51.9044 51.9326
 51.9458 51.9644 51.9791 51.9908 52.0111 52.0246 52.0381 52.0661 52.0835
 52.1169 52.1358 52.1564 52.1763 52.1946 52.2169 52.2346 52.2734 52.29
 52.3117 52.35   52.3668 52.3846 52.4066 52.4436 52.4658 52.5006 52.5391
 52.5778 52.6489 52.7009 52.8452 57.8587 57.9988 58.9442 59.1244 59.2509
 59.5117 59.5491 59.5833 59.6131 59.6343 59.6578 59.7491 59.7651 59.8017
 59.8253 59.8522 59.8721 59.8913 59.9268 59.9558 59.98
60.0028 60.0251 60.0416 60.0639 60.0795 60.0927 60.1061 60.122  60.1415
 60.1634 60.1784 60.193  60.2082 60.2223 60.2343 60.2487 60.2644 60.2803
 60.2953 60.309  60.3209 60.336  60.3522 60.3694 60.3851 60.3992 60.4167
 60.4307 60.4412 60.4555 60.4679 60.4802 60.4907 60.5041 60.5173 60.5334
 60.5474 60.5651 60.5846 60.6024 60.6267 60.6465 60.6687 60.6875 60.704
 60.7166 60.7328 60.7493 60.7644 60.7797 60.7956 60.8212 60.8346 60.848
 60.8647 60.8833 60.9017 60.9165 60.9312 60.9486 60.9643 60.9833 61.0067
 61.0256 61.0479 61.0741 61.0978 61.1139 61.1292 61.1473 61.1589 61.1781
 61.1924 61.2138 61.2429 61.2626 61.2819 61.3172 61.3409 61.3706 61.3918
 61.4307 61.4567 61.4849 61.5133 61.532  61.5661 61.647  61.7289 61.822
 67.5769 67.8302 68.1529 68.3048 68.4268 68.4611 68.5113 68.604  68.6286
 68.6658 68.6972 68.725  68.7558 68.774  68.8299 68.8491 68.8663 68.8876
 68.9    68.9165 68.9341 68.9556 68.9708 68.9895 69.0038 69.0197 69.0315
 69.0494 69.0645 69.0757 69.0875 69.1018 69.116  69.1285 69.1468 69.1617
 69.1739 69.1855 69.1976 69.2114 69.2244 69.2394 69.2504 69.2627 69.2763
 69.2868 69.298  69.311  69.3263 69.34   69.3543 69.3637 69.3759 69.3852
 69.4001 69.4098 69.4213 69.4336 69.4464 69.4569 69.4692 69.4828 69.4945
 69.5061 69.5184 69.53   69.5425 69.5539 69.5636 69.5733 69.5841 69.5959
 69.6055 69.6169 69.6306 69.6424 69.656  69.6666 69.678  69.6901 69.6997
 69.7104 69.7201 69.7311 69.7418 69.753  69.7689 69.7813 69.7926 69.8058
 69.8163 69.8267 69.8369 69.8495 69.8602 69.8716 69.884  69.8966 69.9081
 69.9216 69.9318 69.9447 69.957  69.9697 69.9816 69.9989

