14.4298 14.4731 14.5832 14.6573 14.6826 14.7187 14.7686 14.7897 14.8435
 14.9005 15.1784
21.9107 22.6699 22.8949 22.9447 22.965  23.1779 23.2444 23.378  23.4347
 23.4781 23.5913 23.615  23.6738 23.7177 23.7586 23.8265 23.8623 23.8948
 23.9077 23.9272 23.9584 23.9717 24.0543 24.0689 24.1393 24.1869 24.2192
30.9978 32.2015 32.2276 32.4385 32.4781 32.5111 32.5575 32.5822 32.7062
 32.7955 32.9165 33.0061 33.0245 33.0685 33.1389 33.1523
40.7972 41.1358 41.2855 41.5268 41.6651 42.1737 42.2505 49.4403 49.8516
 49.9588 49.989
50.1076 50.3138 50.3429 50.388  50.6227 50.6736 50.7139 50.885  50.9344
 50.9757 50.9978 51.0689 51.1685 51.3439 55.2962 59.1685 59.1934 59.4154
 59.6473 59.6786 59.8895 59.9264 59.9656 59.9876
60.0133 60.1308 60.1538 60.4568 65.3943 68.075  68.1361 68.1633 68.204
 68.2713 68.2947 68.3558 68.4065 68.4556 68.5055 68.5777 68.6276 68.7055
 68.8519 68.9486 68.969  69.0174 69.0675 69.1434 69.1877 69.2126 69.247
 69.2646 69.2882 69.3203 69.641

