10.8715 13.6044 13.9479 14.008  14.0571 14.1283 14.202  14.3252 14.3468
 14.3812 14.4124 14.4297 14.4739 14.4982 14.5184 14.5561 14.5784 14.6184
 14.6375 14.6767 14.6955 14.7232 14.7447 14.7608 14.7783 14.7972 14.8165
 14.844  14.8602 14.8853 14.9014 14.9172 14.9362 14.949  14.9703 14.9943
 15.022  15.0395 15.0623 15.0809 15.1008 15.1178 15.1391 15.1655 15.1827
 15.1974 15.2148 15.2307 15.2429 15.254  15.2683 15.2845 15.2973 15.3097
 15.328  15.3428 15.3607 15.3821 15.3973 15.4126 15.4295 15.4518 15.4652
 15.4794 15.4957 15.512  15.5358 15.5552 15.5741 15.588  15.6042 15.6219
 15.6406 15.6594 15.6773 15.693  15.7243 15.7447 15.7663 15.7872 15.8191
 15.8488 15.8775 15.9029 15.9178 15.9367 15.9565 15.9861 16.0298 16.0933
 16.1454 16.1778 16.2389 16.2643
21.3806 22.2576 23.1779 23.2153 23.2391 23.3072 23.3388 23.3649 23.4252
 23.5006 23.5556 23.5764 23.595  23.6114 23.6258 23.6476 23.6684 23.6892
 23.7082 23.7419 23.7672 23.7832 23.7989 23.8127 23.8242 23.837  23.8514
 23.8668 23.8851 23.8967 23.91   23.9229 23.9403 23.9546 23.971  23.9846
 23.9985 24.0107 24.0289 24.043  24.0541 24.0719 24.0855 24.0979 24.1107
 24.1238 24.1374 24.1509 24.1608 24.1719 24.1823 24.194  24.2044 24.2154
 24.2299 24.2418 24.2543 24.2655 24.2802 24.2913 24.3036 24.3164 24.3289
 24.338  24.3474 24.3589 24.3715 24.3838 24.3943 24.4059 24.4164 24.427
 24.4388 24.452  24.4629 24.473  24.4858 24.4985 24.5093 24.521  24.531
 24.5439 24.5556 24.5668 24.5781 24.5894 24.6003 24.6111 24.6229 24.6355
 24.6471 24.662  24.6733 24.6856 24.6986 24.7137 24.7259 24.7368 24.7477
 24.7695 24.7856 24.7973 24.8125 24.8261 24.8408 24.8547 24.8668 24.8828
 24.9012 24.9236 24.9352 24.9615 24.976  24.9939 25.0157 25.0291 25.0495
 25.0778 25.1251 25.1538 25.1869 25.2816 25.3168
30.0457 30.8429 31.7552 31.8582 31.9317 31.9674 32.033  32.1029 32.1557
 32.1815 32.2307 32.3833 32.4051 32.4353 32.4627 32.4936 32.5235 32.5494
 32.5692 32.587  32.6121 32.6324 32.6488 32.6653 32.6875 32.712  32.728
 32.7446 32.7591 32.7808 32.7943 32.8087 32.8241 32.8406 32.8632 32.8755
 32.8909 32.9031 32.9159 32.9316 32.948  32.9634 32.9808 32.9967 33.0125
 33.0255 33.0428 33.0537 33.0668 33.0803 33.0927 33.1077 33.1203 33.1318
 33.1437 33.1605 33.1728 33.1858 33.202  33.2175 33.2308 33.2447 33.2555
 33.269  33.2823 33.2939 33.3105 33.3275 33.3387 33.3519 33.366  33.3783
 33.393  33.4062 33.4186 33.4321 33.4423 33.4534 33.4642 33.4773 33.4891
 33.5014 33.5111 33.5257 33.5428 33.5561 33.568  33.5814 33.5938 33.6059
 33.6202 33.6324 33.646  33.66   33.6716 33.6844 33.6986 33.7105 33.7215
 33.7327 33.7434 33.7566 33.7724 33.7849 33.7969 33.8116 33.8247 33.8385
 33.8518 33.8672 33.879  33.8928 33.9087 33.9215 33.9378 33.9524 33.9687
 33.9809 33.9977 34.0253 34.0408 34.0711 34.0962 34.1108 34.1357 34.177
 34.1984 34.216  34.2858 34.3173 34.3382 34.4587 34.5116 34.7803
40.3826 40.4756 40.7372 40.9172 41.0457 41.1382 41.1856 41.2973 41.3385
 41.3681 41.396  41.4259 41.4776 41.5483 41.5942 41.6128 41.6287 41.6648
 41.6967 41.7146 41.7401 41.7791 41.8219 41.8483 41.8656 41.8914 41.9178
 41.9419 41.9593 41.9759 42.0001 42.0173 42.0357 42.0479 42.0684 42.0826
 42.0994 42.1178 42.1329 42.1478 42.1753 42.194  42.2263 42.247  42.2637
 42.2818 42.2984 42.3132 42.3279 42.3457 42.361  42.3764 42.3915 42.4086
 42.4208 42.4365 42.4677 42.4853 42.507  42.5366 42.5521 42.5665 42.5837
 42.6029 42.6183 42.6319 42.6462 42.6598 42.6799 42.6974 42.7119 42.7251
 42.7474 42.7652 42.7929 42.8109 42.8347 42.8518 42.8664 42.8808 42.9055
 42.9227 42.9476 42.9624 42.9805 43.0066 43.0346 43.0552 43.0761 43.0951
 43.1243 43.149  43.2144 43.2385 43.2723 43.301  43.348  43.3962 48.318
 49.6527 49.7776 49.9
50.0774 50.1058 50.1597 50.1943 50.2329 50.2666 50.3047 50.3286 50.3624
 50.4453 50.4702 50.4946 50.5136 50.5448 50.5645 50.5877 50.6059 50.6237
 50.6636 50.6928 50.7201 50.7349 50.7546 50.7791 50.7983 50.8135 50.8266
 50.8453 50.8623 50.8772 50.892  50.9099 50.9295 50.9423 50.9582 50.9729
 50.9963 51.0124 51.0241 51.0366 51.0503 51.0617 51.0749 51.0876 51.1027
 51.1159 51.1308 51.1469 51.1618 51.1737 51.1833 51.1991 51.2111 51.2261
 51.2367 51.2487 51.2623 51.2766 51.2914 51.3037 51.3171 51.3303 51.3409
 51.3528 51.3629 51.3732 51.3851 51.3973 51.4095 51.4195 51.4312 51.4471
 51.4599 51.4722 51.4834 51.4961 51.5101 51.521  51.5371 51.5531 51.5654
 51.5795 51.5926 51.6037 51.6174 51.6305 51.6464 51.6569 51.6702 51.6825
 51.6961 51.7102 51.7243 51.7365 51.7555 51.7712 51.785  51.7994 51.8154
 51.8291 51.8461 51.862  51.8758 51.891  51.9068 51.9258 51.9404 51.9526
 51.9644 51.9776 51.9925 52.0085 52.0252 52.0384 52.05   52.065  52.0827
 52.1014 52.1228 52.1375 52.1693 52.1888 52.2075 52.2302 52.266  52.2876
 52.3602 52.4696 56.4659 57.6902 58.4337 58.6597 58.6878 58.8378 59.0089
 59.2398 59.3064 59.3293 59.3538 59.3817 59.4097 59.5163 59.5613 59.6023
 59.6342 59.6718 59.6919 59.7096 59.7277 59.7514 59.7698 59.7933 59.8146
 59.8363 59.8527 59.8684 59.8861 59.8976 59.9129 59.9369 59.9589 59.9746
 59.9888
60.0053 60.0198 60.0313 60.0477 60.0689 60.0808 60.0924 60.1052 60.1185
 60.1308 60.1509 60.1691 60.1803 60.1979 60.2207 60.2386 60.2539 60.2661
 60.277  60.2879 60.3003 60.3127 60.3332 60.3465 60.3609 60.3784 60.3902
 60.4054 60.426  60.4379 60.4538 60.4649 60.4753 60.488  60.4999 60.512
 60.5231 60.5357 60.5478 60.5619 60.5782 60.5965 60.6111 60.6265 60.6411
 60.6533 60.6683 60.6838 60.6961 60.7101 60.7276 60.7444 60.7569 60.7735
 60.7861 60.8064 60.8243 60.8413 60.852  60.8653 60.8771 60.8894 60.9024
 60.9159 60.9301 60.9466 60.9611 60.9766 61.0069 61.0408 61.064  61.0812
 61.1008 61.1153 61.1364 61.1549 61.1791 61.1985 61.2309 61.2567 61.3069
 61.3942 61.4285 66.2637 67.8398 68.0256 68.1467 68.2904 68.4025 68.4346
 68.4605 68.5009 68.5349 68.5608 68.5858 68.6068 68.6349 68.6558 68.6729
 68.6879 68.7026 68.7248 68.7457 68.7615 68.7837 68.8108 68.828  68.851
 68.8726 68.8925 68.9098 68.9247 68.942  68.9532 68.9683 68.9822 68.9975
 69.0097 69.0258 69.0437 69.0603 69.0741 69.0854 69.1009 69.1169 69.1319
 69.1472 69.1634 69.1789 69.1908 69.2017 69.2124 69.2258 69.2346 69.2444
 69.2565 69.2692 69.2804 69.2896 69.2992 69.3092 69.3208 69.3304 69.3431
 69.3558 69.3668 69.382  69.3943 69.4043 69.4156 69.4295 69.4406 69.451
 69.4635 69.473  69.4861 69.4977 69.5081 69.518  69.5292 69.5395 69.551
 69.5604 69.5705 69.5812 69.5906 69.6036 69.6142 69.6256 69.6376 69.6475
 69.658  69.6683 69.6802 69.6913 69.7032 69.7141 69.7296 69.7424 69.7533
 69.7625 69.7726 69.7818 69.791  69.8009 69.8108 69.8208 69.8337 69.8438
 69.8551 69.8684 69.8809 69.8973 69.91   69.9198 69.9334 69.946  69.9579
 69.9708 69.9807 69.9905

