12.5082 12.8769 13.4132 13.7483 13.948  14.0037 14.0639 14.1649 14.1857
 14.2164 14.5123 14.555  14.696  14.7771 14.8339 14.8529 14.8988 15.0487
 15.1813
21.9646 22.3639 23.1827 23.4342 23.9288 23.9917 24.1551 24.1823
30.0954 30.1309 31.8444 32.3314 32.6202 32.8032 32.9578 33.0108 33.0399
40.6297 40.8697 41.1746 41.2456 41.3209 41.4044 41.6    41.6887 41.7374
 41.7586 41.8291 42.0763 42.2696 47.2917 49.0436 49.4142 49.5807
50.0016 50.0326 50.1323 50.2267 50.3128 50.5104 50.5405 50.5657 50.5856
 50.6187 50.6934 50.7867 51.0194 58.6695 59.0198 59.2115 59.5285 59.6264
 59.7366 59.8288 59.9942
60.1573 60.2533 60.4366 67.9725 68.0956 68.2789 68.3286 68.3728 68.4062
 68.5735 68.6072 68.7805 68.924  68.9667 69.0168 69.0693 69.086  69.1041
 69.1877 69.2215 69.2585 69.2867 69.3203

