12.6449 13.9017 14.1329 14.1945 14.2344 14.2797 14.3222 14.4244 14.4524
 14.5918 14.6506 14.8682
22.1429 22.7294 23.0403 23.1838 23.3113 23.3859 23.4411 23.9296 24.1599
 24.3042
30.5179 32.0902 32.2087 32.3877 32.5126 32.5573 32.6964 32.7548 32.8122
 32.9246 33.0421 33.0685 33.1114 33.3554 38.4176
41.5012 41.5656 41.5852 41.6092 41.6697 41.7957 42.1282 46.0826 47.33
 48.292  48.9334 49.1889 49.7613 49.8005 49.9138
50.2078 50.2276 50.2588 50.3147 50.3351 50.3697 50.3967 50.437  50.4553
 50.4733 50.6267 50.6479 50.6875 50.7448 50.8799 58.5343 59.3074 59.3398
 59.4765 59.5788 59.612  59.6389 59.72   59.7391 59.7633 59.8154 59.8692
 59.8921 59.9565 59.9924
60.0148 60.0546 60.0689 60.0979 60.1229 60.159  60.1805 60.202  60.4083
 60.428  60.4995 67.4575 67.57   68.0079 68.0388 68.0654 68.1914 68.3108
 68.4084 68.4397 68.5915 68.6683 68.7483 68.7809 68.8066 68.8311 68.8859
 69.2001

