12.5041 14.0729 14.4202 14.4853 14.6807 15.0222 15.1861 15.231  15.2936
 19.3796
23.6244 23.6661 23.7198 23.8802 23.9889 24.0398 24.1301 24.3392 24.3641
 24.3973 24.6624
32.8874 33.0487 33.2963 33.3208 33.4261 33.4895 33.5543
41.0096 41.2832 41.3119 41.5967 41.6369 41.7553 41.8449 42.0677 42.1165
 42.1498 42.2416 42.3352 42.4295 49.1096
50.2525 50.4207 50.5227 50.6932 50.7148 50.7828 50.8322 50.8596 50.9498
 50.9929 51.0123 51.0403 51.0686 51.1212 51.2075 51.244  51.2594 51.2987
 51.3289 51.4104 55.4795 59.1788 59.6329 59.6879 59.7212 59.8869
60.0059 60.0575 60.0915 60.1673 60.2359 60.2608 60.2869 60.3013 60.321
 60.3576 60.3878 60.4053 60.4231 60.4587 60.4867 60.5709 60.5916 60.6478
 60.691  60.7951 60.832  60.9443 66.7019 68.0159 68.1375 68.4108 68.4538
 68.4983 68.5504 68.6213 68.718  68.7502 68.8418 68.8605 68.8929 68.9593
 69.0339 69.0833 69.1499 69.2809 69.3125 69.3407 69.3972 69.4139 69.4306
 69.4711 69.5159 69.5553 69.5702 69.601  69.7099 69.8807 69.9373 69.9755

