10.7736 13.5119 13.7436 14.0007 14.0398 14.2115 14.2817 14.3275 14.4657
 14.4932 14.5346 14.8146 14.8376 14.8605
23.3738 23.4329 23.7658 23.8188 23.983  24.0206 24.3031
31.3549 32.5254 32.5908 32.7423 32.8018 32.89   32.946  33.0041 33.2741
40.4398 40.7138 41.5309 41.5945 41.8359 41.9839 42.0369 42.0618 48.9752
 49.5196 49.9181 49.9448
50.087  50.1431 50.2027 50.3731 50.4025 50.4354 50.5406 50.5734 50.5894
 50.6248 50.6803 50.6947 50.7217 50.7435 50.7791 50.8544 50.8976 51.0124
 57.0727 59.0977 59.2269 59.4495 59.5623 59.5813 59.6289 59.6914 59.7441
 59.7621 59.8805 59.9013
60.0376 60.0921 60.1352 60.1726 60.2117 60.2658 60.2939 60.411  60.432
 60.532  65.5388 67.879  68.0219 68.1386 68.1703 68.2146 68.305  68.4354
 68.462  68.5097 68.5653 68.5864 68.6901 68.7326 68.8032 68.8213 68.8833
 68.9412 68.9613 69.0157 69.0342 69.1035 69.1303 69.1501 69.2471 69.2608

