12.4329 13.0962 13.6054 13.6405 13.7617 13.8638 13.89   13.9313 13.9756
 13.9939 14.0135 14.0705 14.0936 14.1088 14.1254 14.1432 14.159  14.1744
 14.1869 14.205  14.2193 14.2346 14.2788 14.2986 14.3288 14.3495 14.3673
 14.3798 14.3926 14.4077 14.4201 14.4304 14.4436 14.4565 14.4672 14.489
 14.5087 14.5263 14.5398 14.5528 14.5718 14.591  14.6086 14.6223 14.6336
 14.6467 14.6626 14.6776 14.6913 14.7032 14.719  14.7324 14.7431 14.7593
 14.7719 14.7833 14.7953 14.8091 14.8212 14.8326 14.8451 14.8589 14.8732
 14.8838 14.8954 14.9111 14.9221 14.9352 14.9452 14.9574 14.9681 14.9805
 14.9935 15.0031 15.0143 15.0286 15.043  15.0563 15.0713 15.0849 15.0977
 15.1193 15.1319 15.1455 15.1599 15.1738 15.1854 15.1966 15.2113 15.2397
 15.2571 15.2735 15.2959 15.3104 15.3233 15.3353 15.3515 15.3683 15.3882
 15.4099 15.4219 15.4325 15.446  15.4606 15.4748 15.4944 15.5096 15.5271
 15.546  15.5632 15.582  15.5965 15.6158 15.6308 15.6441 15.6639 15.6851
 15.7049 15.7209 15.7407 15.7555 15.7786 15.7957 15.8137 15.8502 15.8757
 15.9007 15.9364 15.9848 16.0324 16.4147 16.5949
21.6301 22.1878 22.2322 22.5031 22.6239 22.6706 22.7357 22.8627 22.9268
 22.9728 22.9997 23.0199 23.0554 23.1232 23.1626 23.1822 23.2104 23.2375
 23.2685 23.303  23.3216 23.3472 23.3677 23.3843 23.4097 23.4219 23.4363
 23.4536 23.468  23.4838 23.503  23.5195 23.5437 23.5637 23.5763 23.5961
 23.6105 23.6234 23.6415 23.6575 23.6698 23.6813 23.6933 23.7059 23.7209
 23.7356 23.7474 23.7581 23.7675 23.7791 23.7907 23.8054 23.8193 23.835
 23.8479 23.8607 23.8733 23.884  23.8968 23.9144 23.9266 23.9409 23.9634
 23.975  23.9855 23.9946 24.0066 24.0192 24.032  24.0431 24.0556 24.0661
 24.0792 24.0907 24.1064 24.1268 24.1394 24.1501 24.163  24.1769 24.1901
 24.2038 24.2169 24.2284 24.2433 24.2551 24.2679 24.2813 24.2943 24.3081
 24.3209 24.3313 24.3424 24.3534 24.37   24.3874 24.3996 24.4127 24.4265
 24.4387 24.4539 24.4654 24.4829 24.4979 24.511  24.5239 24.5392 24.5534
 24.5672 24.5826 24.5956 24.614  24.6299 24.6455 24.6598 24.6767 24.6967
 24.711  24.7274 24.7429 24.7597 24.7771 24.798  24.8383 24.866  24.8886
 24.9086 24.9366 24.9771 25.0076 25.0283 25.046  25.0742 25.0989 25.1533
 25.1806 25.2568 29.5656
31.0253 31.3994 31.866  32.1087 32.1612 32.2126 32.2411 32.3058 32.3586
 32.3851 32.4105 32.4467 32.4681 32.4902 32.5149 32.5473 32.5723 32.5919
 32.6106 32.6253 32.6426 32.6602 32.6748 32.6915 32.7059 32.7296 32.7474
 32.7606 32.7799 32.7932 32.8083 32.8319 32.8469 32.8597 32.8746 32.8885
 32.9063 32.9213 32.9344 32.9463 32.9576 32.9688 32.9839 32.9998 33.0167
 33.0297 33.0414 33.0575 33.0673 33.0842 33.0999 33.112  33.1237 33.1349
 33.1483 33.1643 33.1749 33.1899 33.2033 33.2146 33.2246 33.2355 33.2467
 33.261  33.2752 33.2861 33.2998 33.3105 33.3245 33.3349 33.3462 33.3585
 33.3696 33.3834 33.3944 33.4093 33.4211 33.4323 33.4434 33.4596 33.4715
 33.4876 33.5022 33.512  33.5219 33.5312 33.5422 33.5553 33.5691 33.5825
 33.5943 33.6094 33.6231 33.6358 33.6542 33.6642 33.6773 33.7129 33.7255
 33.7396 33.7519 33.7657 33.7863 33.8049 33.8242 33.8419 33.858  33.8737
 33.8935 33.9106 33.929  33.9407 33.9623 33.9794 33.9943 34.009  34.0291
 34.0408 34.0554 34.0701 34.0942 34.11   34.1418 34.1649 34.1792 34.193
 34.2251 34.2409 34.2712 34.2956 34.3175 34.3409 34.3918 34.4268 34.4645
 39.6848 39.7194
40.3891 40.4822 40.5208 40.644  40.6775 40.726  40.7521 40.8537 40.8752
 40.9574 41.0494 41.101  41.1556 41.1824 41.2089 41.2339 41.2549 41.2775
 41.2944 41.312  41.3281 41.3455 41.3637 41.3769 41.3905 41.4073 41.4264
 41.443  41.4602 41.4748 41.4914 41.505  41.5196 41.5359 41.5502 41.5667
 41.5906 41.6121 41.6234 41.6358 41.6521 41.6643 41.6759 41.6893 41.7027
 41.7157 41.7275 41.7425 41.7593 41.772  41.7869 41.7979 41.8095 41.8202
 41.8297 41.8413 41.853  41.8635 41.8742 41.8837 41.8967 41.9077 41.9229
 41.9358 41.95   41.9633 41.9746 41.9844 41.9944 42.0057 42.0169 42.0282
 42.0419 42.0523 42.0632 42.0736 42.0862 42.0968 42.1101 42.1233 42.1372
 42.1514 42.1638 42.1743 42.187  42.1981 42.2083 42.2197 42.2339 42.2473
 42.2623 42.2742 42.2849 42.2987 42.3094 42.3203 42.3305 42.3425 42.3533
 42.3683 42.3791 42.3904 42.4037 42.4167 42.4268 42.4393 42.4515 42.4625
 42.4754 42.4873 42.5049 42.516  42.5318 42.545  42.5596 42.5701 42.585
 42.6024 42.6197 42.6347 42.6474 42.6597 42.6728 42.6885 42.7058 42.7188
 42.7309 42.7443 42.7645 42.7783 42.7916 42.8076 42.8301 42.8457 42.8666
 42.881  42.8982 42.9165 42.9353 42.9584 42.9748 42.9905 43.0062 43.0218
 43.0358 43.0555 43.0724 43.0955 43.1241 43.1635 43.1896 43.2329 43.3168
 48.7032 49.6108 49.7914 49.9258 49.9693 49.9998
50.1037 50.1789 50.2149 50.2674 50.2909 50.3088 50.372  50.3959 50.4355
 50.4603 50.5167 50.5317 50.5489 50.5741 50.6004 50.6168 50.6328 50.6482
 50.6606 50.6739 50.6853 50.701  50.7143 50.7269 50.741  50.7559 50.7734
 50.7874 50.8018 50.8143 50.8279 50.8401 50.8537 50.8641 50.8747 50.8902
 50.9099 50.9241 50.9331 50.9432 50.9564 50.969  50.9865 51.0002 51.0144
 51.0304 51.0433 51.0552 51.0673 51.0783 51.0893 51.1021 51.1176 51.129
 51.1402 51.1556 51.1679 51.1779 51.1893 51.2004 51.2108 51.2211 51.2317
 51.2427 51.2579 51.2704 51.2799 51.2912 51.3036 51.3171 51.328  51.3408
 51.3537 51.3659 51.3783 51.3893 51.3989 51.4102 51.4202 51.4319 51.4447
 51.4555 51.4679 51.4785 51.4892 51.5022 51.5141 51.525  51.5376 51.5494
 51.5596 51.5746 51.5866 51.5989 51.6121 51.6219 51.6345 51.6465 51.6599
 51.6734 51.6873 51.6981 51.7101 51.7215 51.7353 51.7471 51.7626 51.7758
 51.7889 51.8061 51.8165 51.8285 51.8452 51.8616 51.8763 51.8895 51.9029
 51.9162 51.9308 51.946  51.9594 51.9742 51.9913 52.0154 52.0411 52.0595
 52.0779 52.0929 52.1105 52.1261 52.1384 52.1623 52.1811 52.2029 52.2254
 52.2457 52.2649 52.2928 52.3172 52.3306 52.3539 52.3757 52.3965 52.4357
 52.554  52.6178 58.0344 58.7916 59.4304 59.5196 59.7217 59.7527 59.7868
 59.8658 59.9398
60.0217 60.0427 60.0672 60.1052 60.126  60.1512 60.1655 60.1918 60.2082
 60.2275 60.2423 60.2676 60.2866 60.3041 60.3222 60.3341 60.3497 60.3774
 60.397  60.4212 60.4405 60.4567 60.471  60.4872 60.4985 60.5118 60.526
 60.5393 60.5691 60.5844 60.597  60.6113 60.6258 60.6355 60.647  60.6645
 60.6779 60.6901 60.7029 60.7171 60.7284 60.7398 60.7499 60.762  60.7739
 60.7875 60.7983 60.8082 60.8226 60.8347 60.8494 60.8605 60.8721 60.8862
 60.9028 60.9137 60.9267 60.94   60.9548 60.9688 60.9877 61.004  61.0182
 61.0306 61.044  61.0586 61.0772 61.0921 61.1045 61.1175 61.1325 61.1445
 61.1583 61.1736 61.1878 61.2018 61.2167 61.2286 61.247  61.2626 61.2862
 61.2969 61.3115 61.3354 61.3507 61.3677 61.3821 61.3992 61.4167 61.4333
 61.4507 61.4623 61.4848 61.5115 61.5304 61.5578 61.5775 61.5996 61.6526
 61.6715 61.6976 61.7253 61.7454 61.7651 61.7888 61.8447 61.889  61.9083
 61.9416 61.9863 62.0416 67.5048 67.901  68.149  68.2881 68.5738 68.7042
 68.7894 68.8107 68.8402 68.8749 68.8989 68.9243 68.9585 68.9781 69.0165
 69.0318 69.0525 69.0731 69.0939 69.1083 69.1427 69.1696 69.1863 69.2046
 69.2304 69.2455 69.2595 69.2778 69.2898 69.3081 69.3306 69.3485 69.3648
 69.3808 69.3972 69.4141 69.4335 69.4465 69.4575 69.4737 69.488  69.5036
 69.5168 69.5317 69.5448 69.555  69.5672 69.5812 69.5951 69.6136 69.6271
 69.6402 69.6527 69.6639 69.6745 69.6889 69.7068 69.7203 69.7311 69.7436
 69.7547 69.7678 69.7774 69.7902 69.8035 69.8226 69.8366 69.8531 69.8661
 69.8778 69.8893 69.9041 69.914  69.9246 69.9411 69.953  69.9658 69.9777
 69.9901

