12.4591 13.1852 13.303  13.4174 13.4871 13.5116 13.6643 13.7693 13.7828
 13.7987 13.8201 13.8544 13.8743 13.9217 13.9663 13.9917 14.0127 14.0377
 14.0648 14.1071 14.1233 14.1372 14.1549 14.1706 14.1898 14.22   14.2424
 14.2572 14.269  14.2819 14.2945 14.3099 14.3287 14.345  14.3589 14.3712
 14.3838 14.3976 14.4077 14.418  14.4365 14.452  14.4652 14.4774 14.4933
 14.5097 14.5204 14.5334 14.5479 14.5626 14.5724 14.5867 14.605  14.6238
 14.6367 14.65   14.6627 14.6793 14.6938 14.7088 14.725  14.7388 14.7506
 14.7618 14.7732 14.7874 14.8021 14.8141 14.8295 14.8426 14.8531 14.8684
 14.881  14.8928 14.9048 14.9174 14.9294 14.9415 14.954  14.967  14.9792
 14.9906 15.0057 15.0188 15.0299 15.0424 15.0546 15.0666 15.0808 15.0962
 15.1118 15.1281 15.1407 15.1582 15.1733 15.1861 15.1995 15.2131 15.2242
 15.2378 15.2493 15.2618 15.2741 15.2903 15.3011 15.3186 15.332  15.3435
 15.3549 15.3677 15.381  15.3991 15.4169 15.4366 15.452  15.4708 15.4895
 15.5051 15.5206 15.5495 15.5694 15.5845 15.5995 15.6182 15.6374 15.6975
 15.7265 15.7452 15.7892 15.8253 15.8487 15.8748 15.8904 15.9082 15.9265
 15.9691 15.9873 16.0165 16.0396 16.0667 16.1219 16.1533 16.2046 16.2287
 16.2703 16.3805 16.418  16.4672
20.798  22.1274 22.4312 22.4975 22.5869 22.8276 22.8434 22.9068 22.9277
 22.9576 22.9893 23.0056 23.0273 23.0587 23.0856 23.1043 23.1225 23.148
 23.1711 23.2    23.2385 23.2573 23.2723 23.2956 23.3184 23.335  23.3555
 23.3737 23.3922 23.4097 23.4206 23.4331 23.4453 23.4616 23.4788 23.4905
 23.5025 23.5202 23.5358 23.5524 23.5649 23.5799 23.5938 23.6074 23.6316
 23.6494 23.6686 23.6796 23.6897 23.7043 23.7231 23.7462 23.7579 23.7699
 23.7811 23.7919 23.8062 23.8179 23.8276 23.838  23.8507 23.8633 23.8856
 23.8988 23.9125 23.9244 23.9376 23.9477 23.9581 23.9702 23.9866 23.9993
 24.0129 24.0229 24.0343 24.0436 24.0546 24.0662 24.0772 24.0903 24.1046
 24.1172 24.1304 24.1416 24.155  24.1672 24.1793 24.1918 24.2035 24.2157
 24.2263 24.2388 24.2499 24.2603 24.2715 24.2848 24.2946 24.3046 24.3167
 24.328  24.3384 24.3498 24.3628 24.379  24.3915 24.4053 24.418  24.431
 24.4419 24.4528 24.4645 24.4758 24.4893 24.5015 24.5131 24.5236 24.5378
 24.5524 24.5726 24.5865 24.6019 24.6159 24.6329 24.6507 24.6793 24.6981
 24.7166 24.7335 24.7581 24.7733 24.7871 24.8033 24.8207 24.8406 24.8632
 24.8897 24.9106 24.9299 24.9525 24.9753 24.9927 25.0114 25.0338 25.0533
 25.0983 25.129  25.1599 25.1798 25.2004 25.2535 25.2815 25.3344 25.4406
30.3242 31.2037 31.2857 31.6547 31.7527 31.8468 31.8709 31.9842 32.0469
 32.1719 32.2432 32.2925 32.324  32.3396 32.3638 32.3946 32.4177 32.4474
 32.4751 32.4912 32.5058 32.5305 32.564  32.5955 32.6181 32.6318 32.643
 32.6563 32.6699 32.6877 32.7082 32.7269 32.7414 32.7627 32.7813 32.7926
 32.8045 32.8159 32.8279 32.839  32.8496 32.8603 32.8726 32.8872 32.9021
 32.918  32.9351 32.9487 32.9596 32.9718 32.9906 33.0016 33.0141 33.0262
 33.0424 33.0568 33.069  33.0802 33.0915 33.1073 33.1206 33.1346 33.1481
 33.1626 33.1759 33.1875 33.2068 33.2182 33.231  33.2426 33.2527 33.265
 33.2752 33.2858 33.2969 33.31   33.3234 33.3342 33.3456 33.3563 33.3693
 33.3838 33.3969 33.4086 33.4192 33.4324 33.4465 33.4592 33.4718 33.483
 33.4966 33.508  33.5261 33.537  33.5481 33.5585 33.574  33.5927 33.6078
 33.6225 33.6363 33.6509 33.6695 33.6849 33.7009 33.7188 33.7341 33.746
 33.759  33.7737 33.7848 33.8005 33.8128 33.8276 33.8403 33.8613 33.8806
 33.8944 33.9085 33.9251 33.9506 33.9645 33.9769 33.9917 34.011  34.0282
 34.0442 34.0591 34.0766 34.0883 34.1111 34.1272 34.1485 34.1687 34.182
 34.2103 34.2294 34.2618 34.2828 34.301  34.3273 34.3489 34.4002 34.4287
 34.4526 34.4843 34.5087 34.5611 34.6551 34.6995 34.7374 39.3535
40.5306 40.5947 40.6467 40.7068 40.7375 40.7729 40.8044 40.9034 40.9439
 40.9664 40.997  41.0686 41.0827 41.1145 41.1419 41.1739 41.1953 41.2145
 41.2301 41.2435 41.2564 41.2695 41.2892 41.3166 41.332  41.3448 41.3591
 41.3747 41.3863 41.403  41.4307 41.4489 41.4686 41.4809 41.4928 41.5053
 41.5192 41.5316 41.5448 41.5573 41.5704 41.5802 41.5952 41.608  41.6192
 41.631  41.6432 41.6543 41.6668 41.679  41.6897 41.6993 41.7091 41.7204
 41.7333 41.7445 41.7577 41.7681 41.7813 41.7923 41.8029 41.8147 41.8254
 41.8364 41.8531 41.8651 41.8777 41.8901 41.9056 41.9165 41.9288 41.941
 41.9519 41.9633 41.9748 41.9867 42.0003 42.0116 42.0221 42.0323 42.0439
 42.0552 42.0684 42.0785 42.0886 42.0994 42.1085 42.118  42.1289 42.1379
 42.1485 42.1589 42.1721 42.1832 42.1928 42.2024 42.2123 42.2234 42.2352
 42.2453 42.2576 42.2691 42.2797 42.2885 42.2985 42.31   42.319  42.3292
 42.3387 42.3532 42.3635 42.3736 42.3855 42.3956 42.4069 42.4181 42.4302
 42.4421 42.453  42.4672 42.4786 42.4912 42.5053 42.5167 42.529  42.5401
 42.5524 42.5647 42.5774 42.5923 42.6051 42.6182 42.63   42.6445 42.6595
 42.6766 42.6871 42.6999 42.7227 42.7386 42.7557 42.7715 42.7851 42.7965
 42.8107 42.8227 42.8405 42.86   42.8739 42.8935 42.913  42.9298 42.9455
 42.9616 42.989  43.009  43.0228 43.041  43.0638 43.0934 43.1087 43.1289
 43.1517 43.1682 43.1823 43.209  43.2299 43.2456 43.2677 43.2855 43.3093
 43.3419 43.4131 43.4404 43.4813 43.5395 47.0647 49.2131 49.5929 49.7363
 49.8519 49.9276 49.9496
50.0244 50.0745 50.1556 50.1841 50.2326 50.2474 50.2718 50.301  50.3336
 50.3678 50.3841 50.4129 50.4413 50.4725 50.4936 50.5225 50.5419 50.5666
 50.5842 50.6017 50.6167 50.6342 50.6513 50.6675 50.6787 50.6945 50.7082
 50.7232 50.7409 50.7612 50.774  50.7875 50.8022 50.8129 50.8251 50.837
 50.8489 50.861  50.8733 50.8845 50.9001 50.9113 50.9259 50.9391 50.9523
 50.9651 50.979  50.9903 51.0029 51.0145 51.0274 51.0374 51.0507 51.061
 51.0712 51.0811 51.0925 51.1041 51.1169 51.1318 51.1423 51.1537 51.1659
 51.1757 51.189  51.2031 51.2182 51.2309 51.2429 51.2536 51.2655 51.2758
 51.2889 51.3027 51.3153 51.3246 51.3348 51.3464 51.3585 51.3698 51.3795
 51.3901 51.4023 51.4159 51.4288 51.4406 51.4514 51.463  51.4791 51.491
 51.502  51.5109 51.5213 51.5322 51.5451 51.5577 51.568  51.5828 51.5928
 51.604  51.6145 51.6275 51.6409 51.6504 51.6607 51.6717 51.6855 51.6981
 51.7087 51.7194 51.7308 51.7416 51.7528 51.7634 51.7745 51.7885 51.8046
 51.8198 51.8385 51.8538 51.866  51.8768 51.8895 51.9023 51.9173 51.9328
 51.9456 51.9607 51.9787 51.992  52.0048 52.0163 52.0285 52.0417 52.0599
 52.0765 52.0925 52.1106 52.1299 52.1501 52.1663 52.1818 52.1989 52.2132
 52.2352 52.2503 52.2701 52.2855 52.2998 52.3175 52.3372 52.3619 52.3959
 52.4127 52.4306 52.4491 52.4698 52.4987 52.5175 52.5559 52.5809 52.5987
 52.6356 52.6792 52.7299 52.7826 56.7947 58.2659 58.7397 58.7691 58.8093
 59.5391 59.5745 59.6979 59.7255 59.7521 59.8176 59.8407 59.8676 59.9188
 59.9514
60.0115 60.0357 60.0618 60.0793 60.1156 60.1428 60.165  60.1828 60.2045
 60.2353 60.2558 60.2745 60.2968 60.316  60.3338 60.3512 60.3701 60.3853
 60.3983 60.4115 60.4264 60.4415 60.4594 60.4749 60.4879 60.5006 60.5125
 60.5283 60.5487 60.5694 60.588  60.6032 60.6222 60.6343 60.645  60.6566
 60.6726 60.6834 60.6976 60.7153 60.7318 60.7429 60.7541 60.7702 60.7809
 60.795  60.809  60.8225 60.8391 60.852  60.8667 60.879  60.8931 60.91
 60.9217 60.9355 60.9475 60.9613 60.9742 60.9881 61.0055 61.0179 61.0292
 61.0456 61.0593 61.0704 61.083  61.0959 61.1079 61.1205 61.1326 61.1437
 61.1557 61.1689 61.1826 61.2045 61.2168 61.2276 61.2413 61.2575 61.274
 61.2918 61.3079 61.3188 61.3306 61.3447 61.3601 61.3727 61.4015 61.4136
 61.429  61.4542 61.4745 61.4917 61.5056 61.5188 61.5363 61.5581 61.5844
 61.6142 61.6341 61.6529 61.6786 61.7005 61.7182 61.7403 61.7717 61.7989
 61.8489 61.8652 61.8937 61.9133 61.9375 61.9769 62.0186 62.054  62.0772
 62.1242 62.1704 62.3029 67.1309 68.2237 68.3395 68.4145 68.5962 68.6861
 68.7097 68.7285 68.7598 68.7768 68.802  68.8217 68.8629 68.9242 68.9413
 68.9658 68.9793 68.9927 69.0152 69.0352 69.0592 69.0935 69.1155 69.1336
 69.1623 69.198  69.2187 69.2385 69.257  69.2725 69.2902 69.3065 69.3341
 69.3518 69.3635 69.3787 69.3938 69.4089 69.4241 69.4356 69.4535 69.4676
 69.4867 69.5062 69.5212 69.5352 69.5582 69.587  69.6023 69.6137 69.6309
 69.6444 69.6562 69.6749 69.6884 69.6999 69.7114 69.7252 69.7416 69.7578
 69.7729 69.79   69.8029 69.8156 69.8265 69.8377 69.848  69.8596 69.8705
 69.8899 69.9036 69.9164 69.9319 69.9466 69.9598 69.971  69.9853 69.9978

