13.4625 13.7    13.782  13.9428 14.1437 14.1866 14.2414 14.3939 14.4757
 14.5741 14.6064 14.6237 14.6433 14.6727 14.8431
22.3248 23.0473 23.1837 23.2123 23.3219 23.3444 23.3752 23.4374 23.4774
 23.5423 23.5735 23.5987 23.6543 23.7252 23.8172 24.0156
31.9526 32.0066 32.0713 32.1731 32.2368 32.2871 32.4095 32.5709 32.606
 32.766  32.8247 32.8573 32.8871 32.9323 33.0029 33.0594 33.0988 37.6817
40.2566 40.4808 40.7093 40.763  40.8377 40.8859 40.9839 41.0543 41.0861
 41.3586 41.4127 41.461  41.4817 41.5292 41.6604 41.7158 41.7374 41.7618
 41.813  41.8475 41.8636 47.8329 49.7313
50.1193 50.2099 50.2694 50.3354 50.3563 50.4679 50.5361 50.5607 50.6673
 50.7475 50.7716 50.8306 50.9011 50.9188 50.9487 51.0115 51.1513 59.7963
 59.9827
60.0346 60.1212 60.1628 60.2309 60.358  60.4023 60.4399 60.5589 67.8628
 68.7703 68.8543 68.9424 69.0135 69.1365 69.1891 69.2429 69.2803 69.3558
 69.3867 69.4495 69.5645 69.5858

