11.2325 12.8924 13.0667 13.1017 13.2301 13.255  13.3097 13.4116 13.4672
 13.5126 13.6755 13.8179
20.8164 21.0649 21.8327 22.0497 22.1819 22.2458 22.3739 22.3926 22.4426
 22.4735 22.4862 22.5351 22.5852 22.6107 22.7568 22.8633
30.8956 30.9463 31.1479 31.2572 31.3206 31.3696 31.42   31.4991 31.5392
 35.4926 39.682  39.7848 39.8734 39.9648
40.1479 40.1675 40.2919 40.3655 40.4936 40.5256 40.6153 47.38   48.0271
 48.4594 48.6414 48.7286 48.7582 48.86   48.9714 49.0567 49.0757 49.2211
 49.2543 49.3067 49.3391 49.3819 49.4208
57.1337 57.2826 57.5919 57.627  57.8201
65.2057 66.2265 66.3086 66.5019 66.5492 66.5868 66.6134 66.6372 66.7233
 66.7747 66.7975 66.9071 66.9581 67.0839

