13.0109 13.1386 13.2489 13.2881 13.3559 13.3963 13.4373 13.4619 13.4793
 13.5031 13.5267 13.5568 13.5981 13.6308 13.6497 13.6739 13.692  13.7227
 13.7357 13.7617 13.7744 13.7896 13.8054 13.8216 13.833  13.846  13.8639
 13.8804 13.8997 13.9156 13.9381 13.9514 13.9653 13.9824 13.997  14.0133
 14.0317 14.0517 14.0748 14.0891 14.1001 14.1159 14.13   14.145  14.1601
 14.1777 14.1934 14.2057 14.2174 14.2302 14.2418 14.2536 14.2686 14.2825
 14.2966 14.3103 14.3228 14.3357 14.3576 14.3702 14.384  14.3958 14.4071
 14.4252 14.4439 14.4567 14.4686 14.4841 14.496  14.5076 14.517  14.5271
 14.5373 14.5475 14.5572 14.5692 14.5812 14.5915 14.6027 14.6145 14.6249
 14.6356 14.647  14.6606 14.6726 14.6846 14.7015 14.7149 14.7263 14.7425
 14.7615 14.7752 14.7873 14.8009 14.8153 14.8298 14.8406 14.854  14.869
 14.8814 14.8987 14.9132 14.9268 14.9398 14.959  14.9723 14.9855 15.0019
 15.016  15.0289 15.0425 15.0555 15.0697 15.0841 15.0984 15.1147 15.1307
 15.1431 15.1557 15.1702 15.1844 15.1955 15.2078 15.2212 15.2347 15.2457
 15.2574 15.2706 15.2857 15.2986 15.3139 15.3262 15.3387 15.3571 15.3692
 15.3845 15.3992 15.4129 15.4317 15.4499 15.4752 15.4925 15.5123 15.5316
 15.5491 15.5676 15.5887 15.6135 15.6317 15.6482 15.6679 15.6879 15.7123
 15.7347 15.7558 15.7818 15.8167 15.8717
21.4023 21.5229 21.6059 21.7505 21.7843 21.9073 21.973  22.0017 22.0301
 22.0701 22.0957 22.1565 22.1951 22.2191 22.2459 22.2867 22.3091 22.3299
 22.3516 22.3799 22.4056 22.4297 22.4493 22.4651 22.4784 22.4928 22.5058
 22.5219 22.5439 22.5543 22.5654 22.5771 22.5913 22.603  22.6188 22.6313
 22.6435 22.6549 22.6649 22.6779 22.6928 22.7074 22.7184 22.7303 22.7434
 22.7556 22.7704 22.7835 22.7957 22.8064 22.8168 22.8256 22.836  22.8467
 22.8571 22.8687 22.8814 22.8919 22.9028 22.913  22.9253 22.9343 22.9434
 22.9537 22.9641 22.974  22.9843 22.995  23.005  23.0152 23.0275 23.0382
 23.049  23.0627 23.0736 23.0859 23.0966 23.1067 23.1166 23.1282 23.1385
 23.1474 23.1562 23.1664 23.1776 23.1886 23.2006 23.2109 23.2205 23.2308
 23.2401 23.249  23.2593 23.269  23.2784 23.2889 23.2987 23.3077 23.3177
 23.3283 23.3368 23.347  23.3566 23.3656 23.3754 23.3846 23.3941 23.4035
 23.4126 23.4221 23.4317 23.4417 23.4507 23.4612 23.4704 23.4806 23.4898
 23.5006 23.5098 23.5187 23.5274 23.536  23.5456 23.5554 23.5664 23.5755
 23.5847 23.5937 23.6035 23.6131 23.6227 23.6323 23.642  23.6512 23.6616
 23.6709 23.6822 23.6922 23.7024 23.7123 23.7249 23.7354 23.7458 23.7584
 23.7687 23.7797 23.79   23.8011 23.8104 23.8216 23.8346 23.8434 23.8535
 23.8625 23.8745 23.8836 23.8935 23.9043 23.9139 23.9244 23.9342 23.9452
 23.9549 23.9659 23.9747 23.9848 23.9941 24.0038 24.0137 24.0227 24.0327
 24.0416 24.0505 24.0609 24.0706 24.0819 24.0921 24.1047 24.1171 24.1278
 24.1387 24.1491 24.1603 24.1718 24.1824 24.193  24.2053 24.2165 24.2294
 24.2404 24.2522 24.2655 24.2771 24.2895 24.302  24.3134 24.3253 24.3371
 24.3498 24.3614 24.3751 24.3868 24.3992 24.4104 24.4218 24.4335 24.4464
 24.4588 24.4711 24.4864 24.5043 24.5176 24.5313 24.5464 24.5593 24.5751
 24.5928 24.6072 24.6241 24.6427 24.6602 24.6773 24.6954 24.715  24.7439
 24.7617 24.7901 24.8075 24.8387 24.8697 24.907
30.3732 30.6919 30.8928 31.1087 31.1681 31.2095 31.2291 31.289  31.3269
 31.3745 31.4081 31.4452 31.4657 31.519  31.546  31.5637 31.5762 31.5967
 31.6164 31.6393 31.6531 31.681  31.702  31.7192 31.7353 31.7622 31.7752
 31.7984 31.8167 31.8275 31.8431 31.8593 31.8741 31.8876 31.8981 31.9115
 31.9286 31.9505 31.9653 31.9779 31.9962 32.0099 32.0274 32.0431 32.0557
 32.0669 32.0815 32.0924 32.1029 32.1148 32.1284 32.1413 32.1555 32.1753
 32.1881 32.2029 32.2138 32.2265 32.2382 32.2493 32.2612 32.2714 32.2843
 32.2992 32.3119 32.3226 32.3333 32.3432 32.3549 32.3644 32.3744 32.3851
 32.3966 32.4087 32.4247 32.4357 32.4471 32.4611 32.473  32.4844 32.4972
 32.5083 32.519  32.53   32.544  32.5535 32.5684 32.5801 32.5916 32.6027
 32.6129 32.6243 32.6343 32.6457 32.6562 32.6674 32.6865 32.6988 32.7113
 32.7208 32.7315 32.7451 32.7563 32.7682 32.7806 32.7979 32.8117 32.8247
 32.8339 32.8441 32.8554 32.8666 32.8779 32.8909 32.9027 32.9172 32.9281
 32.9397 32.9519 32.9684 32.9802 32.9948 33.0093 33.0194 33.031  33.0426
 33.0543 33.0676 33.0814 33.0939 33.1095 33.1219 33.1345 33.1467 33.1582
 33.1688 33.1831 33.1972 33.2101 33.2218 33.2345 33.2469 33.2611 33.2718
 33.282  33.2933 33.305  33.3165 33.3288 33.3409 33.3531 33.3653 33.3802
 33.3932 33.4094 33.4218 33.4358 33.4525 33.4695 33.4874 33.5012 33.5177
 33.533  33.5507 33.5669 33.584  33.6008 33.6158 33.6386 33.6578 33.6709
 33.6895 33.7136 33.747  33.7666 33.8021 33.8368 33.864  33.9161 33.9543
 33.9766 34.0082 34.5543 37.7633 39.2057 39.4041 39.5749 39.6284 39.6738
 39.8068 39.8464 39.8685 39.9295 39.9596 39.9786
40.0084 40.03   40.0518 40.0807 40.1035 40.1194 40.1386 40.1573 40.1746
 40.1926 40.2132 40.2313 40.2476 40.2741 40.2929 40.3047 40.3173 40.3319
 40.3449 40.3587 40.3772 40.3918 40.4104 40.4336 40.4524 40.4648 40.4831
 40.4938 40.5054 40.5194 40.5335 40.5451 40.5553 40.5669 40.5771 40.588
 40.5996 40.613  40.6244 40.6363 40.6504 40.661  40.6715 40.6845 40.6969
 40.709  40.7214 40.7326 40.7442 40.755  40.7652 40.7783 40.7893 40.8054
 40.8148 40.8264 40.8372 40.8474 40.8568 40.8658 40.876  40.8872 40.8985
 40.9115 40.9238 40.9346 40.9471 40.9579 40.9673 40.9779 40.9889 40.9999
 41.0099 41.0201 41.0302 41.0396 41.0483 41.0582 41.0678 41.0768 41.0865
 41.0947 41.1037 41.1138 41.1248 41.1335 41.1435 41.1519 41.1611 41.1713
 41.1816 41.1915 41.2014 41.2135 41.2255 41.2359 41.2447 41.2551 41.2645
 41.2736 41.2839 41.2941 41.3041 41.3144 41.3239 41.3331 41.3427 41.3511
 41.3612 41.3702 41.3797 41.3895 41.4025 41.4121 41.4239 41.4345 41.4453
 41.4557 41.4667 41.4754 41.4859 41.4949 41.5045 41.5137 41.5224 41.5321
 41.5417 41.5523 41.5623 41.5732 41.5837 41.5944 41.6066 41.6179 41.6286
 41.6389 41.6488 41.6592 41.6696 41.6819 41.6916 41.7037 41.7146 41.7247
 41.735  41.7454 41.755  41.7662 41.7761 41.787  41.797  41.8079 41.818
 41.8276 41.838  41.8468 41.8578 41.868  41.8794 41.8921 41.9057 41.9156
 41.9256 41.9361 41.9467 41.9593 41.9708 41.9823 41.994  42.0055 42.0181
 42.0299 42.0406 42.0535 42.0676 42.0777 42.0894 42.101  42.1132 42.1251
 42.1371 42.1486 42.1611 42.1734 42.1881 42.2005 42.2112 42.2281 42.2465
 42.2617 42.2755 42.2883 42.3055 42.3241 42.3408 42.3543 42.3705 42.3848
 42.4028 42.4242 42.4432 42.4628 42.4823 42.5045 42.5219 42.5434 42.5627
 42.5864 42.6121 42.6439 42.6754 43.8565 48.4401 48.4973 48.5642 48.5928
 48.6382 48.7076 48.7479 48.8119 48.8726 48.9117 48.9806 49.0102 49.0809
 49.1163 49.1358 49.1669 49.19   49.2185 49.2305 49.249  49.2637 49.2828
 49.3036 49.3271 49.3414 49.3568 49.3729 49.3859 49.401  49.4257 49.4399
 49.4553 49.4754 49.4924 49.5094 49.5275 49.5434 49.5554 49.5675 49.5803
 49.5917 49.6028 49.6162 49.6286 49.6426 49.6517 49.6634 49.6745 49.6878
 49.6985 49.7111 49.7242 49.74   49.7515 49.7667 49.7818 49.7942 49.8101
 49.8235 49.8351 49.8463 49.8596 49.8699 49.8829 49.8937 49.9045 49.9163
 49.9295 49.9445 49.9568 49.9709 49.9838 49.9972
50.0089 50.0222 50.039  50.0529 50.0695 50.0809 50.0918 50.1019 50.1124
 50.1224 50.1328 50.1433 50.1566 50.1678 50.1785 50.1894 50.2032 50.2168
 50.2299 50.2483 50.2654 50.2759 50.2873 50.2971 50.3076 50.3186 50.3374
 50.3493 50.3694 50.3818 50.3934 50.4054 50.4211 50.4338 50.4462 50.4623
 50.4744 50.4868 50.4993 50.5124 50.5234 50.5367 50.5531 50.5645 50.5806
 50.5928 50.6032 50.6131 50.6271 50.6404 50.6534 50.6678 50.6782 50.6922
 50.7062 50.7214 50.7343 50.7526 50.7679 50.789  50.8041 50.8168 50.8319
 50.8523 50.8687 50.8904 50.9111 50.9293 50.9475 50.9631 50.9824 50.9992
 51.0151 51.034  51.0523 51.0696 51.0896 51.1127 51.1457 51.1822 51.1983
 51.2373 51.2716 51.3152 51.3379 51.3858 51.4483 51.5124 51.6235 57.1601
 57.4    57.6109 57.7108 57.7629 57.8037 57.8267 57.8718 57.8921 57.9046
 57.9801 58.0008 58.0336 58.0533 58.0716 58.0969 58.1206 58.1359 58.1539
 58.1736 58.1916 58.2217 58.2459 58.2645 58.2792 58.297  58.3127 58.3257
 58.3392 58.3528 58.3658 58.3823 58.3918 58.4119 58.4282 58.4399 58.4622
 58.4777 58.4901 58.5045 58.516  58.5302 58.5469 58.5611 58.5769 58.5923
 58.6055 58.6171 58.6325 58.647  58.6609 58.6713 58.6864 58.7005 58.7157
 58.7271 58.7407 58.7543 58.7655 58.7765 58.7882 58.8019 58.8145 58.8307
 58.8433 58.8568 58.8726 58.8867 58.9049 58.9309 58.9471 58.9659 58.9838
 59.0006 59.0123 59.0236 59.0367 59.0503 59.0654 59.0799 59.0911 59.1027
 59.1138 59.1242 59.135  59.1471 59.1579 59.1708 59.182  59.196  59.2126
 59.2245 59.2395 59.2539 59.2671 59.2799 59.2917 59.3017 59.3155 59.3272
 59.3403 59.3519 59.3667 59.3777 59.3916 59.4096 59.4231 59.4348 59.4477
 59.4591 59.4716 59.4842 59.4965 59.5091 59.5196 59.5337 59.544  59.5556
 59.5672 59.5798 59.5911 59.6038 59.6145 59.6287 59.6419 59.6581 59.6718
 59.686  59.6996 59.7114 59.7236 59.7427 59.7568 59.7696 59.7831 59.8045
 59.8226 59.8386 59.856  59.8775 59.8929 59.9073 59.9252 59.944  59.9578
 59.9736 59.9902
60.0042 60.0169 60.0326 60.0485 60.0628 60.0789 60.095  60.1179 60.1356
 60.1549 60.1748 60.193  60.247  60.2787 60.3089 60.3494 60.3705 60.3909
 60.4218 60.5289 64.0074 66.2509 66.3184 66.3437 66.4005 66.4638 66.5666
 66.6443 66.7345 66.7772 66.8254 66.8623 66.9138 66.9337 66.9621 67.0423
 67.0565 67.0867 67.1167 67.1432 67.1629 67.1799 67.1981 67.2195 67.2367
 67.2541 67.2665 67.2823 67.2969 67.3103 67.3327 67.3533 67.3697 67.385
 67.3994 67.415  67.4315 67.4444 67.4573 67.471  67.4859 67.5089 67.5213
 67.5352 67.5463 67.5583 67.5686 67.5814 67.593  67.6031 67.6147 67.6275
 67.6409 67.6587 67.6706 67.6837 67.7071 67.7238 67.7372 67.7492 67.7653
 67.7775 67.791  67.8061 67.817  67.8292 67.8408 67.8528 67.8673 67.8797
 67.8911 67.9018 67.9173 67.9313 67.9461 67.9631 67.979  67.9916 68.0042
 68.015  68.0261 68.039  68.05   68.0679 68.0812 68.0958 68.1059 68.1179
 68.1317 68.1448 68.159  68.1727 68.1871 68.1969 68.2131 68.2268 68.2379
 68.2501 68.2677 68.2814 68.2938 68.3079 68.3256 68.3393 68.3525 68.3657
 68.3818 68.3978 68.4102 68.4235 68.4377 68.4523 68.4623 68.4816 68.4974
 68.5161 68.5277 68.5422 68.5577 68.5766 68.5901 68.6029 68.623  68.6388
 68.6562 68.6761 68.7127 68.7257 68.7406 68.755  68.7712 68.7873 68.8092
 68.8269 68.8455 68.8613 68.8821 68.9041 68.9223 68.9386 68.958  68.9887
 69.0148 69.0639 69.1058 69.15   69.1796 69.1963 69.2227 69.2574 69.2885
 69.3101 69.3415 69.3785 69.4218

