11.6094 12.3887 12.5327 12.5853 12.6948 12.7356 13.0951 13.1358 13.1615
 13.2254 13.2523 13.2745 13.3254 13.3496 13.3789 13.4164 13.4502 13.4735
 13.4902 13.5174 13.5341 13.5586 13.5762 13.5916 13.6044 13.6155 13.6303
 13.6438 13.6622 13.6793 13.696  13.7129 13.7399 13.758  13.7708 13.7817
 13.7956 13.8098 13.8269 13.8398 13.8536 13.8646 13.8744 13.8927 13.9083
 13.9212 13.934  13.9459 13.9623 13.9783 13.9925 14.0042 14.0154 14.026
 14.0387 14.0532 14.064  14.0755 14.0872 14.0993 14.112  14.1262 14.1375
 14.1508 14.1611 14.1716 14.1816 14.1912 14.2012 14.2102 14.2203 14.2309
 14.2414 14.2516 14.2632 14.273  14.2839 14.2945 14.3052 14.3178 14.3301
 14.3417 14.356  14.366  14.3774 14.3868 14.3961 14.4051 14.4162 14.4247
 14.4345 14.4458 14.4551 14.4648 14.4745 14.484  14.4944 14.5054 14.515
 14.5231 14.5336 14.543  14.5521 14.561  14.5712 14.5823 14.5915 14.6018
 14.6126 14.6233 14.6329 14.6418 14.6514 14.661  14.6696 14.6801 14.6895
 14.7003 14.7113 14.7205 14.7302 14.7398 14.7507 14.7613 14.7716 14.7829
 14.7933 14.8056 14.8172 14.8274 14.8386 14.8517 14.8611 14.8726 14.8843
 14.8951 14.9078 14.9205 14.9368 14.9484 14.9603 14.9726 14.9812 14.9909
 15.004  15.0141 15.0259 15.0378 15.0485 15.0622 15.0742 15.0887 15.1013
 15.1145 15.1257 15.1397 15.1528 15.1667 15.1841 15.2036 15.222  15.2354
 15.2509 15.2683 15.2823 15.3    15.3141 15.3322 15.3468 15.3599 15.3721
 15.3908 15.4123 15.4346 15.4527 15.4758 15.4967 15.5109 15.5433 15.5585
 15.5876 15.6109 15.6328 15.6586 15.7043 15.7265 15.7725 15.8185 15.8491
 15.9363
20.4959 21.2087 21.4205 21.5691 21.5938 21.6438 21.6812 21.7915 21.8319
 21.8673 21.9387 21.9602 21.9948 22.0167 22.045  22.0631 22.0804 22.1032
 22.1233 22.1435 22.1602 22.1771 22.1927 22.2106 22.2383 22.2663 22.2796
 22.2967 22.3204 22.3321 22.3466 22.3621 22.3754 22.3904 22.403  22.4169
 22.4277 22.446  22.4651 22.4796 22.4939 22.507  22.5205 22.534  22.5461
 22.561  22.5727 22.584  22.5947 22.6039 22.6147 22.6249 22.6349 22.6444
 22.655  22.6656 22.6755 22.6843 22.693  22.7046 22.7176 22.7271 22.7386
 22.75   22.761  22.7728 22.7819 22.7921 22.8015 22.8111 22.8193 22.8293
 22.8384 22.847  22.8558 22.8643 22.8748 22.884  22.8937 22.9038 22.9134
 22.9234 22.9336 22.9433 22.9518 22.9609 22.9709 22.9814 22.9914 23.0002
 23.0095 23.0183 23.0264 23.0353 23.0432 23.0533 23.0617 23.0707 23.0819
 23.0922 23.1012 23.1095 23.1179 23.1264 23.1352 23.1445 23.1549 23.1641
 23.1732 23.1825 23.1909 23.1987 23.207  23.2152 23.223  23.2317 23.2408
 23.2489 23.2571 23.2666 23.2752 23.2837 23.2925 23.3017 23.31   23.319
 23.3269 23.3349 23.343  23.3507 23.3586 23.3671 23.3751 23.3839 23.392
 23.4008 23.4088 23.4181 23.4264 23.435  23.4429 23.4507 23.4589 23.467
 23.4755 23.4837 23.492  23.5001 23.5086 23.5167 23.5247 23.533  23.5416
 23.5505 23.5592 23.5682 23.5763 23.5849 23.5943 23.6043 23.613  23.6231
 23.6324 23.6428 23.6523 23.6608 23.6694 23.6783 23.6891 23.6973 23.7061
 23.7153 23.7237 23.7323 23.741  23.7499 23.7582 23.7672 23.7762 23.7871
 23.7956 23.8034 23.8124 23.8212 23.8305 23.8389 23.8478 23.8565 23.8663
 23.8751 23.885  23.8947 23.9039 23.9142 23.9232 23.9341 23.9444 23.9538
 23.9634 23.9724 23.9816 23.9905 24.0006 24.0099 24.0197 24.0304 24.0394
 24.0487 24.0584 24.0688 24.0779 24.0875 24.0976 24.1078 24.1184 24.1295
 24.1401 24.1495 24.1608 24.1765 24.1893 24.1998 24.21   24.2215 24.2346
 24.2487 24.2602 24.2734 24.2856 24.2992 24.3109 24.3243 24.337  24.3507
 24.3622 24.3762 24.3878 24.4022 24.4156 24.429  24.442  24.4573 24.4707
 24.4875 24.5017 24.5146 24.5277 24.5454 24.559  24.5767 24.5931 24.6069
 24.6226 24.6477 24.6683 24.6941 24.7124 24.7277 24.7465 24.7693 24.7908
 24.8161 24.8392 24.8822 24.9603 24.9877 25.0158 27.2676
30.6745 30.7038 30.8124 31.0875 31.1441 31.1747 31.2407 31.2654 31.2796
 31.3098 31.3594 31.3767 31.4016 31.4218 31.4407 31.4588 31.4914 31.5039
 31.5176 31.5333 31.5479 31.5634 31.5762 31.593  31.6096 31.6254 31.6379
 31.6478 31.6622 31.6753 31.6885 31.7009 31.7178 31.7305 31.745  31.7565
 31.7684 31.7801 31.7935 31.8106 31.8233 31.8396 31.8507 31.8633 31.8729
 31.8836 31.896  31.9063 31.916  31.9265 31.9364 31.9493 31.9622 31.9738
 31.9837 31.9947 32.0044 32.0146 32.0243 32.0346 32.0465 32.0609 32.0729
 32.0846 32.0961 32.106  32.116  32.1273 32.1381 32.1498 32.1599 32.1693
 32.1799 32.1919 32.2013 32.2109 32.2224 32.2329 32.2435 32.2572 32.2677
 32.2784 32.287  32.2978 32.3073 32.3172 32.3254 32.3353 32.3459 32.3549
 32.3653 32.3753 32.3838 32.3941 32.4041 32.4134 32.4217 32.4303 32.4397
 32.4509 32.463  32.4732 32.4828 32.4927 32.502  32.513  32.5234 32.534
 32.5428 32.5522 32.5605 32.569  32.5781 32.5872 32.5959 32.604  32.6128
 32.6219 32.6307 32.6405 32.651  32.6595 32.6682 32.6767 32.6868 32.6957
 32.7054 32.7147 32.725  32.7367 32.7467 32.7563 32.7653 32.7752 32.7873
 32.7961 32.8071 32.819  32.8297 32.8394 32.8499 32.8608 32.8708 32.8845
 32.8957 32.9064 32.9177 32.9281 32.9386 32.9493 32.9593 32.9711 32.9831
 32.9943 33.0042 33.0153 33.0252 33.0367 33.0475 33.0581 33.0698 33.0805
 33.0912 33.1011 33.1126 33.1248 33.1371 33.1497 33.1602 33.1706 33.1808
 33.1925 33.2058 33.217  33.2282 33.2394 33.256  33.2708 33.2831 33.2959
 33.3073 33.3199 33.3318 33.3517 33.3654 33.3797 33.3945 33.4084 33.4277
 33.4419 33.4552 33.468  33.4844 33.5027 33.5217 33.5382 33.5587 33.5848
 33.6007 33.6246 33.6435 33.6666 33.6949 33.7219 33.7515 33.7861 33.8237
 33.8537 33.9398 39.1812 39.3009 39.3414 39.4742 39.5194 39.5686 39.6074
 39.652  39.6813 39.7079 39.7514 39.8242 39.8459 39.8601 39.8786 39.9055
 39.9271 39.9418 39.9563 39.9708 39.9865
40.0047 40.0272 40.0498 40.0686 40.0835 40.1107 40.131  40.1492 40.1623
 40.183  40.2033 40.2172 40.2296 40.2443 40.2557 40.2704 40.2848 40.2971
 40.3102 40.323  40.3336 40.346  40.3587 40.3764 40.3887 40.4007 40.4131
 40.4238 40.4345 40.4482 40.4592 40.4717 40.4813 40.4928 40.5034 40.5143
 40.5249 40.5348 40.5436 40.5528 40.565  40.5765 40.5877 40.5967 40.6077
 40.6184 40.6291 40.6413 40.6512 40.6616 40.6711 40.6798 40.6883 40.6979
 40.7072 40.7159 40.7253 40.735  40.7444 40.754  40.7623 40.7717 40.7827
 40.7924 40.8011 40.811  40.8215 40.8313 40.8402 40.8493 40.8579 40.8668
 40.8751 40.884  40.893  40.9015 40.9102 40.9185 40.9266 40.9347 40.9434
 40.952  40.9618 40.9719 40.9803 40.9882 40.9967 41.0054 41.015  41.0236
 41.0344 41.0442 41.0557 41.0649 41.0732 41.0817 41.0909 41.0992 41.1081
 41.1171 41.125  41.1323 41.141  41.1497 41.1588 41.1671 41.1752 41.1826
 41.1903 41.1991 41.2082 41.217  41.2253 41.2347 41.2427 41.2513 41.26
 41.2682 41.2764 41.2844 41.2932 41.3018 41.3103 41.3189 41.3274 41.3371
 41.3464 41.3552 41.364  41.3727 41.3808 41.3898 41.3985 41.4073 41.4164
 41.4247 41.4349 41.4442 41.4533 41.4617 41.4697 41.479  41.4884 41.4967
 41.5069 41.5158 41.5249 41.5342 41.5442 41.5531 41.5616 41.5701 41.579
 41.5879 41.5978 41.6071 41.6174 41.6261 41.6362 41.6444 41.6541 41.6633
 41.6728 41.6837 41.6929 41.7027 41.7125 41.7232 41.7327 41.7423 41.7527
 41.7627 41.7728 41.7821 41.7914 41.8025 41.8131 41.8234 41.8341 41.844
 41.8541 41.8643 41.8745 41.8839 41.8947 41.9049 41.9169 41.9277 41.9397
 41.9527 41.964  41.9765 41.9883 41.9999 42.015  42.0269 42.0393 42.0504
 42.0632 42.0743 42.0874 42.1014 42.1152 42.1272 42.1432 42.1582 42.1757
 42.1927 42.2071 42.2236 42.2391 42.2552 42.2706 42.2889 42.3111 42.3287
 42.3474 42.366  42.3826 42.4113 42.4312 42.4509 42.4695 42.4946 42.5239
 42.5448 42.5679 42.6022 42.6365 42.6686 46.8752 47.5889 47.8128 48.1237
 48.2728 48.3235 48.4412 48.4918 48.5156 48.5381 48.6366 48.6895 48.7574
 48.8015 48.8533 48.8766 48.9005 48.9269 48.9482 49.0102 49.0334 49.0554
 49.0719 49.0901 49.1076 49.1227 49.1428 49.1633 49.1787 49.2068 49.225
 49.2435 49.2576 49.2801 49.2942 49.3137 49.3288 49.3456 49.3574 49.3708
 49.384  49.4076 49.4222 49.4319 49.4448 49.4554 49.4662 49.476  49.4885
 49.4993 49.5096 49.5217 49.5321 49.5433 49.5541 49.5659 49.5767 49.5944
 49.6063 49.6178 49.6292 49.6397 49.6502 49.6654 49.6763 49.6892 49.6983
 49.7083 49.7216 49.7329 49.7433 49.7539 49.7636 49.7726 49.7828 49.7927
 49.8018 49.8118 49.8235 49.8342 49.8445 49.855  49.8676 49.8785 49.8892
 49.8999 49.9101 49.9199 49.9299 49.939  49.9511 49.9619 49.9707 49.9803
 49.9932
50.0031 50.0143 50.0245 50.0351 50.0446 50.0547 50.065  50.0747 50.0842
 50.0941 50.1032 50.1126 50.122  50.1319 50.1417 50.1506 50.1615 50.1699
 50.1798 50.1958 50.2071 50.2187 50.2281 50.2372 50.2479 50.2591 50.2685
 50.2812 50.2919 50.3017 50.3108 50.3228 50.333  50.3435 50.3536 50.3634
 50.3746 50.384  50.3943 50.4054 50.4155 50.4267 50.4382 50.4512 50.4608
 50.4728 50.4858 50.4987 50.5108 50.5217 50.5362 50.549  50.5603 50.5721
 50.5895 50.6019 50.6161 50.6261 50.6419 50.6612 50.6724 50.6838 50.6973
 50.709  50.7214 50.7367 50.751  50.7659 50.78   50.7939 50.8072 50.8237
 50.8402 50.8545 50.8703 50.8818 50.8953 50.9107 50.9282 50.9427 50.9617
 50.9761 51.0007 51.0221 51.0404 51.0624 51.0869 51.1095 51.1426 51.1654
 51.1942 51.2126 51.2329 51.2597 51.2876 51.3319 51.4005 51.4725 51.5323
 51.6177 57.0058 57.2649 57.2983 57.4088 57.5124 57.5983 57.6609 57.7324
 57.7697 57.7893 57.8226 57.8386 57.8608 57.8881 57.9097 57.9282 57.9511
 57.9674 57.9845 58.0036 58.0261 58.0465 58.0596 58.0928 58.1056 58.1176
 58.1331 58.1547 58.1709 58.184  58.2034 58.222  58.2329 58.2471 58.2604
 58.2711 58.2844 58.299  58.3141 58.3271 58.3405 58.3525 58.3718 58.391
 58.4004 58.4097 58.4257 58.4435 58.4613 58.4761 58.4881 58.499  58.5112
 58.5231 58.5399 58.5528 58.5654 58.5812 58.5943 58.6087 58.6221 58.6326
 58.6429 58.6527 58.665  58.6771 58.687  58.6972 58.7072 58.7196 58.7309
 58.7426 58.7541 58.7655 58.7795 58.7884 58.7988 58.811  58.8232 58.8353
 58.8462 58.8567 58.8695 58.8806 58.8939 58.9089 58.9214 58.9331 58.9468
 58.9559 58.9652 58.9743 58.9857 58.9969 59.0082 59.0213 59.0313 59.042
 59.0519 59.0623 59.0714 59.0809 59.0921 59.1015 59.114  59.1244 59.1365
 59.1482 59.158  59.1676 59.178  59.1895 59.2014 59.2114 59.2215 59.233
 59.2443 59.2546 59.2674 59.2783 59.2896 59.3005 59.3118 59.323  59.3339
 59.3436 59.3548 59.3687 59.3802 59.3919 59.4031 59.4127 59.4222 59.4339
 59.4434 59.4545 59.4649 59.4763 59.4852 59.4951 59.5045 59.5153 59.5254
 59.5365 59.548  59.5611 59.5745 59.5848 59.5954 59.6096 59.6226 59.6353
 59.6484 59.6625 59.6791 59.6918 59.7057 59.718  59.7311 59.7461 59.7658
 59.7797 59.8018 59.8173 59.831  59.847  59.8616 59.8793 59.8924 59.9072
 59.9292 59.9463 59.9644 59.9793 59.9926
60.0069 60.0253 60.0452 60.0716 60.1208 60.1471 60.1684 60.1946 60.2182
 60.2451 60.2616 60.2811 60.4054 60.5076 65.0896 65.5267 65.9198 66.2247
 66.5404 66.5774 66.7041 66.7434 66.8043 66.8188 66.8398 66.8766 66.8968
 66.9146 66.9446 66.9632 66.9767 66.9903 67.0086 67.0295 67.0548 67.0747
 67.0935 67.1158 67.1453 67.1637 67.1743 67.1879 67.2087 67.2225 67.2373
 67.2491 67.2622 67.2803 67.298  67.3091 67.3242 67.3368 67.347  67.357
 67.3702 67.385  67.397  67.4116 67.4217 67.432  67.4446 67.4577 67.4722
 67.4843 67.4956 67.5111 67.5213 67.5316 67.5426 67.5551 67.5659 67.5778
 67.5886 67.598  67.6087 67.6199 67.6314 67.6443 67.655  67.6656 67.6757
 67.6865 67.6976 67.7103 67.7212 67.7332 67.745  67.7583 67.7711 67.7847
 67.7973 67.8091 67.8229 67.8372 67.8462 67.8577 67.8694 67.8811 67.8942
 67.9074 67.9175 67.9267 67.9369 67.9482 67.9591 67.9741 67.9862 67.9997
 68.0129 68.0228 68.033  68.0429 68.0543 68.0675 68.0795 68.097  68.1111
 68.1234 68.1328 68.1429 68.1525 68.1639 68.1741 68.1871 68.1976 68.2096
 68.2216 68.232  68.246  68.2556 68.2664 68.2777 68.2888 68.2994 68.3111
 68.3237 68.3379 68.3509 68.3627 68.3739 68.3861 68.4016 68.4148 68.4294
 68.4399 68.4497 68.4593 68.47   68.4808 68.4939 68.5061 68.5214 68.5328
 68.5457 68.5576 68.5688 68.5853 68.5984 68.6234 68.6346 68.6472 68.6606
 68.6749 68.6899 68.7096 68.7261 68.7442 68.7657 68.7787 68.7971 68.8243
 68.8444 68.8651 68.8891 68.9088 68.9283 68.9422 68.9678 68.9937 69.0226
 69.0425 69.0587 69.095  69.1359 69.1525 69.1812 69.2078 69.2384

