12.273  12.3749 12.5506 12.5949 12.7503 12.8184 12.9673 13.0097 13.0334
 13.0522 13.0764 13.1664 13.1916 13.2085 13.2279 13.2463 13.2598 13.278
 13.3045 13.3256 13.3735 13.3937 13.4081 13.4634 13.5337 13.6376 13.7034
 13.7369
21.2303 21.3571 21.587  22.0981 22.1862 22.2208 22.5424 22.5601 22.6479
 22.6632 22.7416 22.8143 22.8476 22.8639 22.9019 22.9481
30.9928 31.5165 31.5713 31.6268 31.6631 31.7408 31.7994 31.8187 31.8969
 32.0045 32.1856 35.8498 38.7296 38.8291 38.9739 39.0013 39.0353 39.6712
 39.9282 39.9728 39.9911
40.0158 40.0457 40.0892 40.1154 40.1519 40.1866 40.217  40.2386 40.3116
 40.4295 40.5865 48.0105 48.3855 48.4309 48.6349 48.7265 48.7901 48.8267
 48.8902 48.9348 49.0933 49.1293 49.1939
54.0775 56.7888 56.8437 57.0284 57.0708 57.242  57.3217 57.3694 57.3926
 57.4237 57.449  57.5069 57.6063 57.6236 57.6635 57.7012 57.7588 57.8445
 57.873  58.0157 58.0989
65.6736 65.8681 66.2241 66.5255 66.5808 66.6035 66.6614 66.8379 66.9781
 67.0159 67.0376 67.06

