10.6209 12.165  12.4676 12.9398 12.9999 13.03   13.1244 13.2076 13.2265
 13.2771 13.3074 13.3847 13.4167 13.494  13.5137 13.5385
21.3026 21.679  22.1145 22.2188 22.3489 22.4942 22.7356 22.8514 23.0585
30.0822 30.5266 30.5798 31.5411 31.821  32.0388 39.1416 39.8889
40.1119 40.1568 40.2288 40.2563 40.3508 40.3848 40.3989 40.433  40.5571
 40.5846 40.6703 40.7167 48.3768 48.8805 48.9551 48.9794 49.0677 49.1003
 49.1181 49.1378
57.0556 57.4217 57.5557 57.5868 57.6363 57.6853 57.9236
64.3167 65.6371 66.1969 66.3219 67.0053 67.0956

