11.99   12.4945 12.5995 12.6716 12.9212 12.9846 13.0102 13.0692 13.1667
 13.1865 13.2079 13.2418 13.3163 13.3741 13.3886 13.4125 13.4258 13.4505
 13.4834 13.5089 13.5303 13.5467 13.5581 13.5989 13.6336 13.6704 13.7006
 13.7397 13.8015 13.8927 14.0115
22.0851 22.2989 22.4984 22.5266 22.5628 22.6533 22.6877 22.7117 22.7435
 22.7924 22.8193 22.8795 22.9046 22.9171 22.9549 23.0495 23.0838 23.109
 23.1634 23.1763 23.2804 23.3379 28.5245
31.2027 31.5921 31.9256 31.9786 32.0132 32.0386 32.0713 32.1466 32.1818
 32.2206 32.3395 32.3993 38.1302 39.7169 39.8052 39.913  39.9668
40.0029 40.0565 40.0884 40.1762 40.242  40.2764 40.3122 40.3294 40.3945
 40.4081 40.4223 40.4505 40.4708 40.4822 40.5006 40.5239 40.5531 40.5673
 40.5839 40.6141 40.64   40.652  40.664  40.6928 40.7218 40.7531 40.7811
 40.8533 47.6829 47.8878 48.1471 48.3084 48.4618 48.7173 48.7536 48.7973
 48.8149 48.8298 48.8442 48.9425 48.9929 49.0287 49.07   49.1088 49.1308
 49.1928 49.238  49.2839 49.3016 49.4744
54.4028 56.0906 56.6799 57.1834 57.2479 57.3067 57.4473 57.5446 57.5848
 57.6118 57.6425 57.6818 57.7116 57.7296 57.8013 57.8375 57.8628 57.9116
 57.9494 57.9904 58.0305 58.0488 58.075  58.086  58.0988 58.1467 58.3618
65.9401 66.2034 66.2631 66.552  66.6061 66.7096 66.7372 66.7782 66.814
 66.8462 66.9341 66.9751 67.0051 67.0264 67.0401 67.0998 67.1304 67.2575
 67.2879 67.3177 67.3403

