11.904  12.4152 12.4854 12.7959 12.9684 13.0614 13.1341 13.1646 13.1859
 13.2247 13.2554 13.2783 13.3212 13.35   13.3727 13.4198 13.4415 13.4566
 13.4786 13.5116 13.5257 13.5396 13.6268 13.6832 13.725  13.7464 13.7638
 13.8045 13.8331 13.9178
21.7682 22.0887 22.1713 22.2667 22.3022 22.4044 22.4297 22.4534 22.544
 22.5809 22.5974 22.6097 22.6336 22.7382 22.8201 22.8885 22.9125 22.9359
 23.0027 23.0756 23.0952 23.1433 23.2038 29.1248
30.9313 31.1193 31.3118 31.3637 31.4005 31.4333 31.601  31.6908 31.7622
 31.7945 31.8935 31.9225 31.9476 32.0028 32.1205 32.1687 32.192  36.7022
 37.5713 38.5579 39.4371 39.6343 39.6906 39.7352 39.7552 39.8139 39.8615
 39.8852 39.9955
40.0231 40.0508 40.1006 40.1719 40.1997 40.221  40.242  40.2685 40.287
 40.3089 40.3258 40.3508 40.3732 40.3949 40.4135 40.5783 40.6496 40.7553
 46.3598 46.4838 46.7695 47.4905 48.2014 48.3459 48.3939 48.4296 48.4658
 48.545  48.5837 48.6508 48.7228 48.7627 48.7809 48.8014 48.8249 48.8594
 48.8944 48.9468 48.9719 49.0259 49.0622 49.1547 49.2235 49.3026 49.3156
56.237  56.7721 56.9097 56.9717 57.1863 57.2199 57.2618 57.284  57.3328
 57.3855 57.4097 57.5311 57.5802 57.6278 57.6487 57.6653 57.6957 57.7718
 57.7935 57.8379 57.8933 57.9327 57.9688 57.9826 58.0144 58.0334 58.0903
 58.1834
63.875  65.4704 65.9851 66.0189 66.0785 66.1552 66.2037 66.2274 66.3332
 66.567  66.6244 66.7497 66.7794 66.8639 66.9376 66.9602 66.998  67.0437
 67.0635 67.2379

