10.39   11.7767 12.6557 12.7297 12.8738 13.2131 13.2927 13.31   13.3317
 13.3459 13.3857 13.4241 13.6539 13.8388 13.9786 14.1039 19.9522
20.4896 21.9599 22.2826 22.3364 22.4204 22.5616 22.6322 22.665  22.774
 22.7982 22.8387 22.8854 22.9212 22.936  22.9623 23.0355 23.1618
30.886  31.3576 31.4357 31.4717 31.6334 31.6809 31.8027 31.8773 31.9258
 31.9499 32.0097 32.0546 32.0993 32.1669 32.2119 32.3189 38.7611 39.3488
 39.4858 39.5176 39.7367 39.7647 39.8654
40.0154 40.0364 40.1691 40.2093 40.2516 40.2896 40.412  40.5594 40.6756
 40.7168 40.8907 45.1884 46.6353 47.7097 48.5538 48.6057 48.6369 48.6639
 48.803  48.8373 48.9239 48.9538 48.9808 49.0086 49.0597 49.3652 49.448
54.5165 55.2359 55.9053 57.1074 57.1793 57.2756 57.326  57.4119 57.4868
 57.5469 57.6005 57.6358 57.6916 57.7296 57.7587 57.7842 57.8669 57.9274
 58.0227 58.0653 58.1503 58.1798 58.2018 58.228  58.3348
65.7667 65.9733 66.1713 66.2245 66.2521 66.3488 66.3949 66.4206 66.5747
 66.7368 66.7928 66.8274 66.8627 66.92   66.9487 67.04   67.1648 67.1845
 67.2129 67.2383 67.2642 67.2831

