14.1503 14.3369 14.5207 14.8803 14.9438 14.9816 15.0058 15.1276 15.1733
 15.1969 15.2452 15.3557
23.0113 23.5103 23.5429 23.6223 23.745  23.8874 24.0152 24.0825 24.1265
 24.1707 24.1966 24.2208 24.2489 24.2879 24.3336 24.3583 24.3769 24.4115
 24.4445 24.4819 24.5194 24.5339 24.6362 24.7233 24.7747 24.8767
32.5856 32.7725 32.971  33.0894 33.2523 33.274  33.4883 33.6499 33.7477
 33.8113 33.9513 34.0064 34.1044 34.1203 34.1475 34.1672 34.2429 34.2757
 39.2597
40.7937 42.3636 42.6831 42.8398 42.9446 43.0038 43.0873 43.2762 43.3576
 43.389  43.4255 43.4598 43.4865 43.5716 43.6068 43.6588 43.6873 43.7052
 43.8508 43.8956 43.9184 44.0051
52.1722 52.3202 52.3648 52.5957 52.7069 52.8422 52.8726 52.9468 52.9747
 52.991  53.0068 53.0368 53.0839 53.1019 53.1216 53.1466 53.2526 53.2777
 53.357
60.9214 61.0984 61.4374 61.611  61.7376 61.7589 61.7789 61.8028 61.8829
 61.9247 61.9826 62.0158 62.0935 62.2151 62.3698 62.4186 62.4497 62.4794
 62.568  62.6925 62.7118 62.7286 62.7878

