12.6071 13.8002 14.3685 14.4648 14.602  14.6882 14.7745 14.8249 14.8445
 14.8879 14.9104 14.9707 14.9922 15.0095 15.0311 15.0464 15.0591 15.0793
 15.0992 15.1187 15.1489 15.173  15.1951 15.2167 15.2377 15.2546 15.2769
 15.2915 15.3076 15.3394 15.3701 15.3944 15.4076 15.4197 15.439  15.4593
 15.4777 15.5014 15.5186 15.5326 15.5468 15.5611 15.5747 15.5859 15.5995
 15.6166 15.6295 15.6433 15.657  15.6698 15.6948 15.7096 15.7239 15.7429
 15.7553 15.7681 15.7811 15.7935 15.8104 15.8216 15.834  15.8449 15.8591
 15.8763 15.8897 15.9016 15.9136 15.9265 15.937  15.952  15.9645 15.9774
 15.9945 16.0085 16.0259 16.0388 16.0491 16.0598 16.0714 16.082  16.0947
 16.1105 16.1252 16.1395 16.1561 16.1674 16.1827 16.2023 16.2183 16.2323
 16.2446 16.2604 16.2735 16.2952 16.3099 16.3236 16.3364 16.3552 16.3722
 16.3888 16.4028 16.4163 16.4288 16.4418 16.4596 16.4739 16.4967 16.5173
 16.534  16.549  16.5616 16.5782 16.5897 16.6061 16.6278 16.6467 16.6644
 16.6803 16.6985 16.7143 16.7296 16.7456 16.758  16.7759 16.7924 16.822
 16.837  16.8639 16.8839 16.8981 16.9181 16.9402 16.9723 17.0026 17.0199
 17.0377 17.0535 17.0835 17.1039 17.1287 17.1537 17.1792 17.1962 17.2185
 17.2434 17.2706 17.2865 17.305  17.3297 17.3608 17.3904 17.4087 17.4346
 17.4624 17.4921 17.534  17.5716 17.6092 17.6653 18.1654
23.4035 23.7426 23.8367 23.8688 23.9837 24.0391 24.1289 24.1585 24.1837
 24.2147 24.2472 24.2796 24.3034 24.3305 24.3474 24.3709 24.3841 24.4032
 24.4212 24.4418 24.4574 24.4724 24.4868 24.5049 24.5199 24.5404 24.5528
 24.5671 24.581  24.596  24.608  24.623  24.6377 24.6506 24.6627 24.6769
 24.6906 24.7037 24.7138 24.728  24.7399 24.7512 24.7651 24.7797 24.7928
 24.802  24.813  24.8263 24.8407 24.8671 24.8815 24.8943 24.909  24.922
 24.9323 24.9441 24.9556 24.9668 24.9808 24.9932 25.0035 25.0148 25.0284
 25.0434 25.0538 25.0649 25.0764 25.0878 25.0995 25.1118 25.1253 25.1359
 25.1477 25.1572 25.167  25.1806 25.1943 25.2071 25.224  25.2369 25.2494
 25.2606 25.2755 25.2896 25.2994 25.3119 25.3264 25.337  25.3465 25.3585
 25.3693 25.3823 25.3944 25.4061 25.4178 25.4307 25.4444 25.4549 25.4671
 25.4774 25.4884 25.5001 25.5145 25.53   25.5409 25.5532 25.5665 25.5777
 25.5879 25.5997 25.6127 25.6269 25.6409 25.6565 25.6734 25.6878 25.7004
 25.7135 25.7252 25.7393 25.7527 25.7638 25.7748 25.7859 25.7969 25.8123
 25.8241 25.8354 25.8477 25.8595 25.873  25.8873 25.8994 25.9106 25.9243
 25.9356 25.9475 25.9592 25.9728 25.9852 25.9987 26.011  26.0229 26.0364
 26.0475 26.0576 26.0688 26.0821 26.0953 26.1066 26.1179 26.1307 26.1468
 26.1617 26.1769 26.1925 26.2048 26.2201 26.2346 26.2473 26.2636 26.2757
 26.2912 26.3034 26.3164 26.3307 26.3419 26.3615 26.3769 26.3924 26.4068
 26.4216 26.4362 26.4528 26.469  26.4847 26.5027 26.5174 26.5342 26.5494
 26.565  26.585  26.605  26.6273 26.645  26.6638 26.6953 26.7131 26.7414
 26.7735 26.7961 26.8219 26.8457 26.8715 26.891  26.9134 26.9371 26.9787
 27.0069 27.0284 27.0487 27.0878 27.1131 27.1554
32.844  32.887  33.034  33.2209 33.4081 33.4808 33.5156 33.5424 33.5856
 33.6977 33.7139 33.7322 33.7684 33.8362 33.8635 33.894  33.928  33.9516
 33.9747 33.9878 34.0025 34.0352 34.0522 34.0647 34.0922 34.1088 34.1234
 34.1411 34.1572 34.1762 34.194  34.208  34.2227 34.2367 34.2522 34.2743
 34.2971 34.3207 34.3339 34.3496 34.3635 34.3792 34.4043 34.4213 34.4363
 34.451  34.463  34.4736 34.488  34.5035 34.5171 34.5353 34.5544 34.566
 34.5795 34.5924 34.6085 34.6272 34.643  34.658  34.6709 34.6833 34.7019
 34.7165 34.7301 34.7432 34.7544 34.7708 34.7856 34.8005 34.8195 34.8371
 34.8499 34.8719 34.8886 34.9077 34.9221 34.9438 34.9726 34.9837 34.9985
 35.0182 35.0354 35.0515 35.0659 35.0872 35.1069 35.1231 35.1444 35.1613
 35.1804 35.1976 35.2187 35.2318 35.2473 35.26   35.2725 35.286  35.3003
 35.3197 35.3362 35.3524 35.3714 35.3865 35.4    35.4143 35.4303 35.4543
 35.4765 35.4968 35.5342 35.5626 35.5819 35.6065 35.6225 35.6363 35.6565
 35.6715 35.69   35.7079 35.7227 35.7404 35.7605 35.7817 35.8093 35.8248
 35.8399 35.8568 35.8781 35.8929 35.9134 35.9451 35.9637 35.9911 36.0315
 36.0503 36.07   36.0906 36.1098 36.1495 36.178  36.2174 36.244  36.2726
 36.2959 36.3173 36.3426 36.3986 36.4207 36.4398 36.4664 36.5064 36.6317
40.3761 42.3664 42.4869 42.8052 42.904  42.9709 43.0578 43.0999 43.1852
 43.2281 43.2663 43.3659 43.4121 43.4812 43.5203 43.5379 43.5534 43.6059
 43.6381 43.6738 43.6949 43.7107 43.7323 43.7511 43.766  43.7836 43.8235
 43.8363 43.851  43.8679 43.8931 43.9146 43.9326 43.9447 43.9564 43.9691
 43.9832 43.997  44.0155 44.0286 44.0453 44.064  44.0787 44.0939 44.109
 44.1216 44.1349 44.1501 44.1686 44.184  44.1957 44.2106 44.2218 44.2338
 44.2462 44.2583 44.2746 44.2913 44.3032 44.3141 44.3285 44.3471 44.361
 44.3757 44.3892 44.4038 44.4213 44.4362 44.4602 44.4827 44.4962 44.5107
 44.5253 44.5433 44.5735 44.587  44.6068 44.6218 44.6431 44.6572 44.6777
 44.6899 44.7036 44.7281 44.7468 44.7644 44.7869 44.805  44.8218 44.8392
 44.8533 44.8678 44.8855 44.8999 44.9148 44.928  44.9467 44.9655 44.9822
 44.9994 45.0129 45.0272 45.0384 45.0499 45.0624 45.0758 45.0909 45.1034
 45.1161 45.1295 45.1441 45.1555 45.1725 45.1848 45.1975 45.2122 45.2372
 45.2537 45.2712 45.2881 45.3052 45.3221 45.3382 45.3526 45.3743 45.3957
 45.4129 45.427  45.4494 45.4734 45.4888 45.5047 45.5252 45.5412 45.5569
 45.5734 45.6001 45.6298 45.651  45.672  45.6886 45.7084 45.73   45.7586
 45.7793 45.806  45.8271 45.8488 45.8759 45.8919 45.9183 45.9413 45.9662
 45.9959 46.0123 46.0305 46.0652 46.1073 46.1363 46.1669 46.2066 46.3046
51.1477 51.6108 51.8899 51.9167 52.0634 52.2668 52.3889 52.4295 52.5254
 52.5495 52.6117 52.6493 52.6809 52.7001 52.7178 52.7431 52.7619 52.7831
 52.8007 52.8228 52.8391 52.8565 52.8787 52.9036 52.9237 52.9439 52.9611
 52.9846 52.9988 53.0166 53.0347 53.0455 53.059  53.0775 53.0918 53.1072
 53.1247 53.1363 53.1458 53.157  53.1683 53.1863 53.1974 53.2102 53.223
 53.2398 53.2524 53.2629 53.2769 53.2933 53.3063 53.3204 53.3301 53.3417
 53.3526 53.3643 53.3778 53.3888 53.4029 53.4131 53.4254 53.4355 53.4479
 53.4596 53.4692 53.4821 53.4923 53.504  53.5165 53.5306 53.543  53.5528
 53.5634 53.5755 53.5896 53.6007 53.6101 53.6202 53.6325 53.6455 53.6604
 53.6715 53.6812 53.6934 53.7038 53.7159 53.7274 53.7382 53.751  53.7606
 53.7728 53.7857 53.7998 53.8094 53.8217 53.8316 53.8422 53.8537 53.8647
 53.8769 53.8876 53.8998 53.9106 53.9205 53.9317 53.9415 53.9521 53.9616
 53.9737 53.9842 53.9942 54.0069 54.0182 54.0292 54.0424 54.0562 54.0673
 54.0789 54.0902 54.1    54.1137 54.125  54.1388 54.1502 54.164  54.1762
 54.1858 54.1959 54.2077 54.2187 54.2296 54.2436 54.2544 54.2662 54.2773
 54.288  54.2978 54.309  54.3194 54.3305 54.3437 54.3569 54.3679 54.38
 54.3939 54.4048 54.4147 54.4262 54.4422 54.4544 54.4643 54.4759 54.4869
 54.4972 54.509  54.5218 54.533  54.5438 54.5552 54.5691 54.5801 54.5929
 54.6058 54.6201 54.6304 54.645  54.6576 54.671  54.6854 54.6994 54.7131
 54.7313 54.7421 54.7547 54.7675 54.7816 54.7939 54.8063 54.8192 54.8302
 54.8427 54.8548 54.8645 54.8776 54.8909 54.9042 54.9164 54.9302 54.9464
 54.9612 54.9797 54.9937 55.0077 55.0232 55.0389 55.0546 55.0727 55.0869
 55.1107 55.1279 55.1447 55.1596 55.1761 55.1928 55.2136 55.2352 55.2512
 55.2725 55.2989 55.3299 55.3494 55.374  55.3909 55.41   55.4326 55.4537
 55.4726 55.4869 55.5071 55.5266 55.5511 55.5801 55.6018 55.6327 55.7313
60.8775 61.0629 61.2875 61.4926 61.5176 61.577  61.6592 61.8607 62.0153
 62.0437 62.0648 62.1095 62.1432 62.178  62.2028 62.2489 62.2745 62.3008
 62.3144 62.3318 62.3559 62.3774 62.3892 62.4028 62.4188 62.4359 62.4519
 62.465  62.4835 62.5109 62.5233 62.5343 62.5464 62.5568 62.5688 62.5822
 62.5935 62.6035 62.6189 62.6342 62.6476 62.6626 62.6813 62.7019 62.7134
 62.7254 62.7388 62.7544 62.7658 62.7799 62.7941 62.8114 62.8255 62.8357
 62.8479 62.8599 62.871  62.8852 62.9003 62.9149 62.9252 62.9379 62.9485
 62.9596 62.9704 62.983  62.9952 63.0099 63.0285 63.0396 63.0494 63.0611
 63.0755 63.0891 63.1013 63.1128 63.1286 63.1432 63.1585 63.175  63.1923
 63.2055 63.2184 63.2309 63.2438 63.2553 63.2663 63.2801 63.2916 63.3038
 63.3157 63.3328 63.3478 63.3654 63.3791 63.3933 63.407  63.4175 63.4313
 63.4456 63.4602 63.479  63.4995 63.5211 63.5357 63.5476 63.5625 63.5818
 63.5929 63.6055 63.6193 63.6317 63.6491 63.6632 63.6771 63.689  63.7021
 63.7184 63.7308 63.7428 63.7575 63.7695 63.7863 63.8018 63.8182 63.835
 63.8523 63.8742 63.8931 63.9077 63.9218 63.9385 63.9512 63.964  63.9747
 63.9902 64.0033 64.0166 64.0306 64.0441 64.0626 64.0751 64.0919 64.1109
 64.1299 64.1445 64.1597 64.1748 64.1895 64.2037 64.2235 64.2408 64.2707
 64.293  64.3111 64.3296 64.3507 64.3694 64.3862 64.4137 64.4441 64.4619
 64.4821 64.5092 64.5316 64.5488 64.5734 64.5898 64.6108 64.6588 64.7029
 64.7289 64.7633 64.7964 64.8189 64.8948 64.9446 65.0079

