12.2466 13.5822 14.4843 14.6254 14.7341 14.8288 14.8486 14.8934 14.9358
 15.0039 15.1033 15.1173 15.1537 15.1717 15.199  15.2126 15.2559 15.2928
 15.3236
20.5158 22.4447 23.0989 23.1681 23.2869 23.6562 23.8835 23.9037 23.9723
 24.0709 24.1415 24.1697 24.2147 24.2696 24.2994 24.3341 24.352  24.4275
 24.447  24.5216 24.5739 24.6033 24.6255 24.6605 24.7157 24.7622 24.7829
 24.8296 24.8583 24.8778 24.9091 24.9487 24.9901
32.7091 32.9308 33.0293 33.1675 33.2405 33.4903 33.607  33.6293 33.6965
 33.7194 33.7957 33.9126 33.9469 34.0195 34.1056 34.4182 39.8598
42.2674 42.4745 42.5533 42.8589 43.0462 43.1266 43.152  43.1905 43.3381
 43.3566 43.3714 43.3906 43.4329 43.4573 43.5139 43.568  43.8232 43.9246
 44.0175
51.6273 51.7698 51.8929 52.126  52.1952 52.2368 52.2828 52.3648 52.4212
 52.4506 52.4981 52.596  52.6276 52.6651 52.6913 52.7342 52.7528 52.7723
 52.7924 52.8203 52.86   52.9084 52.9707 52.9906 53.0047 53.1707 53.254
 53.2922 53.3211 58.5946
60.7234 61.322  61.4653 61.4978 61.6647 61.7667 61.8076 61.8326 61.8645
 61.9146 61.9997 62.0755 62.1007 62.1539 62.185  62.2126 62.2498 62.2772
 62.3061 62.3401 62.3558 62.4748 62.6081 62.6339 68.769

