14.4944 14.6758 14.7034 15.1734 15.2169 15.2558 15.2803 15.3048 15.3306
 15.352  15.5593 15.5936 15.6189
23.4201 23.5987 23.6798 23.7288 23.7514 23.7896 23.8806 23.9022 23.9731
 23.9972 24.0438 24.0821 24.1319 24.1531 24.1845 24.2317 24.2785 24.3339
 24.4232 24.4469 24.5502 24.7421
31.5379 32.9089 33.0361 33.0732 33.0972 33.2051 33.3877 33.41   33.4276
 33.5385 33.5571 33.7001 33.9645
42.3969 42.7692 42.9331 42.9574 43.042  43.0621 43.0874 43.1453 43.1718
 43.195  43.2154 43.2464 43.2893 43.4728
51.4488 51.581  51.628  52.0668 52.1008 52.2013 52.3531 52.3863 52.4066
 52.4346 52.4727 52.5682 52.6452 52.7335 52.8782 53.0477
61.3872 62.1244 62.1822 62.2809 62.3129 62.4824 62.6379 62.6538 62.7105
 62.7393 62.7743 62.7894

