14.5285 15.181  15.2838 15.3133 15.3452 15.3893 15.4142 15.4725 15.5155
 15.5766 15.6097 15.6279 15.6519 15.6727 15.6967 15.7255 15.7456 15.7708
 15.813  15.8349 15.8604 15.8804 15.9003 15.9157 15.9341 15.9476 15.9624
 15.9882 16.0114 16.025  16.0422 16.0577 16.075  16.0986 16.125  16.1436
 16.1845 16.2034 16.2246 16.2605 16.2911 16.314  16.3336 16.3527 16.3703
 16.3948 16.4155 16.4323 16.4594 16.4812 16.5077 16.5277 16.5451 16.5767
 16.6046 16.6312 16.6477 16.6671 16.683  16.7095 16.7331 16.7506 16.7701
 16.7901 16.812  16.8408 16.8677 16.9154 16.9501 16.9718 16.9948 17.0306
 17.0799 17.1313 17.1766 17.2287 17.3649 17.4216 17.4753 17.6039
23.9649 24.0902 24.2479 24.2928 24.3384 24.3578 24.3838 24.4125 24.4411
 24.4662 24.4811 24.5062 24.5457 24.5727 24.6004 24.6239 24.6415 24.661
 24.6773 24.6903 24.7037 24.716  24.7447 24.7643 24.7838 24.8055 24.8175
 24.8289 24.8459 24.8584 24.8755 24.8878 24.907  24.921  24.9396 24.9576
 24.9817 24.9963 25.012  25.0241 25.0403 25.057  25.0762 25.0955 25.1162
 25.1323 25.1548 25.1683 25.1846 25.2084 25.2226 25.2391 25.2656 25.2832
 25.3046 25.3217 25.3394 25.3626 25.3798 25.3951 25.4131 25.4267 25.444
 25.4658 25.4861 25.4999 25.5153 25.5423 25.5662 25.5794 25.5923 25.606
 25.6235 25.6401 25.6557 25.6751 25.6959 25.7156 25.7302 25.7432 25.7541
 25.7716 25.7846 25.7977 25.8161 25.839  25.856  25.8817 25.9005 25.9246
 25.9518 25.9683 25.9883 26.0081 26.028  26.0484 26.0662 26.0867 26.1196
 26.15   26.1718 26.2141 26.2415 26.2661 26.2833 26.3145 26.3602 26.3994
 26.4225 26.4616 26.5431 26.6529 26.6777 26.7257
32.5601 32.8179 33.2095 33.2652 33.4945 33.6879 33.7389 33.7643 33.7821
 33.8246 33.8569 33.8805 33.9176 33.9377 33.9704 33.9972 34.0147 34.0443
 34.0649 34.0788 34.1013 34.1254 34.1504 34.1724 34.1947 34.2269 34.25
 34.2683 34.2972 34.3176 34.3423 34.3602 34.3739 34.3964 34.4443 34.4845
 34.5019 34.5153 34.5359 34.5533 34.5715 34.5914 34.6069 34.629  34.6556
 34.6737 34.6948 34.733  34.7492 34.7673 34.8019 34.8213 34.8543 34.8736
 34.8979 34.9453 34.9948 35.0298 35.0564 35.1022 35.155  35.187  35.2215
 35.2508 35.2784 35.3048 35.3368 35.4314 35.4704 35.5087 35.5505 35.6591
 35.7109 36.0158 37.0719
42.6672 42.6962 42.8848 43.0109 43.0971 43.1293 43.2095 43.2504 43.2842
 43.3178 43.3641 43.3856 43.4096 43.4352 43.4488 43.4715 43.4941 43.5074
 43.5214 43.5476 43.5665 43.582  43.6006 43.6178 43.6413 43.6677 43.6956
 43.7122 43.7345 43.7597 43.7803 43.8013 43.8198 43.8332 43.8474 43.864
 43.8765 43.8931 43.9069 43.9253 43.9443 43.9606 43.9745 43.994  44.0124
 44.0244 44.0423 44.0581 44.0769 44.0958 44.1171 44.1347 44.1474 44.1629
 44.1874 44.2036 44.2184 44.234  44.2481 44.2644 44.28   44.294  44.3061
 44.319  44.3344 44.3526 44.3709 44.385  44.4132 44.4281 44.4408 44.4574
 44.4755 44.4906 44.5078 44.5211 44.5401 44.5555 44.5736 44.5905 44.6148
 44.6282 44.6486 44.67   44.6867 44.7049 44.7251 44.7476 44.7812 44.8009
 44.8217 44.8428 44.8593 44.8758 44.8961 44.913  44.9308 44.9485 44.9639
 44.9917 45.0169 45.0328 45.0516 45.0778 45.1041 45.1383 45.1726 45.2061
 45.2235 45.2571 45.2852 45.3428 45.3684 45.4178 45.4786 45.5282 45.7186
 46.3558
52.4956 52.5985 52.7024 52.7246 52.7575 52.7905 52.8115 52.8472 52.8706
 52.8877 52.9127 52.9345 52.9604 53.0068 53.0237 53.0397 53.0538 53.0701
 53.096  53.1151 53.1384 53.1578 53.1747 53.1908 53.2039 53.229  53.2624
 53.2826 53.3053 53.324  53.3427 53.3666 53.3862 53.4147 53.4299 53.4743
 53.5276 53.5471 53.5735 53.5939 53.6117 53.6393 53.6574 53.683  53.6946
 53.7086 53.7213 53.7401 53.7574 53.7765 53.7994 53.8198 53.8424 53.8592
 53.8761 53.9053 53.9223 53.9443 53.9702 53.9858 54.0048 54.0194 54.0368
 54.0654 54.0774 54.0981 54.1139 54.1387 54.1675 54.1852 54.2148 54.2316
 54.2475 54.2669 54.287  54.3006 54.3296 54.3505 54.3711 54.3999 54.4356
 54.4682 54.4943 54.5178 54.5615 54.6021 54.6466 54.6896 54.7134 54.8507
 54.9185 56.9597
61.2106 61.2584 61.7854 62.3638 62.4194 62.5    62.6616 62.6983 62.7153
 62.8052 62.8226 62.8464 62.8621 62.8789 62.9204 62.9477 62.9652 62.9898
 63.0085 63.0377 63.0607 63.0814 63.0968 63.114  63.1312 63.1548 63.1811
 63.1967 63.2143 63.2319 63.2437 63.2569 63.2968 63.3302 63.3482 63.3672
 63.3793 63.396  63.4116 63.4342 63.4493 63.4635 63.4785 63.4927 63.5164
 63.5325 63.5493 63.5624 63.5763 63.593  63.6119 63.6284 63.6446 63.6577
 63.6752 63.6993 63.7248 63.7413 63.7596 63.7788 63.7959 63.8116 63.8301
 63.8522 63.8688 63.8836 63.9105 63.9353 63.9527 63.979  64.0051 64.0338
 64.0476 64.0702 64.1009 64.1201 64.1428 64.1769 64.1983 64.2161 64.2422
 64.2645 64.2935 64.3374 64.3596 64.3907 64.4322 64.4558 64.4768 64.5223
 64.5639 64.6032 64.6446 64.6714 64.7192 64.7526 64.7842 64.8666 64.923
 65.1548

