12.389  12.4781 12.6834 12.747  12.7964 12.8332 12.9219 13.0589 13.1099
 13.2809
20.6287 21.2946 21.32   21.4067 21.4384 21.6985 25.1775 29.541  29.64
30.0595 30.1119 30.2124 30.2532 37.3476 37.6125 37.7307 37.8099 37.8486
 37.9806 38.0152 38.0887 38.4138
45.9868 46.0338 46.2223 46.2977 46.3358 46.3674 46.3864 46.4808 46.5911
 46.6443 46.6736 46.7596
53.8158 54.3593 54.5449 54.6215 54.7076 54.7667 54.832  54.9523 55.0525
 55.0803 55.1475
60.3095 62.6872 62.8821 63.1003 63.159  63.2849 63.3542 63.3971

