11.5849 11.7572 12.6077 12.9787 13.0477 13.0667 13.0994 13.1651 13.2043
 13.2363 13.2721 13.2947 13.3359 13.3679 13.3872 13.4122 13.4315 13.4516
 13.4847 13.5017 13.5189 13.5455 13.5632 13.5961 13.6126 13.6378 13.6535
 13.6736 13.7047 13.7213 13.7413 13.7743 13.7926 13.8101 13.8288 13.8449
 13.8587 13.8979 13.9167 13.9385 13.9669 13.9868 14.017  14.0388 14.0535
 14.0703 14.0939 14.112  14.1372 14.1505 14.1696 14.2018 14.2162 14.2377
 14.2621 14.2828 14.3024 14.3466 14.3613 14.3965 14.4388 14.4744 14.506
 14.5228 14.5414 14.5559 14.5821 14.6042 14.6265 14.6442 14.6623 14.6818
 14.6989 14.7484 14.7673 14.7845 14.8055 14.8265 14.8488 14.8682 14.8876
 14.9021 14.9277 14.945  14.9751 15.0019 15.0227 15.0472 15.0716 15.0947
 15.1115 15.1298 15.1461 15.1652 15.1808 15.2011 15.2198 15.2455 15.2692
 15.2893 15.3223 15.3402 15.3633 15.3883 15.4242 15.4508 15.4734 15.5029
 15.5322 15.7046 16.1829 17.1478
21.0576 21.4273 21.673  21.7405 21.8471 21.8868 21.912  21.9453 21.9689
 21.9927 22.0152 22.0722 22.1028 22.1844 22.2393 22.2725 22.2866 22.3057
 22.324  22.3718 22.3941 22.4928 22.5137 22.5318 22.5793 22.6154 22.6297
 22.6805 22.7558 22.8828 22.9634 23.0496 23.0745 23.1223 23.1782 23.2364
 23.2858 23.3206 23.3405 23.3768 23.4033 23.4298 23.4797 23.5427 23.5808
 23.6555 23.72   23.8362 23.8826 25.7839 28.0567 28.6369 29.8724
30.1635 30.3105 30.3398 30.3661 30.4025 30.4339 30.604  30.6381 30.6722
 30.717  30.7568 30.8045 30.8197 30.8658 30.8956 30.9212 30.9453 30.968
 31.0315 31.0798 31.1345 31.1692 31.2066 31.2339 31.3138 31.334  31.4215
 31.4523 31.4975 31.5223 31.5554 31.6027 31.6841 31.784  31.8165 31.861
 31.884  31.9617 31.9881 32.0157 32.1317 32.1683 32.21   32.3566 32.8247
 35.3986 36.8668 37.1498 37.6084 37.7276 37.7987 37.8421 37.9626 38.1528
 38.1761 38.2019 38.2343 38.2709 38.2959 38.322  38.3685 38.4039 38.4315
 38.4562 38.4921 38.5104 38.5326 38.5618 38.5851 38.6165 38.6342 38.6634
 38.7097 38.7247 38.751  38.7789 38.8053 38.8406 38.8574 38.8972 38.9144
 38.9394 38.9619 38.9929 39.0167 39.0371 39.0568 39.0778 39.1005 39.127
 39.1444 39.1605 39.1917 39.2184 39.2474 39.2715 39.3136 39.3424 39.3737
 39.4013 39.4376 39.4587 39.487  39.5076 39.5391 39.5845 39.6034 39.6256
 39.6706 39.6866 39.7031 39.7272 39.7561 39.7816 39.8007 39.8229 39.8395
 39.8625 39.8892 39.913  39.9337 39.9543 39.9744
40.0025 40.0282 40.0467 40.0679 40.0927 40.1153 40.1299 40.1619 40.1874
 40.2145 40.2388 40.2546 40.273  40.2907 40.3076 40.3325 40.3926 40.4112
 40.4392 40.4662 40.5029 40.538  40.5925 40.8389 45.0492 46.096  46.1467
 46.49   46.6503 46.692  46.7406 46.7621 46.8241 46.85   46.8746 46.8963
 46.9225 46.9433 46.9646 46.9805 47.0025 47.0232 47.0396 47.0524 47.0724
 47.0857 47.1084 47.134  47.155  47.1771 47.2173 47.2373 47.25   47.2648
 47.2862 47.3334 47.3596 47.3889 47.4127 47.4325 47.4473 47.4828 47.5094
 47.5256 47.5665 47.5848 47.6046 47.6496 47.6827 47.7091 47.7276 47.7526
 47.776  47.7987 47.8213 47.8391 47.8636 47.9024 47.9183 47.9641 48.0215
 48.0496 48.0817 48.1077 48.1593 48.1867 48.2069 48.2341 48.2616 48.2838
 48.3059 48.3576 48.3922 48.4122 48.4445 48.4697 48.5107 48.5386 48.5564
 48.5763 48.612  48.6293 48.6784 48.7328 48.8218 48.8501 48.9294 48.9808
54.731  54.8359 55.0438 55.1489 55.187  55.2261 55.2478 55.2721 55.3209
 55.3595 55.3852 55.4094 55.4348 55.4494 55.4698 55.5274 55.5399 55.5625
 55.5782 55.5924 55.6104 55.6318 55.647  55.6749 55.6947 55.7083 55.7267
 55.7628 55.8084 55.8261 55.8702 55.928  55.9596 55.9799 56.0239 56.0392
 56.0576 56.0855 56.1198 56.1436 56.1745 56.1984 56.2456 56.2849 56.3105
 56.3487 56.3738 56.4106 56.4339 56.4627 56.4895 56.5125 56.5574 56.6109
 56.6482 56.6875 56.7068 56.7356 56.7615 56.7776 56.8052 56.8277 56.8459
 56.8777 56.9069 56.93   56.9497 56.9732 57.0026 57.0268 57.0531 57.0731
 57.0935 57.1178 57.1468 57.1684 57.191  57.2248 57.2661 57.3148 57.3502
 57.4479 57.5758 57.7052
61.2999 63.2839 63.3995 63.5018 63.5469 63.5985 63.6351 63.6806 63.7162
 63.7564 63.779  63.8197 63.8577 63.8878 63.9045 63.9216 63.9405 63.9672
 63.9826 64.0176 64.0498 64.072  64.1051 64.1338 64.1481 64.178  64.1975
 64.2229 64.2448 64.2615 64.2795 64.31   64.3319 64.3481 64.3665 64.3868
 64.4038 64.4249 64.4592 64.4817 64.5018 64.5248 64.5436 64.5633 64.5813
 64.5943 64.6209 64.6503 64.6791 64.7058 64.7289 64.7479 64.7824 64.8193
 64.8578 64.8792 64.9313 64.9555 64.9809 65.0376 65.0552 65.0869 65.1188
 65.1376 65.1581 65.1783 65.2488 65.272  65.3104 65.3267 65.3482 65.3717
 65.3887 65.4099 65.4292 65.4549 65.4747 65.4905 65.5091 65.5388 65.5687
 65.5972 65.6216 65.6436 65.6591 65.6777 65.7159 65.7434 65.7643 65.7987
 65.8334 65.8796 65.9363 65.9615 66.0336 66.15   66.3163

