11.3467 12.7736 12.8454 12.8644 12.926  12.9712 13.0092 13.0727 13.1088
 13.1674 13.1979 13.2124 13.234  13.251  13.2645 13.2848 13.3139 13.3402
 13.3647 13.3769 13.3926 13.4168 13.4288 13.4472 13.4623 13.475  13.4877
 13.5042 13.5164 13.5333 13.5473 13.5642 13.5816 13.5962 13.6081 13.6197
 13.6298 13.6421 13.6532 13.6642 13.6763 13.6853 13.6958 13.7063 13.7164
 13.7283 13.7373 13.7492 13.7596 13.7705 13.7802 13.7897 13.8006 13.8105
 13.8212 13.8311 13.8413 13.854  13.8648 13.8753 13.8866 13.8963 13.9079
 13.9214 13.9318 13.9418 13.9526 13.9645 13.9753 13.986  13.9969 14.0071
 14.0157 14.0242 14.033  14.0423 14.0511 14.0601 14.0687 14.078  14.0868
 14.0967 14.1061 14.1155 14.1256 14.1375 14.1471 14.1563 14.1651 14.176
 14.185  14.1959 14.2056 14.2175 14.2271 14.2374 14.2471 14.2581 14.2694
 14.279  14.2886 14.2993 14.309  14.3185 14.3289 14.3397 14.35   14.3603
 14.3711 14.3816 14.392  14.4006 14.4107 14.4192 14.4298 14.4408 14.4523
 14.4635 14.4739 14.4841 14.4942 14.5047 14.5159 14.5269 14.5392 14.5488
 14.5593 14.57   14.5816 14.592  14.6041 14.6141 14.6261 14.6385 14.6566
 14.6681 14.6802 14.6929 14.7042 14.7164 14.7291 14.742  14.7534 14.771
 14.7871 14.8001 14.8178 14.8338 14.8484 14.8709 14.8886 14.9059 14.9237
 14.9489 14.9876 15.0237 15.0474 15.0722 15.1106 15.1459 15.1736 15.2038
 15.2354 15.2689 15.3143 15.3873 15.4372 15.625  15.6664
20.4154 20.5608 21.5002 21.5354 21.5983 21.686  21.7285 21.7536 21.7787
 21.8058 21.8449 21.8679 21.9269 21.9472 21.9744 21.9901 22.0536 22.0767
 22.0915 22.1044 22.1192 22.1344 22.1509 22.1638 22.1811 22.1953 22.2111
 22.2261 22.2478 22.2682 22.286  22.3077 22.3209 22.333  22.3526 22.3806
 22.3994 22.4149 22.4534 22.4687 22.4945 22.5134 22.5348 22.5478 22.5615
 22.5728 22.5859 22.6034 22.6166 22.6273 22.6441 22.6583 22.6732 22.6878
 22.7    22.711  22.7238 22.7377 22.7531 22.767  22.7805 22.7953 22.8123
 22.8337 22.8492 22.873  22.8982 22.9233 22.9371 22.9511 22.9649 22.9886
 23.0102 23.0232 23.0475 23.0627 23.0834 23.1131 23.1306 23.1545 23.1848
 23.2309 23.252  23.2764 23.3197 23.3441 23.3844 23.4498 23.5384 23.5839
 23.7038 24.0145 29.4172
30.0251 30.0816 30.1134 30.1304 30.2339 30.2557 30.2765 30.3075 30.3367
 30.3556 30.3906 30.4114 30.4332 30.4547 30.4821 30.5137 30.529  30.5437
 30.5583 30.5718 30.5903 30.6098 30.6299 30.6493 30.6625 30.6805 30.6923
 30.7093 30.7255 30.7437 30.7593 30.772  30.7859 30.7981 30.8132 30.8278
 30.8402 30.8571 30.8738 30.8874 30.9005 30.9129 30.9241 30.9372 30.9511
 30.9637 30.9803 30.9914 31.0022 31.0163 31.0318 31.0472 31.0613 31.0779
 31.092  31.1083 31.1218 31.14   31.1547 31.1688 31.1809 31.1936 31.2063
 31.2173 31.2265 31.2383 31.2489 31.2656 31.2788 31.2954 31.3236 31.3399
 31.3587 31.374  31.3989 31.415  31.4299 31.4473 31.4635 31.4781 31.4921
 31.5096 31.5304 31.5503 31.5808 31.608  31.6309 31.6549 31.7174 31.7535
 31.7758 31.7958 31.8849 31.9597 32.0151 32.1089 32.3666 37.0341 37.0707
 37.6116 37.7448 37.7808 37.8661 37.9071 37.9468 37.9674 37.9955 38.0208
 38.0639 38.0897 38.1245 38.1451 38.1636 38.1843 38.2023 38.2199 38.2326
 38.2469 38.2605 38.2784 38.2903 38.3035 38.3178 38.3326 38.3493 38.3613
 38.3804 38.3973 38.4162 38.4304 38.4448 38.4558 38.4699 38.4869 38.5057
 38.5193 38.5309 38.5475 38.5636 38.5761 38.5889 38.6023 38.6134 38.6248
 38.6359 38.6462 38.6609 38.6724 38.6884 38.6996 38.7112 38.7225 38.7322
 38.742  38.7529 38.7636 38.7741 38.7848 38.7944 38.8044 38.813  38.8227
 38.8322 38.8432 38.8526 38.865  38.8742 38.8858 38.8948 38.9041 38.9142
 38.9231 38.9343 38.9442 38.9546 38.9656 38.9768 38.9888 38.9988 39.0079
 39.021  39.0307 39.041  39.0503 39.058  39.0666 39.0741 39.0831 39.0923
 39.1015 39.1101 39.1218 39.131  39.14   39.1486 39.1575 39.1684 39.1777
 39.1889 39.1992 39.2086 39.2186 39.2296 39.2419 39.251  39.2611 39.2708
 39.281  39.2895 39.2986 39.3105 39.3194 39.3286 39.3385 39.3494 39.359
 39.3683 39.3775 39.3876 39.3971 39.4078 39.4187 39.43   39.4423 39.4518
 39.4625 39.4737 39.4843 39.4944 39.5049 39.5157 39.5264 39.5414 39.5517
 39.5626 39.5769 39.5874 39.5994 39.6116 39.6228 39.6357 39.6512 39.6617
 39.6725 39.683  39.6954 39.7082 39.7211 39.7367 39.752  39.7659 39.7857
 39.8116 39.836  39.8649 39.9148 39.9414 39.9674 39.9963
40.1034 40.1663 40.238  40.5113 40.571  40.6257 46.089  46.2003 46.2742
 46.4268 46.5042 46.5174 46.5373 46.5738 46.5943 46.6269 46.6602 46.6808
 46.7161 46.7385 46.7537 46.7705 46.794  46.8084 46.8272 46.8432 46.8574
 46.8695 46.8828 46.8979 46.9089 46.9231 46.9368 46.9506 46.9645 46.9768
 46.9917 47.0045 47.0176 47.0305 47.0441 47.0567 47.0724 47.0833 47.0948
 47.1052 47.1152 47.1266 47.1387 47.1482 47.1585 47.1686 47.183  47.1948
 47.2065 47.2179 47.2281 47.2397 47.2517 47.2653 47.2748 47.2866 47.2984
 47.3092 47.3213 47.3342 47.3475 47.3597 47.3723 47.3827 47.3928 47.4027
 47.4144 47.427  47.4376 47.447  47.4584 47.4717 47.4812 47.4914 47.5031
 47.5149 47.5255 47.5389 47.5503 47.5632 47.5736 47.5855 47.5996 47.6128
 47.6269 47.6396 47.6523 47.6635 47.6788 47.6896 47.7038 47.7154 47.7277
 47.7463 47.7579 47.7714 47.7827 47.7953 47.8063 47.8177 47.8288 47.8404
 47.8536 47.8677 47.8821 47.8955 47.9089 47.9249 47.9427 47.9588 47.9749
 47.9903 48.003  48.0177 48.0397 48.0591 48.0856 48.1099 48.1448 48.1645
 48.1892 48.2147 48.2453 48.2765 48.3862 48.4201 48.4584 48.488  48.5269
 48.5678 48.602  48.623  48.6952 48.7661 48.8097
54.2613 54.4998 54.5676 54.7822 54.8139 54.8416 54.8829 54.9198 54.9404
 54.9799 54.9989 55.0116 55.0305 55.048  55.066  55.081  55.1029 55.1175
 55.1385 55.1564 55.1716 55.1875 55.2021 55.2136 55.2262 55.2394 55.2536
 55.2672 55.2794 55.2973 55.3135 55.3317 55.3475 55.3603 55.3734 55.3844
 55.3976 55.407  55.4184 55.4274 55.4393 55.4497 55.4627 55.4786 55.4912
 55.5023 55.5127 55.5251 55.5388 55.5502 55.5622 55.5731 55.5848 55.5951
 55.6066 55.6181 55.6288 55.6414 55.6553 55.6667 55.6804 55.6951 55.7065
 55.7186 55.7294 55.7414 55.7526 55.7644 55.7751 55.7864 55.796  55.8049
 55.8144 55.825  55.8352 55.847  55.857  55.8693 55.8796 55.8898 55.8986
 55.9074 55.9172 55.927  55.9363 55.9456 55.9549 55.9649 55.9741 55.9834
 55.9952 56.0076 56.0182 56.0286 56.0382 56.0469 56.0577 56.0701 56.0795
 56.0908 56.1023 56.1146 56.1272 56.1405 56.1529 56.1644 56.1743 56.188
 56.201  56.2133 56.2246 56.2348 56.2454 56.2568 56.2683 56.2788 56.291
 56.3087 56.3247 56.3352 56.3467 56.3605 56.3704 56.3814 56.3972 56.4092
 56.4242 56.4357 56.4495 56.4614 56.4737 56.4877 56.4999 56.5165 56.5345
 56.5583 56.5733 56.6155 56.6338 56.6621 56.6904 56.7159 56.7351 56.7528
 56.7791 56.8042 56.8228 56.8763 56.9204 56.9654 57.0147 57.0494 57.0829
 57.1318 57.156  57.2219 57.2433 57.3274
63.0114 63.0629 63.0936 63.1288 63.2379 63.2742 63.3342 63.3764 63.4092
 63.4253 63.4516 63.4756 63.4894 63.5181 63.5398 63.5566 63.5788 63.6009
 63.6214 63.6379 63.6567 63.6702 63.683  63.6969 63.7077 63.7268 63.741
 63.7612 63.7756 63.7864 63.7973 63.8163 63.8285 63.841  63.8566 63.874
 63.8928 63.9202 63.9308 63.9443 63.9557 63.9658 63.9781 63.9904 64.0029
 64.0168 64.0281 64.0401 64.0524 64.0642 64.0732 64.0825 64.0941 64.1053
 64.1177 64.1278 64.1375 64.1483 64.1577 64.1688 64.1851 64.1958 64.2069
 64.2163 64.2268 64.2381 64.2496 64.2596 64.2689 64.2781 64.2882 64.2993
 64.3094 64.3197 64.3303 64.3402 64.3525 64.3622 64.3712 64.3824 64.3936
 64.404  64.4163 64.4268 64.4382 64.4504 64.4601 64.471  64.4794 64.4887
 64.4982 64.5081 64.5164 64.5258 64.5349 64.5442 64.5551 64.5655 64.5765
 64.5885 64.6009 64.6158 64.6259 64.6358 64.646  64.6584 64.6698 64.6831
 64.694  64.7042 64.7156 64.7247 64.7373 64.751  64.7617 64.7747 64.7847
 64.7951 64.8063 64.8196 64.83   64.8433 64.8551 64.865  64.8767 64.8895
 64.9031 64.9187 64.9303 64.9444 64.9553 64.9661 64.9795 64.993  65.0069
 65.0216 65.036  65.0509 65.0658 65.0761 65.0964 65.1141 65.1284 65.1484
 65.1659 65.1857 65.2017 65.226  65.2628 65.2794 65.3004 65.362  65.385
 65.4121 65.4362 65.545  65.599  65.6938 65.7337 65.8166 65.9072

