11.9415 12.2614 12.416  12.5749 12.6323 12.6642 12.6877 12.8182 12.8614
 12.9722 13.0465 13.0847 13.1251 13.1806 13.2054 13.2245 13.2687 13.2827
 13.3228 13.3345 13.3635 13.3807 13.4064 13.4274 13.447  13.4774 13.4963
 13.5211 13.5617 13.5745 13.5998 13.6132 13.6342 13.6483 13.6662 13.6915
 13.7165 13.7376 13.7708 13.7853 13.8241 13.8623 13.8833 13.8978 13.9288
 19.7702
20.4899 20.8935 20.9498 21.2249 21.2985 21.387  21.5178 21.5359 21.6307
 21.6617 21.7018 21.7337 21.7626 21.7959 21.8543 21.8683 21.8875 21.9138
 21.9353 21.9593 21.979  22.0349 22.0531 22.0698 22.0818 22.1256 22.1467
 22.2133 27.1349 29.4817 29.7028 29.7986 29.8355 29.8653
30.0097 30.034  30.0795 30.0951 30.1138 30.2119 30.2596 30.2803 30.2937
 30.3167 30.4591 30.5152 30.5305 30.5629 30.6298 37.3671 37.73   37.8029
 37.8203 37.8485 37.8924 37.9113 37.9697 37.9894 38.1445 38.1704 38.1852
 38.2228 38.2508 38.2896 38.3116 38.3578 38.3833 38.4036 38.4325 38.4561
 38.4976 38.5173 38.5376 38.5535 38.6308 38.6569 38.6856 38.712  38.7509
 38.7638 38.7835 38.8135 38.8309 38.8443 38.8755
45.3947 45.6384 46.0113 46.0526 46.1859 46.2248 46.2721 46.3222 46.3863
 46.4201 46.5153 46.5395 46.5544 46.5904 46.619  46.6563 46.6729 46.6895
 46.711  46.738  46.7601 46.7789 46.8027 46.8213 46.8524 46.9138 46.9772
 47.0092 47.0319 47.0452 47.116  47.1936 47.2121 47.2461
53.9078 54.0019 54.2461 54.4168 54.5235 54.5589 54.6332 54.7869 54.8062
 54.8471 54.8728 54.9477 54.9698 55.0011 55.0178 55.0474 55.0708 55.0855
 55.1017 55.1257 55.1578 55.1765 55.1923 55.2115 55.2495 55.2644 55.2838
 55.3001 55.3428 55.3843 55.3994 55.4169 55.4464 55.467  55.4866 55.5042
 55.6959 55.7859
62.7148 62.8961 62.9492 63.0821 63.1031 63.1768 63.2398 63.2635 63.3257
 63.4009 63.4297 63.4496 63.4823 63.4938 63.5347 63.5517 63.5736 63.606
 63.6205 63.6499 63.6641 63.6753 63.6954 63.7143 63.7301 63.7449 63.7571
 63.7711 63.7855 63.8069 63.8291 63.8559 63.8787 63.9022 63.9167 63.9329
 63.9428 63.96   63.9906 64.0106 64.057  64.0789 64.1462 64.1648 64.2073
 64.2408 64.2701

