10.3886 12.7976 12.8726 12.9229 13.0519 13.0752 13.1044 13.1398 13.1698
 13.1869 13.2174 13.2624 13.3115 13.3411 13.3581 13.3743 13.3911 13.4074
 13.4228 13.4423 13.4611 13.4822 13.4988 13.5277 13.5479 13.5636 13.575
 13.5986 13.6112 13.6323 13.6487 13.6642 13.6783 13.6969 13.7115 13.7236
 13.7381 13.7517 13.7634 13.7866 13.8065 13.8225 13.8393 13.8529 13.8635
 13.8753 13.8897 13.9063 13.9204 13.9345 13.9487 13.9622 13.9749 13.987
 14.0022 14.0123 14.0241 14.0357 14.0479 14.0615 14.077  14.0905 14.1026
 14.1143 14.1239 14.1367 14.1506 14.1633 14.174  14.1856 14.1974 14.2159
 14.23   14.2424 14.2546 14.2664 14.279  14.2915 14.3056 14.3177 14.3321
 14.3456 14.3689 14.3861 14.4    14.4134 14.4299 14.4455 14.4593 14.4746
 14.4897 14.5015 14.5135 14.5253 14.5438 14.5543 14.5655 14.5767 14.5873
 14.5995 14.6129 14.6267 14.6394 14.652  14.6647 14.676  14.6889 14.7049
 14.7177 14.7327 14.7468 14.7617 14.7754 14.8013 14.8239 14.837  14.8503
 14.8633 14.8735 14.8852 14.8969 14.9102 14.9262 14.9415 14.9572 14.9798
 14.9951 15.0107 15.0282 15.043  15.0592 15.0758 15.0909 15.1049 15.1204
 15.1354 15.1474 15.1716 15.1979 15.2149 15.2386 15.2551 15.2751 15.299
 15.34   15.3606 15.3903 15.4133 15.445  15.4648 15.5023 15.5281 15.5483
 15.5864 15.6143 15.6405 15.664  15.6885 15.7247 15.749  15.7653 15.7932
 15.8228 15.8494 15.8869 15.9157 15.9485 15.9737 15.9982 16.0202 16.0509
 16.0819 16.1083 16.1296 16.1485 16.249
21.2587 21.4754 21.6574 21.7157 21.7634 21.8206 21.8527 21.895  21.9622
 21.9849 22.0108 22.0362 22.0718 22.0903 22.1123 22.1404 22.1612 22.2006
 22.2248 22.2452 22.2606 22.279  22.2911 22.3084 22.3222 22.3341 22.3547
 22.3779 22.4005 22.4442 22.4722 22.5037 22.5388 22.5601 22.6249 22.6633
 22.678  22.6978 22.8104 22.8286 22.8466 22.8624 22.8901 22.9174 22.9334
 22.9481 22.9645 22.9831 23.0083 23.0369 23.0744 23.0916 23.1137 23.1439
 23.1803 23.1995 23.2226 23.2458 23.2722 23.3032 23.3219 23.3536 23.4021
 23.423  23.453  23.5282 23.5483 23.5785 23.6913 23.7457 23.7717 23.8388
 23.9068 23.9583 24.0086 27.5449
30.1852 30.2108 30.295  30.4377 30.4655 30.4875 30.5116 30.5565 30.5758
 30.6134 30.6374 30.656  30.671  30.6986 30.7176 30.7489 30.7637 30.7786
 30.7926 30.8102 30.8284 30.8469 30.8667 30.8827 30.897  30.912  30.9318
 30.9619 30.9846 31.0009 31.0159 31.0297 31.0505 31.0646 31.0778 31.0905
 31.1088 31.1302 31.1433 31.1601 31.1876 31.2201 31.2413 31.2553 31.2689
 31.2824 31.3008 31.3142 31.3314 31.3523 31.3693 31.3857 31.4025 31.4209
 31.4419 31.4723 31.4867 31.507  31.5227 31.5404 31.5553 31.57   31.5926
 31.6129 31.6283 31.6567 31.6751 31.6928 31.7087 31.7288 31.7544 31.7842
 31.8212 31.8456 31.8688 31.9074 31.9281 31.9668 31.9867 32.0369 32.0757
 32.1165 32.1764 32.2149 32.2729 32.3606 32.4362 32.4728 32.7039 32.7357
 32.7597 32.8124 32.9476 37.6593 37.7805 37.9135 38.0827 38.111  38.1864
 38.2476 38.2845 38.3175 38.3779 38.4054 38.4307 38.4531 38.4713 38.4949
 38.5101 38.5287 38.5412 38.5593 38.5777 38.5971 38.6211 38.6365 38.6563
 38.6737 38.6976 38.7146 38.7264 38.7404 38.7565 38.7677 38.7791 38.7917
 38.8122 38.8243 38.8404 38.8511 38.8661 38.8951 38.909  38.9246 38.9394
 38.954  38.9741 38.9968 39.0114 39.0226 39.0363 39.0522 39.0632 39.0817
 39.0934 39.1046 39.117  39.1357 39.1484 39.1628 39.1736 39.1859 39.1993
 39.2133 39.2251 39.2406 39.2529 39.2655 39.2808 39.2969 39.3104 39.3249
 39.3377 39.3476 39.3594 39.3715 39.3833 39.3954 39.4097 39.4223 39.4371
 39.4478 39.4598 39.4767 39.4917 39.507  39.5197 39.5373 39.5548 39.5679
 39.5865 39.5974 39.6111 39.6305 39.6447 39.6573 39.6708 39.681  39.6953
 39.7105 39.7262 39.7375 39.7531 39.7705 39.7854 39.8057 39.8226 39.8401
 39.8515 39.8689 39.8838 39.8994 39.9143 39.9331 39.9531 39.9696 39.9853
40.0012 40.0209 40.042  40.0659 40.0937 40.1117 40.1317 40.1574 40.1817
 40.2009 40.2223 40.2747 40.2981 40.3299 40.3586 40.3928 40.4212 40.4449
 40.4637 40.4834 40.4992 40.5197 40.5454 40.5686 40.5995 40.62   40.6368
 40.6589 40.6815 40.7285 40.7544 40.781  40.8148 40.8382 40.8709 40.8886
 40.9122 40.9313 40.9519 41.0235 41.0532 41.0795 41.1382 45.6857 46.0587
 46.2105 46.3279 46.381  46.4109 46.4383 46.4953 46.5586 46.5764 46.6253
 46.6445 46.6922 46.7298 46.7469 46.7797 46.8038 46.8291 46.8553 46.8933
 46.9056 46.923  46.9391 46.9528 46.9656 46.9801 47.0025 47.0203 47.0425
 47.0632 47.079  47.0922 47.1071 47.1208 47.1439 47.1569 47.1714 47.1874
 47.2013 47.2124 47.2308 47.2453 47.2628 47.2819 47.2992 47.3095 47.3293
 47.345  47.3568 47.3708 47.3854 47.3988 47.4135 47.4265 47.442  47.4566
 47.4745 47.4886 47.5022 47.5152 47.5302 47.5429 47.554  47.5684 47.5811
 47.5968 47.6096 47.6303 47.6582 47.672  47.6905 47.7038 47.7166 47.7311
 47.7464 47.7711 47.7878 47.8068 47.8226 47.8431 47.8586 47.8761 47.8922
 47.9119 47.9245 47.9391 47.9531 47.9729 47.9854 47.9978 48.014  48.0347
 48.0482 48.0605 48.0746 48.0954 48.1093 48.1277 48.1431 48.1577 48.1774
 48.1984 48.2211 48.2434 48.2628 48.2874 48.32   48.3413 48.3579 48.3787
 48.3962 48.4199 48.4469 48.4763 48.5108 48.5318 48.554  48.5832 48.6034
 48.6389 48.6677 48.7326 48.7592 48.7894 48.8239 48.8687 48.8867 48.9189
 48.959  49.0047 49.0483 49.0944 49.1255 49.1783 49.2182 49.2436 49.2799
 49.3202
54.1756 54.3909 54.442  54.6195 54.8346 54.9152 55.0016 55.0241 55.0776
 55.1127 55.1519 55.1731 55.1985 55.2404 55.2594 55.2781 55.3086 55.3259
 55.3556 55.3706 55.3922 55.4154 55.4338 55.4507 55.4681 55.4859 55.5047
 55.5279 55.5446 55.5584 55.5709 55.5889 55.6002 55.6169 55.6329 55.6447
 55.6553 55.666  55.6816 55.702  55.7184 55.734  55.7465 55.7623 55.7764
 55.7902 55.8141 55.829  55.844  55.8555 55.8703 55.891  55.9042 55.9181
 55.9328 55.945  55.959  55.9743 55.9881 56.0008 56.0145 56.0266 56.0403
 56.0536 56.0655 56.0762 56.0875 56.1055 56.1179 56.1316 56.1501 56.1674
 56.1837 56.1944 56.208  56.2275 56.2402 56.2558 56.2768 56.2924 56.307
 56.3214 56.3362 56.3506 56.3643 56.3785 56.3924 56.409  56.4221 56.4398
 56.4574 56.4729 56.4912 56.5094 56.5237 56.5388 56.5523 56.5686 56.585
 56.6019 56.6143 56.6321 56.6446 56.6611 56.6776 56.6991 56.7133 56.7305
 56.7513 56.7689 56.7904 56.8086 56.8264 56.8568 56.8925 56.9224 56.9579
 56.9853 57.0169 57.0361 57.0564 57.0803 57.0956 57.1135 57.1349 57.1584
 57.1867 57.2137 57.2433 57.2658 57.3108 57.3436 57.3826 57.4072 57.4271
 57.4518 57.4828 57.5237 57.5669 57.5915 57.6327 57.6633 57.7194 57.7507
 57.7845 57.8641 57.9015
63.2439 63.3397 63.3926 63.4697 63.5128 63.5732 63.6186 63.6565 63.6766
 63.6997 63.7285 63.7454 63.7571 63.7838 63.7993 63.8247 63.8463 63.8625
 63.879  63.8959 63.9186 63.9336 63.946  63.9589 63.9712 63.9833 64.0005
 64.0128 64.0248 64.0366 64.0547 64.0659 64.0795 64.1002 64.1168 64.1292
 64.1461 64.158  64.1685 64.183  64.1972 64.2086 64.2219 64.2369 64.2525
 64.2678 64.2825 64.3005 64.3121 64.3249 64.3426 64.3588 64.3736 64.3897
 64.4045 64.4161 64.433  64.4502 64.4645 64.4773 64.4937 64.5095 64.5228
 64.5354 64.5477 64.5636 64.5794 64.5919 64.6047 64.6182 64.6287 64.6414
 64.657  64.6703 64.7009 64.716  64.7269 64.7398 64.752  64.7643 64.7798
 64.7961 64.8123 64.8279 64.8477 64.8615 64.8762 64.8877 64.8991 64.9147
 64.9262 64.9423 64.956  64.9741 64.9888 65.0032 65.0157 65.0339 65.0469
 65.0586 65.0722 65.0875 65.1028 65.1159 65.1325 65.1518 65.1792 65.1921
 65.2021 65.2142 65.2256 65.2394 65.2509 65.2698 65.2834 65.3009 65.3216
 65.3413 65.3597 65.3759 65.4033 65.4328 65.4521 65.4688 65.488  65.5128
 65.5316 65.5599 65.5819 65.5983 65.6175 65.6551 65.6799 65.7039 65.7284
 65.7473 65.802  65.8254 65.8513 65.8778 65.8989 65.9286 65.9548 65.9998
 66.0347 66.0665 66.0927 66.1186 66.1428 66.1708 66.1954 66.2188 66.2499
 66.2935 66.3416 66.4042 66.5437

