10.0177 12.1827 12.6365 12.7281 12.9263 13.0957 13.1327 13.1531 13.1806
 13.2709 13.3336 13.3718 13.406  13.4657 13.5208
20.4744 21.1833 21.2529 21.3841 21.4086 21.4366 21.4592 21.486  21.5199
 21.6089 26.9199 29.2979 29.3442 29.6689 29.8964
30.0056 30.0271 30.086  30.2039 30.2739 30.2917 30.4161 30.5303 37.0769
 37.6964 37.8915 37.9239 37.9797 38.3334 38.3749 38.5695 38.7994 38.8216
45.8397 46.3175 46.4208 46.4786 46.6655 46.7152 46.7399 46.7618 46.8246
 46.8679 46.9123 46.9601 47.0692 47.0846 47.1098 47.155  47.3777
54.2672 54.4489 54.5944 54.646  54.6871 54.8759 54.9058 55.1118 55.1725
 55.2928 55.3457 55.3656 55.4611 55.5364 55.6411
62.0958 62.593  62.6747 62.7798 62.8768 63.1876 63.2645 63.3166 63.4288
 63.4981 63.5859 63.711  63.7669 63.8058 63.945

