12.8659 12.8909 12.9213 12.9729 13.0049 13.0202 13.0476 13.0637 13.0783
 13.1011 13.1195 13.1416 13.1629 13.1773 13.1899 13.2108 13.232  13.2598
 13.2855 13.3022 13.3318 13.3544 13.3694 13.3808 13.3928 13.4127 13.4265
 13.4458 13.4599 13.4729 13.499  13.5221 13.538  13.5623 13.5891 13.6087
 13.6231 13.6449 13.6639 13.6799 13.7025 13.7196 13.741  13.767  13.7783
 13.791  13.8086 13.8329 13.8507 13.8729 13.8913 13.9141 13.9454 14.0103
 14.0598 14.1048
21.0542 21.1326 21.1601 21.1924 21.2065 21.242  21.2658 21.302  21.3225
 21.3395 21.3759 21.3931 21.4356 21.452  21.4848 21.5067 21.5234 21.5415
 21.5547 21.5754 21.5948 21.6103 21.6388 21.6526 21.6679 21.6863 21.7076
 21.7411 21.7609 21.7784 21.7928 21.8048 21.818  21.845  21.8582 21.8712
 21.8871 21.9089 21.921  21.933  21.9456 21.9606 21.9729 21.9895 22.0128
 22.0255 22.0407 22.0605 22.0855 22.102  22.1186 22.16   22.2238 22.2793
 22.3451 28.7858 29.7529 29.8117 29.8795 29.935  29.9762 29.996
30.0297 30.084  30.1049 30.1198 30.146  30.185  30.2001 30.2164 30.2434
 30.2755 30.3178 30.3523 30.3874 30.4002 30.4147 30.4295 30.4444 30.4626
 30.4793 30.4954 30.5338 30.5553 30.5671 30.5856 30.5961 30.621  30.6458
 30.6693 30.6895 30.712  30.7351 30.7494 30.7722 30.7838 30.8029 30.8184
 30.8852 30.9366 30.9725 31.0635 38.0666 38.1536 38.3509 38.4979 38.5155
 38.5703 38.705  38.7401 38.7974 38.8302 38.8521 38.8767 38.9189 38.9407
 38.9825 38.9995 39.0503 39.0813 39.0987 39.1616 39.198  39.3209 39.3943
 39.4143
45.1567 45.9339 46.5715 46.6351 46.683  46.7026 46.7236 46.7664 46.8496
 46.8793 46.8974 46.9198 46.9497 47.0098 47.0411 47.0517 47.0647 47.0819
 47.1012 47.1203 47.134  47.157  47.1717 47.1882 47.2006 47.2238 47.2421
 47.2799 47.2924 47.3153 47.3409 47.3916 47.4136 47.4321 47.4676 47.4876
 47.5043 47.5318 47.5708 47.5848 47.6023 47.6174 47.6637 47.7168
54.7983 55.0107 55.0404 55.0749 55.1067 55.2068 55.2445 55.2649 55.2847
 55.3385 55.3705 55.4114 55.4264 55.4398 55.4559 55.4752 55.4975 55.5303
 55.5768 55.5983 55.6189 55.6684 55.7009 55.7284 55.7449 55.7652 55.7987
 55.8395 55.8559 55.8835 55.9063 55.9236 55.9388 55.9597 55.9915 56.0453
 56.0716 56.0889 56.1198
63.2275 63.3526 63.3802 63.4413 63.5366 63.5607 63.5763 63.6019 63.6193
 63.6399 63.6661 63.6907 63.7134 63.728  63.7426 63.7655 63.7826 63.7991
 63.8292 63.8447 63.8662 63.8894 63.9006 63.9462 63.9616 63.9744 63.9855
 64.0073 64.0231 64.0359 64.0524 64.068  64.0826 64.0955 64.1089 64.1279
 64.1413 64.1586 64.1713 64.1848 64.1967 64.2164 64.2298 64.2453 64.258
 64.2686 64.2814 64.2935 64.311  64.3252 64.3416 64.359  64.3749 64.3935
 64.4215 64.4502 64.5083 64.5473 64.6136 64.6816

