12.1973 12.4007 12.5504 12.7055 12.7402 12.8157 12.8412 12.8635 12.8956
 12.911  12.9612 12.9809 12.9999 13.0174 13.0384 13.0746 13.0949 13.1233
 13.1442 13.1616 13.174  13.1873 13.211  13.2273 13.2485 13.2608 13.272
 13.2901 13.3072 13.3185 13.3376 13.3516 13.3645 13.3776 13.395  13.4071
 13.4188 13.4316 13.4428 13.4531 13.464  13.4758 13.4851 13.4957 13.5059
 13.5156 13.5267 13.5372 13.5482 13.5571 13.5689 13.5791 13.5885 13.5995
 13.6103 13.6199 13.6292 13.639  13.6506 13.6608 13.6693 13.679  13.6902
 13.7017 13.7117 13.7226 13.7355 13.7452 13.7552 13.7655 13.7752 13.7842
 13.7932 13.8021 13.8112 13.8204 13.8296 13.8382 13.847  13.856  13.8657
 13.8743 13.8827 13.8926 13.9018 13.9103 13.9183 13.9279 13.9364 13.9452
 13.9536 13.9614 13.9703 13.9792 13.988  13.9979 14.0087 14.0183 14.0288
 14.0377 14.0473 14.0554 14.065  14.0739 14.0829 14.0914 14.1007 14.109
 14.1189 14.1287 14.1372 14.1457 14.155  14.1644 14.1728 14.1828 14.1917
 14.2    14.21   14.219  14.2291 14.2392 14.2485 14.2573 14.2661 14.2762
 14.2875 14.2978 14.3069 14.3168 14.326  14.3355 14.345  14.355  14.3636
 14.3734 14.3826 14.3918 14.4014 14.412  14.4205 14.4312 14.4434 14.4521
 14.4619 14.4742 14.4851 14.4964 14.5085 14.5212 14.5345 14.547  14.5571
 14.5797 14.5948 14.6084 14.6265 14.6434 14.6585 14.6782 14.6897 14.7084
 14.7247 14.7446 14.7608 14.7785 14.8081 14.8528 14.8769 14.9162 14.968
 14.9924 15.024  15.0634
20.4789 20.7704 20.7943 20.9371 20.9837 21.0162 21.0907 21.1694 21.2188
 21.2553 21.2867 21.3199 21.3657 21.3862 21.4057 21.4231 21.4417 21.4598
 21.4851 21.5014 21.5208 21.5361 21.5537 21.5688 21.5846 21.5994 21.6153
 21.6267 21.6438 21.667  21.678  21.6945 21.7159 21.7339 21.7485 21.7686
 21.784  21.7946 21.8087 21.8234 21.8364 21.8478 21.8597 21.8713 21.8829
 21.8948 21.906  21.9205 21.9326 21.9443 21.9559 21.9686 21.9834 21.9938
 22.0071 22.0218 22.035  22.045  22.0552 22.0642 22.0731 22.0832 22.094
 22.1037 22.1141 22.1233 22.1345 22.1441 22.1534 22.1636 22.1738 22.1847
 22.196  22.2069 22.2168 22.2276 22.2368 22.247  22.2572 22.2669 22.2752
 22.2854 22.2954 22.3046 22.3136 22.3236 22.3321 22.3406 22.3501 22.3587
 22.3688 22.3778 22.3869 22.3968 22.4068 22.4171 22.4269 22.4377 22.4465
 22.4554 22.4641 22.4734 22.4834 22.4939 22.5037 22.5133 22.5229 22.5338
 22.5428 22.5528 22.5632 22.5733 22.5841 22.5944 22.605  22.6165 22.6261
 22.6363 22.6494 22.6615 22.6716 22.6811 22.6918 22.705  22.7186 22.728
 22.7381 22.7511 22.761  22.7727 22.7855 22.7979 22.8085 22.8193 22.8313
 22.8462 22.8613 22.8744 22.8864 22.8976 22.9155 22.9343 22.9522 22.9693
 22.9894 23.0094 23.0351 23.0635 23.0803 23.0972 23.1158 23.1353 23.1605
 23.1802 23.2084 23.2313 23.256  23.3256 28.183  29.0603 29.3538 29.3931
 29.5603 29.6915 29.8003 29.8793 29.9108 29.9472 29.9698
30.0373 30.0605 30.1008 30.1488 30.1842 30.2153 30.2327 30.2441 30.2743
 30.2959 30.311  30.3238 30.3425 30.3561 30.3683 30.3831 30.3986 30.4115
 30.4236 30.4372 30.4549 30.4702 30.4798 30.4962 30.509  30.523  30.5425
 30.5554 30.5694 30.5811 30.5953 30.6086 30.6234 30.6374 30.6484 30.6589
 30.6726 30.6843 30.6941 30.7045 30.7164 30.7274 30.7386 30.7486 30.7589
 30.768  30.7792 30.7889 30.8008 30.8099 30.8201 30.8308 30.8409 30.8503
 30.8598 30.8698 30.8792 30.8886 30.9013 30.9115 30.9247 30.9341 30.9442
 30.9539 30.9636 30.9746 30.9848 30.996  31.0077 31.0182 31.0281 31.0367
 31.0455 31.0555 31.0654 31.0752 31.085  31.0951 31.1063 31.1159 31.1253
 31.1352 31.1456 31.1556 31.1662 31.1779 31.1874 31.1984 31.2076 31.2177
 31.2294 31.2405 31.2521 31.2636 31.2747 31.2883 31.2979 31.31   31.3207
 31.331  31.342  31.3526 31.3639 31.3761 31.3865 31.3975 31.4088 31.4201
 31.4312 31.4428 31.4531 31.4675 31.4789 31.4927 31.5097 31.5198 31.5329
 31.5467 31.5574 31.5703 31.5831 31.599  31.6122 31.6278 31.6461 31.6619
 31.6806 31.6954 31.7092 31.7215 31.7392 31.7577 31.7792 31.7976 31.8161
 31.8342 31.8597 31.8925 31.9264 32.1309 32.1736 38.1003 38.1266 38.2815
 38.3077 38.3401 38.4009 38.5638 38.5943 38.6221 38.6454 38.6583 38.6906
 38.7144 38.7848 38.804  38.8215 38.8708 38.888  38.9056 38.9252 38.9433
 38.9595 38.9789 38.9973 39.0119 39.0308 39.0432 39.0615 39.0806 39.0974
 39.1145 39.135  39.1474 39.1675 39.1801 39.1937 39.206  39.218  39.241
 39.2525 39.2662 39.2789 39.2917 39.3032 39.3197 39.3389 39.3539 39.3677
 39.3808 39.3916 39.4071 39.4219 39.4362 39.4508 39.4628 39.4775 39.49
 39.5035 39.5202 39.5445 39.5602 39.5724 39.588  39.6014 39.6206 39.6335
 39.6541 39.6678 39.6839 39.6956 39.7084 39.7219 39.7395 39.7518 39.7681
 39.7809 39.7943 39.8114 39.829  39.8458 39.8615 39.8823 39.8962 39.9094
 39.9264 39.9543 39.9738 39.9959
40.0211 40.0379 40.0688 40.0947 40.1231 40.1511 40.1671 40.2297 40.2887
 40.3134 40.3633 45.6467 46.2297 46.4239 46.5613 46.5861 46.6126 46.6577
 46.6856 46.7026 46.7219 46.7595 46.7856 46.8047 46.8237 46.8418 46.8578
 46.8809 46.9106 46.931  46.9491 46.9655 46.9857 47.0032 47.0192 47.0404
 47.053  47.063  47.0747 47.0866 47.1055 47.1163 47.129  47.1427 47.1559
 47.1702 47.1806 47.1942 47.2083 47.2217 47.233  47.2435 47.2544 47.2674
 47.2771 47.2895 47.3012 47.3139 47.3266 47.3391 47.352  47.3625 47.3725
 47.3835 47.3938 47.4046 47.4144 47.4242 47.4338 47.4442 47.4543 47.4651
 47.4746 47.4831 47.4941 47.5039 47.5139 47.5245 47.5365 47.5457 47.5554
 47.5646 47.5732 47.5817 47.5914 47.6013 47.6111 47.6202 47.6292 47.6383
 47.6477 47.6565 47.665  47.6742 47.6837 47.6938 47.7052 47.7142 47.7242
 47.7334 47.7423 47.7527 47.7627 47.7718 47.7818 47.7905 47.7998 47.8096
 47.8186 47.8286 47.8375 47.8472 47.8574 47.8675 47.8772 47.8864 47.8954
 47.904  47.9134 47.9245 47.9342 47.9431 47.9538 47.9641 47.9733 47.9844
 47.9951 48.0066 48.0208 48.0319 48.046  48.0576 48.0706 48.0837 48.0983
 48.1105 48.123  48.135  48.1472 48.1592 48.1699 48.1824 48.1955 48.2076
 48.2232 48.2362 48.2534 48.2665 48.2838 48.3011 48.3149 48.3409 48.3619
 48.3818 48.4061 48.4277 48.4482 48.4918 48.6843 48.7221 48.8447 49.4979
54.3477 54.4285 54.5989 54.6456 54.7867 54.9476 55.0679 55.1026 55.1417
 55.1927 55.2208 55.2949 55.3156 55.341  55.3684 55.3847 55.4101 55.4359
 55.4658 55.5061 55.5203 55.5341 55.551  55.5654 55.5805 55.5934 55.6052
 55.6174 55.6297 55.6492 55.6669 55.6822 55.6947 55.709  55.7249 55.7405
 55.7519 55.7649 55.7806 55.7974 55.81   55.8258 55.8394 55.8522 55.8667
 55.8805 55.894  55.9114 55.9211 55.933  55.9459 55.9582 55.968  55.9808
 55.9901 56.0038 56.0148 56.0268 56.0368 56.0485 56.0606 56.0752 56.0886
 56.0999 56.1091 56.1182 56.1285 56.1402 56.15   56.1612 56.1734 56.1845
 56.1954 56.2072 56.2194 56.2307 56.242  56.2548 56.2666 56.2782 56.2884
 56.2996 56.3098 56.3204 56.3328 56.3435 56.3524 56.3633 56.3757 56.3879
 56.4012 56.4124 56.4242 56.4365 56.4475 56.4601 56.4719 56.4849 56.5054
 56.5197 56.5334 56.5456 56.5592 56.5695 56.5796 56.5919 56.6026 56.6139
 56.6285 56.6413 56.6549 56.6719 56.6846 56.6993 56.7138 56.7262 56.7416
 56.7606 56.7785 56.8038 56.8264 56.8458 56.8795 56.9063 56.9366 56.975
 57.0264 57.1694 57.1982 57.4062
62.2278 63.2562 63.3137 63.3459 63.4763 63.501  63.5341 63.555  63.5708
 63.5887 63.6146 63.6388 63.6528 63.6816 63.7109 63.7233 63.7416 63.7591
 63.774  63.7876 63.8033 63.8236 63.8405 63.8538 63.8743 63.8935 63.9065
 63.9259 63.9396 63.9589 63.9731 63.9831 63.9937 64.0072 64.0213 64.0351
 64.0455 64.0566 64.067  64.0766 64.0885 64.1016 64.1177 64.131  64.145
 64.1564 64.1682 64.1781 64.1907 64.2001 64.2123 64.2232 64.2335 64.242
 64.2507 64.2604 64.2709 64.2805 64.2919 64.302  64.312  64.3222 64.3312
 64.3415 64.3508 64.3598 64.3689 64.3788 64.3878 64.3977 64.4068 64.4175
 64.4265 64.4368 64.4477 64.458  64.4681 64.4766 64.4856 64.4954 64.5036
 64.5122 64.5235 64.5351 64.5442 64.5564 64.5679 64.5781 64.5877 64.596
 64.6054 64.6148 64.6237 64.6331 64.643  64.6529 64.6617 64.6715 64.6808
 64.6903 64.6999 64.7116 64.7198 64.7303 64.7409 64.7539 64.763  64.774
 64.7835 64.7941 64.8042 64.8171 64.8301 64.8424 64.8508 64.8599 64.8718
 64.8814 64.8907 64.9015 64.9117 64.9214 64.9336 64.9448 64.9557 64.9673
 64.9779 64.988  64.9994 65.0089 65.0228 65.034  65.046  65.0564 65.0683
 65.0779 65.0889 65.1042 65.1165 65.1359 65.1474 65.1586 65.175  65.1868
 65.2028 65.2167 65.2308 65.2472 65.2705 65.2916 65.3049 65.3306 65.3649
 65.396  65.4237 65.4528 65.6319 65.7082 65.8329

