12.544  12.6603 12.7874 12.8204 12.8695 12.9257 12.9869 13.1099 13.1289
 13.1649 13.1874 13.2089 13.2338 13.2485 13.2646 13.2949 13.3216 13.342
 13.3578 13.3748 13.3931 13.413  13.4336 13.4452 13.4615 13.4747 13.4892
 13.5052 13.5239 13.5375 13.554  13.5677 13.5869 13.601  13.6133 13.6302
 13.6451 13.6586 13.673  13.6844 13.6975 13.7112 13.7229 13.733  13.743
 13.7556 13.7669 13.777  13.7879 13.7982 13.8095 13.8202 13.8315 13.8429
 13.8541 13.8648 13.8788 13.8889 13.9011 13.9183 13.9375 13.951  13.9625
 13.9735 13.9841 13.9953 14.006  14.0187 14.0292 14.0381 14.0484 14.0593
 14.0716 14.0856 14.0968 14.1098 14.1203 14.1299 14.1391 14.1487 14.161
 14.1731 14.1852 14.1974 14.211  14.2219 14.2319 14.2414 14.2518 14.2627
 14.2739 14.2852 14.2984 14.308  14.321  14.332  14.3433 14.353  14.3624
 14.3722 14.3813 14.3923 14.4022 14.4124 14.4226 14.4333 14.4459 14.4559
 14.4672 14.4769 14.486  14.497  14.5072 14.5175 14.529  14.5407 14.5519
 14.5634 14.5748 14.5874 14.5984 14.6089 14.6182 14.629  14.6396 14.6484
 14.6582 14.6686 14.6799 14.692  14.7038 14.7143 14.7245 14.7343 14.7465
 14.7566 14.7683 14.7789 14.7903 14.8011 14.8126 14.8248 14.8359 14.8463
 14.8593 14.8712 14.8822 14.8939 14.9048 14.9178 14.9325 14.9502 14.9615
 14.9755 14.9879 15.0012 15.0149 15.0279 15.0418 15.0543 15.0683 15.0832
 15.1033 15.1276 15.1444 15.1627 15.182  15.1993 15.223  15.2611 15.2821
 15.3165 15.3483 15.3769 15.4074 15.4387 15.4674
20.6776 20.9434 21.0349 21.1606 21.2121 21.3768 21.4585 21.4807 21.5238
 21.5418 21.5654 21.5963 21.6181 21.6313 21.6532 21.673  21.6918 21.7238
 21.7459 21.7697 21.7862 21.7984 21.8173 21.8326 21.8495 21.8658 21.8784
 21.9028 21.919  21.9318 21.9441 21.9589 21.9743 21.9856 21.9976 22.0092
 22.022  22.0372 22.0506 22.0635 22.0813 22.093  22.1064 22.1205 22.1336
 22.1468 22.1607 22.1727 22.1858 22.1978 22.2108 22.222  22.2328 22.2455
 22.2596 22.2716 22.2873 22.2989 22.3092 22.3212 22.3326 22.3453 22.3568
 22.3689 22.3829 22.3947 22.4041 22.4144 22.4249 22.4364 22.4474 22.4588
 22.4743 22.4901 22.502  22.5128 22.5246 22.5371 22.5486 22.5625 22.5731
 22.5839 22.5949 22.6067 22.6198 22.6326 22.6455 22.6552 22.669  22.6814
 22.6907 22.7002 22.7105 22.7206 22.7319 22.7425 22.7535 22.7653 22.7765
 22.7865 22.8    22.812  22.8223 22.8377 22.8507 22.8638 22.8768 22.8885
 22.9029 22.9137 22.9247 22.9382 22.948  22.9598 22.9703 22.9838 22.9955
 23.0058 23.0174 23.029  23.0413 23.0542 23.0655 23.0791 23.0935 23.1072
 23.1207 23.1329 23.1466 23.1579 23.1702 23.1852 23.1962 23.2088 23.2223
 23.2389 23.258  23.2699 23.2825 23.2952 23.3075 23.3214 23.3407 23.3568
 23.3779 23.3965 23.4117 23.4325 23.4588 23.4825 23.4979 23.5241 23.5465
 23.5683 23.6086 23.6942 23.7247 23.7641 23.7899 29.964  29.9918
30.0227 30.0384 30.0738 30.0962 30.1517 30.1755 30.1935 30.2227 30.2627
 30.2785 30.2959 30.3192 30.3384 30.3667 30.3808 30.3978 30.415  30.4383
 30.4552 30.4774 30.4923 30.5118 30.5309 30.5452 30.5564 30.5694 30.5911
 30.6036 30.6139 30.6254 30.6391 30.6541 30.667  30.683  30.6964 30.7104
 30.7342 30.7495 30.7652 30.7766 30.7884 30.8009 30.8111 30.8203 30.8308
 30.8438 30.8545 30.8653 30.8764 30.8877 30.8993 30.9096 30.9204 30.9344
 30.9488 30.9622 30.9738 30.9864 30.9975 31.012  31.0238 31.0367 31.0495
 31.0618 31.0738 31.0846 31.0971 31.1075 31.1209 31.1315 31.1411 31.1527
 31.1661 31.1784 31.1931 31.2036 31.2156 31.2274 31.2378 31.2486 31.2595
 31.2708 31.2812 31.2904 31.3024 31.3157 31.3283 31.341  31.3511 31.3618
 31.3724 31.3829 31.3954 31.4069 31.4184 31.4284 31.4407 31.4528 31.4641
 31.4764 31.4886 31.4997 31.5106 31.5276 31.5371 31.5489 31.5612 31.5735
 31.5851 31.5972 31.6093 31.6225 31.6345 31.6469 31.6601 31.6719 31.6836
 31.6986 31.7121 31.7243 31.7382 31.7553 31.7689 31.7808 31.7956 31.8113
 31.8323 31.8441 31.8604 31.8736 31.8866 31.9034 31.9179 31.9315 31.9486
 31.9603 31.9752 31.9891 32.0013 32.0132 32.028  32.0441 32.0593 32.0739
 32.0917 32.1081 32.1233 32.1508 32.1856 32.211  32.2308 32.27   32.2923
 32.3309 32.3705 32.4043 32.4637 32.5145 38.2082 38.3794 38.4722 38.5392
 38.5663 38.6573 38.7055 38.7967 38.8613 38.9319 38.9528 38.9935 39.0056
 39.0307 39.0549 39.0791 39.1089 39.1348 39.1505 39.1804 39.2    39.2147
 39.2616 39.2802 39.2957 39.3079 39.3222 39.343  39.3544 39.3719 39.3865
 39.4076 39.4251 39.4498 39.478  39.5    39.5186 39.5399 39.5701 39.5906
 39.6064 39.6201 39.6474 39.662  39.6852 39.7092 39.7261 39.7434 39.7635
 39.7846 39.8179 39.8307 39.8465 39.8612 39.8776 39.8959 39.9097 39.9216
 39.9467 39.9662 39.9856
40.0034 40.0191 40.0392 40.0554 40.0696 40.0831 40.0959 40.1159 40.1371
 40.1504 40.1656 40.1874 40.2054 40.2295 40.2464 40.2794 40.3058 40.3221
 40.348  40.3845 40.4236 40.4617 40.5453 40.568  40.6016 40.6755 40.6997
 40.7467 40.8659 43.8709 44.5664 45.9935 46.0627 46.2654 46.4673 46.579
 46.7178 46.8352 46.8678 46.9268 46.9392 46.9601 46.9818 47.0073 47.0217
 47.0423 47.0607 47.0982 47.1238 47.1435 47.1585 47.181  47.1967 47.2127
 47.2299 47.2399 47.2562 47.2709 47.2825 47.2953 47.307  47.3225 47.3366
 47.3504 47.369  47.3849 47.4017 47.4204 47.4359 47.4498 47.461  47.4721
 47.4862 47.4972 47.5104 47.5224 47.5339 47.5467 47.5604 47.5754 47.587
 47.6042 47.6167 47.6284 47.6405 47.6524 47.6643 47.6756 47.6869 47.6977
 47.7114 47.7231 47.7331 47.7438 47.7541 47.7654 47.7788 47.7923 47.8026
 47.8146 47.8257 47.8363 47.8495 47.8614 47.8713 47.881  47.8911 47.902
 47.9124 47.9222 47.9353 47.9482 47.9609 47.9739 47.9863 47.9984 48.0092
 48.0218 48.0341 48.0439 48.053  48.0621 48.0729 48.0869 48.1002 48.1123
 48.1264 48.1391 48.1503 48.1631 48.1752 48.1893 48.2019 48.2142 48.2247
 48.2352 48.248  48.2605 48.2719 48.2827 48.2943 48.308  48.3196 48.3313
 48.3426 48.3549 48.3656 48.3782 48.3898 48.4034 48.4168 48.4302 48.4461
 48.4561 48.467  48.4776 48.4901 48.5028 48.5133 48.5261 48.5391 48.5595
 48.5798 48.5942 48.6173 48.6324 48.6516 48.6666 48.69   48.7048 48.7202
 48.7376 48.7557 48.77   48.7875 48.8042 48.829  48.8683 48.8928 48.9338
 48.9678 48.9919 49.0289 49.0539 49.099  49.18
54.5677 54.9503 54.9954 55.0335 55.1869 55.211  55.2522 55.3857 55.4106
 55.4411 55.4593 55.4803 55.4984 55.536  55.5797 55.5969 55.6158 55.6373
 55.6584 55.6866 55.7198 55.7406 55.7537 55.7656 55.7818 55.7993 55.8155
 55.8298 55.8428 55.8669 55.8795 55.8916 55.9039 55.9172 55.9319 55.9507
 55.9702 55.9822 55.9926 56.0061 56.0198 56.0374 56.0533 56.0706 56.0923
 56.1038 56.1157 56.1256 56.1358 56.1457 56.1586 56.1736 56.1872 56.2001
 56.211  56.2272 56.2405 56.2558 56.2671 56.2823 56.293  56.3056 56.3203
 56.3323 56.3468 56.3582 56.3705 56.3833 56.3956 56.41   56.4205 56.4332
 56.4477 56.4601 56.4728 56.4899 56.5036 56.5154 56.5321 56.5458 56.5607
 56.5734 56.5876 56.6014 56.6164 56.6296 56.643  56.6565 56.6691 56.6808
 56.6935 56.7055 56.7191 56.7333 56.7472 56.7611 56.7761 56.7897 56.8036
 56.823  56.8379 56.855  56.8721 56.8862 56.9008 56.9128 56.9309 56.9491
 56.966  56.981  56.9943 57.0123 57.0252 57.044  57.0608 57.075  57.0918
 57.1115 57.1253 57.1417 57.1574 57.1743 57.2071 57.226  57.2471 57.276
 57.2927 57.3153 57.3644 57.4087 57.4368 57.4928 57.5958
63.1543 63.1876 63.2935 63.3557 63.4537 63.4909 63.5199 63.5526 63.6085
 63.6587 63.6917 63.7564 63.7897 63.8025 63.8182 63.8369 63.8614 63.8836
 63.8994 63.9167 63.9343 63.9719 63.9932 64.0095 64.0281 64.0427 64.0627
 64.0784 64.0924 64.1072 64.1389 64.1568 64.1688 64.1892 64.2009 64.2115
 64.2301 64.2447 64.258  64.2711 64.2835 64.2936 64.3056 64.3208 64.3357
 64.3471 64.3604 64.3717 64.3834 64.3975 64.4085 64.4197 64.4309 64.44
 64.451  64.4609 64.4729 64.4833 64.4953 64.5057 64.5161 64.5278 64.5398
 64.5519 64.5629 64.576  64.5892 64.6004 64.6102 64.623  64.6352 64.6519
 64.6615 64.6746 64.6848 64.6946 64.7052 64.7191 64.7314 64.7429 64.7525
 64.7623 64.7736 64.7847 64.797  64.8082 64.8177 64.8288 64.8381 64.8482
 64.8584 64.8698 64.8785 64.8904 64.9015 64.9146 64.926  64.9443 64.9593
 64.9716 64.9825 64.9922 65.0057 65.0183 65.029  65.0406 65.0529 65.0641
 65.0737 65.0853 65.098  65.1082 65.1193 65.1318 65.1432 65.1541 65.1652
 65.1747 65.187  65.197  65.2085 65.2176 65.2277 65.2383 65.2508 65.2621
 65.2734 65.2858 65.2963 65.3075 65.3189 65.3325 65.3423 65.3537 65.3673
 65.379  65.3904 65.403  65.4136 65.4265 65.4389 65.452  65.466  65.4771
 65.4902 65.5024 65.5153 65.5277 65.5383 65.552  65.5685 65.5843 65.6037
 65.6208 65.6358 65.658  65.6731 65.6896 65.7071 65.7232 65.7444 65.7758
 65.8147 65.8356 65.8641 65.8874 65.9271 65.9594 66.1727 66.3075

