11.9731 12.7284 12.8995 13.1217 13.2029 13.2358 13.3751 13.4542 13.4957
 13.6078 13.687  13.8371 13.8545 13.8899
21.2514 21.4106 21.4496 21.5083 21.6497 21.6977 21.7274 21.8161 21.8421
 21.8679 21.8879 21.9305 21.9488 22.0334 22.0656 29.6078 29.6412
30.0145 30.3396 30.4286 30.5358 30.616  30.6957 30.7127 36.85   38.1218
 38.5029 38.5618 38.666  38.7401 38.8021 38.8242 38.851  38.8696 38.9008
 38.9349 38.9983 39.161  39.3114 39.3826
45.4511 46.4574 46.6324 46.6705 46.8248 46.8977 46.9311 46.9785 47.1805
 47.2668 47.3251 47.3426 47.3879 47.4469 47.4971 47.5926 47.6249
53.5473 54.2297 54.4886 55.2174 55.2773 55.5215 55.5606 55.6229 55.6394
 55.6751 55.7473 55.8092 55.9628 55.9969 56.0471
61.7659 63.1867 63.2222 63.5281 63.5818 63.6277 63.658  63.6804 63.7472
 63.7676 63.8202 63.8522 64.1347 64.153  64.172  64.2007 64.2486 64.3054
 64.3294 64.3768 64.3945 64.4183 64.4507

