11.5693 11.8955 12.0165 12.36   12.4384 12.5106 12.6173 12.6984 12.7579
 12.8085 12.8426 12.8596 12.8895 12.9372 12.9969 13.1358 13.1637 13.2204
 13.3126 13.3597 13.4079 13.4736 13.5203
20.4084 20.5096 20.6592 20.9293 21.0053 21.0555 21.1254 21.1893 21.2343
 21.291  21.3578 21.4513 21.5123 21.5378 21.6288 21.6514 21.7336 21.749
 21.7944 21.8496 21.9098 21.9525 22.0788 22.1138 29.3905 29.4827 29.5219
 29.6324 29.6867 29.7555 29.7919 29.8889 29.9216 29.9457 29.9778
30.0018 30.0199 30.0651 30.1343 30.1579 30.1776 30.2145 30.2517 30.3775
 30.4103 30.4943 30.5237 30.5558 30.6208 35.3917 37.2469 38.1696 38.2813
 38.4198 38.4702 38.4992 38.5316 38.566  38.6572 38.6833 38.7105 38.776
 38.8295 38.9137 38.9599
45.6691 45.7213 46.1931 46.2397 46.3918 46.4436 46.5309 46.6497 46.6765
 46.7084 46.7753 46.7962 46.8227 46.8387 46.8894 46.9228 46.9355 46.9992
 47.0305 47.1372 47.2417 47.2625 47.2881 47.3438 47.3961
53.1498 54.515  54.7752 54.8055 55.0177 55.0676 55.1414 55.1862 55.2264
 55.285  55.3127 55.3477 55.3753 55.6389 55.7821
62.8706 62.923  63.0339 63.3119 63.4758 63.5452 63.5754 63.6308 63.6637
 63.6902 63.7277 63.8468 63.8938 63.9075 63.9179 63.9469 64.0815 64.1052
 64.1661 64.1885 64.3049 69.3088 69.9621

