12.1572 12.4726 12.5162 12.59   12.6287 12.7576 12.823  12.8987 12.9543
 12.9944 13.0648 13.0957 13.1313 13.1567 13.1692 13.2048 13.2275 13.2534
 13.2683 13.2825 13.2985 13.3221 13.3357 13.3465 13.3591 13.3893 13.4051
 13.4212 13.4355 13.4659 13.4907 13.5026 13.5336 13.5475 13.5686 13.5823
 13.5978 13.613  13.6256 13.6459 13.6724 13.6868 13.7174 13.7382 13.7677
 13.7838 13.7983 13.8116 13.8256 13.8434 13.8577 13.8734 13.8952 13.9078
 13.9298 13.9477 13.968  13.9853 14.0007 14.0172 14.0451 14.0604 14.0762
 14.0923 14.124  14.1376 14.1491 14.1658 14.1788 14.1905 14.2098 14.2307
 14.2475 14.2671
21.092  21.9356 22.0391 22.1422 22.2391 22.3516 22.5998 28.9928 29.8297
30.3194 30.3465 30.4175 30.447  30.4826 30.5034 30.6467 30.6626 30.695
 30.7326 30.7833 30.8133 30.8259 30.8378 30.8526 30.8671 30.9072 30.9262
 30.9478 30.9632 30.9821 30.9968 31.0128 31.0346 31.0536 31.0725 31.0955
 31.135  31.1769 31.2466 31.3246 31.3941 38.1515 38.5677 39.2715
45.8148 46.0092 46.2652 46.2906 46.341  46.4337 46.5284 46.5686 46.5893
 46.6401 46.6695 46.6849 46.716  46.7654 46.7868 46.8879 46.9083 46.9277
 46.9572 47.0152 47.0937 47.1117 47.1453 47.169  47.1962 47.2209 47.2393
 47.2689 47.2976 47.3132 47.3249 47.3514 47.3705 47.4519 47.5017
54.8395 55.1906 55.3238 55.3587 55.4141 55.523  55.5685 55.6798 55.7478
 55.7777 55.7952 55.8703 55.8947 55.9146 55.9242 55.9558 55.9949 56.0664
 56.1119 56.1562 56.2179 56.2346 56.2687
63.5225 63.8051 64.1544 64.2551 64.3699 64.6502

