12.637  12.7618 12.8094 12.8715 12.9638 13.1074 13.2167 13.2329 13.2541
 13.27   13.2868 13.3268 13.3457 13.3599 13.3792 13.3915 13.4045 13.4187
 13.4371 13.4541 13.4807 13.4991 13.517  13.5617 13.5794 13.6016 13.6172
 13.6431 13.6632 13.6884 13.7132 13.7332 13.7485 13.7629 13.7814 13.7991
 13.8138 13.8317 13.8581 13.8724 13.9142 13.9579 13.9739 13.9921 14.0134
 14.0315 14.0445 14.0602 14.0768 14.0921 14.114  14.1482 14.1774 14.1973
 14.2179 14.2344 14.2566 14.2922 14.3296 14.3583 14.3743 14.4611 14.4777
 14.5429 14.5836
22.1599 22.3213 22.5345 22.566
30.1363 30.3449 30.3865 30.438  30.5746 30.6041 30.6459 30.6635 30.7248
 30.7583 30.7808 30.9121 30.9505 30.9932 31.0504 31.0731 31.1122 31.2342
 31.2953 31.3211 31.34   31.3738 31.3891 31.4398 31.481  31.5113 31.6603
 39.2245 39.5305 39.5971
45.6474 46.2598 46.4698 46.5005 46.5208 46.6497 46.7099 46.728  46.8354
 46.9151 46.9989 47.0258 47.0636 47.1069 47.1349 47.153  47.1815 47.2652
 47.2908 47.3106 47.3298 47.3538 47.3758 47.4574 47.4855 47.528  47.5473
 47.5823 47.6071 47.6338 47.6635 47.693  47.7524
54.4701 55.6383 55.6824 55.8547 55.9483 56.0115 56.044  56.062  56.076
 56.1432 56.1716 56.1976 56.2187 56.3655 56.4033
63.351  63.4    63.6665 64.1429 64.2247 64.2567 64.3464 64.4138 64.4749
 64.6577

