11.3399 12.2806 12.868  12.9708 13.0204 13.0665 13.1023 13.1299 13.1624
 13.2159 13.2818 13.3023 13.33   13.3549 13.3699 13.5018 13.5773 13.8392
21.1067 21.9214 22.1942 22.4298 22.4537 29.4052
30.4519 30.5078 30.6337 30.6872 30.7038 30.7388 30.7559 31.2658 38.8514
46.5078 46.5374 46.6093 46.6675 46.7075 46.7325 46.7509 46.7734 46.8547
 46.9285 46.9466 46.9966 47.0157 47.1759 47.3701 47.4901
54.061  54.6374 54.9432 55.1377 55.2828 55.4923 55.5309 55.5545 55.5867
 55.7514 55.8317 56.0658
63.754  64.1786 64.2449 64.2862 64.4417

