11.4257 12.5258 12.5508 12.6905 12.7294 12.8404 12.8767 12.8982 12.9193
 12.9678 13.0148 13.0505 13.0752 13.0888 13.1135 13.1434 13.1622 13.1854
 13.2069 13.237  13.2577 13.286  13.3174 13.3397 13.355  13.3743 13.3863
 13.4123 13.4304 13.4441 13.4568 13.4661 13.4811 13.4902 13.5003 13.5118
 13.5221 13.5348 13.5447 13.556  13.5701 13.5821 13.5936 13.6044 13.6151
 13.6254 13.6351 13.6462 13.6566 13.668  13.6783 13.6889 13.6996 13.7141
 13.7264 13.739  13.7472 13.7568 13.7671 13.7758 13.7846 13.7961 13.8075
 13.8179 13.8278 13.8394 13.8515 13.863  13.875  13.8888 13.8997 13.912
 13.921  13.937  13.9501 13.9682 13.9795 13.9917 14.0085 14.0194 14.0298
 14.0485 14.063  14.0796 14.0908 14.1041 14.1232 14.1347 14.1464 14.1616
 14.173  14.2026 14.2229 14.2493 14.2721 14.2964 14.3179 18.9787
22.0396 22.1619 22.2244 22.3001 22.4288 22.499  29.3704 29.8668 29.9878
30.0887 30.1167 30.1392 30.274  30.3688 30.4296 30.4679 30.5993 30.6223
 30.6467 30.6668 30.7294 30.7584 30.7879 30.8308 30.8535 30.8808 30.8906
 30.9109 30.9407 30.9631 30.9837 30.996  31.0118 31.0277 31.0412 31.0598
 31.074  31.1021 31.1269 31.1457 31.1742 31.1889 31.2041 31.2177 31.2338
 31.2502 31.2698 31.2869 31.3128 31.3512 31.3885 31.416  31.4717 31.523
 37.8028 38.796  39.3142
43.6189 45.1636 45.9304 46.0113 46.163  46.3017 46.3312 46.4613 46.5218
 46.5985 46.6177 46.6536 46.6854 46.7223 46.7445 46.7996 46.815  46.84
 46.8855 46.9037 46.9254 46.9542 46.9727 47.0124 47.0262 47.0549 47.0684
 47.1058 47.1203 47.1333 47.1447 47.1653 47.1809 47.1957 47.2184 47.2553
 47.2684 47.2834 47.3029 47.3154 47.3337 47.351  47.367  47.411  47.4276
 47.4382 47.4699 47.4907 47.5159 47.5288 47.5434 47.564  47.586  47.6049
 47.6256
54.1069 55.1168 55.2458 55.3101 55.5366 55.5909 55.6295 55.6434 55.6563
 55.6698 55.7244 55.7533 55.7766 55.7904 55.8145 55.8866 55.9673 55.9799
 55.9916 56.0079 56.0297 56.0574 56.0798 56.0977 56.1218 56.1458 56.1825
 56.2004 56.2131 56.2434 56.3819 56.4389
62.7053 63.7567 63.8464 63.994  64.1396 64.2833 64.3329 64.3917 64.5973
 64.6394 64.7102 64.7417

