11.7017 11.9856 12.0914 12.272  12.3136 12.3792 12.5175 12.5542 12.5907
 12.64   12.6709 12.6878 12.7094 12.7498 12.7688 12.784  12.8009 12.8169
 12.8405 12.859  12.8808 12.8994 12.9197 12.9335 12.9471 12.9659 12.9791
 12.9958 13.0073 13.0275 13.0388 13.0484 13.0605 13.0715 13.0834 13.094
 13.1057 13.1181 13.1315 13.1432 13.1563 13.1675 13.1774 13.1874 13.1957
 13.205  13.2143 13.2247 13.2353 13.2453 13.2556 13.264  13.273  13.2826
 13.2912 13.3    13.3095 13.3188 13.3269 13.3351 13.3434 13.3536 13.3622
 13.37   13.3795 13.388  13.3951 13.403  13.4108 13.4181 13.4263 13.4346
 13.4429 13.4513 13.4594 13.4678 13.4755 13.4835 13.4914 13.4993 13.5068
 13.5147 13.5222 13.53   13.5374 13.5452 13.553  13.5609 13.5682 13.5759
 13.5831 13.5904 13.5977 13.605  13.612  13.6191 13.626  13.6328 13.6399
 13.6467 13.6537 13.6609 13.6683 13.6752 13.6821 13.6887 13.6957 13.7026
 13.7093 13.7163 13.7231 13.7301 13.7372 13.7446 13.7514 13.7582 13.7651
 13.7717 13.7785 13.7853 13.7925 13.7997 13.8065 13.813  13.8197 13.8265
 13.8334 13.8405 13.8474 13.854  13.8611 13.8678 13.8748 13.8813 13.8883
 13.8953 13.9023 13.9094 13.9164 13.9231 13.93   13.9372 13.9442 13.9507
 13.9574 13.9639 13.9704 13.9769 13.9833 13.99   13.9965 14.0032 14.0098
 14.0163 14.0227 14.0291 14.0356 14.0419 14.0483 14.0548 14.0611 14.0676
 14.0741 14.0804 14.0869 14.0932 14.0996 14.1059 14.1122 14.1185 14.1247
 14.1311 14.1375 14.1436 14.15   14.1564 14.1626 14.1691 14.1757 14.1819
 14.1885 14.1948 14.2013 14.2076 14.214  14.2202 14.2265 14.2329 14.2391
 14.2455 14.2518 14.2582 14.2645 14.2707 14.2769 14.2833 14.2897 14.296
 14.3024 14.3089 14.3153 14.3217 14.3281 14.3344 14.3406 14.3471 14.3535
 14.3598 14.3662 14.3724 14.3789 14.3853 14.3917 14.3981 14.4045 14.411
 14.4176 14.424  14.4306 14.4369 14.4434 14.4496 14.4563 14.4629 14.4695
 14.4762 14.4826 14.4891 14.4955 14.5019 14.5082 14.5149 14.5212 14.5276
 14.534  14.5405 14.5471 14.5534 14.5598 14.5662 14.5726 14.5793 14.5857
 14.5921 14.5985 14.605  14.6115 14.6178 14.6243 14.6308 14.6373 14.6438
 14.6502 14.6568 14.6631 14.6696 14.6761 14.6829 14.6894 14.6959 14.7026
 14.7092 14.7156 14.7223 14.7288 14.7352 14.7419 14.7485 14.7551 14.7619
 14.7686 14.7751 14.7817 14.7884 14.7952 14.8021 14.8091 14.8158 14.8226
 14.8294 14.8366 14.8437 14.8505 14.857  14.8635 14.8701 14.8769 14.8838
 14.8905 14.8972 14.9044 14.9114 14.9183 14.9252 14.9322 14.9391 14.9462
 14.9532 14.9601 14.9666 14.9734 14.9806 14.9875 14.9941 15.001  15.0081
 15.0154 15.0225 15.0296 15.0369 15.0439 15.0509 15.0578 15.0648 15.0721
 15.0795 15.0866 15.0941 15.1013 15.1086 15.1157 15.1227 15.1302 15.1377
 15.1445 15.1516 15.1589 15.166  15.1734 15.1808 15.1891 15.1966 15.2037
 15.2108 15.2186 15.2263 15.2341 15.2419 15.2496 15.2575 15.2654 15.2728
 15.2806 15.2885 15.2966 15.3043 15.3113 15.3192 15.3273 15.3352 15.3433
 15.3508 15.3593 15.3671 15.3755 15.3841 15.3927 15.4007 15.4088 15.4172
 15.4259 15.4339 15.4428 15.451  15.4598 15.4678 15.477  15.4864 15.496
 15.5049 15.5136 15.5231 15.5318 15.5413 15.5511 15.561  15.5723 15.5822
 15.5927 15.6034 15.6136 15.6257 15.6388 15.6499 15.6623 15.6747 15.6871
 15.7004 15.7146 15.7285 15.7437 15.7612 15.7753 15.7913 15.8052 15.8205
 15.8375 15.8525 15.8673 15.8844 15.9048 15.9253 15.9584 15.983  16.0239
 16.0593 16.2621
21.4005 21.4784 21.7454 21.8189 21.9374 21.9691 22.0018 22.0216 22.0518
 22.0684 22.1016 22.1421 22.1578 22.1785 22.2044 22.2167 22.234  22.2619
 22.2769 22.2988 22.3187 22.3404 22.3644 22.3809 22.391  22.4035 22.4194
 22.4347 22.4492 22.4618 22.4801 22.4949 22.5098 22.5285 22.5401 22.5568
 22.5739 22.5898 22.6047 22.6225 22.6373 22.6536 22.6671 22.6843 22.6987
 22.7124 22.7269 22.7389 22.7573 22.7693 22.781  22.7914 22.8106 22.8233
 22.8333 22.8449 22.8566 22.8666 22.8794 22.8911 22.9024 22.9177 22.9355
 22.9534 22.9674 22.9841 22.9986 23.0125 23.0235 23.0344 23.0465 23.0614
 23.0729 23.0852 23.0978 23.1119 23.125  23.135  23.1516 23.1664 23.18
 23.1931 23.2056 23.2191 23.2339 23.249  23.2635 23.2774 23.2901 23.3189
 23.3374 23.3576 23.3742 23.3913 23.419  23.4446 23.4633 23.4962 23.5349
 23.558  23.6002 23.6308 23.6563 23.6762 23.7015 23.7472 23.7746 23.8017
 23.8277 23.9441 29.8218 29.8954 29.9237 29.9747
30.0366 30.0613 30.1089 30.1873 30.2351 30.2562 30.2859 30.3136 30.3481
 30.3682 30.3839 30.4012 30.4142 30.4311 30.445  30.458  30.4707 30.4848
 30.4979 30.5095 30.5233 30.5405 30.5545 30.5692 30.5814 30.594  30.6094
 30.6214 30.6391 30.653  30.6659 30.6783 30.6893 30.7001 30.7145 30.7258
 30.739  30.7511 30.7635 30.777  30.789  30.7997 30.8113 30.8215 30.8313
 30.8398 30.851  30.8599 30.8698 30.8791 30.8892 30.8993 30.9085 30.9178
 30.9268 30.9354 30.9437 30.9524 30.9602 30.9684 30.9763 30.9855 30.9942
 31.0033 31.0116 31.0198 31.0283 31.0371 31.0455 31.0541 31.0628 31.0717
 31.0801 31.0896 31.0976 31.1053 31.1139 31.1228 31.1319 31.1399 31.1474
 31.1568 31.1647 31.172  31.1799 31.1872 31.1949 31.2027 31.21   31.2175
 31.2249 31.2326 31.2406 31.2483 31.2557 31.2628 31.2708 31.2786 31.2865
 31.2944 31.3025 31.3107 31.3185 31.3261 31.3341 31.3423 31.3505 31.3582
 31.3661 31.3747 31.3829 31.3906 31.3982 31.4062 31.4145 31.4218 31.4302
 31.4379 31.4455 31.4532 31.4608 31.4688 31.476  31.4831 31.4907 31.4984
 31.5061 31.5135 31.5217 31.5288 31.5361 31.5443 31.5524 31.5601 31.569
 31.5766 31.5842 31.5915 31.5988 31.6059 31.6142 31.622  31.6296 31.6369
 31.6443 31.6514 31.6589 31.6665 31.6736 31.6814 31.689  31.697  31.7047
 31.7124 31.7204 31.7287 31.7366 31.7448 31.7534 31.7625 31.7704 31.7784
 31.7869 31.7953 31.804  31.8125 31.8207 31.8288 31.8367 31.8445 31.8523
 31.8606 31.8685 31.8773 31.8854 31.8935 31.9015 31.9098 31.9176 31.9262
 31.9345 31.9423 31.9508 31.9585 31.9672 31.9769 31.9857 31.9936 32.0017
 32.0096 32.0176 32.0254 32.0337 32.0418 32.0503 32.0595 32.0701 32.0794
 32.0883 32.0971 32.1058 32.1153 32.1238 32.1328 32.142  32.1509 32.1608
 32.1717 32.1815 32.1924 32.2017 32.2117 32.2236 32.2327 32.2425 32.2521
 32.2628 32.2727 32.2864 32.2973 32.308  32.3179 32.327  32.3372 32.3474
 32.3591 32.3719 32.3844 32.3993 32.4095 32.4198 32.4327 32.4452 32.4572
 32.4694 32.4813 32.4927 32.5046 32.5208 32.5361 32.5545 32.5697 32.5856
 32.5997 32.6194 32.6364 32.6596 32.6798 32.7119 32.7288 32.7544 32.7776
 32.8087 32.8339 32.8867 32.9432 32.9904 38.3397 38.4784 38.7029 38.8569
 38.8812 38.9365 39.0548 39.0978 39.2305 39.2554 39.2788 39.3575 39.3761
 39.4226 39.4858 39.5343 39.5813 39.6938 39.7273 39.8452 39.8678
40.0464 40.1299 40.3578 40.4999 44.9086 45.9633 45.9956 46.1114 46.1408
 46.1808 46.2144 46.2432 46.2735 46.3133 46.3518 46.3803 46.4072 46.4336
 46.4616 46.4779 46.4933 46.5092 46.5307 46.5441 46.5594 46.5789 46.5896
 46.6039 46.6216 46.6404 46.6545 46.6668 46.6806 46.6943 46.7048 46.7174
 46.7316 46.7422 46.754  46.7658 46.7763 46.7882 46.7984 46.8105 46.8201
 46.8295 46.838  46.8488 46.8592 46.8708 46.8807 46.8901 46.9019 46.9107
 46.9206 46.9303 46.9398 46.9488 46.9585 46.9675 46.977  46.9858 46.9937
 47.0021 47.0103 47.0183 47.027  47.0369 47.0456 47.0535 47.0615 47.0694
 47.078  47.0863 47.0946 47.1029 47.111  47.12   47.1284 47.1366 47.1447
 47.1532 47.1616 47.1695 47.1782 47.186  47.1943 47.2022 47.2109 47.2191
 47.2272 47.2349 47.2427 47.2505 47.2578 47.2651 47.2724 47.28   47.2873
 47.2949 47.3024 47.3094 47.3172 47.3248 47.3319 47.3389 47.346  47.3532
 47.3603 47.3675 47.3746 47.3833 47.3908 47.3983 47.4055 47.4128 47.4203
 47.4278 47.435  47.4418 47.4494 47.4562 47.4635 47.4704 47.4775 47.4847
 47.4919 47.4987 47.5056 47.5127 47.52   47.527  47.534  47.5407 47.5478
 47.5551 47.562  47.5695 47.5767 47.5837 47.5907 47.5975 47.6045 47.6116
 47.6183 47.6251 47.632  47.6387 47.6458 47.6526 47.6594 47.6664 47.6737
 47.6809 47.6876 47.6946 47.7015 47.7089 47.716  47.7231 47.73   47.7369
 47.744  47.7514 47.7589 47.7665 47.7737 47.7809 47.7883 47.7952 47.8017
 47.8088 47.8154 47.8224 47.8294 47.8368 47.844  47.851  47.8586 47.8657
 47.8731 47.8801 47.8871 47.8941 47.9012 47.9084 47.9156 47.9233 47.9306
 47.9377 47.9447 47.9521 47.9593 47.967  47.9746 47.9823 47.9894 47.9965
 48.0042 48.0117 48.019  48.026  48.0335 48.0414 48.0491 48.0567 48.064
 48.0713 48.079  48.0866 48.0937 48.101  48.1084 48.1156 48.123  48.1304
 48.1377 48.1455 48.1534 48.1605 48.1688 48.1764 48.1847 48.1926 48.1999
 48.2074 48.2146 48.2227 48.2306 48.238  48.246  48.254  48.2615 48.269
 48.2766 48.2847 48.2937 48.3025 48.3111 48.3203 48.328  48.3368 48.3452
 48.3531 48.361  48.3694 48.3772 48.3853 48.3936 48.4016 48.4099 48.4186
 48.4273 48.4368 48.4449 48.4545 48.4646 48.4728 48.4813 48.4902 48.4989
 48.5072 48.5185 48.527  48.5362 48.5457 48.5547 48.5645 48.5738 48.5832
 48.5942 48.6048 48.6137 48.6239 48.6335 48.6428 48.6527 48.6646 48.6744
 48.6853 48.6961 48.7068 48.7177 48.7289 48.7401 48.7504 48.7616 48.7734
 48.7869 48.7999 48.819  48.8345 48.8488 48.8646 48.8847 48.9002 48.9159
 48.9304 48.9454 48.9608 48.9785 48.9966 49.0144 49.0329 49.0553 49.0708
 49.0873 49.1068 49.1252 49.1423 49.1631 49.1874 49.2277 49.2657 49.3936
54.0563 54.494  54.7205 54.8078 54.8529 54.8934 55.0027 55.047  55.0847
 55.1113 55.1477 55.1651 55.2014 55.2178 55.2387 55.2614 55.2891 55.3069
 55.3305 55.3426 55.362  55.3812 55.3987 55.4155 55.4297 55.4436 55.4571
 55.4768 55.4925 55.5168 55.5294 55.5464 55.5623 55.5775 55.589  55.6033
 55.6131 55.6256 55.6355 55.6534 55.6668 55.6783 55.6903 55.704  55.7167
 55.7284 55.7398 55.75   55.7593 55.7696 55.7798 55.7885 55.7973 55.8067
 55.8166 55.827  55.8389 55.8481 55.8564 55.8653 55.8748 55.8839 55.8936
 55.9018 55.9119 55.9219 55.931  55.9395 55.949  55.9573 55.9655 55.9736
 55.9825 55.9912 56.0017 56.0103 56.0185 56.027  56.0345 56.043  56.0514
 56.0593 56.0679 56.0755 56.0835 56.0916 56.1005 56.1078 56.1154 56.1243
 56.1325 56.1403 56.1491 56.1574 56.1651 56.1728 56.1801 56.1875 56.1949
 56.2025 56.2106 56.2185 56.2262 56.2338 56.2415 56.2495 56.2576 56.266
 56.2744 56.283  56.2913 56.2991 56.307  56.3145 56.3225 56.3304 56.338
 56.346  56.3546 56.3621 56.37   56.3775 56.3854 56.393  56.4006 56.4083
 56.4162 56.4241 56.4328 56.4402 56.4483 56.4568 56.4642 56.4725 56.4797
 56.4869 56.4953 56.5027 56.51   56.5176 56.5252 56.5331 56.5408 56.5486
 56.5573 56.5664 56.5747 56.5828 56.5905 56.5983 56.6067 56.6143 56.6217
 56.63   56.6376 56.6454 56.6528 56.6608 56.6685 56.6771 56.6845 56.6922
 56.7001 56.7084 56.7162 56.7244 56.7327 56.7412 56.7508 56.7587 56.7666
 56.7752 56.783  56.7914 56.7988 56.8066 56.815  56.8229 56.831  56.8392
 56.8473 56.8561 56.8642 56.8721 56.8804 56.8891 56.898  56.9063 56.9144
 56.9236 56.9323 56.9406 56.9492 56.9583 56.9674 56.9771 56.9871 56.9971
 57.006  57.0152 57.0236 57.0324 57.0407 57.049  57.0573 57.0674 57.0768
 57.0853 57.0947 57.1052 57.116  57.1274 57.1367 57.1476 57.1599 57.1687
 57.1792 57.1915 57.2015 57.2121 57.2227 57.2333 57.2461 57.2584 57.2691
 57.2813 57.2921 57.3022 57.3145 57.3243 57.3352 57.3508 57.3646 57.3769
 57.3895 57.4018 57.4194 57.4389 57.4582 57.4734 57.4972 57.5246 57.5451
 57.5683 57.6007 57.6241 57.6475 57.6994 57.7326 57.769  57.7945 57.8883
 57.9228
61.6125 61.6549 63.2118 63.6905 63.7613 63.7899 63.8315 63.8805 63.9048
 63.9417 63.9646 63.984  64.0141 64.0334 64.0602 64.0763 64.0956 64.1285
 64.151  64.1688 64.1923 64.2149 64.2423 64.2566 64.2704 64.2829 64.2958
 64.3103 64.3231 64.3376 64.3518 64.3695 64.3881 64.4019 64.4123 64.4261
 64.4372 64.4495 64.4623 64.4777 64.4918 64.5049 64.5207 64.5345 64.5484
 64.5626 64.5755 64.5886 64.5989 64.6089 64.6182 64.6302 64.6399 64.6491
 64.6614 64.6738 64.6865 64.6966 64.707  64.7203 64.7317 64.7417 64.7527
 64.7647 64.7744 64.7861 64.7962 64.8059 64.8164 64.8274 64.8375 64.8468
 64.856  64.8675 64.8808 64.892  64.9005 64.9097 64.9202 64.9312 64.9401
 64.9497 64.9615 64.9721 64.9844 64.9965 65.0083 65.02   65.0323 65.0432
 65.0547 65.0648 65.0747 65.0834 65.0931 65.1066 65.1192 65.1309 65.1423
 65.1561 65.1684 65.1798 65.1903 65.2045 65.2166 65.2265 65.2365 65.2472
 65.2593 65.2713 65.284  65.2964 65.311  65.3253 65.3383 65.355  65.3672
 65.3801 65.3995 65.4122 65.4251 65.4411 65.4707 65.4888 65.506  65.5187
 65.5355 65.5491 65.5627 65.5777 65.5902 65.6146 65.6357 65.6564 65.6802
 65.7067 65.7259 65.759  65.8087 65.8658 65.9228 65.9556 66.0074

