10.8212 12.6088 12.7636 12.8653 12.8851 12.9146 12.9518 12.983  13.0618
 13.0909 13.1126 13.1379 13.226  13.2577 13.3734 13.3956 13.4758 13.5282
 13.5435 13.5685 13.5882 13.6034 13.6264 13.6478 13.6733 13.694  13.7141
 13.7299 13.7505 13.7718 13.7843 13.8052 13.8705 13.9063 13.9184 13.9361
 13.9539 13.9658 13.9779 13.9955 14.0102 14.0289 14.06   14.0796 14.0943
 14.1129 14.1354 14.1532 14.196  14.2097 14.2241 14.2536 14.2682 14.2914
 14.3067 14.3514 14.3729 14.4123 14.4808 14.5845 14.7023
20.8263 21.301  21.5033 22.0021 22.1273 22.2977 22.3964 22.4354 22.5576
 22.5728 22.7984 27.8769
30.1325 30.3752 30.4179 30.4521 30.4828 30.5222 30.5713 30.5904 30.6689
 30.8001 30.8158 30.9159 30.9525 30.9795 30.9928 31.0319 31.1598 31.2058
 31.2452 31.335  31.3548 31.4525 31.4819 38.7901 38.9327 39.0068 39.2129
 39.2937
44.9998 45.7108 46.0526 46.3549 46.388  46.4408 46.4601 46.4904 46.5254
 46.5913 46.7691 46.8415 46.9078 46.9673 47.0042 47.0183 47.0461 47.0629
 47.0921 47.1108 47.1541 47.1909 47.2079 47.3277 47.3835 47.3983 47.5364
 47.6128 47.695  47.8336
53.8736 54.6614 55.0934 55.1863 55.2305 55.2526 55.2818 55.3203 55.4074
 55.455  55.516  55.5952 55.6542 55.6924 55.7749 55.8569 55.8747 55.9325
 55.9925 56.0359 56.0536 56.1688 56.2811
63.8048 63.8349 63.9146 63.9498 63.9813 64.0369 64.1633 64.2925 64.3475
 64.3736 64.5044 64.536  64.5483 64.5979 64.8052

