12.5398 12.6287 12.7058 12.8288 12.8917 12.9438 12.9727 13.0138 13.0468
 13.0817 13.1223 13.1605 13.2337 13.2597 13.2819 13.3196 13.3413 13.3534
 13.3719 13.3921 13.4086 13.4283 13.4497 13.4624 13.4774 13.4905 13.5053
 13.5285 13.5493 13.5684 13.5905 13.6027 13.6188 13.6314 13.6517 13.6645
 13.6761 13.6866 13.6984 13.7099 13.7203 13.7316 13.7417 13.7555 13.7668
 13.7794 13.7921 13.8022 13.8144 13.8298 13.8477 13.8609 13.8796 13.8954
 13.9117 13.9282 13.9395 13.9488 13.9614 13.9736 13.9877 14.0013 14.0195
 14.0349 14.0444 14.0576 14.0748 14.0869 14.102  14.123  14.1384 14.1482
 14.1643 14.1763 14.1905 14.201  14.2117 14.2221 14.2368 14.2492 14.2683
 14.2855 14.3078 14.329  14.3455 14.3662 14.382  14.4012 14.5156 14.5368
 14.5708
20.4153 21.0444 21.9369 22.4011 22.5777 22.6331 22.6999 22.8128 22.8666
 29.6777
30.18   30.3499 30.3904 30.4929 30.5155 30.6297 30.6548 30.7729 30.7875
 30.8533 30.8916 30.9603 30.9816 30.9956 31.0159 31.0501 31.0754 31.1
 31.1183 31.1469 31.1647 31.1779 31.194  31.2107 31.2289 31.2675 31.2813
 31.315  31.3367 31.3559 31.3715 31.3867 31.3998 31.4179 31.4587 31.4764
 31.5002 31.5306 31.5499 31.5795 31.5965 31.6186 31.7249
44.9508 45.9039 46.2764 46.4684 46.5934 46.7127 46.7359 46.7575 46.8064
 46.8599 46.8844 46.9064 46.9232 46.9358 46.9519 46.976  46.9907 47.0087
 47.027  47.0384 47.0671 47.0847 47.1201 47.1312 47.1608 47.1753 47.1876
 47.2148 47.2288 47.244  47.2606 47.2719 47.283  47.2997 47.3113 47.3245
 47.3775 47.3884 47.4062 47.4219 47.4377 47.4538 47.4709 47.4895 47.5029
 47.5194 47.5467 47.5649 47.5793 47.5984 47.6163 47.6652 47.6879 47.7015
 47.7203 47.7412 47.7551
54.925  55.207  55.2595 55.4143 55.5526 55.6221 55.6408 55.6683 55.6975
 55.7408 55.7815 55.8085 55.8242 55.8519 55.8913 55.9115 55.9324 55.9549
 55.9858 56.0335 56.0556 56.1441 56.1733 56.1918 56.2124 56.229  56.249
 56.2857 56.3238 56.3383 56.3528 56.3886 56.4594 56.482  56.5187 56.5591
 56.6134
62.2138 63.7568 63.9779 64.1405 64.2338 64.2642 64.5015 64.5483 64.6038
 64.6319 64.6719 64.7221 64.8001

