12.6029 13.1089 13.4291 13.6013 13.6441 13.6792 13.7806 13.8113 13.9235
 14.0183 14.053  14.1014 14.1182 14.1718 19.8078
21.0719 21.5257 21.5868 21.7262 21.9228 22.2125 22.228  22.2645 22.28
 22.3926 28.3266 29.8114
30.0889 30.3344 30.3808 30.4576 30.6246 30.6947 31.0808 36.0484 36.1089
 37.7989 38.1919 38.4218 38.5446 38.7396 38.8824
46.3854 46.6564 46.9489 46.9793 47.0094 47.0765 47.0956 47.1439 47.1635
 47.1948 47.2194 47.2397 47.2638 47.2932 47.314  47.3389 47.3618 47.4563
 47.4873 47.5339 47.5817
55.653  55.7002 55.7471 55.8181 56.1108
62.1675 62.7959 63.1125 63.1866 63.4042 63.6447 63.8343 63.8885 64.0002
 64.0799 64.1147 64.1406 64.1713 64.2109 64.3482 64.3697 64.4559 64.4798
 64.5479 64.5866 64.6109 64.6604 64.6814 64.7119 64.7607 64.7796 64.8305

