12.9406 12.9818 13.0145 13.0538 13.116  13.1361 13.1597 13.2659 13.3045
 13.3321 13.3453 13.3811 13.402  13.4197 13.4454 13.4596 13.4802 13.5009
 13.5136 13.5323 13.556  13.5778 13.5979 13.6365 13.6484 13.669  13.6839
 13.707  13.7243 13.7357 13.748  13.7593 13.7731 13.7925 13.8109 13.8256
 13.843  13.8562 13.8676 13.8786 13.8916 13.9056 13.9237 13.9395 13.9504
 13.9649 13.9746 13.9869 13.9989 14.0095 14.0213 14.0333 14.0433 14.0579
 14.0691 14.0855 14.0962 14.1138 14.128  14.1414 14.1567 14.1774 14.1908
 14.205  14.2157 14.2294 14.2428 14.258  14.2885 14.3129 14.3291 14.3412
 14.353  14.3672 14.3797 14.3976 14.412  14.4242 14.4413 14.4658 14.5477
 19.2867
20.8765 21.0812 21.2814 21.3832 21.4025 21.4947 21.5467 21.6403 21.7943
 21.8244 21.8391 21.8571 21.9571 21.9992 22.0259 22.0457 22.0601 22.0784
 22.0993 22.1236 22.1341 22.1663 22.1798 22.1994 22.2238 22.2376 22.2715
 22.2845 22.3035 22.3246 22.3407 22.3586 22.374  22.3979 22.4108 22.4244
 22.4371 22.4553 22.4727 22.4955 22.508  22.5223 22.5395 22.558  22.5732
 22.5933 22.611  22.6321 22.648  22.7028 22.7203 22.7345 22.7483 22.7639
 22.7812 22.9197 22.95   28.6983 29.0137 29.3081 29.5861 29.8236 29.8874
 29.9246
30.0239 30.0629 30.0994 30.1637 30.3116 30.3612 30.4585 30.5373 30.5625
 30.5987 30.6206 30.6393 30.6564 30.6816 30.6965 30.7289 30.7585 30.7841
 30.7995 30.8147 30.8277 30.8485 30.861  30.8779 30.9235 30.9383 30.9534
 30.9665 30.9913 31.0097 31.032  31.0652 31.0978 31.1556 31.1993 31.2405
 31.2714 31.3355 36.6575 36.7277 37.4726 37.595  37.6843 37.7237 37.8231
 37.919  37.9624 38.0862 38.1277 38.1783 38.2027 38.2207 38.2377 38.2504
 38.3188 38.3455 38.3682 38.4035 38.422  38.4394 38.4618 38.4755 38.4885
 38.5144 38.5286 38.5537 38.5914 38.6056 38.6231 38.6374 38.6492 38.6609
 38.6713 38.6813 38.6956 38.7136 38.7268 38.7389 38.7554 38.7783 38.7946
 38.807  38.8254 38.8401 38.8582 38.8707 38.8906 38.9075 38.9307 38.9483
 38.963  38.9779 38.9996 39.0318 39.0617 39.0828 39.1023 39.123  39.1379
 39.1597 39.1775 39.1942 39.2145 39.2349
45.7906 45.9866 46.2491 46.2689 46.3025 46.4059 46.4618 46.5194 46.5384
 46.5586 46.5767 46.6018 46.6243 46.6397 46.6565 46.6795 46.7048 46.7318
 46.748  46.7627 46.7819 46.7984 46.8185 46.8321 46.85   46.8686 46.8829
 46.8953 46.9226 46.9377 46.9543 46.9656 46.9815 46.9946 47.0069 47.0198
 47.0375 47.054  47.0651 47.0766 47.0876 47.0973 47.1079 47.1235 47.1359
 47.1468 47.1644 47.1747 47.1854 47.194  47.2025 47.2113 47.2226 47.2359
 47.2464 47.2581 47.2718 47.2858 47.2974 47.3068 47.3184 47.3283 47.339
 47.3488 47.3611 47.372  47.3835 47.3975 47.4074 47.4174 47.427  47.437
 47.4492 47.4579 47.4666 47.4786 47.4889 47.4996 47.5099 47.5194 47.5285
 47.5399 47.5497 47.5604 47.5707 47.581  47.5914 47.5999 47.6095 47.6194
 47.6288 47.6377 47.6501 47.6596 47.6718 47.682  47.6921 47.7013 47.715
 47.7251 47.7342 47.7442 47.7531 47.7642 47.7755 47.7845 47.794  47.8083
 47.8208 47.8449 47.86   47.8708 47.8867 47.9024 47.9142 47.9264 47.9403
51.4795 53.6271 54.5913 54.8549 55.3562 55.5529 55.5711 55.6384 55.7042
 55.8393 55.878  55.8998 55.9218 55.9409 55.9611 55.9782 55.9951 56.0096
 56.0471 56.0821 56.1027 56.1223 56.1384 56.1526 56.1685 56.1817 56.1952
 56.2215 56.2355 56.2525 56.2692 56.2842 56.2983 56.3194 56.3336 56.3683
 56.3881 56.4074 56.4263 56.4438 56.4595 56.4747 56.4942 56.524  56.5536
 56.5902 56.6062 56.6709 56.7016
61.5207 63.0791 63.1463 63.3319 63.4704 63.6428 63.6957 63.8009 63.8446
 63.8698 63.9115 63.9467 63.9701 64.0043 64.0276 64.0471 64.0756 64.0913
 64.1353 64.1573 64.1855 64.2014 64.2299 64.2742 64.2934 64.3248 64.3435
 64.3533 64.3643 64.3856 64.3971 64.411  64.4241 64.4373 64.4593 64.4773
 64.4939 64.5088 64.5211 64.5357 64.5486 64.5608 64.5732 64.5872 64.5976
 64.6074 64.6228 64.6346 64.6444 64.6541 64.669  64.6884 64.708  64.7246
 64.7352 64.7472 64.758  64.7722 64.7845 64.7945 64.8057 64.8165 64.8263
 64.8417 64.8542 64.865  64.8769 64.887  64.8966 64.9063 64.9184 64.93
 64.945  64.9588 64.9694 64.9847 64.9972 65.0113 65.0265 65.039  65.0515
 65.0656 65.0761 65.0951 65.1083 65.1193 65.1331 65.1641 65.1791 65.2026
 65.2195 65.2371

