12.4617 12.9008 12.9221 12.9813 13.1205 13.1826 13.2422 13.2837 13.3246
 13.377  13.4042 13.4479 13.5003 13.5296 13.556  13.5857 13.6198 13.6447
 13.7074 13.7214 13.7665 13.7976 13.8117 13.8259 13.8616 13.8747 13.9309
 13.9464 13.9579 13.9912 14.0459 14.1572 14.1717 14.1867 14.2121
21.3356 21.3749 21.4157 21.485  21.5657 21.5915 21.6265 21.7    21.7786
 21.7961 21.8144 21.832  21.8737 21.9009 21.9236 21.9478 22.0412 22.0686
 22.0834 22.1039 22.1337 22.1605 22.1803 22.2022 22.2235 22.2389 22.2855
 22.3303 22.3471 22.3754 22.3896 22.436  22.4535 22.6995 29.4428
30.0277 30.1158 30.1504 30.2694 30.3132 30.3298 30.3821 30.4048 30.4474
 30.4966 30.5716 30.6054 30.6772 30.6972 30.7184 30.7792 30.8362 30.8998
 30.9261 30.9653 30.9914 31.0372 31.0537 35.9769 37.1539 37.5767 37.7834
 37.9119 37.9974 38.122  38.1741 38.2285 38.3152 38.3343 38.3564 38.4179
 38.4611 38.4957 38.512  38.5624 38.5956 38.6284 38.6424 38.7018 38.7493
 38.7996 38.8136 38.8311 38.9396 38.9792
45.6402 46.4135 46.4929 46.5296 46.6177 46.6489 46.6667 46.7128 46.7317
 46.7675 46.7872 46.8121 46.8552 46.8668 46.8901 46.9032 46.9324 46.9477
 46.9685 46.9825 47.003  47.027  47.0529 47.0814 47.0965 47.1087 47.1238
 47.1441 47.1578 47.1841 47.2018 47.2132 47.2239 47.2365 47.2809 47.2948
 47.3077 47.3181 47.3358 47.3474 47.3635 47.3777 47.3896 47.4026 47.4167
 47.4338 47.4552 47.4679 47.4798 47.4979 47.5262 47.544  47.5668 47.6015
 47.6174 47.6595 47.6936 47.7043 47.7327
54.695  54.8671 55.0433 55.1543 55.4509 55.5566 55.5884 55.6156 55.6424
 55.7616 55.7874 55.8222 55.8487 55.8744 55.9749 55.9889 56.0123 56.0545
 56.0694 56.1313 56.1494 56.1797 56.1976 56.2159 56.2325 56.2671 56.2846
 56.3293 56.345  56.3679 56.4838
62.4217 63.6923 63.7211 63.8399 63.9052 63.975  63.9951 64.0317 64.0773
 64.1056 64.1239 64.1498 64.1752 64.1948 64.2087 64.2362 64.2612 64.2769
 64.2982 64.3154 64.3317 64.3462 64.3733 64.3859 64.4034 64.4406 64.4562
 64.4738 64.5024 64.5175 64.5431 64.5533 64.5776 64.5979 64.611  64.6304
 64.6492 64.6638 64.678  64.7144 64.7382 64.763  64.7925 64.8091 64.8442
 64.8683 64.9064 64.9308 64.958  64.9806 65.0055 65.04

