12.1577 12.429  12.7155 12.8905 13.0467 13.2005 13.2376 13.278  13.3092
 13.3993 13.4205 13.4468 13.518  13.5504 13.5731 13.5878 13.6149 13.6326
 13.6674 13.694  13.7182 13.7297 13.7408 13.7552 13.7778 13.7946 13.8045
 13.8226 13.8535 13.8847 13.9018 13.9167 13.937  13.9578 13.9837 13.9998
 14.025  14.0383 14.0502 14.0616 14.0764 14.0871 14.0979 14.1172 14.1445
 14.1658 14.1788 14.2018 14.2271 14.242  14.2741 14.2898 14.3128 14.3884
 14.4421 14.5775
21.4335 21.5307 21.6772 21.7017 21.8602 21.926  21.941  21.9784 22.0036
 22.0191 22.0409 22.0591 22.1041 22.1232 22.1425 22.1611 22.1884 22.2428
 22.2583 22.2905 22.3249 22.3622 22.3761 22.3961 22.4115 22.4322 22.4466
 22.4908 22.5046 22.5264 22.5368 22.5663 22.5896 22.6072 22.6287 22.6646
 22.6851 22.6999 22.7259 22.7375 22.7518 22.7643 22.7823 22.8327 29.4566
 29.5828
30.1049 30.2374 30.2662 30.3383 30.3874 30.4457 30.4811 30.5268 30.5884
 30.6109 30.6579 30.6785 30.6975 30.7219 30.7528 30.7896 30.8419 30.8814
 30.9407 30.9609 31.0051 31.1098 31.1402 31.1595 31.1805 31.2885 36.583
 37.5474 37.8326 37.8778 37.9427 37.9768 38.0712 38.1272 38.1904 38.2439
 38.2938 38.3284 38.3543 38.4327 38.4813 38.4958 38.5175 38.5308 38.552
 38.5671 38.5843 38.6019 38.6207 38.6398 38.6593 38.6836 38.7138 38.7327
 38.7457 38.7591 38.7781 38.7965 38.8092 38.8319 38.8549 38.8708 38.8892
 38.902  38.9191 38.9316 38.9433 38.9564 38.9775 38.9903 39.0073 39.0276
 39.0546 39.0793 39.0982 39.1179 39.1631 39.1825 39.2299
46.1982 46.251  46.422  46.4647 46.5263 46.5482 46.6575 46.7241 46.7451
 46.7679 46.7989 46.8163 46.8313 46.8512 46.8692 46.88   46.8954 46.9147
 46.9361 46.9551 46.9731 46.9855 47.0024 47.0206 47.0391 47.0489 47.0615
 47.0803 47.0936 47.1101 47.1256 47.1368 47.15   47.1635 47.1813 47.1952
 47.2072 47.2234 47.2398 47.2529 47.2695 47.2867 47.3012 47.3108 47.321
 47.3332 47.3465 47.3582 47.3695 47.3809 47.3924 47.4022 47.4165 47.4271
 47.4364 47.4467 47.4567 47.4705 47.4815 47.4939 47.5029 47.5132 47.5258
 47.5389 47.5513 47.5625 47.5748 47.6071 47.6266 47.6421 47.665  47.6844
 47.6988 47.7106 47.7257 47.7383 47.7557 47.7681 47.7877 47.8154 47.8745
54.6231 54.7387 54.9543 55.2447 55.3803 55.6054 55.6896 55.7725 55.8448
 55.8996 55.9184 55.9529 55.9709 56.021  56.0487 56.1355 56.1552 56.1741
 56.1974 56.213  56.2438 56.2662 56.2878 56.3021 56.3308 56.3683 56.3846
 56.4042 56.4271 56.4419 56.4538 56.4799 56.5002 56.5212 56.5517 56.6511
 56.7235
63.6138 63.7121 63.8258 63.9095 63.9415 63.9828 64.02   64.0518 64.0747
 64.1342 64.1604 64.1849 64.2125 64.2286 64.2581 64.2839 64.313  64.3304
 64.3692 64.3856 64.4053 64.4302 64.4482 64.4624 64.4786 64.4926 64.5093
 64.5273 64.5562 64.5702 64.5829 64.6029 64.6315 64.6446 64.6557 64.6727
 64.6906 64.7127 64.7238 64.7432 64.7617 64.7764 64.8038 64.8344 64.8535
 64.8764 64.8885 64.901  64.915  64.9342 64.9552 64.969  64.9948 65.0302
 65.0543 65.0714 65.0838 65.1034 65.1184

