10.0753 11.1668 11.8971 12.0708 12.2378 12.3062 12.4325 12.466  12.5137
 12.5852 12.603  12.6299 12.6578 12.6732 12.7188 12.741  12.796  12.8148
 12.8426 12.8658 12.8817 12.8964 12.9075 12.9226 12.9433 12.9563 12.9798
 13.0007 13.0138 13.0258 13.0462 13.0586 13.0705 13.085  13.1071 13.1189
 13.1326 13.1458 13.1594 13.1758 13.195  13.2055 13.219  13.2326 13.2433
 13.2537 13.264  13.2764 13.2895 13.3006 13.3151 13.3263 13.3392 13.351
 13.3633 13.3738 13.3921 13.4065 13.4172 13.4269 13.4369 13.4487 13.4589
 13.4702 13.482  13.4952 13.5082 13.5185 13.5295 13.5395 13.5488 13.5598
 13.5691 13.5798 13.5913 13.6012 13.6167 13.6284 13.6409 13.6504 13.6587
 13.6681 13.679  13.6889 13.7014 13.7149 13.727  13.7375 13.749  13.7586
 13.7679 13.7799 13.7942 13.8042 13.8148 13.828  13.8421 13.8523 13.8627
 13.8747 13.8872 13.8982 13.9132 13.9253 13.9398 13.9545 13.9648 13.9792
 14.0026 14.0175 14.0322 14.0438 14.0573 14.0744 14.087  14.1024 14.1209
 14.1443 14.1676 14.1925 14.2203 14.2425 14.2604 14.2856 14.3195 14.3749
 14.4816 19.2183 19.5299
20.1218 20.1528 20.2111 20.2676 20.3352 20.3854 20.4346 20.4774 20.5007
 20.5592 20.5824 20.6031 20.6433 20.66   20.6916 20.7142 20.7348 20.7604
 20.7763 20.8038 20.8296 20.8492 20.8708 20.9123 20.9334 20.9519 20.968
 20.9813 20.9991 21.0102 21.0239 21.0374 21.0505 21.0673 21.0861 21.0977
 21.1094 21.1218 21.132  21.1446 21.1579 21.1689 21.1841 21.1974 21.2134
 21.2266 21.239  21.256  21.2717 21.2846 21.2982 21.3165 21.3281 21.3388
 21.3496 21.3618 21.3798 21.3913 21.4032 21.4169 21.4317 21.447  21.4571
 21.4662 21.4769 21.4897 21.5064 21.5229 21.5362 21.5465 21.5568 21.5693
 21.578  21.5914 21.6021 21.6143 21.6289 21.6411 21.6544 21.6658 21.6759
 21.6881 21.7015 21.715  21.7253 21.7375 21.7566 21.7706 21.7811 21.7921
 21.8043 21.8169 21.8331 21.8488 21.8636 21.8787 21.8905 21.905  21.9165
 21.9384 21.9527 21.9762 21.9981 22.0143 22.0317 22.0545 22.0769 22.1012
 22.1164 22.1356 22.1708 22.1919 22.2125 22.2669 22.3397 22.4017 27.2229
 28.4131 28.4417 28.4908 28.5224 28.5457 28.5839 28.6379 28.6726 28.7489
 28.8306 28.8905 28.9265 28.9518 28.9906 29.0168 29.0315 29.053  29.0802
 29.0997 29.1188 29.1368 29.1557 29.1717 29.1847 29.199  29.2112 29.2326
 29.2582 29.2717 29.2878 29.3029 29.3211 29.3396 29.3527 29.3685 29.3874
 29.404  29.4185 29.4336 29.448  29.4605 29.4721 29.4831 29.4966 29.5059
 29.5182 29.5336 29.5453 29.5553 29.5713 29.5855 29.5969 29.6082 29.6206
 29.6321 29.643  29.6532 29.6645 29.6759 29.6917 29.7041 29.7159 29.7275
 29.7376 29.7468 29.7572 29.7689 29.7822 29.7964 29.8065 29.8179 29.8316
 29.8435 29.854  29.8658 29.8759 29.8867 29.8957 29.9077 29.9198 29.9298
 29.9403 29.9501 29.9617 29.9732 29.9848 29.9945
30.0074 30.0176 30.0326 30.0414 30.0516 30.0614 30.0726 30.0829 30.0939
 30.1032 30.1153 30.1247 30.1366 30.148  30.1607 30.1737 30.1841 30.1959
 30.2057 30.2177 30.2307 30.2422 30.2516 30.2632 30.2734 30.2855 30.2977
 30.3095 30.3203 30.3295 30.3414 30.3554 30.3682 30.3799 30.392  30.4116
 30.4273 30.4408 30.4539 30.4719 30.4912 30.5145 30.5309 30.5462 30.5625
 30.5816 30.6088 30.6369 30.6574 30.6798 30.7159 30.8143 30.9001 34.9952
 36.1655 36.5149 36.5488 36.6148 36.6513 36.6879 36.7219 36.7557 36.8044
 36.8239 36.8858 36.9032 36.9186 36.9381 36.9825 37.001  37.0582 37.0838
 37.1049 37.1206 37.1343 37.1512 37.1654 37.1763 37.1882 37.2068 37.2292
 37.247  37.2629 37.277  37.2905 37.306  37.3182 37.3314 37.3412 37.3523
 37.3619 37.3721 37.3843 37.3956 37.4101 37.4208 37.4324 37.4475 37.4637
 37.478  37.49   37.4998 37.5097 37.5214 37.5327 37.5423 37.5537 37.5673
 37.5809 37.5912 37.6016 37.6116 37.6218 37.6311 37.6421 37.6543 37.6669
 37.6766 37.6866 37.6971 37.7079 37.7182 37.7275 37.737  37.7471 37.756
 37.7652 37.7751 37.7857 37.7945 37.8031 37.8125 37.8209 37.8298 37.8382
 37.8466 37.8556 37.8676 37.8766 37.8867 37.8961 37.9065 37.9156 37.9246
 37.934  37.943  37.952  37.9613 37.9724 37.9811 37.9897 38.0003 38.0108
 38.0199 38.0305 38.0393 38.0495 38.0605 38.0695 38.0786 38.0882 38.0967
 38.1091 38.1202 38.1292 38.1398 38.1492 38.1605 38.17   38.1795 38.1885
 38.2012 38.2119 38.224  38.2371 38.2467 38.2575 38.2681 38.278  38.2873
 38.2974 38.3073 38.3195 38.3328 38.3445 38.3563 38.3669 38.3774 38.3908
 38.404  38.4181 38.4295 38.4395 38.4525 38.4654 38.4811 38.5072 38.5237
 38.5374 38.5521 38.5778 38.5944 38.6122 38.6337 38.658  38.7848
44.7053 44.9031 44.9277 45.0259 45.0985 45.1333 45.1716 45.1939 45.2446
 45.2581 45.2892 45.3132 45.3359 45.3683 45.3957 45.416  45.4317 45.4617
 45.4807 45.4975 45.5202 45.5375 45.5552 45.5676 45.6175 45.6312 45.6425
 45.6547 45.6702 45.6847 45.7002 45.7118 45.7305 45.7452 45.7589 45.7704
 45.7848 45.7993 45.8096 45.8275 45.8396 45.8576 45.8751 45.8877 45.8992
 45.9099 45.9223 45.9336 45.946  45.959  45.9705 45.982  45.9936 46.0057
 46.017  46.0283 46.0367 46.0455 46.0559 46.0665 46.0772 46.0871 46.0963
 46.1061 46.1177 46.1287 46.1392 46.1508 46.162  46.1716 46.1816 46.1915
 46.2026 46.2126 46.2256 46.2347 46.2448 46.2544 46.2654 46.2757 46.2888
 46.2987 46.308  46.3184 46.3284 46.34   46.3505 46.3609 46.3698 46.3799
 46.3916 46.4025 46.4125 46.4239 46.4355 46.4473 46.4572 46.4677 46.4766
 46.4883 46.5014 46.5134 46.5245 46.5373 46.5492 46.5622 46.5722 46.5851
 46.5951 46.6066 46.6174 46.63   46.6438 46.6571 46.6717 46.6868 46.7042
 46.7172 46.7433 46.767  46.7833 46.805  46.8178 46.8436 46.8604 46.8895
 46.9259 46.9742 47.0109 47.0372 47.0594 47.08
52.0919 52.4711 52.8284 52.9583 53.0092 53.3506 53.4929 53.6195 53.6887
 53.7157 53.7454 53.7752 53.8082 53.8344 53.8555 53.8715 53.8967 53.9203
 53.9452 53.9635 53.9836 54.0006 54.0143 54.0427 54.0611 54.074  54.0875
 54.1039 54.1229 54.1443 54.1561 54.1694 54.1818 54.2011 54.2133 54.2265
 54.2389 54.2613 54.2812 54.2963 54.3112 54.3266 54.3462 54.3575 54.3688
 54.3827 54.3928 54.4075 54.4201 54.4318 54.4479 54.4629 54.4781 54.4903
 54.5025 54.5181 54.5279 54.5397 54.5501 54.564  54.5733 54.5846 54.5957
 54.6081 54.6219 54.6332 54.6428 54.6551 54.6669 54.6784 54.6904 54.7035
 54.7162 54.731  54.7436 54.757  54.77   54.7867 54.7995 54.8122 54.8257
 54.8419 54.8527 54.8663 54.878  54.8902 54.9032 54.9188 54.9352 54.946
 54.9637 54.9814 54.9958 55.0148 55.0322 55.0466 55.0622 55.0753 55.0896
 55.1146 55.1434 55.1652 55.1894 55.2057 55.2278 55.2595 55.2852 55.3177
 55.4146 55.4801
60.7955 61.0268 61.2036 61.2325 61.2849 61.3087 61.4065 61.5376 61.5568
 61.5728 61.5985 61.6345 61.6849 61.7058 61.7331 61.7554 61.7764 61.7918
 61.813  61.8315 61.854  61.8709 61.8872 61.9082 61.9282 61.9467 61.9608
 61.9746 61.9917 62.0045 62.0155 62.0301 62.0412 62.0539 62.0639 62.0731
 62.0849 62.0953 62.1095 62.1196 62.1293 62.1418 62.1548 62.1695 62.1825
 62.1962 62.2081 62.2236 62.2334 62.2447 62.2611 62.2735 62.284  62.2975
 62.3091 62.3193 62.3291 62.3444 62.3557 62.3644 62.3752 62.3854 62.3982
 62.4092 62.4204 62.4326 62.4415 62.4508 62.4632 62.4744 62.4849 62.4982
 62.5104 62.5222 62.533  62.5445 62.5542 62.568  62.5771 62.5876 62.5967
 62.608  62.6218 62.6302 62.6403 62.6495 62.6623 62.6735 62.6853 62.6983
 62.7086 62.7189 62.7281 62.7378 62.7489 62.7593 62.7686 62.7795 62.7889
 62.7986 62.808  62.8173 62.8264 62.8361 62.8463 62.8576 62.8709 62.8836
 62.8932 62.9029 62.9144 62.9271 62.9456 62.9562 62.972  62.9823 62.9945
 63.0114 63.0302 63.0425 63.0546 63.0688 63.0843 63.1002 63.117  63.1285
 63.1412 63.1562 63.1678 63.1842 63.1999 63.2127 63.2251 63.2405 63.2785
 63.3025 63.3519 63.3794 63.4149 63.4597 69.0972 69.2326 69.3293 69.3556
 69.419  69.5829 69.6227 69.652  69.6708 69.6911 69.7147 69.7406 69.7583
 69.7803 69.7989 69.8326 69.8469 69.864  69.8826 69.9033 69.9206 69.9442
 69.971  69.9855

