12.5922 12.6698 12.7649 12.8479 12.9249 12.9865 13.0299 13.1502 19.9444
20.029  20.1024 20.3276 20.5629 20.7542 20.7901 20.9361 20.9549 21.3076
 21.3528 28.6556 29.3041 29.4055 29.4741 29.4946
35.5524 36.6199 36.6566 36.8478 37.0584 37.0907 37.1148 37.1652 37.2415
 37.2706 37.3795 37.5473
44.5295 45.1853 45.3477 45.3728 45.4551 45.6788 45.7671 45.7884 45.8018
 45.9112 45.9398 46.0975
53.1753 53.4977 53.7975 53.8297 54.0125 54.1277 54.2357 54.5263
61.2385 61.3098 61.6584 61.6957 61.9672 62.1619 62.2283 62.2858 62.3531
 62.4788 69.4575 69.5181 69.9125

