11.4194 11.7138 11.9727 12.0164 12.0839 12.3623 12.4453 12.5696 12.6205
 12.6886 12.7603 12.8102 12.8483 12.8685 12.9065 12.9544 12.9937 13.0138
 13.0384 13.0642 13.0847 13.1032 13.1189 13.1439 13.1625 13.1927 13.2129
 13.2269 13.2459 13.2616 13.2774 13.2959 13.314  13.3284 13.3419 13.3558
 13.3761 13.3905 13.4037 13.415  13.426  13.4388 13.4533 13.4696 13.4863
 13.5013 13.5162 13.529  13.5386 13.5517 13.5647 13.5767 13.5914 13.6058
 13.6167 13.6269 13.6452 13.6586 13.6688 13.6834 13.6985 13.7139 13.726
 13.7388 13.7506 13.7622 13.773  13.7932 13.808  13.8224 13.8368 13.8492
 13.8667 13.8906 13.904  13.9227 13.9398 13.9549 13.973  13.9874 14.0002
 14.0134 14.0346 14.0644 14.0836 14.1012 14.1147 14.1336 14.1514 14.1782
 14.1961 14.2088 14.2243 14.2413 14.2571 14.2763 14.2947 14.3153 14.3373
 14.3865 14.4165 14.4386 14.4843 18.9738 19.3376 19.9735
20.1668 20.351  20.4645 20.6021 20.6399 20.6704 20.7047 20.7448 20.7719
 20.8156 20.8846 20.9136 20.9407 20.9735 21.0104 21.0355 21.0709 21.0864
 21.1023 21.116  21.1398 21.1601 21.1774 21.192  21.2079 21.2209 21.2312
 21.2608 21.2789 21.3011 21.3165 21.3343 21.3598 21.3753 21.3922 21.4062
 21.4217 21.4451 21.4548 21.4656 21.4786 21.5044 21.5154 21.5276 21.5465
 21.5588 21.5729 21.5901 21.6008 21.6209 21.6404 21.6558 21.6707 21.685
 21.7023 21.7174 21.7332 21.7448 21.7602 21.7752 21.7885 21.8033 21.8143
 21.8442 21.8587 21.8709 21.8858 21.9022 21.9138 21.9297 21.9555 21.9733
 21.9977 22.0266 22.0438 22.0676 22.0912 22.1372 22.1565 22.2045 22.2316
 22.2529 22.276  22.3055 22.3303 22.3858 22.4143 26.4551 28.3898 28.4258
 28.5462 28.7297 28.7851 28.8108 28.8762 28.9206 28.9655 29.0112 29.0423
 29.0603 29.0786 29.1359 29.1578 29.1851 29.2126 29.2335 29.2578 29.2741
 29.2869 29.3016 29.321  29.3402 29.3584 29.3842 29.4011 29.4152 29.4336
 29.4466 29.4674 29.4801 29.4952 29.5098 29.5208 29.5355 29.5489 29.5625
 29.5755 29.5912 29.6038 29.6167 29.6286 29.6422 29.6522 29.6628 29.6745
 29.6874 29.7085 29.7224 29.7377 29.7495 29.7607 29.7716 29.7853 29.8019
 29.8298 29.8469 29.8612 29.8736 29.8861 29.9003 29.916  29.9352 29.9548
 29.9719 29.9899
30.0026 30.0143 30.0266 30.041  30.0565 30.0673 30.0817 30.0947 30.1092
 30.122  30.1325 30.1473 30.1614 30.1732 30.1873 30.204  30.2188 30.2311
 30.2465 30.262  30.2726 30.3018 30.3277 30.3403 30.3525 30.3672 30.3845
 30.4021 30.4135 30.4263 30.4404 30.4586 30.4793 30.4948 30.5074 30.5287
 30.5427 30.5577 30.5739 30.5895 30.6122 30.6307 30.6463 30.6608 30.678
 30.7006 30.7134 30.7295 30.7742 30.803  30.8229 30.8478 30.8836 30.9946
 31.087  36.8679 36.9484 36.9743 36.9963 37.0339 37.0649 37.1079 37.1324
 37.1469 37.1634 37.1802 37.1955 37.2074 37.2309 37.2468 37.2863 37.3148
 37.3297 37.3459 37.3627 37.377  37.39   37.4025 37.4142 37.4256 37.4361
 37.4506 37.4656 37.4808 37.4941 37.5076 37.5226 37.5352 37.5473 37.5606
 37.5754 37.5862 37.5995 37.6114 37.6246 37.6381 37.6535 37.6649 37.6826
 37.6967 37.7069 37.7185 37.7298 37.7396 37.7497 37.7609 37.7716 37.7845
 37.7954 37.8064 37.8157 37.8262 37.8364 37.8469 37.8563 37.8661 37.8791
 37.8923 37.9024 37.9152 37.9266 37.9369 37.9496 37.9623 37.973  37.9847
 37.9978 38.0075 38.0169 38.0319 38.0502 38.0621 38.0725 38.0852 38.1
 38.1119 38.1245 38.1367 38.1518 38.1693 38.1818 38.1949 38.2063 38.2185
 38.2316 38.2489 38.2619 38.2779 38.2915 38.3046 38.3167 38.3367 38.3493
 38.3724 38.3886 38.4076 38.4257 38.446  38.4617 38.4792 38.4934 38.5097
 38.5238 38.5485 38.5648 38.5763 38.594  38.6186 38.6431 38.6705 38.6996
 38.7264 38.7712 38.7947 38.8278 38.9007 38.932  38.9759
43.6939 44.146  44.7105 44.968  45.0477 45.0946 45.1829 45.2033 45.2197
 45.2611 45.3338 45.3646 45.399  45.429  45.4428 45.4673 45.5115 45.5445
 45.5681 45.5899 45.6069 45.6208 45.6366 45.6579 45.6769 45.6957 45.7151
 45.7312 45.7535 45.7743 45.7876 45.8044 45.8187 45.8361 45.8544 45.8686
 45.8838 45.8993 45.917  45.9295 45.9415 45.9528 45.9657 45.9761 45.9883
 45.9995 46.0182 46.03   46.0433 46.0554 46.0709 46.0855 46.0968 46.1096
 46.1291 46.1406 46.1527 46.1672 46.1804 46.194  46.2064 46.2223 46.2341
 46.2459 46.2604 46.2777 46.3    46.3123 46.3274 46.3445 46.3604 46.3727
 46.3855 46.3986 46.4147 46.4271 46.4384 46.4498 46.461  46.4715 46.4875
 46.503  46.5174 46.535  46.5513 46.5646 46.5815 46.5963 46.6122 46.6271
 46.6416 46.6583 46.6784 46.6934 46.7186 46.7376 46.7638 46.7791 46.7942
 46.8063 46.8186 46.8355 46.8544 46.8817 46.9039 46.9422 46.9779 47.0075
 47.0408 47.0634 47.0908 47.1869 47.211
52.3415 53.3019 53.3363 53.4079 53.5757 53.6585 53.7174 53.7353 53.7892
 53.8353 53.8661 53.9015 53.9216 53.9625 53.9904 54.0182 54.0595 54.0935
 54.1109 54.1231 54.149  54.1711 54.1916 54.2292 54.2515 54.2725 54.287
 54.301  54.313  54.3273 54.3397 54.3577 54.3769 54.3901 54.4008 54.4214
 54.4372 54.453  54.4711 54.4844 54.4983 54.5099 54.5343 54.5527 54.5762
 54.6005 54.6212 54.6392 54.6483 54.6617 54.6749 54.6927 54.7112 54.7247
 54.7419 54.7553 54.7676 54.7852 54.8183 54.8376 54.8566 54.875  54.8941
 54.9102 54.9264 54.945  54.9669 54.9847 55.0053 55.0263 55.0494 55.0627
 55.0877 55.109  55.1302 55.1569 55.1726 55.1964 55.2201 55.2571 55.2843
 55.3036 55.3285 55.3506 55.3765 55.5333 55.6232
61.23   61.4419 61.5799 61.6145 61.6506 61.6978 61.716  61.742  61.7903
 61.8127 61.8486 61.8698 61.901  61.9204 61.9392 61.9573 61.9737 61.9946
 62.0117 62.0255 62.0442 62.0613 62.0823 62.1211 62.1471 62.1671 62.19
 62.2046 62.2181 62.2327 62.2524 62.2702 62.2869 62.3026 62.3188 62.3358
 62.3495 62.3619 62.3739 62.3862 62.396  62.4078 62.4239 62.4373 62.4537
 62.4656 62.4796 62.4917 62.5069 62.5191 62.5334 62.5478 62.561  62.5731
 62.5928 62.6123 62.6253 62.6377 62.6532 62.6684 62.6835 62.6968 62.7126
 62.7326 62.7456 62.7585 62.772  62.7858 62.8004 62.8145 62.8294 62.8417
 62.8533 62.8684 62.8801 62.8944 62.9122 62.9242 62.9361 62.9515 62.9657
 62.9788 62.9909 63.0044 63.0168 63.031  63.0428 63.058  63.0749 63.0895
 63.1008 63.1142 63.1285 63.1426 63.1565 63.1686 63.182  63.2031 63.2185
 63.236  63.2505 63.2665 63.281  63.3004 63.3194 63.3355 63.3727 63.4142
 63.4548 63.4932 63.529  63.6477 63.8173 69.1167 69.5857 69.739  69.7991
 69.833  69.9219 69.9637 69.9925

