11.2223 12.6542 12.8138 12.8702 12.9039 13.0395 13.1578 13.1795 13.2066
 13.2278 13.2594 13.2848 13.3178 13.3462 13.3633 13.4203 13.4413 13.5206
 13.6271 13.6849 13.8106 19.2328
20.4178 20.6347 20.6663 20.8219 20.949  21.0008 21.0456 21.1136 21.1388
 21.2279 21.2525 21.2876 21.3193 21.3321 21.3573 21.4769 21.5028 21.5259
 21.5807 21.6255 21.6497 21.6923 21.7368 21.7698 21.8716 29.2596
30.3025 35.4336 36.4098 36.6273 36.7621 36.8342 36.8558 36.9807 37.0331
 37.0645 37.1056 37.1446 37.166  37.186  37.2619 37.288  37.3192 37.335
 37.3508 37.3779 37.3913 37.4838 37.5113 37.5256 37.5491 37.5756 37.5982
 37.616  37.6325 37.69   37.7141 37.7277 37.7422 37.7685 37.789  37.8085
 37.8194 37.8387 37.8618 37.894  38.0128 38.0619
44.9418 45.1055 45.293  45.3995 45.4396 45.4661 45.5898 45.6157 45.6532
 45.706  45.7309 45.7647 45.8181 45.8324 45.8624 45.8815 45.9009 45.9182
 45.9359 45.9484 45.9779 46.0031 46.0407 46.0588 46.1049 46.1357 46.15
 46.1707 46.1935 46.2298 46.2732 46.3023 46.3629 46.3766 46.3933 46.4434
 46.4805
52.7877 53.6348 53.9008 53.969  54.0415 54.1053 54.1296 54.2369 54.2585
 54.3047 54.456  54.5107 54.5274 54.5565 54.592  54.6205 54.6346 54.6539
 54.7424 54.7846 59.6728
61.3408 61.3909 61.6298 61.7645 61.8206 61.904  61.9538 61.9787 62.0285
 62.2582 62.2965 62.3357 62.4439 62.4769 62.5161 62.5496 62.6126 62.6384
 62.6564 62.7578 62.7749 62.7913 62.9518

