12.2691 12.6229 12.7291 12.7915 12.8447 12.9503 12.9842 13.0377 13.0573
 13.0876 13.1427 13.1653 13.1976 13.2192 13.2384 13.2697 13.2959 13.3364
 13.3783 13.404  13.4308 13.4474 13.4664 13.4835 13.5027 13.5242 13.5507
 13.5744 13.5895 13.6075 13.6219 13.6462 13.6703 13.6827 13.6972 13.717
 13.7335 13.7478 13.7672 13.7869 13.8034 13.8193 13.8365 13.8643 13.8765
 13.8917 13.9053 13.9254 13.9388 13.9528 13.9684 13.9858 13.9978 14.0092
 14.0254 14.0477 14.0644 14.076  14.0942 14.1076 14.1225 14.1347 14.151
 14.1712 14.1827 14.1968 14.2066 14.2243 14.2374 14.2552 14.2762 14.2926
 14.3067 14.3266 14.3442 14.3604 14.389  14.4064 14.4245 14.4401 14.4542
 14.4717 14.4973 14.5127 14.5311 14.5544 14.5915 14.6118 14.6318 14.6521
 14.6765 14.6983 14.7306 14.7537 14.7727 14.8082 14.8435 14.9078 14.9469
 14.9856 15.0247 15.0627 15.1048 15.1466 15.176  15.2096 15.2509 15.4275
 15.503
20.3999 20.8807 20.9095 20.9351 20.9667 20.9836 21.0124 21.0466 21.0715
 21.0998 21.123  21.1431 21.1698 21.2    21.2248 21.2476 21.2729 21.2976
 21.3177 21.36   21.3817 21.3967 21.4101 21.4273 21.4484 21.4623 21.4773
 21.4924 21.5057 21.519  21.5354 21.552  21.5662 21.5925 21.6063 21.6182
 21.6305 21.6431 21.6562 21.669  21.6851 21.7012 21.7177 21.7324 21.7472
 21.7617 21.7775 21.789  21.8026 21.8185 21.83   21.8399 21.8553 21.8694
 21.8838 21.8978 21.9095 21.924  21.9407 21.9539 21.9758 21.9893 22.003
 22.0167 22.0296 22.0408 22.0517 22.0636 22.0736 22.0847 22.097  22.1092
 22.1214 22.142  22.1582 22.1747 22.1883 22.2028 22.2258 22.2389 22.2554
 22.2699 22.2823 22.2959 22.3111 22.3288 22.3439 22.3587 22.3693 22.3843
 22.3985 22.4146 22.4286 22.44   22.4537 22.4673 22.4823 22.501  22.5152
 22.5313 22.5451 22.5645 22.5846 22.6001 22.6135 22.6269 22.6441 22.6567
 22.6701 22.6819 22.696  22.7104 22.7255 22.7392 22.7581 22.7786 22.7941
 22.8074 22.8244 22.8427 22.8634 22.8768 22.8936 22.9125 22.9323 22.946
 22.9646 22.9851 23.0076 23.032  23.0538 23.0745 23.0914 23.1127 23.1305
 23.1498 23.1718 23.1983 23.23   23.2819 23.3078 23.3597 23.3955 23.4707
 23.6176 23.6558 28.9328 29.4125 29.6347 29.9059 29.9594
30.0179 30.0598 30.0925 30.1738 30.2303 30.4045 30.4497 30.5039 30.5423
 30.5752 30.626  30.6633 30.7559 30.7989 30.83   30.8499 30.8725 30.8978
 30.9813 31.0348 31.0794 31.3615 31.7273 31.8937 35.9944 36.5579 36.688
 36.7348 36.8419 36.8718 36.9665 36.9977 37.0615 37.0951 37.1148 37.1637
 37.1931 37.2069 37.2227 37.2457 37.2684 37.2878 37.3027 37.3228 37.3405
 37.3848 37.3961 37.4104 37.4405 37.4537 37.4667 37.4802 37.4959 37.5097
 37.529  37.5476 37.561  37.5741 37.5855 37.5989 37.6149 37.6307 37.6427
 37.6601 37.6708 37.6828 37.6948 37.705  37.7188 37.7348 37.7454 37.7578
 37.7685 37.7827 37.7925 37.8108 37.8241 37.8355 37.8448 37.854  37.8665
 37.8812 37.8927 37.9031 37.9122 37.9229 37.9328 37.9447 37.9534 37.9621
 37.9719 37.9829 37.9924 38.0008 38.0106 38.0204 38.0302 38.0387 38.0477
 38.0568 38.0655 38.0767 38.0865 38.0974 38.1077 38.1173 38.1284 38.1417
 38.1517 38.1649 38.1747 38.1834 38.1915 38.2018 38.2112 38.2203 38.2319
 38.2416 38.2519 38.2625 38.2719 38.2814 38.2904 38.2994 38.3089 38.3189
 38.3291 38.3382 38.3488 38.3594 38.3712 38.3814 38.3929 38.4043 38.4151
 38.4268 38.4366 38.4478 38.4567 38.4657 38.4756 38.4862 38.4954 38.5053
 38.5156 38.5268 38.5361 38.5463 38.5561 38.5677 38.5778 38.5878 38.5987
 38.6084 38.6191 38.6293 38.64   38.65   38.6631 38.6775 38.6886 38.6996
 38.7105 38.72   38.7295 38.7396 38.7494 38.7591 38.7701 38.7802 38.7911
 38.8038 38.818  38.8287 38.8399 38.8518 38.8646 38.8759 38.8873 38.8983
 38.9095 38.9237 38.9349 38.9466 38.9571 38.9698 38.9824 38.9946 39.0049
 39.0158 39.0288 39.04   39.0531 39.0656 39.077  39.0885 39.1036 39.1195
 39.1337 39.148  39.1625 39.1765 39.1931 39.2102 39.2264 39.2376 39.2531
 39.2712 39.2874 39.3053 39.3238 39.3385 39.3599 39.3773 39.4025 39.4253
 39.4452 39.4754 39.5248 39.5481 39.5659 39.5965 39.6195 39.6431 39.6708
 39.7023 39.7655 39.9275
44.3251 45.1853 45.3377 45.3605 45.4919 45.5405 45.5809 45.6228 45.641
 45.664  45.6794 45.7017 45.7315 45.7479 45.7651 45.7857 45.8029 45.8164
 45.8285 45.8436 45.8562 45.8741 45.8879 45.9013 45.9151 45.9263 45.9384
 45.9548 45.9698 45.9903 46.01   46.027  46.0486 46.0683 46.0855 46.1044
 46.1176 46.1331 46.145  46.1591 46.1742 46.1882 46.2019 46.216  46.2271
 46.2374 46.2516 46.2655 46.2811 46.2951 46.3119 46.3237 46.3351 46.3458
 46.3574 46.3718 46.3826 46.3922 46.4046 46.4162 46.4268 46.4376 46.4481
 46.4599 46.471  46.4829 46.4959 46.5054 46.5155 46.5269 46.5384 46.5475
 46.5578 46.5691 46.5782 46.5899 46.5993 46.609  46.6212 46.634  46.6443
 46.6555 46.666  46.6762 46.6865 46.6968 46.7062 46.7164 46.7278 46.7388
 46.7484 46.7597 46.7694 46.7806 46.7899 46.801  46.81   46.8216 46.8314
 46.8431 46.8533 46.8651 46.8776 46.8879 46.9015 46.9141 46.927  46.9386
 46.9497 46.9617 46.9742 46.9859 46.9963 47.008  47.019  47.0286 47.0379
 47.0492 47.0597 47.0691 47.0799 47.0911 47.1022 47.1133 47.1229 47.1346
 47.1461 47.1594 47.1756 47.1867 47.1992 47.2118 47.2228 47.2356 47.2479
 47.2605 47.2729 47.2851 47.3007 47.3129 47.3266 47.3389 47.3523 47.364
 47.3781 47.3887 47.4014 47.4144 47.432  47.4454 47.459  47.4733 47.4888
 47.5016 47.5173 47.5348 47.5481 47.5597 47.5739 47.5908 47.6063 47.6199
 47.6338 47.6476 47.6683 47.6824 47.6987 47.7197 47.7396 47.7565 47.7776
 47.802  47.8184 47.8365 47.8551 47.8823 47.9033 47.9275 47.9507 47.9708
 47.9895 48.0192 48.0517 48.0979 48.1258 48.1549 48.1802 48.2248 48.2949
53.3277 53.7695 53.8199 53.9795 54.0446 54.0792 54.1654 54.183  54.1975
 54.2231 54.2567 54.298  54.3214 54.3474 54.3631 54.407  54.4289 54.4445
 54.4599 54.4785 54.4974 54.5131 54.5303 54.5531 54.5724 54.6092 54.627
 54.6532 54.6674 54.685  54.7032 54.7275 54.7394 54.7541 54.7689 54.7872
 54.8097 54.8276 54.8468 54.8693 54.8826 54.8967 54.9186 54.93   54.9427
 54.9573 54.9707 54.9822 54.9986 55.0158 55.0272 55.0418 55.0649 55.0775
 55.0903 55.1045 55.1209 55.138  55.1563 55.1809 55.1932 55.2113 55.2253
 55.2391 55.2531 55.2646 55.2797 55.2954 55.3209 55.3362 55.3607 55.3795
 55.3943 55.4075 55.4227 55.4416 55.4628 55.4803 55.4972 55.5155 55.5333
 55.5479 55.5608 55.5813 55.6102 55.6339 55.6541 55.6724 55.6845 55.6985
 55.7145 55.7387 55.7572 55.7724 55.7986 55.8184 55.8405 55.8726 55.8922
 55.9181 55.9387 55.9585 55.9857 56.0223 56.0431 56.0667 56.0979 56.1356
 56.1629 56.2205 56.2698 56.3067 56.3382 56.4327 56.4871 56.6077 59.849
61.0951 61.5889 62.1126 62.1376 62.1692 62.2247 62.2544 62.2816 62.3048
 62.3463 62.3713 62.4097 62.4251 62.4443 62.4577 62.4834 62.5268 62.5488
 62.5715 62.5852 62.6007 62.6212 62.6414 62.6631 62.6764 62.6892 62.7246
 62.7416 62.7598 62.7802 62.7948 62.8104 62.8251 62.8477 62.8648 62.8769
 62.8955 62.9056 62.916  62.93   62.943  62.9589 62.9698 62.9822 63.0028
 63.0152 63.0289 63.0471 63.0622 63.0808 63.0946 63.1077 63.1202 63.136
 63.152  63.1666 63.1811 63.1952 63.2156 63.2359 63.2533 63.2764 63.295
 63.3107 63.3242 63.3389 63.3549 63.3737 63.3866 63.4005 63.417  63.4363
 63.4492 63.4604 63.4739 63.4863 63.5092 63.5248 63.5436 63.5558 63.5775
 63.5948 63.6137 63.627  63.6392 63.6534 63.6743 63.6913 63.7139 63.7292
 63.7497 63.7701 63.7855 63.8089 63.8275 63.8444 63.8699 63.8884 63.923
 63.9528 63.9814 64.0195 64.0786 64.106  64.1389 64.2266 64.3118 64.3749
 64.4398 64.4777 64.537  68.7732 69.4792 69.6406 69.717  69.8016 69.8362
 69.9699

