11.3955 11.7978 12.0299 12.2027 12.2432 12.269  12.3402 12.6687 12.6844
 12.7234 16.8498 19.529  19.9336 19.9589
20.1627 20.2569 20.3396 20.4869 20.5148 20.6668 20.8478 27.5313 27.8723
 28.2989 28.5105 28.681  28.724  28.791  28.8894 29.0537
36.5619 36.6905 36.7378 36.8282 36.8624 37.2258 37.3553
44.7356 44.8861 44.963  45.0372 45.1247 45.2367 45.3888
51.9365 52.2212 52.9558 53.0067 53.0331 53.2784 53.3735 53.4209 53.4814
 53.5655 53.6798
61.158  61.3173 61.3722 61.4872 61.6159 61.8107 61.8634 69.5377 69.6275
 69.6736 69.7878 69.8504 69.8706 69.8973 69.9362

