11.4335 11.8985 11.9834 12.0385 12.0586 12.0924 12.1429 12.3211 12.3388
 12.3662 12.3876 12.4093 12.4317 12.4626 12.4833 12.5004 12.5204 12.5388
 12.5595 12.5769 12.5967 12.6173 12.6304 12.6415 12.6576 12.67   12.6839
 12.7002 12.7121 12.7253 12.7377 12.7549 12.7712 12.787  12.807  12.8201
 12.836  12.8535 12.8675 12.8801 12.8943 12.9077 12.9216 12.9402 12.9578
 12.97   12.9835 12.9983 13.0177 13.0284 13.0377 13.0502 13.0606 13.0747
 13.0914 13.1072 13.1216 13.1354 13.1479 13.1593 13.1728 13.1874 13.2018
 13.2159 13.234  13.2474 13.2587 13.2711 13.2848 13.2989 13.3128 13.3265
 13.3454 13.3584 13.3689 13.3808 13.3953 13.4066 13.4218 13.4335 13.4457
 13.4578 13.474  13.4877 13.5098 13.5225 13.5369 13.5494 13.5607 13.5732
 13.5886 13.6093 13.6235 13.6335 13.6454 13.6602 13.6735 13.6848 13.701
 13.7127 13.7318 13.7521 13.771  13.7851 13.798  13.811  13.8304 13.8477
 13.8693 13.8983 13.9374 13.9602 13.9862 14.0056 14.03   14.0928 14.1126
 14.1386 14.1606 14.1882 14.2452 14.2685 14.6036 14.6441 19.436  19.4935
 19.756  19.8079 19.8729 19.9668 19.9948
20.0224 20.0837 20.1118 20.1327 20.167  20.2064 20.2265 20.2569 20.2754
 20.3117 20.338  20.3588 20.3797 20.4072 20.4305 20.4465 20.4589 20.4759
 20.4925 20.5064 20.5176 20.5429 20.5601 20.5787 20.5954 20.611  20.6256
 20.64   20.655  20.6685 20.6908 20.7089 20.7227 20.7362 20.7492 20.7615
 20.7752 20.7926 20.8087 20.8219 20.8335 20.8454 20.8568 20.869  20.8825
 20.8996 20.9155 20.9317 20.9444 20.9559 20.9671 20.9798 20.9908 21.0022
 21.0133 21.0266 21.0368 21.0471 21.0613 21.073  21.0838 21.0976 21.1091
 21.1204 21.1315 21.1419 21.1565 21.1693 21.183  21.1983 21.2135 21.2312
 21.2439 21.2541 21.2684 21.2816 21.2938 21.3074 21.3198 21.3349 21.3456
 21.3569 21.3697 21.3819 21.4003 21.4146 21.4284 21.4444 21.4557 21.4669
 21.4802 21.4932 21.5051 21.5247 21.5388 21.5579 21.5706 21.5892 21.6074
 21.6209 21.6376 21.6579 21.6742 21.709  21.7366 21.7805 21.8051 21.8299
 21.8476 21.8776 21.8953 21.9278 21.9565 21.9972 22.0207 22.0566 22.077
 22.1235 27.2657 28.0826 28.545  28.5866 28.633  28.658  28.6767 28.6907
 28.7215 28.7396 28.8441 28.8698 28.9321 28.9622 28.9842 29.0225 29.0441
 29.0649 29.0813 29.1006 29.1145 29.1474 29.1648 29.1779 29.2026 29.2158
 29.2345 29.2458 29.2654 29.2799 29.2954 29.3152 29.3304 29.3474 29.3618
 29.3748 29.3856 29.3968 29.4125 29.4257 29.4397 29.4556 29.4721 29.4905
 29.506  29.5232 29.5362 29.5507 29.5647 29.5786 29.5971 29.6142 29.6285
 29.6422 29.6565 29.6701 29.6846 29.7004 29.7188 29.7372 29.7555 29.7719
 29.7887 29.8026 29.8174 29.8307 29.8455 29.8559 29.8682 29.881  29.8922
 29.9046 29.9198 29.9329 29.9477 29.9662 29.9809 29.9979
30.0142 30.0288 30.0415 30.0578 30.0714 30.0898 30.1143 30.1299 30.1455
 30.1637 30.1837 30.204  30.2321 30.2602 30.281  30.3131 30.3305 30.3578
 30.3777 30.4081 30.4342 30.4623 30.5051 30.7676 36.4609 36.6318 36.6609
 36.7408 36.8413 36.8887 36.9622 37.0349 37.0566 37.0811 37.1045 37.1307
 37.1584 37.1793 37.1939 37.2149 37.2367 37.2656 37.2909 37.3182 37.3469
 37.3669 37.3924 37.4065 37.4242 37.4501 37.4748 37.4986 37.5173 37.5328
 37.5489 37.5696 37.5896 37.6006 37.6116 37.6283 37.6457 37.6592 37.6763
 37.6921 37.7068 37.7248 37.7378 37.7549 37.7654 37.7803 37.7926 37.8044
 37.8178 37.8385 37.8545 37.8707 37.8823 37.8987 37.9121 37.923  37.9361
 37.9509 37.9655 37.9823 37.9954 38.008  38.0209 38.0368 38.0555 38.0693
 38.084  38.0943 38.1065 38.1192 38.1305 38.1538 38.1678 38.1815 38.1936
 38.209  38.2251 38.2403 38.2523 38.2648 38.2822 38.3041 38.316  38.3334
 38.3459 38.3588 38.3704 38.3845 38.3956 38.4107 38.4327 38.4574 38.4778
 38.4902 38.5051 38.5266 38.5484 38.5632 38.5976 38.623  38.656  38.6752
 38.6918 38.7053 38.7323 38.7558 38.778  38.8197 38.8397 38.8912 38.9117
 38.9359 38.9578 38.9947 39.0404 39.1867 39.6939
43.1335 43.8387 44.2314 44.8523 44.9998 45.0325 45.0822 45.1148 45.1598
 45.1865 45.2065 45.2334 45.2554 45.2827 45.3052 45.3217 45.3429 45.3624
 45.3901 45.4033 45.4228 45.4398 45.4592 45.4739 45.4877 45.5095 45.5277
 45.5453 45.5724 45.5863 45.6036 45.6191 45.6329 45.6462 45.6608 45.6758
 45.6861 45.6984 45.7118 45.7223 45.7397 45.7567 45.7787 45.7925 45.8038
 45.8187 45.8337 45.8521 45.8684 45.8832 45.9    45.9132 45.9253 45.9376
 45.9507 45.9623 45.9769 45.9872 45.9977 46.0106 46.0209 46.0326 46.0454
 46.0656 46.0814 46.098  46.1124 46.1257 46.1389 46.1542 46.167  46.1839
 46.1973 46.2075 46.2208 46.2355 46.2465 46.2605 46.2754 46.2867 46.2994
 46.3118 46.3232 46.3399 46.3517 46.3667 46.378  46.3919 46.4062 46.4185
 46.4404 46.4567 46.4667 46.4789 46.4921 46.5124 46.5269 46.5397 46.555
 46.5757 46.5965 46.6141 46.6345 46.6473 46.6644 46.6898 46.708  46.7233
 46.7573 46.8024 46.8334 46.8469 46.875  46.9029 46.9317 46.9789 47.0569
 47.1131 47.1836 47.4223
50.4108 51.2624 52.2839 52.4154 52.4965 52.6509 52.6711 52.6988 52.7672
 52.7875 52.8055 52.8462 52.8956 52.9401 52.9623 52.9857 53.0338 53.0517
 53.0831 53.1415 53.1576 53.1831 53.2001 53.2232 53.25   53.2654 53.2995
 53.3278 53.358  53.3807 53.398  53.4126 53.4268 53.4444 53.4602 53.4805
 53.4945 53.5134 53.5277 53.5432 53.5556 53.5666 53.5784 53.5915 53.605
 53.6167 53.6296 53.6425 53.6546 53.6729 53.6861 53.7018 53.7137 53.7279
 53.743  53.7575 53.7709 53.7845 53.7939 53.804  53.8178 53.8289 53.8405
 53.8523 53.8625 53.8759 53.8913 53.9035 53.9167 53.9322 53.9435 53.9554
 53.9652 53.9762 53.988  54.0013 54.012  54.0226 54.0356 54.0453 54.0576
 54.0694 54.0838 54.097  54.1073 54.1169 54.128  54.141  54.1544 54.1666
 54.1774 54.192  54.2045 54.2161 54.2283 54.2393 54.2504 54.2631 54.2754
 54.2884 54.3008 54.3127 54.3235 54.3341 54.3479 54.3627 54.3746 54.385
 54.3972 54.4172 54.4288 54.4411 54.453  54.465  54.4758 54.4866 54.4988
 54.5096 54.523  54.542  54.5623 54.5853 54.606  54.6172 54.631  54.6552
 54.6732 54.7033 54.7328 54.7676 54.8096 54.838  54.8627 54.8916 54.9132
 54.9389 54.9653 54.9963 55.0451 55.0745 55.1016 55.1288 55.1933 55.2191
 55.2981 58.8403
60.3627 60.7717 61.12   61.1815 61.3682 61.4414 61.4818 61.5066 61.5472
 61.5686 61.5877 61.6068 61.6332 61.6472 61.6655 61.6816 61.7093 61.7368
 61.7565 61.7729 61.7925 61.8124 61.8292 61.8477 61.8716 61.8839 61.8981
 61.9105 61.9275 61.9375 61.9522 61.9768 61.9924 62.0133 62.0296 62.0507
 62.0645 62.0846 62.1092 62.1346 62.1508 62.1644 62.1774 62.189  62.2052
 62.2176 62.2331 62.2454 62.2627 62.2744 62.286  62.3033 62.3184 62.3335
 62.3504 62.3699 62.3876 62.3975 62.4176 62.4412 62.4577 62.4713 62.4908
 62.5047 62.5213 62.5355 62.5483 62.5664 62.5788 62.5957 62.6097 62.6277
 62.6422 62.6571 62.6721 62.6864 62.706  62.7169 62.732  62.7442 62.757
 62.7746 62.7944 62.8142 62.8413 62.8556 62.8769 62.9025 62.9289 62.9499
 62.9802 62.9968 63.0138 63.0662 63.0908 63.1095 63.1477 63.1751 63.2044
 63.2287 63.2707 63.3112 63.3573 63.4332 69.0789 69.1992 69.3119 69.4084
 69.4645 69.4844 69.5204 69.5409 69.6054 69.6369 69.6718 69.6966 69.7168
 69.7325 69.7594 69.785  69.8003 69.8166 69.842  69.8664 69.8848 69.8996
 69.9118 69.9279 69.9392 69.9536 69.9701 69.985  69.9972

