10.7138 12.2299 12.2629 12.2936 12.322  12.3438 12.385  12.4338 12.4551
 12.4872 12.5154 12.5427 12.5798 12.6046 12.623  12.645  12.6692 12.6852
 12.6985 12.7192 12.7387 12.75   12.7712 12.7853 12.8055 12.8248 12.844
 12.8583 12.8732 12.8853 12.902  12.9188 12.9317 12.9508 12.9647 12.9835
 13.0017 13.0153 13.03   13.0415 13.0527 13.0653 13.0842 13.1075 13.1275
 13.1411 13.1583 13.1703 13.1889 13.2149 13.2303 13.2444 13.2569 13.2729
 13.293  13.3075 13.3217 13.3363 13.36   13.3753 13.3889 13.4045 13.4187
 13.44   13.4756 13.4947 13.514  13.5287 13.5429 13.56   13.5752 13.5962
 13.6263 13.6583 13.6847 13.7166 13.7645 13.7982 13.8272 13.8647 13.9664
 14.0107 14.0567 14.2076 14.2439 19.2854 19.6789 19.96
20.0254 20.1527 20.2079 20.2278 20.2428 20.2676 20.2934 20.3182 20.3394
 20.364  20.3907 20.4048 20.4202 20.4406 20.4863 20.5077 20.526  20.5442
 20.5625 20.581  20.5988 20.6273 20.6445 20.6656 20.6808 20.6994 20.7113
 20.7273 20.7457 20.7584 20.7703 20.7817 20.8    20.8158 20.8364 20.8524
 20.8663 20.8845 20.8996 20.9154 20.9341 20.96   20.9776 20.9954 21.0108
 21.0305 21.0416 21.0554 21.069  21.0801 21.0955 21.1083 21.1211 21.1328
 21.1538 21.1783 21.2001 21.2209 21.2514 21.266  21.2832 21.3051 21.3264
 21.3458 21.3686 21.386  21.4016 21.4252 21.4526 21.482  21.5027 21.5362
 21.6086 21.6307 21.6859 21.7204 21.7441 21.7814 21.9037 21.9498 24.5195
 28.3558 28.4618 28.5713 28.5986 28.6615 28.6885 28.7289 28.7735 28.8054
 28.8462 28.8731 28.9076 28.9329 28.9563 28.9767 29.0213 29.0455 29.0672
 29.0865 29.1327 29.1612 29.1751 29.1946 29.2188 29.2399 29.2596 29.2768
 29.291  29.3042 29.3412 29.3561 29.3764 29.4143 29.4327 29.4504 29.4654
 29.4874 29.5055 29.5295 29.5441 29.5645 29.5847 29.6048 29.6226 29.6643
 29.6832 29.7174 29.7357 29.7938 29.8211 29.8559 29.8906 29.9159 29.9357
 29.951  29.9863
30.0538 30.1171 30.1494 30.1848 30.27   30.2977 30.4125 30.4468 30.7656
 36.0645 36.4014 36.6929 36.7309 36.8771 37.0308 37.084  37.1185 37.1612
 37.2124 37.2395 37.2633 37.3033 37.3337 37.383  37.4    37.4529 37.4662
 37.4988 37.513  37.531  37.564  37.582  37.5979 37.6086 37.6236 37.6476
 37.6646 37.6778 37.6955 37.7117 37.7258 37.7424 37.7583 37.7756 37.791
 37.8126 37.8265 37.8388 37.853  37.8679 37.8803 37.8993 37.9184 37.938
 37.9534 37.9665 37.9796 37.9973 38.0175 38.0413 38.0581 38.0729 38.0941
 38.1229 38.1625 38.1834 38.201  38.2161 38.2468 38.2677 38.2813 38.2985
 38.317  38.3294 38.3601 38.4069 38.4385 38.457  38.4854 38.5252 38.5449
 38.6299 38.6655 38.6974 38.7523 38.8747 39.0798
44.5487 44.5752 44.7865 44.8619 45.0038 45.0525 45.082  45.1173 45.1533
 45.1859 45.2148 45.2588 45.2816 45.3143 45.3388 45.3644 45.3851 45.4
 45.4193 45.4439 45.4723 45.4864 45.5018 45.522  45.5404 45.5638 45.5855
 45.6034 45.6235 45.6386 45.6504 45.6679 45.6811 45.6968 45.7158 45.736
 45.7548 45.7716 45.7969 45.8176 45.8331 45.8474 45.8689 45.8802 45.8953
 45.907  45.9239 45.9384 45.9546 45.9751 45.9937 46.0117 46.0288 46.0439
 46.0587 46.0787 46.0982 46.1241 46.1451 46.1689 46.1938 46.2133 46.2527
 46.286  46.3194 46.338  46.367  46.3886 46.4135 46.4384 46.4558 46.4762
 46.5158 46.5443 46.572  46.6219 46.6661 46.7404 47.2332
52.3333 52.7025 52.7269 52.8237 52.8684 52.904  52.9374 52.9782 53.0003
 53.0637 53.0916 53.1335 53.1574 53.1846 53.2063 53.2281 53.2443 53.2581
 53.3041 53.3349 53.3617 53.3812 53.4278 53.4497 53.4705 53.4877 53.5069
 53.5213 53.5355 53.5467 53.5574 53.5711 53.5852 53.6015 53.6155 53.6285
 53.6405 53.6542 53.6693 53.688  53.6992 53.7128 53.7256 53.7376 53.7471
 53.7657 53.7755 53.786  53.7969 53.8096 53.8223 53.8352 53.8468 53.8569
 53.8688 53.8803 53.893  53.9074 53.9223 53.9358 53.9461 53.9598 53.9733
 53.9838 53.9969 54.0113 54.0257 54.0401 54.0521 54.0669 54.0795 54.0926
 54.1058 54.1221 54.1401 54.1547 54.1706 54.1865 54.2023 54.2228 54.2378
 54.2499 54.2618 54.2808 54.2962 54.3094 54.3269 54.3477 54.3699 54.3835
 54.4024 54.4209 54.4453 54.4644 54.4916 54.5105 54.5295 54.5525 54.5713
 54.5877 54.613  54.6857 54.7109 54.8034 54.8522 54.9058 54.94   55.1666
 55.2689
61.2411 61.3026 61.3553 61.4325 61.4552 61.4831 61.5241 61.5507 61.578
 61.6054 61.6677 61.6813 61.6945 61.7112 61.7313 61.7492 61.766  61.7819
 61.8217 61.8384 61.8538 61.8753 61.8928 61.9151 61.9291 61.943  61.9574
 61.9786 61.9987 62.0323 62.0457 62.0587 62.0745 62.0974 62.1135 62.1331
 62.1548 62.1771 62.205  62.2216 62.2419 62.2598 62.2756 62.2875 62.306
 62.3211 62.3405 62.3625 62.3856 62.4076 62.4248 62.4432 62.4617 62.4798
 62.507  62.5392 62.5569 62.5943 62.6125 62.6348 62.6589 62.6755 62.717
 62.7509 62.7813 62.8086 62.8809 62.8997 62.9174 62.955  62.9848 63.0235
 63.0806 63.1267 63.1631 63.1908 63.4208 68.9544 69.2856 69.3468 69.4536
 69.5082 69.55   69.573  69.5975 69.6173 69.6367 69.6531 69.6769 69.7093
 69.7223 69.7413 69.7623 69.7968 69.8135 69.8251 69.838  69.854  69.8688
 69.8907 69.9151 69.9319 69.9425 69.955  69.9712 69.9908

