11.3825 11.8076 11.9637 12.0284 12.0709 12.1293 12.1535 12.2577 12.2809
 12.3065 12.3468 12.3903 12.4118 12.4366 12.458  12.4765 12.4933 12.5115
 12.5276 12.5429 12.5636 12.5833 12.6081 12.6238 12.6391 12.6549 12.6711
 12.7029 12.7204 12.7351 12.7485 12.7604 12.7747 12.7888 12.8137 12.8298
 12.844  12.858  12.8716 12.8852 12.9005 12.9139 12.9306 12.9473 12.9618
 12.9725 12.9839 12.9953 13.0075 13.022  13.0393 13.0516 13.0621 13.0733
 13.0838 13.0931 13.1039 13.1172 13.1295 13.1399 13.1514 13.1641 13.1768
 13.193  13.2071 13.2219 13.2364 13.2498 13.267  13.2817 13.2926 13.3049
 13.3148 13.3265 13.3373 13.3495 13.3645 13.3739 13.3913 13.4024 13.4206
 13.4352 13.4487 13.4668 13.4795 13.4958 13.5072 13.5191 13.5317 13.5431
 13.5547 13.5692 13.5851 13.598  13.6111 13.6257 13.6384 13.6502 13.662
 13.6763 13.6889 13.7018 13.7177 13.7289 13.7418 13.7557 13.7691 13.7845
 13.7984 13.8115 13.8246 13.846  13.8653 13.9068 13.9278 13.9475 13.969
 13.9844 13.9994 14.0143 14.0303 14.0455 14.0596 14.0708 14.083  14.094
 14.1069 14.1229 14.1398 14.1552 14.1693 14.1895 14.2059 14.2261 14.2445
 14.2623 14.2761 14.2974 14.3196 14.3436 14.3815 14.4125 14.4361 14.4585
 14.4942 14.5567 14.5998 14.6658 17.6568 18.6568 18.977  19.2713 19.4905
 19.7085 19.9342
20.0063 20.0457 20.1014 20.118  20.1398 20.168  20.1898 20.2846 20.3123
 20.3337 20.3595 20.3746 20.3896 20.4038 20.4298 20.4547 20.4739 20.4902
 20.5078 20.5262 20.5392 20.5527 20.5715 20.5904 20.6021 20.6159 20.6431
 20.6623 20.6769 20.6924 20.7069 20.7205 20.7447 20.7593 20.7747 20.7882
 20.7987 20.8087 20.8183 20.8287 20.8424 20.8574 20.8701 20.8887 20.9051
 20.9194 20.933  20.9475 20.9608 20.9747 20.9891 21.0021 21.0142 21.0327
 21.0445 21.0561 21.0683 21.0834 21.0978 21.1074 21.1187 21.1291 21.1409
 21.1516 21.1639 21.1806 21.1926 21.2067 21.2224 21.236  21.2503 21.2628
 21.2734 21.2884 21.2996 21.3138 21.3255 21.3357 21.3453 21.359  21.3715
 21.3831 21.401  21.4153 21.4291 21.4439 21.458  21.472  21.4885 21.5022
 21.5128 21.5269 21.5407 21.5572 21.5684 21.5791 21.5913 21.6032 21.6159
 21.6258 21.6394 21.6527 21.6652 21.6768 21.6926 21.7064 21.7191 21.7325
 21.7468 21.762  21.7744 21.7891 21.8105 21.8234 21.8414 21.857  21.8706
 21.8913 21.9095 21.9268 21.9412 21.9627 21.9815 21.9971 22.0138 22.0296
 22.0485 22.0706 22.1142 22.1397 22.1674 22.1885 22.2147 22.2342 22.2638
 22.2959 22.3665 22.4626 27.364  28.0386 28.1332 28.462  28.5029 28.5582
 28.6343 28.6658 28.7281 28.781  28.7944 28.8323 28.8985 28.9268 28.9965
 29.0165 29.0328 29.0485 29.0618 29.0798 29.1245 29.1396 29.1533 29.1697
 29.1861 29.2135 29.2345 29.2501 29.2638 29.2781 29.292  29.3075 29.3239
 29.3437 29.3588 29.3706 29.3875 29.3999 29.4109 29.4264 29.4373 29.4525
 29.4721 29.486  29.499  29.516  29.536  29.5526 29.5659 29.5785 29.5941
 29.6115 29.6248 29.6405 29.6582 29.6762 29.6903 29.7018 29.7119 29.7251
 29.7433 29.7554 29.768  29.7838 29.7977 29.8098 29.8238 29.8437 29.8562
 29.8691 29.8792 29.8894 29.9026 29.9197 29.9391 29.9515 29.9691 29.9849
 29.9972
30.0163 30.0287 30.045  30.0607 30.0767 30.0944 30.109  30.1233 30.1376
 30.1583 30.1842 30.1986 30.2136 30.2367 30.2592 30.2761 30.3105 30.334
 30.3487 30.3684 30.39   30.4117 30.4289 30.4614 30.478  30.5016 30.5193
 30.5387 30.5592 30.5979 30.6257 30.6551 30.6834 30.7138 30.7424 30.7865
 30.8629 30.9393 36.098  36.2388 36.49   36.5948 36.6845 36.7196 36.7778
 36.8707 36.9275 36.9638 36.9825 37.0668 37.0915 37.1265 37.1625 37.1982
 37.2271 37.2469 37.268  37.2986 37.3242 37.3401 37.3696 37.401  37.4185
 37.4364 37.4535 37.4753 37.4962 37.5118 37.5246 37.5504 37.5638 37.5789
 37.6001 37.6147 37.6289 37.6432 37.6629 37.6737 37.6908 37.7014 37.7162
 37.7391 37.7511 37.7629 37.7768 37.7888 37.8004 37.8133 37.8246 37.8366
 37.847  37.8574 37.8747 37.8869 37.8995 37.9161 37.9335 37.9488 37.96
 37.9731 37.9883 37.9993 38.0107 38.0229 38.035  38.0499 38.0695 38.0863
 38.1044 38.1214 38.135  38.1581 38.1727 38.1854 38.2003 38.2156 38.2303
 38.2441 38.2646 38.279  38.2945 38.3091 38.323  38.3393 38.3557 38.3679
 38.3806 38.3967 38.4127 38.4268 38.4413 38.4576 38.4721 38.4881 38.5001
 38.518  38.5348 38.5506 38.562  38.5769 38.593  38.6066 38.6187 38.6337
 38.6488 38.6589 38.6721 38.693  38.7079 38.7212 38.7418 38.7684 38.7848
 38.7983 38.8179 38.8441 38.8608 38.8816 38.9024 38.9271 38.9728 39.0059
 39.0355 39.0544 39.0818 39.1175 39.1707 39.2277 39.2972
44.748  44.8949 45.1012 45.1357 45.1565 45.1726 45.207  45.2299 45.247
 45.2783 45.2929 45.3232 45.3428 45.3631 45.3843 45.4163 45.4366 45.459
 45.4826 45.5006 45.5174 45.5299 45.545  45.5612 45.5804 45.5938 45.6129
 45.6286 45.6435 45.6597 45.6736 45.6914 45.7044 45.7174 45.7339 45.7531
 45.7675 45.7805 45.7955 45.8069 45.8185 45.8363 45.8479 45.8575 45.8675
 45.8777 45.8894 45.9003 45.9108 45.9284 45.9387 45.9499 45.9596 45.9703
 45.9799 45.9914 46.0033 46.0146 46.0263 46.0368 46.0491 46.0604 46.0737
 46.088  46.1012 46.1124 46.125  46.1397 46.1511 46.1627 46.1766 46.1925
 46.2049 46.2199 46.2329 46.2437 46.2585 46.272  46.2861 46.3001 46.3109
 46.3288 46.3417 46.3536 46.3683 46.3835 46.3982 46.41   46.4237 46.4385
 46.4506 46.4618 46.4737 46.4867 46.4988 46.5123 46.527  46.5404 46.5527
 46.567  46.5784 46.5926 46.6073 46.6211 46.6329 46.6453 46.6573 46.67
 46.687  46.6992 46.7163 46.7359 46.7506 46.7672 46.781  46.7937 46.807
 46.8191 46.8383 46.8528 46.8677 46.8846 46.9079 46.9215 46.9368 46.9604
 46.9921 47.0058 47.0252 47.0426 47.0613 47.1095 47.1393 47.1734 47.2176
 47.2408 47.2847
52.3186 52.6458 52.7337 52.7743 52.9073 52.9747 53.0313 53.0521 53.0784
 53.1293 53.1609 53.1882 53.2121 53.2294 53.2415 53.2674 53.2898 53.3021
 53.318  53.3348 53.3531 53.3707 53.3911 53.4066 53.4204 53.4334 53.4446
 53.4569 53.4719 53.4838 53.499  53.5125 53.5285 53.5394 53.5508 53.5611
 53.5712 53.5832 53.5974 53.6115 53.623  53.6369 53.6483 53.6659 53.6828
 53.6957 53.7063 53.7234 53.7341 53.7453 53.7577 53.771  53.7853 53.7994
 53.8088 53.8176 53.8279 53.8407 53.8522 53.8631 53.8751 53.8848 53.8976
 53.9072 53.9195 53.9347 53.9453 53.9573 53.9757 53.9879 53.9998 54.0116
 54.0221 54.0322 54.0435 54.0549 54.067  54.0819 54.0924 54.1029 54.1127
 54.1237 54.133  54.1445 54.1558 54.1672 54.1781 54.1909 54.2073 54.2196
 54.2361 54.249  54.2599 54.2704 54.2846 54.2961 54.3094 54.3231 54.338
 54.3508 54.3632 54.3753 54.3851 54.3992 54.4119 54.425  54.4348 54.4457
 54.4598 54.4694 54.4805 54.4904 54.5017 54.5126 54.5233 54.5347 54.5451
 54.5559 54.5678 54.5782 54.5908 54.6033 54.6159 54.6268 54.6393 54.6494
 54.6603 54.6723 54.6845 54.6959 54.7071 54.719  54.7287 54.741  54.7505
 54.7602 54.7707 54.7819 54.7933 54.807  54.8199 54.8327 54.8538 54.8651
 54.878  54.8895 54.9041 54.9187 54.9363 54.9526 54.9696 54.9829 54.9969
 55.0125 55.0363 55.0519 55.0702 55.0854 55.1005 55.115  55.1416 55.1678
 55.1871 55.2139 55.2378 55.2649 55.2932 55.3204 59.0561 59.5554
60.5633 60.6289 60.9335 60.9778 61.0685 61.2247 61.3146 61.3339 61.3915
 61.4702 61.4906 61.5457 61.583  61.6042 61.641  61.6557 61.6678 61.6868
 61.7064 61.7318 61.7644 61.779  61.8037 61.8265 61.8518 61.8715 61.8973
 61.9099 61.9301 61.9499 61.9766 61.9955 62.0122 62.0366 62.0529 62.0681
 62.0835 62.0997 62.115  62.1313 62.1508 62.1676 62.1865 62.2029 62.2145
 62.2267 62.2396 62.2546 62.2672 62.2787 62.2988 62.3164 62.3326 62.3482
 62.363  62.3799 62.3955 62.4135 62.426  62.4431 62.4606 62.4753 62.4931
 62.5108 62.5282 62.5441 62.5545 62.5662 62.5805 62.5963 62.6133 62.6256
 62.643  62.6595 62.6738 62.6887 62.7014 62.7157 62.7301 62.7482 62.7629
 62.7781 62.7926 62.8056 62.8185 62.8299 62.8413 62.8549 62.8672 62.8807
 62.8967 62.9106 62.923  62.9375 62.9538 62.9674 62.9824 62.9982 63.0111
 63.0268 63.0375 63.0515 63.0735 63.0953 63.1132 63.127  63.1446 63.1576
 63.1762 63.1933 63.2102 63.2343 63.2499 63.2681 63.2837 63.3178 63.3366
 63.3598 63.3823 63.4069 63.4271 63.4558 63.5135 63.5692 63.6313 68.9228
 69.1709 69.2177 69.2608 69.2898 69.3472 69.381  69.4046 69.4414 69.483
 69.4969 69.5156 69.5431 69.5693 69.5888 69.6057 69.6297 69.6573 69.6763
 69.6903 69.7077 69.7632 69.7848 69.7991 69.815  69.8382 69.8511 69.8646
 69.8854 69.8993 69.9124 69.9277 69.9432 69.968  69.9802 69.9972

