11.0843 11.2195 11.5827 11.7831 11.8641 11.9157 12.2294 12.3786 12.401
 12.5201 12.7213 12.8027 12.8633 19.5538 19.9125
20.1267 20.1877 20.22   20.2513 20.3674 20.5954 20.7153 20.7454 25.7716
 28.413  28.4447 28.5308 28.7005 28.7275 28.8205
36.2233 36.2782 36.5693 36.7607 36.8926 37.0918 37.1639 37.3919 37.4632
 37.5924
44.0028 44.5151 44.5483 44.8647 45.0615 45.0815 45.0999 45.1293 45.2157
 45.2325 45.2699 45.3078 45.3407 45.3844 45.4216 45.6019
51.3174 52.9473 52.9796 53.0909 53.1485 53.2243 53.2891 53.3399 53.3643
 53.3943 53.4063 53.5035 53.6951 53.7148 53.7345
60.0399 60.7787 61.1097 61.2471 61.3439 61.4299 61.4621 61.6426 61.6719
 61.797  61.8328 61.9384 62.0782 68.7064 68.9026 69.0104 69.0359 69.1781
 69.4495 69.743  69.8101 69.9238 69.9468 69.9955

