10.7929 11.8886 12.1113 12.2159 12.4342 12.4608 12.4956 12.5312 12.5664
 12.5842 12.6174 12.6424 12.6591 12.6759 12.7005 12.7557 12.7786 12.8101
 12.8247 12.8404 12.8606 12.8743 12.89   12.9036 12.9189 12.9349 12.9619
 12.9822 12.9966 13.0137 13.0297 13.0447 13.0561 13.0683 13.0862 13.1031
 13.1179 13.1325 13.1466 13.1634 13.1789 13.1971 13.215  13.2289 13.2472
 13.2646 13.2796 13.2928 13.3082 13.323  13.3341 13.3445 13.358  13.3695
 13.3821 13.3937 13.4175 13.4332 13.4454 13.4593 13.4719 13.4823 13.495
 13.5083 13.5232 13.5371 13.5542 13.5668 13.5802 13.5932 13.61   13.6289
 13.6398 13.6537 13.6787 13.6936 13.7134 13.7304 13.7494 13.7639 13.7759
 13.7941 13.8175 13.8355 13.8532 13.8776 13.8983 13.9163 13.9428 13.9678
 13.9856 14.0067 14.0334 14.0617 14.1002 14.1189 14.1419 14.1879 14.2119
 14.2425 14.2668 14.3244 14.3568 14.3893 14.4249 14.4693 14.4969 14.6303
 14.6831 14.7336 19.8027 19.834  19.874
20.0235 20.1726 20.2178 20.2341 20.2585 20.2899 20.3287 20.3486 20.375
 20.4067 20.4325 20.465  20.4816 20.4953 20.5114 20.5277 20.5476 20.5775
 20.5994 20.6183 20.6481 20.668  20.6856 20.7063 20.7353 20.751  20.7728
 20.7912 20.8034 20.8161 20.8306 20.8477 20.8616 20.875  20.8874 20.9063
 20.9249 20.9374 20.9484 20.9628 20.9733 20.9874 21.0003 21.0139 21.0311
 21.0469 21.058  21.0737 21.0887 21.104  21.1239 21.136  21.1485 21.1658
 21.1822 21.2035 21.2195 21.2322 21.2488 21.2726 21.2948 21.3155 21.3306
 21.3455 21.3599 21.3753 21.3895 21.4023 21.4203 21.433  21.4457 21.4573
 21.4718 21.4929 21.5147 21.534  21.5528 21.5706 21.5967 21.6112 21.6263
 21.6455 21.6635 21.6839 21.7055 21.7277 21.7551 21.7933 21.8262 21.8485
 21.8772 21.9009 21.9288 21.9477 21.9693 21.9887 22.0259 22.0608 22.0942
 22.12   22.1767 22.2728 22.3099 22.384  25.951  28.5003 28.5366 28.6894
 28.7802 28.8918 28.9188 28.9511 28.9728 28.9939 29.0405 29.0592 29.0771
 29.1051 29.1608 29.1768 29.1944 29.2168 29.2608 29.2833 29.3017 29.3214
 29.3436 29.3654 29.3832 29.3989 29.4188 29.4359 29.4557 29.476  29.5015
 29.5192 29.532  29.5475 29.5642 29.5823 29.5994 29.613  29.625  29.639
 29.6576 29.6722 29.6846 29.7004 29.7192 29.7413 29.7572 29.7817 29.8071
 29.8248 29.8458 29.8738 29.8897 29.9054 29.9332 29.9464 29.9786 29.9973
30.0128 30.0326 30.0518 30.0645 30.0887 30.104  30.1277 30.1525 30.1728
 30.1955 30.2269 30.2468 30.2903 30.3241 30.3442 30.3712 30.4187 30.4418
 30.4679 30.5331 30.6114 30.8096 30.8683 35.9683 36.7918 36.8286 36.8962
 36.9746 37.0096 37.2172 37.2582 37.3073 37.3246 37.3932 37.4174 37.4793
 37.5173 37.5477 37.566  37.5869 37.6173 37.6464 37.6747 37.7015 37.7151
 37.7327 37.7638 37.7796 37.8013 37.8173 37.8324 37.8509 37.8649 37.8818
 37.8969 37.9093 37.9254 37.9383 37.9524 37.9712 37.9903 38.0032 38.0255
 38.0403 38.0556 38.0735 38.0857 38.1029 38.1197 38.1318 38.145  38.1581
 38.1838 38.1973 38.2076 38.2183 38.2312 38.2444 38.2606 38.2749 38.2877
 38.3002 38.3117 38.3284 38.3451 38.3573 38.3723 38.3889 38.4129 38.4285
 38.4507 38.467  38.4824 38.5017 38.5379 38.5646 38.5931 38.6104 38.6426
 38.665  38.6853 38.7083 38.7258 38.7516 38.8301 38.9096 38.9369 39.0441
 39.0837 39.1426 39.2173
44.6463 44.8132 44.9182 45.0294 45.2606 45.2884 45.3088 45.3268 45.3495
 45.3646 45.384  45.4005 45.4151 45.4329 45.4638 45.4816 45.503  45.532
 45.5538 45.57   45.5874 45.6103 45.6264 45.6457 45.6633 45.6817 45.7103
 45.7246 45.7412 45.7541 45.7802 45.793  45.8077 45.8223 45.8372 45.8585
 45.8741 45.8971 45.9156 45.929  45.9397 45.9593 45.9722 45.9872 46.0012
 46.0131 46.0338 46.0447 46.0595 46.0749 46.0878 46.1048 46.1263 46.1402
 46.1569 46.1752 46.1909 46.2023 46.2163 46.2314 46.2477 46.2625 46.2749
 46.2874 46.3025 46.3162 46.3321 46.3456 46.3744 46.3936 46.4087 46.4207
 46.4399 46.4615 46.4793 46.493  46.5108 46.5281 46.5462 46.5633 46.5983
 46.6152 46.6357 46.6905 46.7082 46.7256 46.7445 46.7698 46.8068 46.8285
 46.8805 46.9186 46.9435 46.9667 47.0077 47.0416 47.0994 47.1371 47.2638
 47.3663 47.4297 49.2475
52.7842 52.9083 53.0416 53.0954 53.127  53.1805 53.2308 53.2719 53.3534
 53.3759 53.4026 53.4446 53.4687 53.4979 53.5129 53.5302 53.5552 53.5799
 53.5974 53.6239 53.6409 53.6584 53.6751 53.6864 53.7003 53.7144 53.7276
 53.7489 53.7611 53.7715 53.7836 53.7977 53.8134 53.8297 53.8432 53.8559
 53.8693 53.88   53.8927 53.9028 53.9142 53.9256 53.938  53.9502 53.9615
 53.974  53.9864 53.9992 54.0111 54.0217 54.035  54.0454 54.0564 54.0657
 54.0766 54.0883 54.1001 54.1131 54.1257 54.1402 54.156  54.1765 54.19
 54.2045 54.2163 54.2285 54.241  54.2536 54.2633 54.2748 54.2856 54.2974
 54.3089 54.3257 54.3362 54.3497 54.3604 54.3736 54.3868 54.3987 54.4154
 54.4314 54.4429 54.4568 54.4822 54.4977 54.5137 54.53   54.5452 54.5573
 54.5798 54.6023 54.6264 54.6429 54.6564 54.6921 54.7094 54.7312 54.7508
 54.7677 54.7833 54.8175 54.8402 54.8753 54.9193 54.9399 55.0005 55.0259
 55.0595 55.1097 55.1369 55.1831 55.2406 55.2965 55.3874
61.1388 61.2097 61.396  61.4484 61.5084 61.5428 61.5743 61.6144 61.6459
 61.6724 61.6995 61.7201 61.7353 61.8222 61.8537 61.878  61.9006 61.9304
 61.9434 61.9548 61.9747 61.9934 62.0127 62.0275 62.0438 62.059  62.0791
 62.1032 62.1231 62.1363 62.1528 62.1701 62.1891 62.2028 62.2203 62.2389
 62.2539 62.2698 62.2847 62.299  62.314  62.3256 62.3425 62.3546 62.3656
 62.3833 62.3986 62.4117 62.4266 62.4402 62.4553 62.4707 62.4849 62.4989
 62.519  62.537  62.5591 62.5788 62.5952 62.6091 62.6225 62.6448 62.6802
 62.6996 62.715  62.7425 62.765  62.7857 62.8017 62.8163 62.8369 62.8574
 62.8749 62.89   62.9094 62.931  62.9479 62.9749 63.0059 63.0246 63.0565
 63.0826 63.1058 63.1336 63.1709 63.2861 63.3168 63.3413 63.3857 63.4136
 63.5457 63.6463 63.7367 69.0162 69.0989 69.1434 69.2805 69.3516 69.4838
 69.5058 69.55   69.5997 69.7417 69.7668 69.7886 69.823  69.8433 69.8574
 69.8729 69.8993 69.9155 69.9326 69.9547 69.9714 69.9905

