11.3723 11.7613 11.7788 11.9694 11.9962 12.0625 12.0815 12.213  12.3507
 12.3628 12.4109 12.5003 12.5235 12.5688 12.6241 12.6423 12.6608 12.6793
 12.6988 12.7275 12.7536 12.7933 13.0598 17.7426 19.3523 19.387  19.44
 19.6627 19.8157 19.8327 19.8813
20.0127 20.0805 20.1463 20.2312 20.26   20.361  20.3766 20.4254 20.4444
 20.4897 20.5452 20.6131 20.6634 27.2    28.2232 28.2759 28.4546 28.6937
 28.7249 28.7729 28.7909 28.8362 28.8641 28.8826 29.0476 29.1405
36.9717 37.0413 37.0766 37.1281 37.2888 37.3063 37.3743 37.3987 37.4195
 37.5177 37.5583
43.5167 44.1339 44.4844 44.5927 44.669  44.6936 44.8084 44.8675 45.0378
 45.1793 45.2137 45.2404 45.3197 45.3848 45.4033 45.4323 45.454  45.4667
 45.4928 45.5427 45.585
51.9276 52.4809 52.6625 52.7972 52.8807 52.9267 52.9456 52.9708 53.004
 53.0654 53.1766 53.2102 53.2478 53.2704 53.3172 53.3407 53.3628 53.3775
 53.3924 53.4061 53.4229 53.4653 53.4919 53.5173 53.6096 53.6714 53.6918
60.535  60.6899 60.8444 60.9427 60.9749 61.0479 61.2021 61.2868 61.3157
 61.3373 61.3546 61.385  61.405  61.4243 61.4706 61.5146 61.5658 61.701
 61.7169 61.7375 61.7766 68.9093 69.0271 69.1423 69.3166 69.3486 69.403
 69.4479 69.4685 69.5019 69.5454 69.5738 69.5884 69.6286 69.6722 69.6917
 69.7206 69.7364 69.764  69.788  69.8063 69.8186 69.8347 69.9126 69.9261
 69.9457

