10.2958 10.8909 11.5244 11.6432 12.2237 12.3023 12.4221 12.5066 12.5697
 12.6494 12.7156 18.2836 19.6718 19.8229 19.9837
20.1456 20.5926 20.6157 20.6518 20.6989 20.7335 24.1917 27.1373 27.834
 28.4897 28.6025 28.6519 28.8003 28.9178 28.942  28.9667 29.1746
34.1574 35.5508 36.6398 36.7153 36.8785 36.9479 36.9968 37.0548 37.1415
 37.3339 37.4004 37.6068 37.6886
43.355  44.4644 44.7398 45.0878 45.1401 45.1939 45.2579 45.3637 45.4327
 45.4657 45.5282
51.7468 52.2136 52.3208 52.3409 52.5409 52.5832 52.8804 53.0236 53.1397
 53.1718 53.1954 53.2216 53.2408 53.2794 53.3373 53.512
60.8265 61.1421 61.2272 61.5087 61.5258 61.6383 61.8199 68.8767 69.0545
 69.1964 69.2622 69.3156 69.4012 69.4348 69.5013 69.5369 69.6389 69.7709
 69.8017 69.8407 69.9996

