10.2221 11.0508 11.2137 11.2558 11.4991 11.7518 11.8751 11.9498 12.033
 12.1298 12.2156 12.2705 12.3818 12.5477 12.6556 12.83   12.8588 12.8854
 12.9468 12.9745 19.1239
20.0815 20.1108 20.2154 20.2404 20.4154 20.4357 20.4493 20.5354 20.5892
 20.6076 20.6302 20.6499 20.6904 20.7331 20.7585 20.9431 21.0319 26.4256
 26.9917 27.9425 28.0778 28.3199 28.3584 28.4749 28.5087 28.6219 28.685
 28.7698 28.8333 28.8822 28.8967 28.9185 28.973  29.2466
35.3535 35.9338 36.5465 36.5965 36.7668 36.9264 36.9699 37.0407 37.1394
 37.2543 37.2978 37.3275
43.9631 44.0539 44.2078 44.2805 44.4005 45.0403 45.1038 45.1727 45.2121
 45.2574 45.2897 45.3087 45.3276 45.3609 45.3887 45.4379 45.4707 45.5583
 45.577  45.6186 45.6372 45.7763
51.3426 51.3987 52.1303 52.4936 52.5979 52.796  52.863  53.0331 53.1166
 53.1817 53.3128 53.3763 53.422  53.4902 53.5396 53.5588 53.5787 53.6313
 53.7389 53.7805 53.8505 53.8806
61.1596 61.2378 61.3026 61.3356 61.3893 61.4762 61.5412 61.588  61.6486
 61.7695 61.7962 61.856  61.8728 61.8861 61.9224 61.9367 61.9546 61.9685
 61.9798 62.0028 62.0622 62.1169 62.2539 62.2746 69.5014 69.7578 69.9853

