11.7403 11.9494 12.0602 12.0912 12.1203 12.2746 12.3533 12.3957 12.4198
 12.4479 12.4768 12.4933 12.5984 12.6479 12.6779 12.7245 12.8026 12.8254
 12.8497 12.8759 12.9227 12.9494 13.0402 13.0795 13.0969 13.1645 13.2271
 19.2582 19.6288
20.2695 20.3183 20.5394 20.6188 20.695  20.7445 20.7694 20.8106 20.8252
 20.8779 20.9071 20.9228 20.9432 20.9652 20.9867 21.0021 21.0237 21.1317
 21.1586 21.2245 21.2451 21.2858 27.8428 28.3239 28.3808 28.5705 28.6957
 28.725  28.7445 28.7893 28.8269 28.8471 28.8709 28.8917 28.9859 29.0526
 29.0741 29.0911 29.1191 29.1424 29.1764 29.2252 29.2438 29.46   29.522
 29.5629 29.5931
36.8103 36.9672 37.0027 37.1277 37.2197 37.2568 37.3246 37.3936 37.408
 37.4322 37.4535 37.4982 37.6184 37.6689 37.693  37.7321
44.1363 44.5997 44.8736 45.1342 45.1818 45.2159 45.2785 45.322  45.4223
 45.4644 45.5496 45.6434 45.7039 45.7359 45.7638 45.7999 45.8534 45.8948
51.3269 52.7619 53.0337 53.2191 53.2577 53.3986 53.4343 53.4903 53.5338
 53.5742 53.6333 53.6794 53.7063 53.7191 53.7351 53.7664 53.7964 53.8147
 53.8297 53.8659 53.9062 53.927  53.9765 54.031  54.0577 54.0818 54.1009
 54.2166 54.2751
60.4682 61.0048 61.1619 61.5172 61.6055 61.6308 61.6786 61.7    61.7193
 61.7749 61.8168 61.8339 61.8577 61.8935 61.9325 61.9719 61.9917 62.0108
 62.0234 62.0688 62.1016 62.1186 62.1376 62.1564 62.1737 62.1862 62.2229
 62.2597 62.2792 62.2962 62.319  62.3305 62.3434 62.3667 62.3871 62.403
 62.4165 62.4388 62.4729 62.5707 62.5949 62.6627 69.1254 69.8295 69.8606
 69.8919

