11.7456 11.8376 12.1354 12.1992 12.241  12.3025 12.3599 12.3797 12.4049
 12.4334 12.4616 12.4847 12.5158 12.5476 12.5737 12.6069 12.6559 12.6886
 12.7042 12.7275 12.744  12.7651 12.7804 12.7952 12.8085 12.83   12.8459
 12.8594 12.8746 12.8919 12.9114 12.9406 12.956  12.9777 12.9997 13.0134
 13.0291 13.0427 13.057  13.072  13.0851 13.0988 13.1195 13.1332 13.1489
 13.1609 13.1774 13.1942 13.2062 13.22   13.2364 13.2503 13.2716 13.2832
 13.3002 13.3176 13.3336 13.3462 13.3588 13.373  13.3853 13.3972 13.4091
 13.4224 13.4336 13.4472 13.4577 13.47   13.4809 13.4915 13.5019 13.5176
 13.5313 13.5472 13.5635 13.5829 13.5984 13.6122 13.6234 13.6362 13.648
 13.6586 13.6745 13.6851 13.6972 13.7095 13.7282 13.742  13.7603 13.7728
 13.7942 13.8094 13.8238 13.8365 13.8486 13.863  13.8748 13.8903 13.9116
 13.9257 13.9516 13.9627 13.984  14.0013 14.0187 14.0408 14.0531 14.0673
 14.0799 14.1139 14.1337 14.1558 14.1781 14.1986 14.2212 14.2542 14.2707
 14.2997 14.3536 14.3943 14.4249 14.478  19.6478 19.8038 19.968
20.0751 20.2624 20.284  20.3347 20.3578 20.3867 20.4133 20.4375 20.4556
 20.4984 20.5172 20.5446 20.5676 20.5938 20.6172 20.6618 20.685  20.7007
 20.7161 20.7419 20.7661 20.7853 20.8145 20.8305 20.8462 20.8677 20.8851
 20.8986 20.9098 20.9264 20.9403 20.9584 20.9744 20.9995 21.0136 21.0285
 21.044  21.061  21.0754 21.0944 21.1084 21.1219 21.1385 21.1554 21.1712
 21.1879 21.2064 21.2196 21.2401 21.2528 21.2758 21.2956 21.3118 21.3259
 21.3382 21.3522 21.3685 21.3825 21.3946 21.4104 21.4262 21.437  21.4492
 21.4586 21.4723 21.4866 21.5011 21.5126 21.5296 21.5479 21.5674 21.5829
 21.5954 21.6067 21.6194 21.6309 21.6451 21.6599 21.6737 21.6847 21.6956
 21.7066 21.7188 21.7299 21.743  21.7572 21.7695 21.7826 21.7928 21.8063
 21.8258 21.8405 21.8539 21.8663 21.8834 21.8946 21.9066 21.9227 21.9353
 21.9498 21.9627 21.9779 21.9934 22.0111 22.0301 22.0484 22.0645 22.0853
 22.1159 22.1468 22.1666 22.1906 22.2179 22.2379 22.2647 22.3397 22.3742
 22.4338 22.4759 22.5124 27.7898 27.9089 28.1847 28.2743 28.3291 28.4149
 28.4639 28.5417 28.5655 28.6303 28.6798 28.6999 28.7215 28.7394 28.7948
 28.8164 28.8431 28.8682 28.9556 29.0063 29.0283 29.0624 29.0914 29.1118
 29.1489 29.1818 29.2058 29.2299 29.2528 29.2815 29.3022 29.3195 29.3376
 29.3612 29.3743 29.3876 29.4086 29.4214 29.4358 29.4525 29.4656 29.4811
 29.4947 29.5061 29.5255 29.5388 29.5544 29.5697 29.5881 29.6066 29.6179
 29.6324 29.653  29.6692 29.6848 29.6971 29.7081 29.7201 29.7317 29.7453
 29.7655 29.7788 29.7901 29.8027 29.8218 29.8379 29.8539 29.8688 29.8806
 29.8922 29.9068 29.9214 29.9327 29.945  29.9599 29.9699 29.9868 29.9979
30.0097 30.0321 30.0426 30.0584 30.0709 30.0875 30.1037 30.1186 30.133
 30.1474 30.1671 30.1842 30.1988 30.2157 30.2279 30.244  30.2665 30.2841
 30.305  30.3176 30.3337 30.3475 30.362  30.3781 30.3957 30.4204 30.4373
 30.4505 30.4654 30.4877 30.5064 30.5363 30.5548 30.5926 30.6233 35.923
 36.3194 36.3951 36.5597 36.6952 36.8168 36.9184 37.0015 37.022  37.062
 37.0955 37.1473 37.1743 37.2068 37.2407 37.2765 37.2991 37.3269 37.3537
 37.3788 37.4012 37.4209 37.4362 37.4503 37.4828 37.4997 37.5225 37.5467
 37.5638 37.5882 37.6137 37.6329 37.6583 37.6744 37.6905 37.7034 37.7157
 37.7334 37.7484 37.7697 37.7968 37.8096 37.8268 37.8429 37.8614 37.8797
 37.8983 37.9186 37.9313 37.9498 37.9622 37.9839 37.9994 38.0208 38.0332
 38.0467 38.0632 38.0848 38.0981 38.1117 38.128  38.1451 38.1627 38.1836
 38.1996 38.2279 38.2452 38.2699 38.284  38.3047 38.3234 38.3458 38.3632
 38.3842 38.4047 38.4212 38.4428 38.4733 38.4888 38.5067 38.5194 38.5316
 38.5728 38.5915 38.6178 38.6366 38.6522 38.6707 38.7153 38.7435 38.8454
 38.8739 38.9079 39.0239 39.1057
43.8942 44.2698 44.5223 44.6478 44.7754 44.8639 45.0067 45.0817 45.1494
 45.2206 45.2468 45.2628 45.28   45.2973 45.3259 45.3794 45.3981 45.4161
 45.4466 45.4677 45.4884 45.5118 45.5259 45.5643 45.585  45.6028 45.6232
 45.6554 45.6722 45.685  45.7111 45.7238 45.74   45.7578 45.7677 45.7794
 45.7934 45.8094 45.8257 45.8381 45.8514 45.8609 45.8724 45.8834 45.8952
 45.908  45.924  45.9388 45.9505 45.9622 45.9748 45.9855 45.9972 46.0084
 46.0207 46.0351 46.0502 46.0661 46.0831 46.1038 46.1155 46.1266 46.1436
 46.1585 46.1738 46.1871 46.2013 46.2129 46.2247 46.2372 46.2475 46.258
 46.2689 46.2807 46.2914 46.3017 46.3138 46.3246 46.338  46.3504 46.3611
 46.3782 46.3923 46.4071 46.4178 46.4286 46.4387 46.4514 46.4678 46.482
 46.4935 46.5044 46.5163 46.5343 46.5473 46.562  46.5753 46.5887 46.6043
 46.6217 46.6371 46.6481 46.659  46.6751 46.6877 46.704  46.7172 46.7306
 46.7436 46.7559 46.7791 46.7944 46.8131 46.8334 46.8514 46.8637 46.8891
 46.9036 46.9287 46.9841 47.0157 47.0494 47.0808 47.124
52.868  52.9095 52.9426 53.0726 53.1046 53.174  53.2113 53.2533 53.2838
 53.3117 53.3449 53.3724 53.3943 53.4128 53.4634 53.5018 53.5346 53.5541
 53.5782 53.5948 53.6073 53.6255 53.6468 53.6667 53.7037 53.7332 53.7546
 53.7692 53.7804 53.7973 53.8127 53.8284 53.8429 53.8571 53.8702 53.8856
 53.9026 53.9308 53.9537 53.9683 53.9845 53.9996 54.0202 54.0408 54.0558
 54.0714 54.0852 54.0963 54.1075 54.1178 54.1323 54.1488 54.1602 54.1742
 54.1851 54.1991 54.2121 54.2287 54.2459 54.2625 54.2799 54.2923 54.3054
 54.3189 54.3336 54.3457 54.3567 54.3676 54.381  54.3938 54.4067 54.4181
 54.4316 54.4434 54.4525 54.464  54.4752 54.4888 54.5007 54.5115 54.5249
 54.5407 54.553  54.5628 54.5746 54.5843 54.5949 54.6063 54.6169 54.6285
 54.6387 54.6479 54.6579 54.6699 54.6823 54.6942 54.7109 54.7228 54.7335
 54.7488 54.7603 54.7722 54.7851 54.7985 54.8102 54.8218 54.8407 54.8524
 54.8653 54.8789 54.8906 54.9009 54.919  54.9321 54.9471 54.9584 54.9762
 54.9898 55.0015 55.0169 55.0319 55.0449 55.067  55.0881 55.1136 55.1384
 55.1605 55.1866 55.203  55.2398 55.2593 55.2976 55.3325 55.3665 55.433
60.5874 61.1169 61.4057 61.4746 61.4977 61.5325 61.5648 61.584  61.6057
 61.6262 61.6563 61.6799 61.7099 61.7623 61.7819 61.7997 61.8192 61.8449
 61.8766 61.9154 61.9369 61.9539 61.9851 62.0001 62.0128 62.0295 62.0517
 62.0727 62.0886 62.1024 62.1198 62.1391 62.1538 62.1693 62.1846 62.1979
 62.2129 62.2264 62.2372 62.2511 62.2719 62.2819 62.2947 62.315  62.3277
 62.3452 62.3572 62.3681 62.3806 62.3932 62.4063 62.4153 62.4262 62.4369
 62.4463 62.4575 62.4701 62.4823 62.4937 62.5047 62.514  62.5245 62.5355
 62.5458 62.5584 62.5681 62.5768 62.5866 62.5973 62.6084 62.6197 62.6323
 62.6448 62.6548 62.6644 62.674  62.6839 62.6936 62.7039 62.713  62.7228
 62.7334 62.7462 62.7575 62.7675 62.7798 62.7895 62.8011 62.8115 62.8216
 62.8324 62.8435 62.8543 62.8643 62.8753 62.8846 62.895  62.9074 62.9199
 62.9305 62.9401 62.9503 62.9615 62.9712 62.9825 62.9938 63.0042 63.0145
 63.0248 63.0348 63.0445 63.055  63.0659 63.0764 63.0863 63.099  63.1092
 63.1194 63.1293 63.1396 63.1494 63.1588 63.1705 63.1858 63.1972 63.208
 63.219  63.2295 63.2404 63.2507 63.2618 63.2727 63.284  63.2948 63.3062
 63.3174 63.3282 63.3412 63.3531 63.3671 63.3797 63.3905 63.4006 63.4129
 63.4271 63.4434 63.4613 63.4749 63.4899 63.5052 63.5181 63.5328 63.5472
 63.5639 63.5776 63.5937 63.609  63.6248 63.6547 63.6861 63.7095 63.7237
 63.7424 63.7649 63.7849 63.8222 63.847  63.8923 67.7536 69.4934 69.7596
 69.8307 69.8955 69.9506

