11.8139 12.3226 12.4    12.5282 12.5939 12.6182 12.6795 12.7041 12.7208
 12.7359 12.7561 12.7945 12.8545 12.8891 12.9605 12.9987 13.0284 13.0497
 13.0694 13.0969 13.1162 13.1342 13.1549 13.1743 13.2043 13.2247 13.2533
 13.2742 13.2918 13.3158 13.3421 13.3833 13.3988 13.4162 13.4321 13.4493
 13.4641 13.4779 13.4925 13.5053 13.5164 13.5305 13.5499 13.5667 13.5849
 13.6042 13.6203 13.6449 13.6732 13.6867 13.6985 13.7147 13.7345 13.7532
 13.7743 13.7906 13.8309 13.8438 13.8707 13.8849 13.8974 13.9159 13.9354
 13.9493 13.9694 13.9823 14.0016 14.0192 14.0346 14.0488 14.0616 14.0746
 14.0889 14.1051 14.1221 14.1405 14.1612 14.1831 14.2062 14.2218 14.2459
 14.2645 14.2801 14.2989 14.3227 14.365  14.3845 14.4147 14.5216 14.5958
 14.6311 14.7037 14.7479 16.3883 19.8958
20.3577 20.4476 20.5037 20.532  20.5681 20.6191 20.6654 20.6817 20.7076
 20.7297 20.765  20.8438 20.8753 20.9039 20.9349 20.954  20.9979 21.0128
 21.0426 21.0649 21.0854 21.1084 21.1298 21.157  21.1828 21.2076 21.2229
 21.2429 21.2646 21.2855 21.3063 21.3245 21.3411 21.3586 21.3773 21.3955
 21.4131 21.4309 21.4483 21.4715 21.4885 21.5022 21.5228 21.5404 21.5552
 21.5757 21.5977 21.6231 21.6346 21.65   21.6642 21.6824 21.6955 21.7109
 21.7237 21.744  21.7635 21.7814 21.7977 21.8145 21.8357 21.8583 21.8783
 21.8965 21.9085 21.9374 21.9507 21.9739 21.9916 22.0117 22.0335 22.0545
 22.0711 22.0956 22.11   22.1265 22.1449 22.1603 22.1764 22.1929 22.211
 22.2269 22.2575 22.2866 22.3093 22.3263 22.3884 22.4222 22.4442 22.4873
 22.5081 22.5889 22.6291 22.7036 27.541  28.2888 28.5072 28.6466 28.6857
 28.8194 28.8926 28.9682 29.0029 29.0538 29.0813 29.2316 29.2752 29.2898
 29.3132 29.3355 29.359  29.3784 29.4338 29.4584 29.4729 29.5002 29.5172
 29.5303 29.5528 29.5775 29.5982 29.619  29.653  29.6682 29.6902 29.7089
 29.7303 29.7602 29.7809 29.8079 29.8249 29.8418 29.86   29.8776 29.9001
 29.9156 29.932  29.9489 29.9633 29.9803 29.9974
30.0114 30.0287 30.0437 30.0645 30.0975 30.1172 30.1415 30.1666 30.1892
 30.2197 30.2466 30.2644 30.2815 30.2964 30.3108 30.3262 30.3441 30.3623
 30.3806 30.4008 30.4159 30.4389 30.4696 30.4946 30.5219 30.5539 30.5783
 30.601  30.6353 30.661  30.6807 30.7154 30.7688 30.794  30.8359 30.8886
 30.9229 31.0086 36.7182 36.817  36.8633 37.0083 37.1083 37.1277 37.1484
 37.1827 37.2119 37.3295 37.3541 37.4033 37.4619 37.5047 37.5277 37.5508
 37.5839 37.615  37.6449 37.6636 37.6896 37.713  37.7389 37.7551 37.7757
 37.7902 37.8111 37.8364 37.8496 37.871  37.8998 37.9141 37.9427 37.9637
 37.9939 38.0192 38.0412 38.0571 38.0724 38.0886 38.1103 38.1359 38.1695
 38.1865 38.1995 38.2204 38.2466 38.2705 38.2904 38.3056 38.3363 38.3623
 38.3974 38.4445 38.4681 38.4919 38.5249 38.559  38.589  38.6186 38.6349
 38.6643 38.6844 38.7181 38.7567 38.8057 38.839  38.8714 38.9324 39.0706
 39.1075 39.132  39.1979
44.473  44.7679 45.007  45.2596 45.2857 45.3227 45.3649 45.3837 45.4055
 45.4264 45.4935 45.5244 45.5447 45.5641 45.5894 45.6479 45.6682 45.6877
 45.7133 45.7434 45.7625 45.7803 45.7942 45.8109 45.8381 45.8616 45.876
 45.8894 45.9026 45.9158 45.9347 45.9561 45.9717 45.994  46.0212 46.0389
 46.0556 46.0759 46.094  46.108  46.1208 46.1366 46.1598 46.1755 46.1927
 46.2161 46.231  46.2461 46.2586 46.2686 46.2881 46.3064 46.3236 46.3377
 46.3496 46.3629 46.3807 46.4003 46.4262 46.4489 46.4694 46.4985 46.512
 46.5333 46.5512 46.5673 46.5829 46.5977 46.6156 46.6296 46.6506 46.6643
 46.6817 46.6946 46.7085 46.7236 46.7393 46.7627 46.7833 46.7993 46.8237
 46.8434 46.8621 46.8821 46.906  46.9242 46.941  46.9558 46.9819 46.996
 47.0174 47.039  47.0718 47.095  47.1389 47.1556 47.1709 47.2094 47.2346
 47.2777 47.3035 47.3567 47.4051 47.4764
53.173  53.293  53.4228 53.4475 53.4867 53.5139 53.5766 53.5976 53.6187
 53.6516 53.7221 53.7408 53.7655 53.7934 53.8484 53.8588 53.8776 53.9039
 53.9247 53.9438 53.9606 53.9793 54.0042 54.0236 54.0446 54.0589 54.0783
 54.1031 54.1221 54.1398 54.1549 54.1752 54.2003 54.225  54.2508 54.2661
 54.2836 54.3022 54.3182 54.3332 54.3454 54.3598 54.3739 54.3874 54.4049
 54.4365 54.4501 54.4712 54.4906 54.5056 54.5267 54.5467 54.5793 54.5971
 54.6185 54.6329 54.6471 54.6629 54.6801 54.6939 54.7052 54.7228 54.7537
 54.7727 54.7865 54.7984 54.8118 54.8236 54.8376 54.8563 54.8714 54.8852
 54.9044 54.9236 54.9424 54.9602 54.9768 54.9935 55.0092 55.027  55.049
 55.0711 55.0834 55.1071 55.1303 55.1497 55.1699 55.1899 55.2036 55.2176
 55.2395 55.2641 55.2862 55.306  55.3246 55.3549 55.3733 55.4038 55.4273
 55.4515 55.4805 55.5058 55.557
60.9745 61.5583 61.6114 61.8008 61.8402 61.8766 61.9028 61.931  61.9587
 61.9897 62.0163 62.0426 62.0609 62.094  62.1239 62.1423 62.18   62.2157
 62.2319 62.279  62.2948 62.3298 62.3504 62.3647 62.381  62.4    62.4206
 62.4376 62.4535 62.4703 62.4894 62.501  62.5169 62.5409 62.561  62.5729
 62.5848 62.5999 62.6133 62.6342 62.6491 62.6701 62.6832 62.6978 62.7096
 62.7276 62.7435 62.7545 62.7662 62.7794 62.7942 62.8108 62.8266 62.8399
 62.852  62.8667 62.8832 62.896  62.9073 62.9241 62.9359 62.9471 62.9601
 62.9765 62.995  63.01   63.0228 63.0351 63.0473 63.0594 63.0738 63.0876
 63.1013 63.117  63.1346 63.1488 63.161  63.1714 63.1832 63.1957 63.2086
 63.2237 63.2342 63.2463 63.2583 63.273  63.2847 63.2987 63.312  63.3252
 63.3394 63.3519 63.3648 63.3773 63.3883 63.4043 63.4233 63.4366 63.4485
 63.4617 63.4726 63.4891 63.5019 63.5144 63.5267 63.5421 63.5575 63.5733
 63.5885 63.6038 63.6236 63.6446 63.6686 63.6885 63.7083 63.7269 63.7489
 63.769  63.8027 63.8228 63.8489 63.8855 63.9092 63.9427 63.9835 64.0125
 64.101  64.1457 68.7155 69.9083

