11.3038 13.0781 13.6315 13.7472 13.8106 13.8529 13.87   13.957  13.9981
 14.0532 14.1028 14.1377 14.1751 14.201  14.2138 14.2274 14.2498 14.2779
 14.2888 14.3018 14.3209 14.334  14.3558 14.3692 14.3921 14.4257 14.4528
 14.5197 14.5799 14.6132 14.6287 14.6527 14.719  14.734  14.7668 14.8081
 14.8295 14.8584
21.5098 22.0373 22.7415 22.7726 22.8942 22.9616 22.9844 23.1152 23.1789
 23.3409 23.3672 23.3839 23.4067 23.4252 23.4492 23.4847 23.51   23.5255
 23.543  23.579  23.6024 23.6681 23.8463
31.8911 31.9495 31.9744 32.0173 32.1507 32.1669 32.2162 32.269  32.2937
 32.3746 32.3892 32.4375 32.4873 32.5468 32.5679 32.5885 32.6074 32.6365
 32.6582 32.6859 32.7154 32.7761 32.7915 32.8325 32.8471 32.8587 32.8874
 32.9039 32.9142 32.9469 32.9652 32.9918 33.0087 33.0507 33.0728 33.0951
 33.1351 33.166  33.1844 33.2041 39.9638
40.1059 40.2595 41.3997 41.4814 41.5315 41.6077 41.6258 41.6442 41.6637
 41.695  41.7956 41.8531 41.8702 41.9168 41.9477 41.9636 41.9744 41.9916
 42.0146 42.0485 42.0967 42.1192 42.1469 42.1997 42.2482 42.2623 42.3425
 42.366  42.4549 42.4824 42.5225 49.0693
50.0033 50.3473 50.552  50.6084 50.6492 50.6746 50.7028 50.7268 50.7475
 50.7644 50.7823 50.8322 50.846  50.8682 50.9017 50.9216 50.9558 50.9937
 51.0732 51.1069 51.143  51.1555 51.171  51.2298 51.2473 51.269  51.2927
 51.3077 51.3551 51.3755 51.4233 51.4384 51.4802 51.504  51.5888 58.4586
 58.8468 58.8683 58.9286 59.3073 59.3468 59.4383 59.4661 59.5049 59.5445
 59.5916 59.7668 59.8197 59.8648 59.8918 59.9486
60.0417 60.0664 60.1053 60.1523 68.3862 68.4898 68.653  68.6864 68.8826
 68.9498 68.9975 69.0539 69.0811 69.1674 69.2473 69.2799 69.3731 69.3919
 69.4602 69.5224 69.6171 69.6348

