12.0376 13.4263 13.5128 13.5447 13.5985 13.6376 13.6877 13.7551 13.8177
 13.8626 13.9057 13.921  13.9394 13.9588 13.975  14.0329 14.0542 14.0774
 14.0939 14.1083 14.1316 14.1564 14.1716 14.1945 14.2152 14.2316 14.2463
 14.2639 14.2876 14.3013 14.3242 14.3447 14.3558 14.3693 14.3821 14.3926
 14.4044 14.4146 14.4253 14.436  14.4488 14.4588 14.4691 14.4799 14.4922
 14.5113 14.5203 14.5305 14.5436 14.5546 14.5651 14.5749 14.585  14.5938
 14.6043 14.62   14.6356 14.6453 14.6551 14.6648 14.679  14.6945 14.7132
 14.7261 14.738  14.7487 14.7627 14.7743 14.7839 14.7972 14.807  14.8211
 14.8335 14.8465 14.8589 14.8751 14.8957 14.9192 14.9391 14.953  14.9655
 14.976  14.9873 15.0032 15.0259 15.0405 15.0516 15.0909 15.1174 15.1401
 15.171  15.1935 15.2185 15.288  15.3128 15.3433
22.0034 22.6962 22.7172 22.7876 22.8674 22.9012 22.9292 22.9753 22.9943
 23.0352 23.0715 23.0918 23.1343 23.2026 23.2178 23.2341 23.258  23.2933
 23.3201 23.34   23.3637 23.3837 23.4098 23.4235 23.4375 23.4486 23.4644
 23.4865 23.5052 23.5225 23.5463 23.5655 23.5886 23.6198 23.6382 23.6493
 23.6674 23.679  23.7014 23.7141 23.7339 23.745  23.7602 23.7713 23.7934
 23.8093 23.8233 23.8357 23.8476 23.8593 23.8756 23.8957 23.9377 23.9935
30.6585 31.8572 31.9046 31.9586 32.0468 32.1677 32.1942 32.2515 32.2922
 32.3382 32.3579 32.4051 32.4226 32.5049 32.5272 32.5723 32.5902 32.6066
 32.6327 32.6553 32.6756 32.6981 32.7316 32.7618 32.7874 32.7984 32.8148
 32.8354 32.857  32.8725 32.8842 32.8962 32.9113 32.9309 32.9499 32.9638
 32.9741 32.9867 33.0011 33.0104 33.0205 33.033  33.0454 33.0627 33.0775
 33.0878 33.0983 33.1136 33.1227 33.1417 33.1583 33.1707 33.1841 33.1962
 33.2092 33.2234 33.2331 33.2596 33.2709 33.288  33.2999 33.3132 33.3259
 33.3366 33.3506 33.3647 33.3767 33.4018 33.4221 33.435  33.4626 33.4737
 33.4858 33.4984 33.5128 33.5318 33.5501 33.5635 33.5884 33.6522
40.7855 40.9338 41.0536 41.1958 41.2572 41.469  41.5026 41.5466 41.5697
 41.6384 41.6639 41.6897 41.7542 41.7685 41.785  41.8003 41.826  41.854
 41.8917 41.9052 41.9186 41.9312 41.9651 41.9908 42.0242 42.0436 42.0572
 42.0687 42.0872 42.1084 42.1201 42.1404 42.1613 42.1783 42.1966 42.2092
 42.2235 42.2366 42.254  42.2704 42.2858 42.2989 42.3103 42.3231 42.334
 42.3484 42.3587 42.3724 42.3891 42.4021 42.418  42.431  42.4481 42.4636
 42.4793 42.4922 42.5052 42.5177 42.5278 42.55   42.566  42.582  42.5962
 42.6068 42.6173 42.6288 42.6421 42.6615 42.696  42.7567 42.7847 42.8609
 48.6913 49.6139 49.8465
50.1674 50.2132 50.3588 50.4393 50.464  50.5727 50.6018 50.6485 50.6882
 50.7089 50.7264 50.7664 50.8046 50.8263 50.8429 50.8599 50.8854 50.9015
 50.9322 50.9553 50.98   50.9892 51.0043 51.019  51.0318 51.0485 51.0625
 51.0798 51.094  51.104  51.1186 51.1335 51.1487 51.16   51.1696 51.1816
 51.196  51.2204 51.2433 51.2548 51.2682 51.2866 51.303  51.316  51.3312
 51.3412 51.3542 51.3661 51.3772 51.3899 51.4005 51.4121 51.4294 51.4428
 51.4596 51.4719 51.4865 51.4971 51.5121 51.5224 51.5334 51.546  51.5622
 51.5782 51.5916 51.6043 51.6177 51.6278 51.6447 51.6641 51.6829 51.6977
 51.7106 51.7233 51.7392 51.759  51.7918 51.8056 51.8308 51.8506 51.8664
 51.937  51.9538 57.3997 58.7442 58.8773 59.2643 59.299  59.3355 59.3547
 59.4007 59.4995 59.5169 59.6476 59.6624 59.7302 59.7499 59.7756 59.8068
 59.829  59.8572 59.8712 59.8835 59.913  59.9292 59.9581 59.9831 59.9991
60.0237 60.0889 60.1236 60.1391 60.1712 60.1966 60.2279 60.2445 60.2657
 60.2825 60.301  60.3357 60.3606 60.3746 60.4018 60.4261 60.4621 60.4973
 60.5363 60.5566 60.7182 60.7332 64.2979 66.7523 67.8749 67.9581 68.3203
 68.5609 68.6601 68.7508 68.8048 68.824  68.8829 69.0198 69.0782 69.1276
 69.1652 69.2165 69.2372 69.2588 69.289  69.3034 69.3169 69.3328 69.3428
 69.3538 69.3884 69.4063 69.4354 69.5797 69.5968 69.6216 69.6527 69.679
 69.7014 69.7262 69.8045 69.8288 69.8861

