13.8284 14.0443 14.1624 14.3937 14.4568 14.4918 14.5379 14.5589 14.5794
 14.6869 14.7073 14.7776 14.8019 14.8391 14.921  14.9945 15.0855 15.1066
 15.1925 15.2149 15.2375 15.2723 15.3415
21.7043 22.1989 23.0809 23.1482 23.2192 23.5088 23.5586 23.5883 23.6953
 23.7618 23.8563 23.9404 24.0065 24.1145 24.4319 24.4944
30.1885 32.7552 32.8375 33.0089 33.0482 33.1205 33.1988 33.2857 33.3593
 33.4442 33.6087 33.6336 33.6572
40.6752 41.0361 41.3835 41.656  41.6849 41.8185 41.9148 41.9598 41.9819
 42.0075 42.0317 42.0597 42.0967 42.145  42.2065 42.2342 42.2933 42.3411
 42.4765 42.4982 42.5397 42.5551 42.5766 42.6739 42.7018 42.7587
50.0457 50.3388 50.6268 50.989  51.1513 51.2128 51.3128 51.3359 51.3632
 51.4018 51.4573 51.473  51.5296 51.594  51.6528 51.7717 51.8112 51.914
 51.9719 51.9918 52.0183 52.0472 52.1347 52.1603 57.9778
60.8053 61.012  61.4597 67.6833 68.3601 68.5744 68.6693 69.4215 69.4675
 69.5177 69.5744 69.7528 69.8066 69.8606

