14.2099 14.3767 14.4118 14.4775 14.5507 14.5787 14.6388 14.6683 14.6907
 14.7926 14.8176 14.8698 14.8905 14.909  14.9223 14.9369 14.9656 14.9964
 15.0128 15.0364 15.0627 15.0856 15.1033 15.1183 15.1526 15.1683 15.1852
 15.215  15.2343 15.2567 15.2752 15.3016 15.3141 15.3352 15.3503 15.3646
 15.3864 15.4001 15.4335 15.4554 15.4818 15.5529 15.5658 15.5811 15.6357
 15.6525 15.7224 15.7533 15.7745 15.8071
22.4398 22.5226 22.9868 23.4138 23.4606 23.5938 23.6763 23.7704 23.8356
 23.8941 23.9853 24.0439 24.0947 24.1404 24.1771 24.2028 24.2376 24.2558
 24.2966 24.3342 24.3644 24.3926 24.4129 24.4759 24.5307 24.6083 24.6907
 24.8183
32.7199 32.7591 32.8046 32.8389 32.8705 32.9042 32.9855 33.0209 33.104
 33.1599 33.2374 33.2613 33.2941 33.3394 33.426  33.4418 33.4776 33.5124
 33.5371 33.5533 33.5656 33.5858 33.5984 33.6243 33.6456 33.6672 33.7081
 33.7222 33.7474 33.7698 33.8184 33.8368 33.8481 33.8606 33.8856 33.9004
 33.9327 33.9746 34.0154 34.0329 34.05   34.0661 34.1029 34.1419 34.1867
40.7332 41.2875 41.5098 41.8613 41.9371 42.0338 42.0629 42.0881 42.1092
 42.1269 42.1785 42.1987 42.2123 42.2319 42.2657 42.2904 42.3046 42.3308
 42.3558 42.3951 42.4343 42.4549 42.4744 42.5041 42.5213 42.5356 42.5563
 42.5827 42.6235 42.6393 42.655  42.6934 42.7075 42.7238 42.7371 42.7608
 42.7796 42.81   42.8264 42.846  42.9228 42.9437 43.0215 43.0699 43.1521
50.9473 51.0611 51.1229 51.2127 51.2586 51.3027 51.3188 51.3463 51.3979
 51.4197 51.5472 51.5659 51.621  51.6382 51.6535 51.6889 51.7095 51.7356
 51.7696 51.8037 51.8282 51.8468 51.866  51.8807 51.9003 51.9351 51.9529
 51.9709 51.993  52.0174 52.0337 52.051  52.0629 52.0844 52.1073 52.1291
 52.1544 52.1879 52.2317 52.2487 52.2643 52.297  52.3137 52.3426 52.4601
 52.6395
60.2332 60.3652 60.6057 60.6445 60.7672 60.9857 61.0192 61.0671 61.201
 61.2355 61.2725 61.3393 61.405  61.4685 68.4205 68.8772 69.1636 69.2426
 69.2695 69.2881 69.3377 69.3971 69.5614 69.6236 69.6898 69.7077 69.7303
 69.7557 69.7767 69.7898 69.8093 69.8366 69.9034 69.9383 69.9677 69.9809

