14.6373 14.7765 14.8034 14.8899 14.9407 14.9809 15.1236 15.1394 15.1666
 15.2014 15.2417 15.2601 15.3089 15.3605 15.47   15.5607 15.6578 15.7089
23.7237 23.7848 23.8266 24.0009 24.1494 24.36   24.4027
32.1389 32.556  32.9754 33.0169 33.2957 33.3437 33.3867 33.4216 33.4832
 33.5643 33.6153 33.6653
41.5196 41.5889 41.7267 41.9673 42.0626 42.1435 42.3088 42.3278 42.4025
 42.4808 42.5079 42.5349 42.5534 42.6341 42.7084 42.729  42.7527 42.7795
 42.8292 42.9453 49.8519
51.378  51.6207 51.6483 51.6867 51.7249 51.7694 51.8296 51.8626 51.9531
 51.9685 52.0296 52.0702 52.1387
60.5937 60.8251 60.9374 60.9775 67.9529 68.4057 68.5384 69.0664 69.1664
 69.2842 69.3466 69.4374 69.5609 69.6552 69.6893 69.712  69.7539 69.8202
 69.8789 69.9153 69.9337

