12.3834 14.0191 14.3321 14.3902 14.4708 14.5639 14.5925 14.68   14.7185
 14.7406 14.7694 14.7889 14.8252 14.891  14.9112 14.9282 14.9584 14.9933
 15.0268 15.0406 15.0688 15.1145 15.1427 15.1704 15.1933 15.209  15.2404
 15.289  15.3582 15.3789 15.3915 15.4116 15.4323 15.5056 15.5259
22.1358 22.4579 22.8415 23.0797 23.3682 23.4945 23.5494 23.6631 23.7237
 23.8249 23.8947 23.9458 23.9699 24.0321 24.0595 24.1441 24.1602 24.1756
 24.2314 24.2478 24.3138 24.3843 24.437  24.4568 24.5076 24.6499
31.8587 32.4437 32.6851 32.7147 32.8762 33.0465 33.0985 33.1891 33.2169
 33.2386 33.2643 33.2818 33.3899 33.4086 33.4547 33.4749 33.4913 33.5106
 33.5354 33.5857 33.6015 33.6311 33.6558 33.7214 33.758  33.7749 33.7908
 33.8045 33.8264 33.8786 33.8945 33.9265 33.9667
40.0499 40.3    40.3998 40.7649 40.8378 41.3848 41.489  41.6333 41.7083
 41.7415 41.8418 41.8889 41.9096 41.9597 42.0155 42.034  42.1117 42.1348
 42.1563 42.1755 42.1929 42.223  42.2418 42.3231 42.3499 42.3626 42.4199
 42.5028 42.5262 42.542  42.5552 42.5695 42.6099 42.7551 43.0398
50.1917 50.3416 50.3914 50.9508 51.0395 51.2806 51.4082 51.4342 51.4807
 51.5222 51.5479 51.6124 51.6284 51.6519 51.672  51.6868 51.7077 51.727
 51.8185 51.871  51.8949 51.9186 51.9303 51.9515 52.0113 52.0258 52.0472
 52.0646 52.0884 52.1041 52.1239 52.1396 52.1802 52.2076 52.2286 59.9306
60.0524 60.2826 60.5388 60.5846 60.6642 60.6966 60.7713 60.8303 60.9078
 60.9288 60.9526 61.1945 68.7462 68.9541 69.0288 69.2564 69.2945 69.3458
 69.3781 69.4157 69.531  69.6363 69.6566 69.6768 69.7069 69.7227 69.7508
 69.7659 69.8057 69.8243 69.8479 69.9337 69.9626

