13.5592 14.209  14.2488 14.5237 14.5391 14.5598 14.5808 14.6161 14.6678
 14.699  14.7338 14.7565 14.7731 14.7948 14.8677 14.8978 14.9292 14.9461
 14.9667 14.9891 15.0238 15.04   15.063  15.0871 15.1085 15.1287 15.1461
 15.163  15.1865 15.2145 15.2312 15.2428 15.2573 15.2792 15.3015 15.3256
 15.3717 15.394  15.4212 15.4407 15.4748 15.5048 15.5552 15.5932 15.6668
22.8032 23.3626 23.3958 23.4637 23.5198 23.7564 23.8904 23.9529 23.9706
 24.1129 24.1641 24.2799 24.3171 24.4154 24.4981 24.6107 24.7526 24.7772
 29.8299
32.1524 32.3928 32.5461 32.6958 32.7326 32.8003 32.8327 32.8501 32.9515
 32.9718 33.1979 33.2415 33.258  33.2745 33.3274 33.3511 33.384  33.4055
 33.433  33.4508 33.4674 33.4948 33.5208 33.5356 33.5835 33.6133 33.6346
 33.6556 33.7121 33.7491 33.7702 33.7927 33.9467 33.9764
40.2619 40.9988 41.8015 41.9109 41.9969 42.2761 42.3654 42.4506 42.5445
 42.5743 42.6324 42.6707 42.9137 42.9725 43.0156 43.0338 43.0864
51.1317 51.1717 51.3839 51.406  51.5669 51.6082 51.6712 51.7119 51.7386
 51.7636 51.8063 51.8836 51.9202 51.946  51.9657 52.002  52.0675 52.144
 52.1627 52.1764 52.2225 52.249  52.2643 52.3508 52.3844 59.5722
60.2856 60.4368 60.4723 60.7276 60.8701 60.9279 61.1459 61.3138 61.3675
 61.5007 61.7719 66.6146 69.2485 69.986

