11.6707 12.9467 13.9999 14.1267 14.1512 14.1855 14.5002 14.5593 14.6031
 14.8546 14.9332
20.6187 22.6996 23.2813 23.5779 23.6051 23.7067 23.7504 23.8411 24.0462
30.8377 32.1598 32.2726 32.2985 32.4312 32.4544 32.5458 32.6042 32.646
 32.6989 32.7915 32.9247 32.9416 33.0186 33.0593
41.1525 41.1897 41.7918 41.9274 42.2803 42.4725 42.544  49.7037
50.4357 50.5328 50.6263 50.919  51.0529 51.2717 51.3673 51.4855 51.5334
 51.6091 59.4639 59.8082 59.8691
60.5799 60.7654 60.9336 60.9692 66.0533 68.6857 69.3264 69.6903 69.7294
 69.8287 69.9082

