13.2649 13.5257 14.0469 14.1443 14.3287 14.3514 14.5182 14.5556 14.6875
 14.7121 14.7248 14.7904 14.8601 14.9587 15.0213 15.1296 15.2506
22.4311 22.5047 22.8637 23.2067 23.6327 23.7154 23.9493 23.9984 24.1625
 24.208  24.3306 24.4615
31.2733 31.5119 31.6136 31.9828 32.286  32.4309 32.6098 32.6316 32.6477
 32.6714 32.7067 32.8536 32.8765 32.9642 33.0044 33.0699 33.1392 33.2817
 33.4666
41.6893 41.9687 42.0528 42.0838 42.1415 42.3018 42.4478 42.4697 42.539
 42.6188 42.9208
50.6914 50.9791 51.1082 51.1456 51.4938 51.5463 51.6277 51.6739 51.831
 51.8717 51.9047 51.9227
60.3242 60.7819 60.8149 60.9096 60.9414 61.0838 61.1349 61.356  69.7098
 69.7739 69.9488

