13.7826 13.8357 13.9727 13.9933 14.239  14.2879 14.3146 14.3782 14.5928
 14.654  14.6766 14.7707 14.8139 14.8717
23.8853 23.8977 23.9635 23.9999 24.0558
31.1828 32.0933 32.1278 32.1874 32.5555 32.5887 32.6288 32.6461 32.7706
 33.0288 33.0456 33.0755 33.1043 33.1234 33.1372 33.1649 33.2726 33.326
 33.3662
41.9393 41.9829 42.2096 42.4747 42.5532 42.5948 42.8834 49.8623
50.1857 50.5873 51.05   51.1614 51.3016 51.395  51.484  51.5135 51.5993
 51.6827 51.7618 51.9177 51.9404
60.0167 60.1505 60.1887 60.3771 60.5469 60.5913 60.6633 60.7332 61.0309
 61.0839 68.8942 69.1413 69.5879 69.6219 69.6612 69.6958 69.7806 69.8328
 69.8976

