12.9073 14.3768 14.4427 14.5108 14.583  14.6905 14.7787 14.8169 14.8475
 14.8869 14.9045 14.9242 14.9437 14.9679 14.9963 15.035  15.0523 15.0664
 15.0801 15.0924 15.1081 15.1283 15.1442 15.1616 15.1779 15.1924 15.2079
 15.2191 15.2304 15.2516 15.2698 15.283  15.2944 15.3056 15.32   15.3317
 15.3508 15.3612 15.3733 15.3831 15.3934 15.4128 15.4279 15.4423 15.4533
 15.4679 15.4795 15.4908 15.507  15.5179 15.5315 15.5447 15.5593 15.5702
 15.5812 15.5911 15.6017 15.6137 15.6266 15.6376 15.6512 15.6636 15.6748
 15.689  15.6998 15.7107 15.7225 15.7338 15.7436 15.7525 15.7639 15.7744
 15.7846 15.796  15.8052 15.8161 15.8258 15.836  15.8463 15.8592 15.876
 15.8877 15.8981 15.9073 15.9212 15.9324 15.9441 15.9621 15.9731 15.9839
 15.9956 16.0068 16.0202 16.0329 16.044  16.0557 16.0656 16.0789 16.09
 16.1017 16.1129 16.1235 16.1359 16.1501 16.1614 16.1787 16.1955 16.2069
 16.2187 16.2301 16.2433 16.2597 16.2742 16.2896 16.301  16.3194 16.3339
 16.3516 16.3639 16.3781 16.3928 16.4053 16.4185 16.4346 16.4477 16.4679
 16.4882 16.5157 16.5308 16.5546 16.5796 16.6044 16.6355 16.6729 16.6948
 16.7295 16.7547 16.788  16.8073 16.8408 16.8911 17.0591
23.423  23.5149 23.7479 23.8977 23.9156 23.9972 24.0289 24.0755 24.1061
 24.1329 24.1737 24.2025 24.2214 24.2388 24.2652 24.2861 24.3007 24.3143
 24.3323 24.3695 24.3875 24.4116 24.4255 24.4402 24.4558 24.4664 24.4789
 24.4932 24.5146 24.5343 24.5571 24.5743 24.5997 24.617  24.6306 24.6429
 24.658  24.6725 24.6929 24.7037 24.7178 24.7324 24.7447 24.7576 24.7708
 24.7817 24.7921 24.8027 24.8153 24.829  24.8435 24.8611 24.8728 24.8819
 24.8937 24.9058 24.9193 24.934  24.9497 24.9606 24.9748 24.9879 25.0023
 25.0157 25.0297 25.041  25.054  25.0659 25.0799 25.0921 25.1043 25.1189
 25.1339 25.1581 25.1739 25.1884 25.2055 25.2234 25.2357 25.2489 25.2619
 25.2776 25.2903 25.3052 25.327  25.3604 25.3757 25.3898 25.4032 25.4175
 25.4382 25.455  25.4708 25.4919 25.5138 25.548  25.587  25.6134 25.6354
 25.6902 25.7311 25.8707 25.9317
32.035  32.0677 32.3359 32.4788 32.5053 32.6463 32.7196 32.7421 32.8257
 32.9088 32.9302 32.9625 32.9926 33.0117 33.0486 33.0679 33.1017 33.1248
 33.1662 33.188  33.2107 33.2288 33.2454 33.2605 33.2751 33.2883 33.304
 33.3186 33.3335 33.3466 33.3633 33.3755 33.3916 33.41   33.4224 33.4332
 33.4438 33.4561 33.4698 33.4832 33.4957 33.5137 33.5246 33.5354 33.5469
 33.557  33.5678 33.578  33.5893 33.6059 33.6162 33.6266 33.6371 33.6474
 33.66   33.6693 33.68   33.6899 33.7015 33.7128 33.7245 33.734  33.7454
 33.7548 33.7663 33.7787 33.7906 33.8009 33.8092 33.8198 33.8296 33.8409
 33.8506 33.8609 33.8702 33.8787 33.8887 33.8981 33.9084 33.9176 33.9283
 33.9381 33.9468 33.9565 33.966  33.9763 33.9872 33.9982 34.0077 34.017
 34.0267 34.0353 34.0456 34.0552 34.0636 34.0723 34.0821 34.0915 34.1012
 34.1107 34.1192 34.1283 34.1379 34.1481 34.1583 34.1679 34.1774 34.1873
 34.197  34.2068 34.2169 34.2279 34.2385 34.2483 34.2579 34.2696 34.2787
 34.289  34.2973 34.3069 34.317  34.3262 34.3364 34.3492 34.3606 34.3722
 34.3827 34.3937 34.4064 34.4197 34.4301 34.4406 34.4517 34.4645 34.4806
 34.4918 34.5059 34.5153 34.5256 34.5358 34.5459 34.5568 34.5677 34.5795
 34.5918 34.6037 34.6183 34.631  34.6431 34.6587 34.6749 34.6905 34.7042
 34.7166 34.7388 34.7692 34.7884 34.8171 34.8446 34.8618 34.8808 34.9006
 34.9199 34.9416 34.9603 34.9876 35.0336
41.6997 42.3408 42.3734 42.4159 42.4378 42.4669 42.5176 42.5666 42.5876
 42.6082 42.6325 42.6474 42.6603 42.6795 42.6938 42.7183 42.7402 42.7542
 42.7718 42.7882 42.8043 42.8193 42.8343 42.8512 42.8682 42.8816 42.8913
 42.9033 42.9173 42.9402 42.9587 42.9716 42.9935 43.0073 43.0213 43.0382
 43.0494 43.0616 43.0811 43.0915 43.1043 43.1164 43.1296 43.1405 43.1545
 43.1651 43.1836 43.1945 43.2064 43.216  43.2263 43.2387 43.2499 43.263
 43.274  43.2836 43.2933 43.3036 43.3135 43.3242 43.3367 43.3467 43.3589
 43.3696 43.3797 43.3915 43.4016 43.4121 43.4232 43.434  43.445  43.458
 43.467  43.4763 43.4864 43.497  43.5076 43.5176 43.5265 43.5381 43.5491
 43.56   43.5703 43.5826 43.5926 43.6026 43.6124 43.6235 43.6332 43.643
 43.6521 43.6614 43.6718 43.6854 43.698  43.7103 43.7222 43.7343 43.7456
 43.7565 43.7683 43.78   43.7903 43.8036 43.8162 43.8303 43.8442 43.8574
 43.8679 43.8797 43.8908 43.9041 43.917  43.9292 43.9402 43.9524 43.9653
 43.9792 44.004  44.0202 44.0356 44.0513 44.0668 44.0876 44.0988 44.1164
 44.1303 44.1495 44.1793 44.1976 44.2188 44.2436 44.2688 44.2919 44.3351
 44.3537 44.4385 44.5197 47.9031
50.4489 50.7188 50.9918 51.0782 51.1388 51.1693 51.2208 51.2848 51.3625
 51.475  51.5767 51.6008 51.6376 51.7223 51.7446 51.764  51.7967 51.8316
 51.8483 51.8629 51.8788 51.8962 51.9189 51.9438 51.9611 51.9759 51.9952
 52.0117 52.0318 52.0446 52.0579 52.0726 52.0849 52.0978 52.1097 52.1266
 52.1424 52.1561 52.1717 52.1862 52.2011 52.2142 52.2263 52.2411 52.2512
 52.2626 52.276  52.2897 52.2993 52.3143 52.3266 52.3388 52.3539 52.3674
 52.3766 52.3881 52.3986 52.4098 52.4199 52.4303 52.4401 52.4516 52.4639
 52.478  52.4888 52.5022 52.515  52.5265 52.5383 52.5512 52.5629 52.5762
 52.5889 52.6009 52.6127 52.6242 52.6361 52.6463 52.6576 52.6677 52.6788
 52.689  52.7011 52.7115 52.7222 52.7338 52.7463 52.7589 52.7712 52.7833
 52.794  52.8051 52.8162 52.8271 52.8407 52.8514 52.864  52.8751 52.8878
 52.8988 52.9106 52.9228 52.9338 52.9453 52.9572 52.9679 52.9798 52.9989
 53.0158 53.0289 53.0425 53.0557 53.068  53.085  53.0986 53.1169 53.1367
 53.1524 53.1686 53.1851 53.1988 53.2117 53.2297 53.252  53.2691 53.2909
 53.3071 53.3355 53.3674 53.3905 53.4096 53.4302 53.4529 53.4877 53.5089
 53.5303 53.5588 58.6982 59.1509 59.3709 59.4734 59.7842
60.4858 60.6177 60.7628 60.787  60.8098 60.8958 60.9166 60.9519 61.0293
 61.0637 61.0898 61.1054 61.1353 61.1609 61.2077 61.2238 61.2555 61.2686
 61.2864 61.3031 61.3186 61.3442 61.3629 61.3834 61.4015 61.4208 61.4349
 61.4518 61.4693 61.4895 61.5087 61.5251 61.5465 61.5866 61.6036 61.6162
 61.6302 61.648  61.6635 61.6778 61.6946 61.7085 61.7272 61.7454 61.7629
 61.7784 61.7929 61.812  61.8326 61.8623 61.8822 61.8981 61.9137 61.9428
 61.9604 61.9936 62.0258 62.0513 62.0739 62.0992 62.1133 62.1419 62.1597
 62.1907 62.2109 62.2386 62.2645 62.2895 62.3486 62.3765 62.4065 62.4396
 62.4918 62.5286 62.5536 62.5917 62.6814 68.2178 69.1326 69.3657 69.4909
 69.5397 69.5787 69.6092 69.6248 69.6666 69.6904 69.707  69.7285 69.7542
 69.7798 69.8046 69.8234 69.8417 69.8663 69.8839 69.938  69.9563 69.9753
 69.9987

