13.8118 14.4354 14.5959 14.7736 14.8333 14.8556 14.8995 14.9382 14.96
 15.0217 15.042  15.065  15.0925 15.1126 15.1481 15.1798 15.2029 15.228
 15.2523 15.2689 15.2837 15.3043 15.3413 15.3557 15.3773 15.4039 15.4262
 15.4403 15.453  15.4662 15.4803 15.4957 15.5146 15.5277 15.5402 15.5521
 15.563  15.5751 15.5903 15.6099 15.6294 15.6431 15.6565 15.6688 15.6826
 15.6952 15.7089 15.7226 15.7366 15.7505 15.762  15.7775 15.7987 15.8142
 15.8303 15.8499 15.8625 15.8746 15.8897 15.9012 15.9139 15.9256 15.937
 15.9492 15.9613 15.9735 15.9864 16.0007 16.0157 16.0307 16.0445 16.0548
 16.0707 16.088  16.1045 16.1227 16.14   16.158  16.1721 16.1856 16.2009
 16.2188 16.2385 16.2607 16.2804 16.2957 16.3104 16.3244 16.3507 16.3685
 16.3856 16.3976 16.4124 16.4261 16.4396 16.4542 16.4664 16.4839 16.504
 16.523  16.5355 16.5543 16.5715 16.5927 16.6165 16.6333 16.6568 16.6791
 16.7009 16.7196 16.7469 16.7673 16.7828 16.801  16.8164 16.8345 16.8588
 16.8733 16.8956 16.9105 16.9419 16.9658 16.9825 17.0139 17.0475 17.0692
 17.1338 17.1528 17.1861 17.2201 17.2585 17.2901 17.3179 17.4
21.8368 23.2655 23.5406 23.7615 23.794  23.8867 23.9921 24.0251 24.1293
 24.1755 24.1997 24.2163 24.2548 24.2767 24.3009 24.3244 24.3449 24.3618
 24.3739 24.3887 24.4094 24.4213 24.4349 24.4646 24.4858 24.5155 24.5341
 24.5672 24.5855 24.601  24.6238 24.642  24.6593 24.6771 24.7087 24.7278
 24.7464 24.7758 24.7963 24.8181 24.8411 24.8619 24.8829 24.8994 24.9202
 24.9355 24.954  24.9688 24.9829 24.9979 25.0127 25.0248 25.0422 25.0604
 25.0732 25.0868 25.1071 25.1205 25.1403 25.1617 25.1729 25.1869 25.2024
 25.2213 25.2368 25.2524 25.2669 25.291  25.3101 25.3243 25.3392 25.3581
 25.3721 25.3887 25.4094 25.4238 25.437  25.4514 25.4723 25.4966 25.5148
 25.5454 25.5633 25.5818 25.6024 25.6275 25.6453 25.6686 25.6977 25.7316
 25.7509 25.7688 25.797  25.8213 25.8699 25.8951 25.9183 25.9708 25.9923
 26.0259 26.0626 26.086  26.116  26.1852 26.2183 28.1515
32.3157 32.4336 32.475  32.5851 32.6625 32.8159 32.8449 32.8654 32.8868
 32.9245 32.952  32.9777 33.0663 33.1011 33.1384 33.1597 33.1753 33.1934
 33.2097 33.2217 33.2374 33.2705 33.2854 33.3016 33.3165 33.3392 33.3583
 33.3765 33.3957 33.4163 33.4308 33.452  33.4687 33.4804 33.4957 33.5077
 33.5187 33.5306 33.5444 33.557  33.5732 33.5873 33.6001 33.6164 33.63
 33.6457 33.6603 33.6719 33.6828 33.6964 33.7124 33.7268 33.7399 33.752
 33.7665 33.7772 33.7888 33.8    33.8154 33.8257 33.8378 33.8506 33.8635
 33.8743 33.8874 33.8994 33.9135 33.9241 33.9335 33.9441 33.9558 33.9692
 33.9806 33.9902 34.0025 34.0135 34.0245 34.0361 34.0457 34.0574 34.0679
 34.0802 34.0916 34.1033 34.1154 34.1266 34.1371 34.1465 34.1601 34.1729
 34.1836 34.1949 34.2046 34.2147 34.225  34.237  34.2477 34.2577 34.2671
 34.2815 34.2917 34.3015 34.3141 34.3248 34.336  34.3468 34.3584 34.3684
 34.3828 34.3939 34.4055 34.417  34.4283 34.4402 34.452  34.4642 34.4753
 34.4863 34.4976 34.5094 34.52   34.5313 34.5437 34.5555 34.567  34.5814
 34.5946 34.6089 34.6231 34.6349 34.649  34.6646 34.677  34.6882 34.6999
 34.7153 34.7387 34.7501 34.7621 34.776  34.7937 34.8092 34.8295 34.8417
 34.8577 34.871  34.8859 34.9029 34.9225 34.9389 34.9537 34.9667 34.9789
 34.997  35.0185 35.0373 35.051  35.0652 35.0858 35.1098 35.1302 35.1511
 35.1703 35.1899 35.2097 35.2379 35.2532 35.2709 35.2916 35.3232 35.345
 35.3698 35.3907 35.4177 35.4442 35.4753 35.5498 35.6079 35.7226 35.9877
 38.8999 39.003
42.2937 42.333  42.3675 42.4158 42.5028 42.5528 42.5948 42.6497 42.6869
 42.7186 42.7735 42.7936 42.8101 42.8367 42.854  42.8731 42.8975 42.917
 42.9325 42.9462 42.9616 42.9814 42.9937 43.0058 43.0179 43.042  43.0567
 43.0748 43.0919 43.1022 43.1147 43.1279 43.15   43.1694 43.1849 43.2048
 43.2217 43.2353 43.2495 43.2631 43.2771 43.2923 43.3083 43.3237 43.3386
 43.3502 43.3611 43.3742 43.3917 43.4032 43.414  43.4246 43.4374 43.4486
 43.4603 43.4707 43.4819 43.4914 43.5019 43.5131 43.5241 43.5358 43.5505
 43.5633 43.5813 43.5941 43.6111 43.6244 43.6391 43.6514 43.6635 43.6755
 43.6887 43.7012 43.7111 43.724  43.736  43.7485 43.7605 43.7743 43.7852
 43.7964 43.809  43.8225 43.8375 43.8518 43.8651 43.8808 43.8965 43.9204
 43.9332 43.9473 43.9597 43.973  43.9833 43.9949 44.0074 44.0194 44.0349
 44.0478 44.0611 44.0775 44.0911 44.1049 44.1183 44.1307 44.1486 44.1664
 44.183  44.2008 44.218  44.2288 44.2417 44.2572 44.2744 44.2882 44.3088
 44.3266 44.3427 44.3598 44.3787 44.402  44.4278 44.4441 44.463  44.4797
 44.5084 44.5274 44.5435 44.5646 44.5922 44.6157 44.6367 44.6755 44.6998
 44.7719 44.8271 44.8697 44.9085 44.9478 47.8668 48.4439 49.3637
51.2442 51.373  51.5262 51.5695 51.6428 51.6778 51.7459 51.7844 51.8161
 51.8429 51.8633 51.8844 51.9092 51.9249 51.9504 51.9727 51.9935 52.0278
 52.0555 52.0725 52.0934 52.1155 52.1388 52.1535 52.1658 52.179  52.1968
 52.209  52.2245 52.2391 52.2583 52.2878 52.3009 52.3155 52.331  52.3429
 52.3598 52.3724 52.3855 52.4009 52.4117 52.4253 52.4371 52.4538 52.4697
 52.4855 52.4988 52.5138 52.5266 52.5435 52.5575 52.5693 52.5836 52.5975
 52.6126 52.6272 52.6412 52.6546 52.6665 52.6783 52.6927 52.7033 52.7144
 52.7261 52.7366 52.7584 52.7725 52.7894 52.8043 52.8219 52.8347 52.8515
 52.8765 52.8946 52.9066 52.9194 52.9324 52.9491 52.9614 52.9786 52.9897
 53.0005 53.0196 53.0338 53.0499 53.0639 53.076  53.0893 53.1043 53.1172
 53.1377 53.1555 53.167  53.182  53.1958 53.2106 53.2223 53.2403 53.2559
 53.2762 53.2897 53.3066 53.3208 53.3339 53.3598 53.3748 53.3861 53.4041
 53.4245 53.4524 53.4772 53.498  53.514  53.5416 53.562  53.5814 53.6234
 53.6502 53.6785 53.7092 53.7352 53.76   53.7884 53.8084 53.8304 53.8667
 53.8909 53.9163 53.9407
60.4398 60.8289 60.8952 60.9893 61.07   61.0913 61.1193 61.185  61.2028
 61.2382 61.2742 61.2899 61.3238 61.3744 61.3954 61.4165 61.434  61.4538
 61.4752 61.519  61.5445 61.5625 61.5793 61.6011 61.6311 61.6506 61.6638
 61.6795 61.699  61.7127 61.7272 61.7611 61.7771 61.7934 61.8245 61.848
 61.8683 61.8933 61.9144 61.9375 61.9562 61.9832 61.9988 62.0189 62.0409
 62.0682 62.0883 62.107  62.1219 62.1411 62.1595 62.1867 62.2044 62.2276
 62.2409 62.2629 62.2836 62.3053 62.3198 62.3346 62.3488 62.3742 62.4135
 62.4691 62.4946 62.5222 62.5462 62.5763 62.5988 62.6246 62.697  62.7649
 62.8018 62.8379 62.8739 62.8938 62.9955 68.7006 69.3207 69.3475 69.4131
 69.4928 69.6128 69.6828 69.7115 69.7582 69.7846 69.81   69.8578 69.8984
 69.9323 69.9615

