12.207  12.2914 12.9124 13.1009 13.1812 13.4629 13.5333 13.7274 13.7494
 13.8186 13.8551 13.8776 13.9464 13.9667 13.9807 14.0094 14.0287 14.0727
 14.1088 14.1372 14.1581 14.1805 14.206  14.2398 14.2791 14.3159 14.3319
 14.3838 14.4032 14.4146 14.4274 14.4426 14.4564 14.4707 14.4891 14.5029
 14.5253 14.5492 14.568  14.5873 14.6029 14.6188 14.632  14.6441 14.6617
 14.6752 14.6858 14.7055 14.7182 14.7299 14.7424 14.7578 14.7714 14.7831
 14.7976 14.8121 14.8226 14.8397 14.8586 14.8726 14.8864 14.9012 14.9162
 14.9306 14.9441 14.9609 14.9795 15.0043 15.0167 15.0294 15.0446 15.0577
 15.0765 15.0898 15.1148 15.133  15.1504 15.1694 15.1802 15.193  15.2138
 15.2352 15.2526 15.2712 15.287  15.3045 15.3204 15.3345 15.3508 15.3688
 15.384  15.4047 15.4208 15.4398 15.4566 15.4731 15.4917 15.5177 15.5384
 15.558  15.5787 15.597  15.6145 15.6305 15.6499 15.6709 15.6929 15.7128
 15.7326 15.7595 15.7858 15.8064 15.8289 15.8597 15.903  15.921  15.9626
 15.99   16.0175 16.0655 16.1014 16.1375 16.1575 16.187  16.2115 16.2403
 16.2994 16.3576 16.5062
21.9484 22.5457 22.5868 22.7079 22.8159 22.8619 22.9389 22.9678 23.0137
 23.0372 23.0605 23.1206 23.1656 23.1923 23.2139 23.2374 23.2586 23.2767
 23.2945 23.3098 23.3237 23.3447 23.3582 23.3828 23.4039 23.4201 23.4366
 23.4577 23.4717 23.4855 23.4975 23.5105 23.5259 23.5418 23.5566 23.5761
 23.5898 23.6016 23.6165 23.6298 23.6391 23.6497 23.6621 23.6735 23.6872
 23.6992 23.7138 23.7306 23.7414 23.756  23.7727 23.7881 23.8021 23.8129
 23.8244 23.835  23.8463 23.8615 23.8724 23.8856 23.9018 23.916  23.929
 23.9462 23.9573 23.969  23.9799 23.9902 24.0018 24.012  24.0285 24.0404
 24.052  24.0621 24.0782 24.0926 24.1066 24.1206 24.1324 24.1443 24.161
 24.1713 24.1863 24.1992 24.2135 24.2265 24.2398 24.2539 24.2647 24.2759
 24.2891 24.3004 24.3125 24.3285 24.3423 24.3549 24.3678 24.3895 24.4082
 24.425  24.4387 24.4523 24.4661 24.4796 24.4954 24.5088 24.5325 24.5562
 24.5755 24.5912 24.6071 24.6288 24.645  24.6615 24.6764 24.6919 24.7134
 24.7287 24.7416 24.7562 24.7725 24.7985 24.8171 24.8325 24.8486 24.8919
 24.9199 24.9823 25.0018 25.0185 25.0442 25.0646 25.0795 25.0995 25.1146
 25.1378 25.1682 25.1986 25.2405 25.2662 25.2929 25.3558 25.3973 25.4552
31.5824 31.7815 31.8188 32.1313 32.1797 32.2215 32.4194 32.4738 32.5376
 32.5577 32.6123 32.6488 32.6852 32.7301 32.752  32.8241 32.839  32.867
 32.8956 32.9237 32.942  32.9745 32.9988 33.0384 33.056  33.0771 33.0913
 33.1088 33.1376 33.1614 33.1923 33.2054 33.2269 33.2504 33.2749 33.2899
 33.3018 33.3197 33.346  33.3621 33.3814 33.3965 33.4121 33.423  33.4358
 33.4534 33.4656 33.4822 33.4958 33.5131 33.5246 33.5365 33.5498 33.5671
 33.5802 33.5925 33.6032 33.617  33.6296 33.6451 33.6602 33.6745 33.6878
 33.6974 33.7107 33.7217 33.7364 33.7462 33.7601 33.7742 33.7885 33.8049
 33.8185 33.835  33.8507 33.8637 33.8781 33.891  33.9051 33.9182 33.933
 33.9454 33.9563 33.9674 33.9788 33.9916 34.005  34.0168 34.0301 34.0436
 34.0599 34.0724 34.0892 34.1056 34.1185 34.1358 34.1534 34.1703 34.1847
 34.2017 34.2166 34.231  34.2475 34.2639 34.2777 34.2957 34.3244 34.3382
 34.3578 34.3759 34.3946 34.413  34.4338 34.4566 34.4721 34.4954 34.5158
 34.5327 34.5463 34.566  34.587  34.6034 34.6167 34.6359 34.6525 34.6803
 34.7035 34.7318 34.7649 34.7853 34.8289 34.8502 34.8721 34.895  34.9297
 34.9538 34.9789 35.0079 35.0984 35.1397 35.1616 35.3034
40.5756 41.0354 41.1319 41.6933 41.9006 42.0877 42.1719 42.2289 42.2531
 42.341  42.5037 42.5389 42.5638 42.5838 42.6068 42.6392 42.6639 42.7
 42.717  42.7657 42.7796 42.7979 42.8129 42.8309 42.8536 42.8707 42.8825
 42.8966 42.9301 42.9469 42.9663 42.9853 43.0026 43.0224 43.0351 43.0461
 43.0616 43.0754 43.0921 43.111  43.1268 43.1437 43.1602 43.1755 43.1905
 43.2034 43.2212 43.2383 43.2555 43.28   43.2919 43.3061 43.3191 43.3295
 43.3451 43.3566 43.3701 43.3816 43.3948 43.4054 43.4166 43.4278 43.4401
 43.4543 43.4829 43.4949 43.508  43.5197 43.5295 43.5413 43.5537 43.5687
 43.5807 43.5944 43.6166 43.6277 43.6418 43.6558 43.6676 43.6806 43.6932
 43.7084 43.7211 43.7339 43.7492 43.7606 43.7773 43.791  43.8034 43.8191
 43.8355 43.8515 43.8818 43.8979 43.9135 43.9281 43.949  43.9619 43.9801
 43.9929 44.0083 44.0216 44.0398 44.0527 44.0653 44.0773 44.0922 44.1024
 44.1174 44.1354 44.1555 44.1768 44.1964 44.2113 44.2269 44.2416 44.2582
 44.2828 44.3126 44.3323 44.3481 44.3681 44.3857 44.4114 44.4276 44.4507
 44.4676 44.4865 44.5036 44.5209 44.5397 44.558  44.6027 44.6321 44.6824
 44.7859 44.8078 44.8421 44.9033 44.9907 45.0259 45.0886 45.1563 49.3254
50.5404 50.8488 50.9065 50.9647 51.1464 51.4001 51.4463 51.5356 51.6378
 51.7162 51.7365 51.7677 51.7839 51.8127 51.8784 51.9078 51.9299 51.9468
 51.9735 52.0237 52.0577 52.0826 52.1034 52.1225 52.1442 52.1694 52.1885
 52.2204 52.2388 52.2561 52.2785 52.2952 52.3082 52.3345 52.3502 52.363
 52.3767 52.3977 52.4141 52.4367 52.4511 52.4675 52.4811 52.4926 52.5052
 52.5177 52.5303 52.5455 52.5616 52.5743 52.5887 52.6051 52.6185 52.6391
 52.654  52.6739 52.6921 52.7063 52.7182 52.7288 52.7394 52.7553 52.7666
 52.7799 52.7917 52.8046 52.8198 52.8331 52.8462 52.8618 52.8773 52.8949
 52.9078 52.9271 52.9427 52.9563 52.9711 52.9814 52.9956 53.0077 53.0209
 53.0386 53.0491 53.0638 53.0766 53.0993 53.1115 53.1244 53.1367 53.1489
 53.1628 53.1802 53.1927 53.2039 53.2156 53.2301 53.2457 53.2602 53.2765
 53.2885 53.304  53.3286 53.345  53.36   53.378  53.4029 53.4177 53.4341
 53.4491 53.4619 53.4749 53.4871 53.5018 53.5202 53.5348 53.5472 53.5646
 53.5827 53.598  53.6102 53.6263 53.6409 53.6646 53.6796 53.6984 53.7134
 53.7334 53.7577 53.7766 53.801  53.8222 53.8429 53.8746 53.8961 53.9128
 53.9335 53.9538 53.9814 54.009  54.043  54.0669 54.1007 54.1221 54.1578
 54.2998 54.3253
61.0058 61.154  61.1833 61.3038 61.5296 61.5608 61.5967 61.6162 61.6453
 61.6966 61.7823 61.8107 61.8382 61.8649 61.8997 61.9168 61.9463 61.9653
 62.015  62.0336 62.0541 62.0748 62.0967 62.1149 62.1418 62.1563 62.1739
 62.2043 62.2209 62.2429 62.2657 62.2852 62.2995 62.3212 62.3383 62.3533
 62.371  62.386  62.4046 62.4213 62.4352 62.4522 62.474  62.4913 62.5017
 62.5173 62.5352 62.5499 62.5646 62.5791 62.5943 62.6068 62.6201 62.6367
 62.65   62.6631 62.6795 62.6923 62.7047 62.7195 62.733  62.7543 62.7657
 62.784  62.8018 62.8153 62.8268 62.8429 62.8558 62.866  62.8803 62.8973
 62.9136 62.9257 62.9397 62.9553 62.9721 62.9893 63.0019 63.0144 63.0312
 63.0435 63.0623 63.0765 63.0905 63.1098 63.1246 63.1744 63.1929 63.2121
 63.2255 63.2449 63.262  63.2797 63.3002 63.3252 63.3406 63.3567 63.3756
 63.4031 63.4331 63.4588 63.4778 63.5069 63.5382 63.5653 63.5879 63.6188
 63.6417 63.6609 63.6894 63.7192 63.7457 63.7791 63.8149 63.8428 63.8735
 63.9064 63.9963 64.0466 69.9408

