12.9459 13.2692 13.3365 13.3897 13.4103 13.5326 13.6714 13.8054 13.8262
 13.8767 13.9012 13.9243 13.9436 14.0019 14.0266 14.0825 14.0993 14.1159
 14.1439 14.1916 14.2105 14.2341 14.2581 14.2845 14.3009 14.3143 14.3325
 14.3655 14.3856 14.4008 14.4138 14.4292 14.4431 14.4587 14.4764 14.4936
 14.508  14.5206 14.5349 14.5476 14.56   14.5746 14.5848 14.5961 14.6085
 14.6206 14.6324 14.65   14.6625 14.6749 14.6892 14.7032 14.715  14.7294
 14.7473 14.7586 14.7729 14.7872 14.8005 14.818  14.8368 14.8488 14.8631
 14.8775 14.8951 14.9077 14.9219 14.9369 14.949  14.9619 14.9758 14.9925
 15.0055 15.0167 15.0293 15.0452 15.0615 15.0759 15.0892 15.104  15.1203
 15.1358 15.148  15.1614 15.1795 15.1936 15.2058 15.222  15.2461 15.2705
 15.2974 15.3135 15.3296 15.3413 15.3633 15.3786 15.3991 15.4321 15.4493
 15.4781 15.4971 15.5155 15.5397 15.5548 15.5697 15.5917 15.6061 15.6246
 15.6433 15.6699 15.695  15.7258 15.7515 15.7762 15.811  15.8589 15.8978
 15.9712 15.9981 16.0225 16.0786
21.8275 21.8625 22.0359 22.3481 22.5427 22.5993 22.6579 22.7667 22.7859
 22.8345 22.8837 22.9302 22.9526 22.9818 23.0079 23.0272 23.0455 23.0698
 23.0939 23.1184 23.1377 23.1537 23.1796 23.1948 23.2153 23.2313 23.2499
 23.2675 23.2968 23.3208 23.3408 23.3676 23.3846 23.4008 23.4148 23.4295
 23.4483 23.4626 23.4755 23.4869 23.5    23.5137 23.5279 23.5417 23.5571
 23.5688 23.5817 23.5927 23.607  23.6198 23.63   23.6431 23.6545 23.6645
 23.6766 23.6891 23.7009 23.7124 23.725  23.7374 23.7489 23.7604 23.7752
 23.7887 23.8011 23.8128 23.8233 23.8341 23.8448 23.8595 23.8725 23.8839
 23.8969 23.909  23.9194 23.9295 23.9428 23.9535 23.9685 23.9788 23.9943
 24.0075 24.0193 24.0325 24.0438 24.0544 24.0688 24.0797 24.0917 24.1021
 24.1156 24.1309 24.1419 24.1527 24.1633 24.1759 24.1888 24.2009 24.213
 24.2269 24.252  24.2643 24.2786 24.2892 24.3045 24.3172 24.3301 24.343
 24.3559 24.369  24.3858 24.3978 24.4106 24.4256 24.4363 24.451  24.4653
 24.4802 24.4931 24.5123 24.5356 24.5525 24.5735 24.6038 24.6346 24.6595
 24.6726 24.6887 24.7172 24.7525 24.7722 24.8138 24.8376 24.8601 24.8776
 24.9182 24.9425 24.9627 25.     25.0612 25.112  25.1688 25.2052 25.4093
30.1327 30.2986 31.4125 31.5937 32.0061 32.0267 32.3323 32.4383 32.5589
 32.6198 32.6598 32.6856 32.7267 32.762  32.7894 32.8304 32.8458 32.8703
 32.8879 32.9127 32.9347 32.9705 32.989  33.0035 33.0166 33.0312 33.0437
 33.0606 33.0897 33.1036 33.1224 33.1358 33.1666 33.1812 33.1934 33.2063
 33.2271 33.2398 33.2607 33.2785 33.2999 33.3156 33.3305 33.3434 33.3573
 33.374  33.387  33.4033 33.4193 33.434  33.4486 33.464  33.4846 33.5001
 33.5149 33.5241 33.5367 33.5505 33.5608 33.575  33.5903 33.6044 33.6155
 33.6263 33.6385 33.6517 33.6646 33.6803 33.6935 33.7094 33.7253 33.7384
 33.7521 33.7685 33.7785 33.7897 33.8011 33.8162 33.8281 33.8383 33.8553
 33.8729 33.8876 33.9024 33.9142 33.9286 33.9429 33.9551 33.9736 33.989
 34.0013 34.0157 34.029  34.0431 34.0615 34.0802 34.1027 34.1207 34.137
 34.1512 34.165  34.1821 34.1975 34.2175 34.238  34.2551 34.2716 34.2912
 34.3074 34.3209 34.3372 34.354  34.3782 34.3982 34.4207 34.4387 34.4602
 34.491  34.5189 34.54   34.5692 34.5996 34.6495 34.6919 34.9005 34.9462
41.4977 41.7775 41.8729 41.9353 42.1219 42.1713 42.2178 42.2826 42.3434
 42.4165 42.4688 42.5275 42.5592 42.6094 42.6363 42.6528 42.6923 42.7169
 42.7453 42.7609 42.785  42.8007 42.8188 42.8355 42.8545 42.8764 42.8976
 42.9137 42.9269 42.9432 42.9575 42.9706 42.9845 42.9994 43.0139 43.0334
 43.045  43.0607 43.0783 43.0965 43.1098 43.1299 43.1418 43.1545 43.1689
 43.181  43.1953 43.2082 43.2201 43.2326 43.2464 43.2588 43.2702 43.2813
 43.292  43.3028 43.3175 43.332  43.3521 43.3644 43.3766 43.3901 43.4063
 43.4179 43.4306 43.4427 43.4553 43.4681 43.4785 43.491  43.5047 43.5195
 43.53   43.5432 43.5567 43.5697 43.5829 43.5961 43.6101 43.6232 43.6358
 43.6521 43.6627 43.6724 43.6855 43.6974 43.7091 43.721  43.7337 43.7483
 43.7618 43.7754 43.7908 43.8024 43.8153 43.8271 43.8393 43.8629 43.8747
 43.8878 43.8998 43.9162 43.9313 43.9449 43.9557 43.9743 43.988  44.0027
 44.0191 44.0475 44.0645 44.0887 44.109  44.1262 44.1466 44.1684 44.1941
 44.2306 44.2598 44.2845 44.3294 44.3564 44.3764 44.4404 44.4783 44.5121
 44.5659 44.6906 44.8398
50.4397 50.7394 50.8268 50.8779 51.1138 51.5094 51.5988 51.7244 51.7759
 51.8035 51.8336 51.895  51.9189 51.9402 51.9661 51.9908 52.0051 52.0273
 52.045  52.0593 52.0772 52.0969 52.1198 52.1428 52.1551 52.1699 52.1982
 52.2142 52.2277 52.2814 52.2941 52.3089 52.3252 52.3375 52.3533 52.3675
 52.3838 52.397  52.4108 52.4238 52.4441 52.4579 52.4685 52.4791 52.4942
 52.5106 52.5254 52.5414 52.5548 52.5705 52.5839 52.5947 52.6064 52.6197
 52.6314 52.6435 52.6557 52.6663 52.6771 52.6868 52.6974 52.7084 52.7249
 52.748  52.7606 52.7768 52.7865 52.7983 52.8104 52.8254 52.8348 52.8463
 52.8573 52.8705 52.8841 52.8966 52.9095 52.9205 52.9319 52.941  52.9502
 52.961  52.9728 52.9835 52.9957 53.0091 53.0228 53.0357 53.0488 53.0625
 53.079  53.0931 53.1037 53.1158 53.128  53.1418 53.1546 53.1693 53.1872
 53.2008 53.2205 53.2341 53.25   53.2646 53.2764 53.2908 53.3064 53.3208
 53.3339 53.3501 53.3681 53.3856 53.4048 53.4198 53.4396 53.4587 53.4771
 53.5023 53.5155 53.5292 53.5656 53.5903 53.6203 53.6386 53.6605 53.6986
 53.7279 53.7589 53.813  53.8499 53.8858 53.9205 54.0326
60.9294 61.0236 61.1368 61.3056 61.4014 61.6729 61.6875 61.7318 61.7592
 61.7819 61.8126 61.8619 61.8778 61.8962 61.9155 61.935  61.9856 62.015
 62.0332 62.054  62.0671 62.0919 62.123  62.1376 62.1557 62.1751 62.1946
 62.207  62.2214 62.2343 62.2521 62.2655 62.2782 62.2941 62.3085 62.3216
 62.3341 62.3458 62.3581 62.3696 62.3798 62.3932 62.405  62.4163 62.4287
 62.4457 62.4582 62.4685 62.4799 62.4941 62.5064 62.5214 62.5391 62.5547
 62.5694 62.5865 62.5983 62.6113 62.6273 62.6385 62.6536 62.6709 62.6862
 62.7012 62.7152 62.7261 62.7405 62.7539 62.7696 62.7823 62.7982 62.8148
 62.8319 62.8456 62.8576 62.8707 62.884  62.8972 62.913  62.9314 62.9484
 62.9644 62.9801 62.9903 63.0059 63.0306 63.051  63.0716 63.0921 63.1325
 63.1514 63.1729 63.1884 63.2075 63.2253 63.2462 63.2828 63.3021 63.3277
 63.3498 63.3707 63.3874 63.4347 63.4518 63.4836 63.5338 63.5523 63.6031
 63.6558 69.9858

