13.204  13.8847 13.9237 13.9892 14.2579 14.3868 14.4168 14.507  14.5535
21.8799 22.4161 22.9598 23.0623 23.1676 23.1903 23.3246 23.3715 23.3987
 23.4828 23.5975
30.4785 31.8448 32.5797 32.6516 32.7449 32.8452 32.9117 33.0144 33.0564
 33.1691 33.2269 33.4237 33.4767 33.622  39.7389
41.3609 41.7897 42.0368 42.0817 42.2798 42.4048 42.4769 42.5467 42.6188
 42.6466 42.7281 42.7524 42.8355 42.866  42.9621 42.9915 43.0096 43.0482
 43.1202 43.1577 43.2253 43.2429
51.3919 51.4776 51.7253 52.1757 52.24   52.274  52.3436 52.4088 52.4804
 52.5216 52.6145 58.4911 59.5224
60.2922 61.3352 61.565  61.7741 61.8398 61.9441 62.0245 62.0961 62.1308
 62.2263 69.4772 69.8057

