12.9315 13.0457 13.162  13.6152 13.6887 13.742  13.7695 13.8027 13.9217
 14.006  14.0329 14.0684 14.1546 14.1839 14.2227 14.2788 14.3585 14.4109
 14.4381 14.4708 14.4974 14.5246 14.5438 14.5624 14.5759 14.6001 14.6199
 14.6474 14.6696 14.6897 14.7019 14.7206 14.7481 14.7652 14.7867 14.8128
 14.8558 14.8819 14.9096 14.9367 14.9577 14.9754 15.0039 15.0281 15.0497
 15.0622 15.0816 15.0998 15.1142 15.1348 15.158  15.1749 15.2127 15.229
 15.2438 15.2575 15.2819 15.3082 15.341  15.3558 15.3766 15.3943 15.4105
 15.4232 15.4422 15.4657 15.502  15.5456 15.5597 15.584  15.6039 15.6217
 15.6445 15.6757 15.7085 15.7379 15.7698 15.7964 15.8215 15.8887 15.9126
 15.9477 16.0565 16.126  16.1978 16.2338 16.3433
21.8405 22.4125 22.543  22.6727 22.7926 22.9631 22.9941 23.039  23.0585
 23.1064 23.154  23.2035 23.2458 23.2867 23.3074 23.3358 23.3641 23.3889
 23.4164 23.4357 23.4508 23.4796 23.5012 23.5141 23.5332 23.5554 23.5798
 23.5984 23.6122 23.627  23.6455 23.6604 23.6824 23.7016 23.7229 23.7366
 23.7519 23.7822 23.7972 23.8179 23.8408 23.8534 23.8687 23.8832 23.9013
 23.9261 23.9396 23.9594 23.979  24.0026 24.0209 24.0348 24.051  24.0728
 24.0927 24.1159 24.1297 24.1412 24.1555 24.1715 24.186  24.2001 24.2192
 24.2344 24.2513 24.2728 24.2907 24.3068 24.3355 24.356  24.3694 24.3866
 24.4041 24.4182 24.4331 24.4511 24.4793 24.4998 24.521  24.5355 24.56
 24.5779 24.5962 24.6126 24.6361 24.6549 24.6702 24.6892 24.712  24.7332
 24.753  24.7947 24.8193 24.8393 24.8706 24.8917 24.922  24.9594 24.9863
 25.0386 25.0811 25.1388 25.1957 25.2471 25.4569 25.5128 29.5447
32.3032 32.619  32.7148 32.7541 32.8078 32.8889 32.9739 32.9925 33.0237
 33.0447 33.079  33.0959 33.1118 33.1302 33.1489 33.1639 33.1827 33.2164
 33.2429 33.2608 33.2802 33.3086 33.3251 33.3414 33.3658 33.3897 33.4086
 33.4264 33.4507 33.4653 33.4835 33.5054 33.5275 33.5493 33.5699 33.5963
 33.6201 33.6356 33.6472 33.6712 33.7028 33.7201 33.7336 33.7503 33.7637
 33.7768 33.7933 33.8159 33.8319 33.8494 33.8655 33.8813 33.9038 33.9344
 33.9533 33.9794 33.9982 34.0206 34.0379 34.0528 34.0811 34.1157 34.1399
 34.1615 34.1779 34.2032 34.2288 34.2552 34.2805 34.3053 34.3321 34.3492
 34.3668 34.3826 34.4022 34.4558 34.4807 34.5056 34.5268 34.5528 34.5909
 34.6156 34.6384 34.6645 34.6921 34.7203 34.752  34.7786 34.8339 34.8605
 34.889  34.9195 35.0027 35.0516 35.2027 35.2667 38.144
41.2051 42.0414 42.1555 42.3088 42.5359 42.6134 42.6716 42.7085 42.8079
 42.8349 42.8792 42.9208 42.9439 42.9583 42.9846 43.0143 43.0397 43.0538
 43.0729 43.0937 43.1234 43.1473 43.1684 43.1828 43.2038 43.2194 43.234
 43.2516 43.2647 43.2832 43.3081 43.3224 43.3373 43.3547 43.3691 43.3828
 43.4028 43.4198 43.4354 43.4539 43.4691 43.4888 43.5064 43.5211 43.535
 43.5484 43.5613 43.5744 43.5901 43.6118 43.6275 43.6467 43.6673 43.6863
 43.704  43.7188 43.7332 43.7486 43.7622 43.7738 43.7875 43.8081 43.8236
 43.8392 43.8571 43.8742 43.8973 43.9111 43.9239 43.9423 43.9612 43.9752
 43.9922 44.0087 44.0269 44.0474 44.0618 44.0757 44.0885 44.1092 44.1376
 44.156  44.1996 44.2237 44.2481 44.2709 44.291  44.3197 44.352  44.3748
 44.3979 44.4218 44.4514 44.5336 44.6018 44.6676 44.7031 44.7467 44.7733
 44.8955 45.1104
51.3922 51.4479 51.6906 51.8675 51.9176 52.0202 52.0658 52.0843 52.1138
 52.134  52.1756 52.2736 52.3474 52.3691 52.3826 52.4141 52.4325 52.4525
 52.4707 52.4886 52.5044 52.534  52.5575 52.5738 52.5909 52.607  52.6219
 52.6458 52.6646 52.6826 52.6966 52.7116 52.7321 52.7457 52.7643 52.7816
 52.8007 52.8185 52.8342 52.8518 52.8651 52.8812 52.8945 52.9233 52.9497
 52.9695 52.9863 53.0057 53.0215 53.042  53.0609 53.0828 53.1061 53.1195
 53.1296 53.1455 53.1657 53.1783 53.19   53.2087 53.23   53.2427 53.2635
 53.2774 53.3015 53.3217 53.3409 53.3624 53.3771 53.3969 53.4119 53.4299
 53.4504 53.4694 53.4888 53.5128 53.5307 53.5459 53.5668 53.5829 53.6072
 53.6277 53.6478 53.674  53.7037 53.7255 53.7781 53.7973 53.8188 53.8595
 53.9    53.9215 53.9578 53.9916 54.0219 54.0612 54.2129 54.3088 54.3389
 59.0704
60.9275 61.4132 61.4356 61.4771 61.6369 61.6618 61.8162 61.8348 61.8911
 61.914  61.9454 61.9734 61.9955 62.0138 62.0372 62.0881 62.1256 62.1512
 62.1793 62.1937 62.2203 62.2437 62.2626 62.2831 62.3011 62.3168 62.3336
 62.3524 62.3739 62.3861 62.4102 62.4299 62.4458 62.4589 62.4857 62.5033
 62.5193 62.5503 62.5673 62.5844 62.5991 62.6177 62.6316 62.6451 62.6646
 62.6825 62.7126 62.7434 62.7634 62.7821 62.8025 62.8191 62.8364 62.8578
 62.8748 62.8959 62.9293 62.9498 62.9799 62.9987 63.0245 63.0419 63.0663
 63.0841 63.1072 63.1372 63.16   63.1825 63.1998 63.2151 63.2396 63.2625
 63.3015 63.3379 63.3588 63.3919 63.4231 63.4744 63.5404 63.6315 63.7024
 63.7264 63.8526 63.8827 63.9267 63.9641

