11.2748 12.873  13.8618 14.0296 14.0938 14.1404 14.2445 14.2653 14.3182
 14.3884 14.4095 14.456  14.4847 14.5082 14.5454 14.5767 14.6056 14.6289
 14.6539 14.6666 14.6777 14.6911 14.7058 14.724  14.7522 14.7663 14.7842
 14.8025 14.8176 14.8332 14.8511 14.8669 14.8834 14.8969 14.9109 14.9266
 14.9416 14.9548 14.9696 14.9813 14.9952 15.0102 15.0241 15.0369 15.0486
 15.0628 15.0772 15.0894 15.1019 15.1171 15.1308 15.1447 15.1603 15.1759
 15.1872 15.2009 15.2115 15.2231 15.2329 15.2452 15.2562 15.2713 15.2817
 15.2919 15.3026 15.3182 15.3297 15.3428 15.3542 15.3655 15.3784 15.3898
 15.4043 15.4144 15.4269 15.4364 15.447  15.4593 15.4679 15.4778 15.4874
 15.4978 15.5071 15.5184 15.5305 15.5416 15.5523 15.564  15.5747 15.5845
 15.5949 15.6051 15.6152 15.6276 15.6411 15.6525 15.6635 15.6745 15.6854
 15.6966 15.7086 15.7187 15.7278 15.7379 15.7487 15.7591 15.7689 15.779
 15.788  15.8012 15.8129 15.8275 15.8378 15.8483 15.8586 15.869  15.8827
 15.8952 15.91   15.9207 15.9321 15.9419 15.9562 15.9691 15.983  15.9954
 16.0117 16.024  16.037  16.0497 16.0594 16.0689 16.0792 16.0901 16.1002
 16.1112 16.1234 16.1342 16.1459 16.1598 16.1769 16.1917 16.2045 16.2205
 16.2327 16.2449 16.261  16.2749 16.2884 16.3011 16.3167 16.3313 16.3461
 16.3602 16.3763 16.3921 16.4074 16.4228 16.4404 16.4614 16.4794 16.4981
 16.5165 16.5307 16.5504 16.5722 16.5897 16.6066 16.6255 16.6433 16.668
 16.6863 16.7114 16.7328 16.7477 16.7975 16.8282 16.8477 16.9494 17.027
23.5933 23.7571 23.7941 23.8464 23.9064 23.9369 24.0057 24.0519 24.1144
 24.1657 24.2015 24.2387 24.2894 24.3195 24.3498 24.3729 24.408  24.4469
 24.4728 24.4883 24.5135 24.5333 24.5507 24.5728 24.5951 24.6168 24.6329
 24.6464 24.6695 24.6877 24.7174 24.7419 24.7565 24.7817 24.798  24.8118
 24.8279 24.8479 24.8626 24.8817 24.8964 24.9261 24.9435 24.9556 24.9696
 24.9843 25.0007 25.0648 25.0967 25.1124 25.1297 25.1503 25.1697 25.2048
 25.2215 25.2558 25.2738 25.2906 25.3279 25.3559 25.3944 25.4355 25.4637
 25.4886 25.5096 25.5799 25.6319 25.6809 25.708  25.7848
31.7057 31.8016 32.0569 32.1047 32.1442 32.2895 32.3287 32.3569 32.3959
 32.4386 32.4658 32.4868 32.5166 32.5359 32.5599 32.5807 32.6071 32.6253
 32.6429 32.6682 32.6842 32.6996 32.7158 32.7457 32.7611 32.7775 32.7932
 32.8092 32.8269 32.8431 32.8584 32.8713 32.8834 32.9    32.9154 32.9283
 32.9435 32.9571 32.9722 32.9886 33.0012 33.0132 33.0255 33.0413 33.0527
 33.0642 33.077  33.0892 33.0994 33.1109 33.1215 33.1321 33.1416 33.1518
 33.162  33.1713 33.1826 33.1936 33.2049 33.2153 33.2257 33.2351 33.247
 33.2568 33.2655 33.2745 33.284  33.2926 33.3027 33.3126 33.3222 33.3311
 33.3414 33.3535 33.3624 33.372  33.3816 33.3907 33.3992 33.408  33.4174
 33.4273 33.4356 33.4449 33.4553 33.4637 33.472  33.4806 33.4904 33.4989
 33.5077 33.5169 33.5264 33.5351 33.5446 33.5545 33.5629 33.5713 33.5804
 33.5886 33.5974 33.6066 33.6147 33.6227 33.6312 33.6397 33.6482 33.6569
 33.6652 33.6737 33.683  33.6914 33.6997 33.7081 33.7178 33.7264 33.7345
 33.7433 33.7518 33.7595 33.7682 33.7789 33.787  33.7956 33.8047 33.8136
 33.8224 33.8305 33.8397 33.8476 33.8557 33.8656 33.8741 33.8828 33.8921
 33.9008 33.9091 33.9175 33.926  33.9352 33.9444 33.9537 33.9629 33.9712
 33.9807 33.99   33.9987 34.0078 34.0177 34.0268 34.0364 34.0455 34.0554
 34.0642 34.0735 34.0832 34.0917 34.1022 34.1115 34.1209 34.1302 34.1398
 34.1499 34.1585 34.1691 34.1803 34.1902 34.1997 34.2091 34.2186 34.2294
 34.2395 34.2498 34.2598 34.2688 34.2809 34.2915 34.3055 34.3152 34.3266
 34.3382 34.3491 34.3589 34.3702 34.3824 34.3926 34.4049 34.418  34.4311
 34.445  34.4586 34.4709 34.4823 34.4957 34.507  34.5222 34.5356 34.5469
 34.559  34.5716 34.5834 34.599  34.6117 34.6243 34.6403 34.6542 34.6669
 34.6806 34.6909 34.7034 34.7187 34.7317 34.7477 34.7598 34.7726 34.7868
 34.8019 34.8177 34.8325 34.8515 34.8727 34.8975 34.9139 34.9357 34.9661
 34.9846 35.0075 35.0755 35.1104 35.3801 37.7441
41.3476 41.7077 41.7779 41.8605 41.9199 41.9498 42.0276 42.053  42.1195
 42.15   42.1825 42.2458 42.2638 42.3005 42.3233 42.3426 42.3594 42.3842
 42.4039 42.4373 42.4604 42.4831 42.5041 42.5212 42.5379 42.5537 42.5807
 42.5964 42.6119 42.6286 42.6416 42.6555 42.6686 42.6906 42.7052 42.7167
 42.7287 42.7441 42.7583 42.7707 42.7876 42.8091 42.8214 42.8324 42.8433
 42.8546 42.8638 42.8761 42.8882 42.9002 42.9135 42.9266 42.9367 42.9507
 42.9625 42.9737 42.9833 42.9928 43.0036 43.0142 43.0297 43.0405 43.0532
 43.068  43.0787 43.09   43.102  43.1133 43.1261 43.1387 43.1484 43.1597
 43.1714 43.1825 43.1926 43.2038 43.2138 43.2235 43.2336 43.2445 43.2543
 43.2637 43.2757 43.2852 43.2946 43.3064 43.3159 43.327  43.3389 43.3486
 43.3595 43.3695 43.379  43.389  43.3983 43.4086 43.4189 43.4274 43.4375
 43.447  43.4573 43.4665 43.477  43.4867 43.496  43.506  43.5155 43.5245
 43.5347 43.5451 43.5569 43.5655 43.5745 43.5841 43.5954 43.606  43.6149
 43.6244 43.6355 43.6444 43.6525 43.6629 43.6722 43.6819 43.6919 43.7019
 43.7121 43.7235 43.7344 43.7459 43.7561 43.7679 43.7778 43.7889 43.7993
 43.8105 43.8199 43.8292 43.8396 43.8506 43.8609 43.8722 43.8834 43.8941
 43.9046 43.9145 43.9263 43.9375 43.9477 43.9598 43.9749 43.9901 44.0006
 44.0134 44.0309 44.0482 44.0636 44.0768 44.0922 44.1043 44.1216 44.1361
 44.1474 44.1623 44.178  44.1916 44.2086 44.2276 44.2402 44.2544 44.2733
 44.296  44.309  44.3229 44.3416 44.3593 44.3794 44.3936 44.4102 44.4294
 44.45   44.4708 44.4944 44.5133 44.5497 44.5816 44.6031 44.622  44.6778
 44.7056 44.7328 44.7799
51.2435 51.5819 51.6215 51.6471 51.682  51.7529 51.7692 51.7887 51.8205
 51.8438 51.8601 51.877  51.8909 51.9403 51.9616 52.0051 52.0251 52.0465
 52.0682 52.0893 52.1043 52.1198 52.1331 52.1449 52.1603 52.1739 52.1865
 52.2079 52.2287 52.2416 52.2515 52.2634 52.2763 52.292  52.3048 52.322
 52.334  52.3506 52.3644 52.3758 52.3866 52.3991 52.41   52.4323 52.4467
 52.4597 52.4723 52.4827 52.4984 52.5124 52.5274 52.5408 52.5541 52.5656
 52.5781 52.589  52.6013 52.6144 52.6257 52.639  52.6511 52.6617 52.6719
 52.6843 52.6953 52.7055 52.7146 52.7235 52.7349 52.7434 52.7527 52.7612
 52.7706 52.7806 52.7949 52.8066 52.816  52.8268 52.8382 52.8502 52.8608
 52.8705 52.8793 52.8886 52.8975 52.9095 52.9193 52.9285 52.9383 52.9481
 52.9573 52.9681 52.9764 52.9872 52.9964 53.0045 53.013  53.022  53.0306
 53.04   53.0494 53.0598 53.0698 53.0786 53.0896 53.0995 53.1095 53.1188
 53.1294 53.1392 53.1501 53.1605 53.1703 53.1804 53.1911 53.201  53.21
 53.2192 53.2291 53.2385 53.2481 53.2584 53.2682 53.2791 53.2916 53.3017
 53.3138 53.3254 53.3383 53.3497 53.3624 53.3731 53.3853 53.3938 53.4039
 53.4176 53.4267 53.436  53.4462 53.4564 53.4683 53.4793 53.491  53.5034
 53.5155 53.5278 53.5399 53.5518 53.5648 53.5797 53.5918 53.6053 53.6195
 53.6349 53.6465 53.6595 53.6732 53.6874 53.701  53.7169 53.7281 53.7431
 53.7567 53.7716 53.7839 53.7986 53.8115 53.824  53.8387 53.855  53.8711
 53.8924 53.9138 53.9473 53.9634 53.9808 53.9997 54.0237 54.0442 54.0695
 54.0926 54.1142 54.1369 54.1629 54.1929 54.2789 57.4886 59.2517 59.3979
 59.9803
60.403  60.7098 60.7933 60.8364 60.8698 61.0478 61.1147 61.1524 61.1729
 61.1985 61.232  61.2568 61.3066 61.3305 61.3482 61.3706 61.3932 61.4162
 61.4382 61.4665 61.4799 61.4965 61.5127 61.5351 61.5585 61.5788 61.6037
 61.6287 61.6424 61.6597 61.6747 61.6924 61.7105 61.7241 61.7415 61.7549
 61.7685 61.7829 61.7967 61.8132 61.8288 61.8414 61.8527 61.8639 61.8744
 61.8855 61.8986 61.9094 61.9191 61.9317 61.9445 61.9615 61.9738 61.9884
 62.0012 62.0124 62.0272 62.0381 62.0509 62.0622 62.0743 62.0864 62.0974
 62.1104 62.1224 62.1335 62.1451 62.1556 62.1664 62.1784 62.1886 62.2
 62.2117 62.2224 62.2329 62.242  62.2533 62.2647 62.2752 62.2866 62.2983
 62.3085 62.3197 62.3317 62.3426 62.3519 62.3607 62.3703 62.3795 62.3918
 62.4011 62.4104 62.424  62.4351 62.4464 62.4551 62.4644 62.4764 62.4866
 62.4973 62.5095 62.5186 62.5284 62.5381 62.5475 62.5572 62.5662 62.5756
 62.5854 62.5943 62.6048 62.6178 62.6282 62.6405 62.6517 62.6614 62.6705
 62.6808 62.6908 62.7019 62.7131 62.7244 62.7372 62.7477 62.7589 62.7716
 62.7818 62.7922 62.8024 62.8137 62.8249 62.838  62.8477 62.8612 62.8716
 62.8822 62.8961 62.9105 62.9214 62.9356 62.9483 62.9593 62.9711 62.9872
 62.9991 63.013  63.0329 63.0468 63.0598 63.0725 63.0871 63.1008 63.1156
 63.1294 63.1433 63.1616 63.1767 63.1896 63.1999 63.2184 63.2387 63.2551
 63.2716 63.2902 63.3083 63.3246 63.3437 63.3677 63.3815 63.4005 63.4223
 63.4419 63.4599 63.4776 63.4999 63.5155 63.5483 63.5836 63.5999 63.6321
 66.8989 68.0739 69.6076

