12.9435 13.4745 14.2526 14.3977 14.4575 14.7756 15.0254 15.1826
23.1388 23.7332 23.8559 24.0129 24.1215 24.2829 24.3796 24.4788 24.5145
32.2279 32.2588 32.3264 32.4403 32.47   32.6445 32.6794 32.7413 32.7626
 32.7947 32.8508 32.8996 32.9467 32.9876 33.0408 33.1946
41.4018 41.5339 41.585  41.6337 41.9144 42.2275 42.3867 42.4297 42.4744
 42.6006 42.6313 42.8264 42.9178 43.0458 43.1455 48.2038
50.3841 51.4014 51.4884 51.6051 51.7249 51.7718 51.8926 51.9592 52.0425
 52.0896 52.1154 52.1786 52.2284 52.3689 52.4093 52.4582 52.493  59.0745
60.5242 60.6019 60.9428 61.2037 61.2547 61.3057 61.4044 61.8193 67.9334
 69.9519

