12.8377 13.6029 14.0328 14.2902 14.3184 14.3394 14.3758 14.4286 14.4572
 14.5097 14.5711 14.6018 14.8218 15.0159
22.2775 22.8713 23.501  23.5395 23.5657 23.8745 23.9705
30.8532 31.3391 31.4705 31.5684 31.7889 32.1703 32.2509 32.3826 32.4116
 32.5616 32.5861 32.6383 32.6655 32.753  32.8131 32.8455 32.9158 32.939
 33.0044 33.0213 39.614
41.6233 41.6648 41.8066 41.8835 42.0018 42.132  42.2772 42.4224 42.4564
 42.5413 42.6103 42.6566 42.6707 42.6884 42.7097 42.7678 43.0299 49.4037
50.958  51.0434 51.1321 51.2233 51.3757 51.5391 51.5616 51.633  51.8126
 51.84   51.917  52.0889 52.1149 52.152  52.3432
60.3227 60.7198 60.8562 60.8743 61.1923 61.3019 61.3748 61.4215 61.4907
 61.5313 61.635  61.8923 69.4699

