13.5761 13.8913 14.0433 14.1399 14.2746 14.2933 14.3643 14.4415 14.4852
 14.6006 14.6984 14.7132
21.9341 22.5888 22.7111 23.2019 23.2367 23.3138 23.376  23.4976 23.5816
 23.7611 23.7859 23.9615 24.0547
30.6963 31.1385 32.1635 32.3684 32.4013 32.5572 32.6019 32.6637 32.7898
 32.8276 33.0122 33.0695 33.2687 39.7062
40.0467 41.7749 41.9776 42.2038 42.2386 42.312  42.3502 42.6444 42.7019
 42.7412 42.7841 42.8159 42.8847 43.0237 49.1097 49.7645
51.2092 51.3117 51.3569 51.5379 51.7223 51.7547 51.8007 51.8219 51.8865
 52.0131 52.0379 52.0586 52.1175 52.1983
60.44   60.8066 61.0788 61.1415 61.278  61.3152 61.5744

