13.3454 13.4314 13.4647 13.8263 13.8684 14.0216 14.1663 14.2468 14.4453
 14.469  14.5584 14.6017
20.6571 22.7383 22.7721 22.879  22.9292 23.0589 23.1403 23.1907 23.2406
 23.2763 23.5215 23.6915
32.0917 32.173  32.5478 32.9406 32.9584 33.1148 33.1654 33.218  38.5502
40.533  40.963  41.3448 41.8998 42.1871 42.2258 42.7789 42.8219
50.7607 50.9141 51.0085 51.1139 51.2402 51.2778 51.5961 51.7724 51.8082
 58.866  58.9427
60.6199 61.0285 61.0609 61.1419 61.2338 61.2489 61.3468 61.4516 61.5392
 66.6946

