12.5419 12.8114 13.3384 13.4398 13.4833 13.5343 13.8222 13.9026 13.9382
 13.9972 14.0324 14.0775 14.1066 14.1438 14.1697 14.2088 14.2514 14.2798
 14.2977 14.3179 14.333  14.3486 14.3696 14.4077 14.4684 14.5029 14.5279
 14.5402 14.5605 14.5792 14.595  14.6065 14.6217 14.6357 14.6542 14.6738
 14.6876 14.7057 14.7226 14.7416 14.7585 14.7731 14.7884 14.8035 14.8175
 14.8335 14.8496 14.862  14.8771 14.8905 14.9019 14.9141 14.9289 14.9403
 14.9526 14.9646 14.9745 14.9856 14.9947 15.0038 15.0147 15.0306 15.0428
 15.0529 15.0637 15.074  15.0841 15.0961 15.1058 15.1169 15.1292 15.1379
 15.1509 15.1636 15.1762 15.1873 15.199  15.21   15.2191 15.2281 15.2373
 15.2469 15.2561 15.2671 15.2773 15.2879 15.2995 15.3091 15.3195 15.3295
 15.34   15.3507 15.3598 15.3711 15.3823 15.3944 15.4047 15.4151 15.4255
 15.4376 15.4473 15.4565 15.4668 15.4772 15.4866 15.4959 15.5054 15.5144
 15.5254 15.5379 15.5484 15.5589 15.5693 15.5784 15.5868 15.5957 15.6073
 15.6155 15.6256 15.6381 15.6489 15.6596 15.669  15.6782 15.69   15.701
 15.7119 15.7233 15.7332 15.7435 15.7543 15.7645 15.7756 15.7898 15.7996
 15.811  15.8218 15.8318 15.8428 15.8521 15.8622 15.8729 15.8823 15.8932
 15.9041 15.916  15.9285 15.9411 15.9525 15.9657 15.9788 15.9915 16.0058
 16.0188 16.0293 16.0431 16.0603 16.0723 16.0868 16.1006 16.1149 16.1307
 16.1569 16.1906 16.2485 16.2754 16.3025 16.3171 16.3396 16.3735 16.4474
 16.5122 16.5386 16.6188 16.6953
22.2034 23.0495 23.0954 23.1756 23.2021 23.2332 23.2606 23.3026 23.3245
 23.365  23.4071 23.4254 23.4499 23.4776 23.5048 23.5258 23.5408 23.5605
 23.5765 23.6004 23.6182 23.6329 23.6566 23.6682 23.6838 23.7014 23.7245
 23.7412 23.7595 23.7769 23.7924 23.8042 23.8173 23.8302 23.8415 23.858
 23.8738 23.8897 23.9063 23.9296 23.9424 23.958  23.9725 23.9913 24.0106
 24.0261 24.0378 24.0521 24.0652 24.0865 24.0981 24.1104 24.1225 24.1335
 24.1456 24.16   24.1727 24.1846 24.1978 24.2076 24.2188 24.2309 24.2411
 24.2523 24.2622 24.2747 24.2852 24.2961 24.3071 24.32   24.3333 24.3447
 24.3535 24.3627 24.3721 24.3827 24.3922 24.4033 24.4136 24.4258 24.44
 24.4546 24.4649 24.4762 24.4903 24.5023 24.5141 24.5247 24.5366 24.5476
 24.5587 24.5694 24.581  24.5913 24.6029 24.6133 24.6244 24.6345 24.6456
 24.6572 24.6669 24.6775 24.6907 24.7    24.7092 24.7188 24.7279 24.7384
 24.747  24.7579 24.7693 24.7813 24.7922 24.8036 24.8155 24.8273 24.8376
 24.848  24.8576 24.8687 24.8798 24.8952 24.9065 24.917  24.926  24.9361
 24.9466 24.9571 24.969  24.9808 24.9921 25.0034 25.0149 25.0254 25.0393
 25.0525 25.0652 25.0778 25.0929 25.1082 25.1279 25.1437 25.1558 25.1709
 25.186  25.199  25.2136 25.2302 25.2449 25.2787 25.3014 25.3182 25.3373
 25.3948 25.4476 25.4693 25.4934 25.5293 25.6766
30.5249 31.7727 31.8082 32.326  32.3609 32.4369 32.5101 32.5766 32.6305
 32.6569 32.6886 32.7205 32.746  32.7662 32.801  32.8165 32.8391 32.8624
 32.9031 32.93   32.9489 32.9732 32.9888 33.0055 33.0398 33.0554 33.0811
 33.0966 33.1147 33.1284 33.1433 33.1584 33.1749 33.189  33.2087 33.2205
 33.2321 33.2506 33.264  33.2773 33.2881 33.3045 33.3206 33.3325 33.35
 33.3608 33.3727 33.3858 33.4    33.417  33.432  33.4428 33.4548 33.4658
 33.4761 33.4878 33.4988 33.5112 33.5236 33.5346 33.5463 33.5581 33.5713
 33.5846 33.5975 33.6078 33.619  33.6307 33.6415 33.6513 33.6607 33.6721
 33.6813 33.6903 33.7011 33.712  33.7226 33.732  33.7413 33.7525 33.7641
 33.7739 33.7845 33.7948 33.8047 33.8153 33.8254 33.8357 33.8462 33.8563
 33.8675 33.8786 33.8889 33.8985 33.9116 33.9216 33.9321 33.9412 33.9518
 33.9618 33.9728 33.9837 33.9944 34.0044 34.0161 34.0292 34.041  34.0505
 34.0599 34.0708 34.085  34.099  34.1104 34.1213 34.1314 34.1423 34.1528
 34.1625 34.1713 34.1812 34.1911 34.2046 34.2195 34.2301 34.2419 34.2561
 34.2683 34.2816 34.2947 34.3084 34.32   34.3314 34.3413 34.3514 34.3625
 34.3766 34.3902 34.4049 34.4189 34.4321 34.4457 34.4585 34.4714 34.4958
 34.5169 34.5381 34.5537 34.569  34.589  34.6175 34.6323 34.6482 34.6632
 34.6818 34.7052 34.7232 34.7556 34.8111 34.8328 34.9118 35.0684
41.1919 41.6643 41.7475 41.8529 42.0545 42.1004 42.1654 42.1988 42.2472
 42.2856 42.3172 42.3455 42.3689 42.3857 42.4269 42.442  42.4588 42.4756
 42.5073 42.5403 42.5563 42.5745 42.5955 42.6192 42.6396 42.6621 42.6759
 42.6915 42.7079 42.7282 42.7459 42.7615 42.7876 42.8099 42.8232 42.8386
 42.8541 42.8677 42.8866 42.9075 42.9266 42.9401 42.9515 42.967  42.9794
 42.992  43.0087 43.0221 43.0431 43.0544 43.0678 43.0807 43.0912 43.1014
 43.1109 43.1204 43.1294 43.1385 43.1485 43.159  43.1693 43.1832 43.1946
 43.207  43.2177 43.2302 43.2432 43.2551 43.2665 43.2774 43.2891 43.2988
 43.308  43.3207 43.3341 43.3456 43.3569 43.3678 43.3778 43.3904 43.4031
 43.4137 43.4246 43.4344 43.4445 43.4569 43.4675 43.477  43.4873 43.4977
 43.5081 43.5181 43.5266 43.5373 43.5465 43.5565 43.5663 43.5764 43.5872
 43.5973 43.6073 43.616  43.625  43.6335 43.643  43.6535 43.6661 43.6772
 43.6955 43.7072 43.7204 43.7303 43.7411 43.7493 43.7588 43.7692 43.7802
 43.7902 43.8006 43.8109 43.8225 43.8341 43.8475 43.8589 43.8689 43.8794
 43.8913 43.9061 43.9164 43.9286 43.9403 43.9519 43.9654 43.9765 43.9946
 44.0079 44.0196 44.0301 44.043  44.0568 44.0726 44.0899 44.1045 44.119
 44.1442 44.1634 44.1797 44.1957 44.2137 44.2294 44.2555 44.2725 44.3034
 44.3242 44.3948 44.4618 44.5382 44.7249
50.1821 50.3679 50.8206 51.0446 51.142  51.1773 51.2566 51.2804 51.3149
 51.3488 51.3908 51.4496 51.4991 51.5327 51.5534 51.5764 51.6083 51.649
 51.6709 51.6938 51.7124 51.7314 51.7434 51.7723 51.7892 51.8032 51.8195
 51.8509 51.8667 51.9077 51.9254 51.9445 51.9756 51.9909 52.0064 52.0211
 52.0362 52.0482 52.0602 52.0762 52.0908 52.1038 52.1148 52.1271 52.1401
 52.1528 52.1658 52.1785 52.1886 52.2016 52.2151 52.2301 52.2434 52.2542
 52.2647 52.2762 52.2878 52.298  52.3091 52.3188 52.3289 52.3409 52.3505
 52.3615 52.3711 52.3831 52.3955 52.4052 52.4171 52.4279 52.4376 52.4465
 52.4564 52.4685 52.4778 52.4879 52.4988 52.5115 52.5218 52.5341 52.5443
 52.5541 52.5648 52.5772 52.5876 52.5977 52.6096 52.6192 52.6306 52.641
 52.6527 52.662  52.6715 52.6826 52.693  52.7034 52.7126 52.7212 52.7302
 52.7411 52.7507 52.7604 52.7694 52.7785 52.7893 52.8    52.809  52.8203
 52.8301 52.8393 52.8484 52.8589 52.8686 52.8777 52.8877 52.8981 52.9075
 52.9167 52.9265 52.9363 52.9468 52.9563 52.9656 52.9757 52.9847 52.9939
 53.0049 53.0169 53.0269 53.0384 53.0486 53.0599 53.0691 53.0792 53.0896
 53.0989 53.1091 53.1182 53.1283 53.1388 53.151  53.1606 53.1713 53.1831
 53.1952 53.2065 53.2156 53.2281 53.239  53.2496 53.261  53.2727 53.2838
 53.2965 53.3094 53.3202 53.3322 53.346  53.357  53.3697 53.383  53.3981
 53.4104 53.421  53.4357 53.4491 53.4619 53.4773 53.4962 53.5114 53.5247
 53.5425 53.5626 53.5812 53.6366 53.6681 53.6966 53.72   53.7717 53.7939
 53.8359 53.9971 54.1551 54.2216
60.3091 60.4886 60.6728 60.7717 60.8084 60.8479 60.8923 60.9227 60.9441
 60.9897 61.0041 61.0632 61.0903 61.1337 61.1649 61.1836 61.2008 61.2277
 61.2456 61.3091 61.3277 61.3584 61.3785 61.3938 61.4066 61.4196 61.4384
 61.4519 61.4667 61.4819 61.4937 61.5067 61.5181 61.5328 61.5505 61.5802
 61.5952 61.6086 61.6285 61.644  61.6557 61.6672 61.6772 61.6871 61.6994
 61.7123 61.7306 61.7426 61.7562 61.7704 61.7849 61.7979 61.8081 61.8223
 61.8411 61.8547 61.8727 61.8837 61.8948 61.9058 61.9158 61.926  61.9406
 61.9537 61.9655 61.9771 61.9912 62.0013 62.0113 62.0205 62.03   62.0417
 62.0517 62.062  62.0736 62.0847 62.0966 62.1067 62.118  62.1269 62.136
 62.1444 62.1555 62.1655 62.175  62.1842 62.195  62.2041 62.2141 62.2246
 62.2357 62.2463 62.2588 62.2699 62.2816 62.2922 62.3043 62.3159 62.3271
 62.3374 62.3486 62.3577 62.3667 62.3764 62.3861 62.3958 62.4064 62.4177
 62.4281 62.438  62.45   62.4596 62.4712 62.4809 62.4899 62.4995 62.5087
 62.5186 62.5275 62.5367 62.5458 62.5554 62.5649 62.5745 62.5845 62.5946
 62.604  62.6141 62.6258 62.6354 62.6471 62.6565 62.6686 62.6793 62.6906
 62.7004 62.7104 62.7205 62.7304 62.7419 62.7524 62.7654 62.7766 62.7907
 62.8008 62.8105 62.8199 62.8294 62.8407 62.8525 62.8634 62.8733 62.8879
 62.9014 62.9151 62.9296 62.9439 62.9637 62.9777 62.9963 63.01   63.0243
 63.0421 63.0609 63.0773 63.0946 63.1096 63.1245 63.1575 63.2338 63.2739
 63.3199 63.5149 63.6377 67.9117 68.9999

