12.515  12.5923 12.6598 12.8906 12.9134 13.1633 13.2091 13.2297 13.2616
 13.3694 13.4096 13.4285 13.4706 13.5034 13.5969 13.6939 13.7494 13.8238
 13.8515 13.9127 13.9307 13.9848 14.1105 14.2468 18.414
20.2984 21.5821 21.6334 21.9414 22.0241 22.0844 22.1304 22.1827 22.2946
 22.5672 22.6285 22.7279 22.7525 22.7747 22.7886 22.8099 22.8297 22.8573
 22.8958 23.0247 23.0473 23.2167
31.0849 31.3669 31.5141 31.5789 31.7227 31.7404 31.7651 31.795  31.8106
 31.8231 31.8403 31.8731 31.8963 31.9419 32.025  32.0504 32.0816 32.1146
 32.1313 32.148  32.2569 32.2945 32.3271 32.3528 32.4446 32.5238 37.8604
40.3313 40.4635 40.7586 40.9136 40.9619 41.1485 41.1981 41.2637 41.2885
 41.3204 41.3823 41.5057 41.5687 41.6018 41.6668 41.6913 41.7131 41.7443
 41.7682 41.7861 41.8109 41.8433 41.8628 41.8821 41.9024 41.9692 42.0312
 42.0537 49.7329
50.1164 50.2639 50.5656 50.6552 50.7351 50.8099 50.8961 50.9412 51.0475
 51.0857 51.2765 51.4939 59.0448 59.3195 59.3906 59.5798 59.7398 59.8988
60.1473 60.2792 67.6673 67.7995 67.9827 68.4634 68.8529 68.9006 68.9615
 69.0105 69.0573 69.2289 69.3386 69.4878 69.5591 69.6111 69.7172 69.8235
 69.8633

