13.1194 13.2827 13.3665 13.4924 13.5502 13.5796 13.6007 13.6401 13.6896
 13.756  13.826  19.7201
21.5815 21.7826 22.0677 22.3703 22.4099 22.473  22.6482 22.6909 22.7257
 22.7713
30.5304 30.7916 31.1474 31.1937 31.4216 31.452  31.5466 31.5784 31.6601
 31.8348 31.896  32.0606 32.2451 32.4058 38.2921
40.917  41.0463 41.1581 41.2556 41.3085 41.3307 41.5055 41.6591 41.7469
 49.3021
50.2855 50.3285 50.7426 50.8646 50.9493 51.0201 51.3113 51.3484 59.2521
 59.3484 59.4044 59.7065
60.0176 60.0947 60.2767 68.7607 69.0391 69.0996 69.1704 69.2078 69.2419

