12.3749 13.2501 13.3611 13.3829 13.5843 13.6177 13.6476 13.7097 13.7227
 13.7525 13.7904 13.8576 13.8897 13.9109 13.9315 13.9748 14.0148 14.0331
 14.198  14.2229 19.8495
22.5448 22.6046 22.6754 22.7807 22.8377 22.9135 22.9549 23.0031 23.0433
 23.0615 23.0799 23.0935 23.1129 23.1432 23.2323 23.2873 23.3082
30.8086 31.4267 31.7324 31.8385 31.858  31.8878 31.9069 31.9625 32.0053
 32.0235 32.0706 32.0986 32.1167 32.1437 32.2366 32.2953 32.3411 32.3613
 32.3825 32.3994 32.4132 32.4401 32.515  32.5978 39.7457
41.0131 41.0758 41.3919 41.4839 41.5286 41.5911 41.6146 41.7415 41.7798
 41.8055 41.852  41.9665 41.9844 42.0552 42.0825 42.14   42.1846
50.5584 50.5994 50.7099 50.7919 50.827  50.8706 50.974  51.0158 51.2612
 51.4572 51.5531 59.2356
60.031  60.0557 60.2144 60.3452 60.4458 60.4748 60.5012 67.4129 67.5862
 69.2498 69.3625 69.3885 69.4187 69.4531 69.6696 69.695  69.7495 69.7784
 69.8456 69.9113

