12.639  12.8016 13.078  13.1194 13.2589 13.3121 13.3626 13.4425 13.4748
 13.5088 13.5489 13.5727 13.6192 13.6587 13.6779 13.6968 13.7299 13.7545
 13.7736 13.8061 13.8245 13.8462 13.8822 13.9006 13.917  13.9323 13.9474
 13.9728 14.0008 14.0324 14.0477 14.0673 14.0836 14.0981 14.1383 14.1685
 14.1849 14.2017 14.2247 14.248  14.2658 14.2959 14.3164 14.3298 14.3471
 14.3619 14.3859 14.4042 14.425  14.4458 14.4645 14.4869 14.506  14.5304
 14.554  14.5691 14.5876 14.6047 14.6221 14.6381 14.6803 14.7016 14.7158
 14.7318 14.7612 14.7749 14.7905 14.8118 14.8377 14.8556 14.8796 14.8921
 14.907  14.9226 14.9496 14.9735 15.004  15.0288 15.0457 15.0633 15.08
 15.1016 15.1193 15.1468 15.1719 15.2019 15.2222 15.2483 15.264  15.3026
 15.3218 15.3485 15.3689 15.3996 15.4182 15.4564 15.4867 15.5138 15.5517
 15.5897 15.6119 15.6575 15.6889 15.7118 15.7888 15.8421 15.8956
21.2918 21.3383 21.6497 22.0622 22.2812 22.3184 22.3512 22.4614 22.5234
 22.5569 22.5964 22.6718 22.6899 22.7112 22.738  22.8009 22.8576 22.8746
 22.8953 22.9111 22.9249 22.9424 22.9576 22.9746 22.9907 23.0162 23.0305
 23.0527 23.0705 23.0872 23.1068 23.1318 23.1481 23.1706 23.1833 23.1959
 23.2082 23.2211 23.2399 23.2531 23.2673 23.2868 23.3017 23.343  23.3567
 23.3735 23.3911 23.4083 23.4248 23.4415 23.4577 23.475  23.4929 23.517
 23.5349 23.5617 23.5825 23.6018 23.6259 23.642  23.6536 23.6775 23.6978
 23.7169 23.7367 23.7604 23.7786 23.8191 23.8468 23.8835 23.9017 23.9323
 23.9511 23.9724 23.9886 24.0327 24.0548 24.0725 24.0908 24.1118 24.1377
 24.1675 24.1925 24.2116 24.2315 24.2474 24.2728 24.2895 24.3074 24.3256
 24.34   24.36   24.376  24.3904 24.4064 24.4374 24.4593 24.4822 24.5198
 24.5496 24.5655 24.5874 24.626  24.6456 24.6679 24.7283 24.7686 24.8225
 24.8515
30.688  31.0916 31.3282 31.4592 31.5083 31.5592 31.5967 31.6233 31.6433
 31.6787 31.7453 31.8018 31.8358 31.864  31.8908 31.9311 31.9548 31.9831
 32.0087 32.0224 32.0572 32.078  32.1013 32.124  32.1407 32.1583 32.1886
 32.2099 32.2281 32.2418 32.2611 32.283  32.299  32.3156 32.3499 32.3692
 32.3832 32.3992 32.4171 32.4362 32.4596 32.4793 32.4945 32.5087 32.5275
 32.5415 32.554  32.5678 32.5795 32.5904 32.604  32.6201 32.6368 32.6505
 32.6674 32.6826 32.6968 32.7144 32.73   32.7448 32.7582 32.7728 32.7881
 32.8086 32.8465 32.8612 32.8727 32.888  32.9026 32.921  32.9381 32.9569
 32.9778 32.9951 33.0111 33.0297 33.0493 33.0714 33.0939 33.1079 33.1315
 33.1564 33.1734 33.1919 33.2049 33.2225 33.2399 33.261  33.278  33.2951
 33.3124 33.3331 33.3498 33.3703 33.3917 33.4112 33.425  33.4426 33.4569
 33.4739 33.4946 33.515  33.5314 33.549  33.5645 33.5841 33.6007 33.6194
 33.6346 33.6496 33.6662 33.7112 33.7282 33.7468 33.768  33.7881 33.8139
 33.8354 33.8516 33.8687 33.8993 33.9269 33.9537 33.9812 34.0159 34.0396
 34.0814 34.1357 34.1644
40.156  40.302  41.0852 41.115  41.2762 41.3189 41.3636 41.3871 41.4172
 41.4378 41.4554 41.4874 41.5318 41.5547 41.5739 41.6242 41.6587 41.6809
 41.7025 41.7319 41.7533 41.7739 41.8006 41.8192 41.8618 41.8742 41.8921
 41.9098 41.923  41.9412 41.9609 41.9722 41.9848 41.9989 42.0105 42.0247
 42.0371 42.0585 42.0708 42.0912 42.1115 42.1357 42.1571 42.1714 42.1827
 42.1955 42.2125 42.235  42.2482 42.2613 42.2805 42.2959 42.3213 42.3369
 42.3535 42.3697 42.3969 42.4106 42.4258 42.4443 42.4578 42.4761 42.4967
 42.5158 42.5314 42.5505 42.5725 42.5898 42.6069 42.6256 42.6449 42.6559
 42.668  42.6867 42.7043 42.7241 42.7581 42.7718 42.7837 42.8083 42.8275
 42.8548 42.8826 42.9101 42.9313 42.9535 42.9686 42.9836 43.0004 43.0171
 43.0496 43.0673 43.0954 43.1126 43.1343 43.1528 43.1716 43.1949 43.2189
 43.2358 43.2536 43.2747 43.2896 43.3023 43.325  43.3544 43.3704 43.3935
 43.4102 43.4299 43.4548 43.4777 43.5159 43.5609 43.5876 43.6125 43.6354
 43.7166 43.7697 43.7981 43.9905 46.7885 49.6869
50.4158 50.6336 50.9946 51.0673 51.1667 51.1976 51.2246 51.2478 51.2775
 51.3022 51.3461 51.3637 51.4058 51.421  51.4393 51.453  51.4707 51.4904
 51.5181 51.5327 51.5494 51.5763 51.609  51.6214 51.6348 51.6517 51.6643
 51.6911 51.7105 51.7323 51.7501 51.7705 51.7846 51.7979 51.8155 51.8383
 51.8607 51.878  51.8958 51.9156 51.933  51.9496 51.9633 51.9936 52.0199
 52.0392 52.0589 52.0851 52.1021 52.1178 52.1441 52.1597 52.1804 52.1945
 52.2143 52.2325 52.2493 52.2708 52.2918 52.3074 52.3275 52.3753 52.3971
 52.4176 52.4379 52.4651 52.4925 52.5207 52.5392 52.5628 52.5835 52.6034
 52.6198 52.6441 52.6695 52.7215 52.7403 52.762  52.7859 52.8258 52.8696
 52.8885 52.9077 52.9311 52.9777 53.0237 53.0574 53.075  58.3599 58.4259
 59.0906 59.1204 59.2312 59.4073 59.5299 59.7043 59.7379 59.9399 59.9963
60.0517 60.089  60.1097 60.1465 60.1752 60.2275 60.2738 60.3058 60.3319
 60.3798 60.4124 60.4413 60.4723 60.4998 60.5637 60.6178 60.6849 60.7054
 60.7308 60.7506 60.769  60.7946 60.8228 60.8469 60.8647 60.8814 60.9007
 60.9339 60.9508 60.9661 60.994  61.0186 61.0361 61.0509 61.093  61.1155
 61.1893 61.2159 61.2514 61.273  61.2969 61.3174 61.3726 61.3932 61.4571
 61.4908 61.5309 61.5623 61.5892 61.6349 61.6763 61.712  61.7508 61.8259
 61.8462 62.0233 62.1159 64.4128 66.5969 66.6514 69.0098 69.0809 69.1604
 69.2196 69.3322 69.3586 69.3948 69.4258 69.4703 69.4866 69.5803 69.5969
 69.6334 69.6544 69.6855 69.7165 69.7304 69.7493 69.7684 69.7874 69.8245
 69.849  69.8772 69.9076 69.9251 69.9409 69.9592 69.9867

