12.4627 12.7236 13.2999 13.4308 13.4715 13.5939 13.6205 13.7173 13.7943
 13.8384 13.8816 13.9026 13.9383 13.9641 13.9945 14.0218 14.0885 14.1154
 14.1515 14.1871 14.2049 14.2356 14.2506 14.2637 14.3263 14.3421 14.362
 14.386  14.4222 14.4457 14.4595 14.4798 14.4925 14.5084 14.5293 14.5498
 14.5775 14.5906 14.6117 14.6327 14.6469 14.6622 14.6765 14.6939 14.7143
 14.7466 14.7589 14.7756 14.7918 14.8128 14.8339 14.8519 14.8679 14.8853
 14.9118 14.9249 14.938  14.9596 14.9768 14.9906 15.0068 15.02   15.0378
 15.0524 15.069  15.0829 15.0958 15.107  15.1222 15.1381 15.1542 15.1703
 15.1833 15.1961 15.2171 15.2337 15.2507 15.2676 15.2855 15.3055 15.3248
 15.3497 15.3647 15.3819 15.4092 15.4288 15.4523 15.4645 15.4943 15.5343
 15.6027 15.6263 15.6811 15.7288 15.7627 15.8318 15.8777 15.9357 15.9923
 16.1513 19.9106
22.3886 22.5056 22.6826 22.7691 22.8801 22.9754 23.1285 23.1656 23.2144
 23.2456 23.2743 23.2917 23.3261 23.3538 23.3697 23.3868 23.411  23.4495
 23.4781 23.5045 23.5254 23.5437 23.5755 23.5915 23.6072 23.623  23.6368
 23.6645 23.6821 23.7043 23.7302 23.7423 23.7584 23.7717 23.7865 23.8018
 23.8223 23.8392 23.8565 23.8698 23.8889 23.9081 23.9264 23.9405 23.9573
 23.975  23.9903 24.0106 24.0262 24.0424 24.0603 24.0751 24.0933 24.1176
 24.1385 24.1616 24.1757 24.1896 24.2014 24.2224 24.2366 24.2591 24.2731
 24.289  24.3079 24.3212 24.3366 24.3527 24.3658 24.3799 24.3939 24.4061
 24.4239 24.4378 24.4554 24.4707 24.4858 24.5018 24.5148 24.5295 24.5432
 24.5639 24.5841 24.6005 24.6189 24.6335 24.6477 24.6845 24.7022 24.7259
 24.7401 24.7606 24.7865 24.8039 24.8189 24.8364 24.8572 24.8846 24.9053
 24.9475 24.9728 25.0055 25.0303 25.071  25.0959 25.16   25.2055 25.2484
 25.3344 25.3936
30.3856 30.7411 31.4801 32.0721 32.1047 32.3527 32.4958 32.6219 32.6717
 32.7033 32.7341 32.7754 32.7975 32.826  32.8538 32.8811 32.896  32.917
 32.9446 32.9769 33.0188 33.0389 33.0632 33.1117 33.1493 33.1791 33.204
 33.2349 33.2541 33.2813 33.3143 33.3293 33.35   33.3667 33.3851 33.4062
 33.436  33.456  33.4838 33.5212 33.5499 33.5649 33.5797 33.5957 33.6249
 33.6685 33.6845 33.7026 33.7239 33.7593 33.798  33.8257 33.8605 33.8838
 33.91   33.9628 33.9835 34.0461 34.1262 34.1759 34.2549 34.322  34.4009
 34.5077 34.6218 34.72
40.1483 41.6419 41.7456 41.7863 41.8729 41.9118 41.9486 41.9714 41.9913
 42.0188 42.0357 42.0685 42.0866 42.0985 42.1139 42.1295 42.1471 42.1612
 42.1734 42.1929 42.2077 42.2297 42.2457 42.2654 42.2927 42.3098 42.3279
 42.3473 42.3589 42.3747 42.4045 42.421  42.4373 42.4582 42.4704 42.4844
 42.4979 42.513  42.5271 42.5422 42.5604 42.5756 42.5888 42.6042 42.6174
 42.6321 42.6456 42.6592 42.6733 42.6855 42.6988 42.7118 42.7292 42.7429
 42.764  42.7773 42.7875 42.8026 42.8159 42.8301 42.8494 42.863  42.8747
 42.8895 42.9089 42.9222 42.9337 42.9446 42.9572 42.9701 42.9838 43.0007
 43.0123 43.0239 43.0377 43.0484 43.0624 43.0739 43.0872 43.0979 43.1091
 43.1226 43.1358 43.15   43.1633 43.1771 43.1894 43.2023 43.2167 43.2321
 43.2504 43.2649 43.2761 43.2949 43.3153 43.331  43.3655 43.3859 43.4064
 43.4219 43.4416 43.4633 43.4922 43.5097 43.5262 43.5429 43.5696 43.6008
 43.6148 43.6463 43.6625 43.6817 43.7026 43.79   43.8292 43.8819 43.9089
 43.9393 43.9861 44.0168 44.1558
50.2099 50.3925 50.6167 50.6946 50.7459 50.7747 50.9156 50.9825 51.0193
 51.1332 51.1754 51.2247 51.2488 51.2697 51.3066 51.341  51.3874 51.4022
 51.4196 51.4482 51.4725 51.4998 51.5159 51.5328 51.5554 51.5702 51.5828
 51.5972 51.6115 51.6275 51.6495 51.6707 51.6865 51.7061 51.7197 51.7387
 51.7677 51.7996 51.8144 51.8328 51.8491 51.8679 51.8814 51.8989 51.9177
 51.9353 51.9472 51.9588 51.9714 51.9881 52.0031 52.0241 52.0441 52.0565
 52.0758 52.0913 52.1076 52.1209 52.1414 52.1573 52.1737 52.1872 52.1992
 52.2139 52.2323 52.2493 52.2686 52.2816 52.293  52.3076 52.3185 52.3343
 52.3486 52.3623 52.384  52.3997 52.4162 52.4305 52.4504 52.4655 52.4844
 52.5064 52.5319 52.5592 52.5782 52.5932 52.6199 52.6462 52.6737 52.7245
 52.7587 52.7789 52.8011 52.8212 52.8535 52.9033 52.9562 52.9774 52.9954
 53.0842 53.1475 53.2155 53.2849 59.2435 59.3601 59.3996 59.7118 59.7574
 59.9025 59.9651
60.0339 60.0838 60.1058 60.1397 60.1664 60.2077 60.2586 60.2759 60.36
 60.3826 60.4087 60.4569 60.4792 60.4969 60.5107 60.529  60.5499 60.5716
 60.5865 60.6081 60.6243 60.6384 60.6576 60.6825 60.6997 60.7139 60.7264
 60.7429 60.7559 60.768  60.7852 60.8023 60.8192 60.8375 60.8554 60.8755
 60.892  60.9101 60.9247 60.9374 60.9469 60.9603 60.9715 60.9863 61.0014
 61.012  61.0229 61.0375 61.0506 61.0666 61.0768 61.0884 61.1019 61.1157
 61.1256 61.1373 61.1515 61.1627 61.1759 61.1891 61.2019 61.2159 61.2287
 61.2405 61.254  61.2739 61.2861 61.3089 61.3258 61.3395 61.3564 61.3726
 61.3866 61.4016 61.4235 61.436  61.4495 61.4615 61.4802 61.4943 61.5081
 61.5198 61.5308 61.5434 61.5571 61.573  61.5884 61.6012 61.6137 61.6306
 61.6454 61.6665 61.6867 61.7027 61.7195 61.7376 61.7567 61.7828 61.8094
 61.8364 61.8557 61.8724 61.8975 61.9282 61.9487 61.9823 61.9964 62.019
 62.0458 62.0668 62.0865 62.1159 62.1351 62.1699 62.1939 62.2924 62.3164
 62.3731 62.4388 62.8397 67.5749 68.1478 68.4948 68.6895 68.8187 68.8413
 68.8679 68.8862 68.9763 69.0043 69.1319 69.1557 69.1947 69.2709 69.307
 69.3316 69.3717 69.3882 69.412  69.4269 69.4523 69.4685 69.488  69.5038
 69.5279 69.5398 69.563  69.5764 69.5922 69.6042 69.6154 69.629  69.6457
 69.658  69.6741 69.6891 69.7053 69.7198 69.7396 69.7515 69.7628 69.7766
 69.7918 69.8072 69.8188 69.8306 69.8432 69.8571 69.8786 69.8957 69.9115
 69.9241 69.9383 69.9512 69.9648 69.9766 69.9892

