10.7214 11.7262 12.5703 12.844  13.0795 13.1618 13.1898 13.2636 13.3724
 13.4029 13.4707 13.5141 13.5652 13.7153 13.8188 13.8786 14.0929 14.2643
 14.2884 14.3051 14.4089
21.8713 22.3667 22.4874 22.6057 22.6745 22.718  22.8048 23.0167 23.0512
 23.0929 23.1838 23.3908 23.5169
31.0336 31.4402 31.9554 32.1168 32.2159 32.3252 32.5026 32.632  32.67
 32.6927 32.8199 32.8438
40.6138 40.7977 40.8989 41.1974 41.2632 41.4295 41.4916 41.5281 41.6362
 41.6564 41.7339 41.761  41.8142 41.8764 41.9137 41.9725 42.1668
50.0526 50.4214 50.5332 50.5574 50.5888 50.7214 50.7441 50.804  50.9635
 50.9948 51.066  51.1077 51.2668 51.3042 51.3295 51.3436 58.8458 59.1724
 59.2829 59.3404 59.4965 59.5224 59.5706 59.6315 59.6617 59.7116 59.7635
 59.8263 59.9018 59.9388 59.9711 59.9981
60.067  60.2074 60.2818 60.3182 60.3442 60.5107 60.5429 60.5859 67.9314
 68.2768 68.4122 68.6052 68.8909 69.02   69.0438 69.1038 69.1221 69.188
 69.2256 69.2685 69.2984 69.3819 69.4377 69.4602 69.5536 69.5894 69.6134

