13.4709 14.3804 14.5966 14.6999
22.6729 22.7163 23.4154 23.4809 23.5062 23.5738 23.6799 23.7602 23.7926
 23.8699 24.073
31.9317 31.9854 32.0398 32.1975 32.3508 32.4206 32.6078 32.6411 32.6681
 32.6933 32.7227 32.7497 32.8125 32.952  33.1706 39.0829
41.5222 41.5937 41.7611 41.8804 41.9584 42.0198 42.0999 42.2654 42.3514
 42.3939 42.4206 42.4897 42.7458 47.9362
51.1274 51.298  51.4803 51.7826 51.8459 51.8735 51.9426 52.0668 59.0757
60.199  60.2415 60.3134 60.4124 60.6048 60.6517 60.6729 60.7781 60.8056
 60.9316 60.98   61.023  61.0857 61.1413 61.1637 61.191  67.8628

