13.2491 14.5795 14.9998
21.9491 22.8888 22.9856 23.2187 23.3396 23.5232 23.65   23.6973 23.7728
 23.8721 23.9033 23.9149 23.9343 23.969  23.9914 24.0033 24.0893 24.1133
30.5364 31.2904 32.3598 32.525  32.6192 32.6595 32.703  32.7183 32.7747
 32.7985 32.828  32.8507 32.8747 32.958  33.1308 33.1682 33.1818 33.2032
 33.2435 33.3753 33.3899 38.4028
40.8788 41.3665 41.4445 41.8219 41.9002 41.9479 42.1051 42.1227 42.1425
 42.1647 42.1841 42.2183 42.2868 42.3208 42.3343 42.3477 42.3669 42.4521
 42.477  42.4982 42.5177 42.5445 42.5678 42.5847 42.6015 42.6975 42.7236
 42.7591 42.7845 42.8476 42.8917 42.9338 42.984  43.0019 47.3944
50.3257 50.6353 50.7661 50.8876 50.9369 50.9581 51.0545 51.073  51.1292
 51.1607 51.1791 51.1999 51.2557 51.3151 51.3503 51.3774 51.3945 51.4137
 51.428  51.4446 51.4659 51.4829 51.5047 51.5186 51.5452 51.5644 51.5826
 51.6028 51.6283 51.6497 51.6689 51.6841 51.7026 51.7156 51.7302 51.7519
 51.7788 51.7908 51.8143 51.8279 51.8547 51.8717 51.8997 51.9179 51.9459
 51.9679 51.9908 52.0111 52.0271 52.0726 52.0965
60.1437 60.167  60.5922 60.6249 60.7126 60.7534 60.7702 60.7868 60.8216
 60.8946 60.9376 60.9591 60.9873 61.0305 61.0881 61.1141 61.1308 61.2418
 61.2682 61.3206 61.3861 61.4576 61.4939 61.6018 61.6563 67.0421 67.7885
 69.1213 69.7759

