11.9402 12.9709 13.6997 14.0918 14.1312 14.1838 14.2778 14.4618
21.7304 22.5155 22.8229 22.9358 23.1617 23.2271 23.302  23.3358 23.5959
 23.7337
31.5309 32.0148 32.1655 32.2784 32.3843 32.4145 32.5437 32.5705 32.5962
 38.3775 38.8087
41.2828 41.4865 41.5198 41.7698 41.8205 42.1118 48.6605
50.1161 50.1926 50.4234 50.5645 50.5959 50.7802 50.8916 50.9212 50.9777
 51.0275 51.1616 51.3662 51.3942 51.4437 51.4889 51.5295 51.5517 51.6143
 58.6689 59.3591 59.5593 59.6791 59.8662
60.0198 60.1049 60.5453 60.6679 60.6862 60.8676 65.4574 67.7596 68.3576
 68.4757 68.5418 68.7887 68.8981 69.2317 69.2616 69.4494 69.4861 69.5184
 69.5318 69.6268 69.6709

