12.6411 13.3343 13.5552 13.6818 13.77   13.8221 13.9057 13.9297 14.0521
 14.1762 14.6789
22.4573 22.6087 22.9687 23.0117 23.1063 23.2707 23.4037 23.8036
30.4677 31.1796 31.5347 31.8395 31.9903 32.0808 32.359  32.3941 32.6631
 32.7116
40.5073 40.8906 41.2515 41.2875 41.3661 41.5577 41.7602 41.8973 47.9713
50.7008 51.5176 51.5889 51.6322 51.6947 59.3146 59.5389
60.1905 60.2724 60.2993 60.3396 60.4752 60.4899 60.5762 60.6337 67.2608
 68.2803 68.4148 68.6049 68.7116 68.7428 69.0754 69.1001 69.1687 69.1985
 69.2826 69.4801 69.5039 69.5211 69.5698

