12.7698 13.1709 13.672  13.8409 13.979  14.016  14.0853 14.1049 14.1325
 14.1604 14.2046 14.2518 14.3015 14.3594 14.3881 14.4287 14.476  14.5088
 14.5568 14.5828 14.6    14.6225 14.6668 14.6874 14.704  14.736  14.754
 14.7686 14.7818 14.8208 14.8525 14.8828 14.9314 15.0117 15.0442 15.0675
 15.0828 15.1213 15.2144 15.2943 15.3566
23.0378 23.0751 23.181  23.2248 23.2654 23.2937 23.322  23.389  23.4035
 23.4378 23.4921 23.5258 23.5459 23.6007 23.6286 23.6461 23.6706 23.701
 23.7897 23.8063 23.8359 23.8856 23.9058 23.9349 23.9585 23.9896 24.0486
 24.0927 24.13   24.1477 24.1702 24.2064 24.2785 24.3545 24.3889 24.4244
 28.4147 29.8949
30.0839 31.2136 31.5747 31.7169 31.9167 32.1338 32.2757 32.3978 32.4824
 32.5181 32.5349 32.5765 32.6036 32.658  32.6748 32.6899 32.7261 32.7609
 32.7891 32.8012 32.8163 32.8369 32.8664 32.8899 32.9078 32.9413 32.9642
 32.9793 32.9941 33.104  33.1332 33.1596 33.1829 33.2064 33.2916 33.3146
 33.4093 33.4469 33.5264 33.5447 33.5679 38.3296
40.6816 40.9119 41.4238 41.4889 41.5878 41.6312 41.6978 41.8127 41.8476
 41.8808 41.9306 41.9576 41.9772 41.9973 42.0173 42.0605 42.0827 42.1052
 42.1224 42.1383 42.1575 42.1704 42.2016 42.2241 42.2389 42.2568 42.2737
 42.3081 42.3208 42.3362 42.3606 42.3846 42.4106 42.4321 42.4693 42.4856
 42.5178 42.5585 42.6269 42.6528 42.6864 42.7827 42.8684
50.9578 51.0703 51.1197 51.3539 51.3829 51.4144 51.5022 51.5927 51.6235
 51.6616 51.6807 51.7075 51.8159 51.834  51.8496 51.8722 51.9056 51.9317
 51.9486 51.9637 51.9861 52.0008 52.0178 52.0382 52.0561 52.072  52.1139
 52.1385 52.1878 52.2564 52.3347 52.5576 56.1537 59.5605 59.6872 59.9348
60.2213 60.3197 60.3524 60.3807 60.5138 60.5545 60.5727 60.6708 60.6972
 60.7267 60.7706 60.7946 60.8354 60.8544 60.8773 60.9139 60.9789 61.0024
 61.0285 61.0419 61.0679 61.0863 61.1043 61.1227 61.1519 61.1724 61.1941
 61.2318 61.2447 61.2677 61.3509 61.4105 61.4479 68.5847 68.7275 68.941
 68.9833 69.0315 69.1494 69.1702 69.1889 69.2353 69.2587 69.2814 69.2968
 69.3143 69.3289 69.3489 69.3844 69.4397 69.4654 69.5005 69.5319 69.5799
 69.6149 69.6541 69.7111 69.7328 69.7645 69.7824 69.8064 69.8259 69.8446
 69.8765 69.8959 69.9148 69.9604 69.9764 69.9898

