13.3237 13.4468 13.5144 13.6189 13.6737 13.738  13.7745 13.8527 13.9858
 14.0147 14.0839 14.1044 14.1249 14.1711 14.1906 14.2324 14.2654 14.2842
 14.3272 14.3417 14.3619 14.381  14.4182 14.4383 14.4639 14.4809 14.4987
 14.5207 14.5499 14.5626 14.5749 14.5929 14.6054 14.6222 14.6343 14.6521
 14.6653 14.6802 14.6911 14.705  14.7175 14.7314 14.748  14.7628 14.7777
 14.7915 14.8085 14.8237 14.8364 14.8471 14.8591 14.8748 14.8864 14.8995
 14.9111 14.9262 14.9427 14.9562 14.9666 14.9797 14.9933 15.0107 15.0226
 15.0336 15.0475 15.059  15.0698 15.0817 15.0977 15.1128 15.127  15.145
 15.1593 15.1699 15.1824 15.1975 15.2085 15.2191 15.2347 15.2469 15.2597
 15.2787 15.2932 15.305  15.3188 15.3368 15.3518 15.3744 15.3935 15.4106
 15.4343 15.4566 15.4729 15.4908 15.5048 15.5204 15.5444 15.5618 15.5895
 15.6057 15.6179 15.6294 15.6472 15.667  15.6811 15.7005 15.7169 15.7295
 15.7467 15.7621 15.7826 15.8026 15.8176 15.8309 15.8497 15.868  15.8864
 15.9024 15.923  15.9376 15.9524 15.987  16.0079 16.0283 16.0437 16.0818
 16.1475 16.1749 16.2107 16.2303 16.2604 16.2799 16.3239 16.3542 16.3808
 16.4021 16.4663 16.5158 16.5783
21.2042 21.8135 22.6906 22.9026 22.9579 23.0446 23.0743 23.1169 23.1563
 23.1886 23.2351 23.2639 23.2866 23.3037 23.329  23.354  23.3778 23.3997
 23.4188 23.4376 23.4601 23.4758 23.506  23.5214 23.5485 23.5684 23.5851
 23.5964 23.615  23.6318 23.6545 23.6674 23.7064 23.7376 23.749  23.7596
 23.7771 23.7922 23.8069 23.8205 23.8344 23.8459 23.8595 23.8733 23.8852
 23.9014 23.9135 23.9303 23.9446 23.9591 23.9736 23.9874 23.9994 24.0128
 24.0234 24.0346 24.0484 24.0605 24.0831 24.0968 24.1114 24.132  24.1496
 24.1641 24.1749 24.1887 24.2026 24.2132 24.2276 24.2391 24.2549 24.2676
 24.2811 24.2926 24.305  24.318  24.3331 24.3467 24.3596 24.3728 24.3885
 24.4081 24.4225 24.4515 24.4682 24.4837 24.4943 24.5069 24.5207 24.5331
 24.544  24.5587 24.5859 24.6072 24.6282 24.6428 24.6789 24.6985 24.7223
 24.7434 24.7624 24.8013 24.8257 24.8495 24.9035 24.9301 24.9611 24.9832
 25.0094 25.0269 25.0491 25.0633 25.0797 25.1104 25.1328 25.1535 25.1841
 25.2192 25.2508 25.2737 25.3201 25.3589 25.5218 25.5747 25.6545 25.7528
31.3582 31.5913 31.7625 31.8794 31.9018 32.0565 32.1545 32.1795 32.2101
 32.2547 32.2803 32.3404 32.4087 32.4648 32.5038 32.5247 32.5534 32.572
 32.5852 32.6035 32.6215 32.6383 32.6505 32.6711 32.6837 32.7011 32.7156
 32.7305 32.7491 32.7611 32.7732 32.7871 32.8013 32.8136 32.8305 32.844
 32.8598 32.8718 32.8842 32.895  32.9069 32.9177 32.9302 32.9441 32.9541
 32.9656 32.9762 32.987  32.9987 33.0113 33.0219 33.0328 33.0435 33.054
 33.0663 33.0759 33.0897 33.1019 33.1137 33.1245 33.1347 33.1461 33.1597
 33.1698 33.1783 33.1888 33.1993 33.2091 33.2201 33.2308 33.2402 33.2521
 33.2621 33.2726 33.2861 33.2975 33.308  33.3189 33.3285 33.3382 33.3482
 33.3581 33.3696 33.3804 33.3908 33.4029 33.4118 33.4206 33.4338 33.4473
 33.4596 33.47   33.4798 33.4938 33.506  33.5204 33.5351 33.5444 33.5548
 33.5664 33.5838 33.6    33.6186 33.6326 33.6485 33.6596 33.6703 33.6827
 33.7024 33.7183 33.7316 33.7455 33.7626 33.7868 33.8003 33.8144 33.8289
 33.8421 33.8551 33.8723 33.8924 33.9418 33.9581 33.9755 33.992  34.0109
 34.0247 34.0474 34.0763 34.1087 34.1256 34.139  34.1563 34.177  34.1929
 34.216  34.2356 34.2548 34.2844 34.3201 34.3408 34.3644 34.4023 34.4355
 34.4547 34.4733 34.4995 34.5236 34.5517 34.6045 34.6438 34.6694 34.8743
40.46   40.8289 40.9346 41.0987 41.1449 41.1753 41.2726 41.3051 41.3418
 41.3808 41.4611 41.4831 41.5157 41.5518 41.6024 41.6456 41.687  41.7125
 41.7379 41.7697 41.8197 41.8462 41.8615 41.8828 41.9045 41.9215 41.9409
 41.9551 41.9678 41.9859 42.0019 42.0158 42.0474 42.0599 42.0749 42.0938
 42.109  42.1195 42.1315 42.1444 42.1651 42.1814 42.1974 42.2098 42.2225
 42.2347 42.2551 42.2687 42.2795 42.2963 42.3056 42.3162 42.3281 42.338
 42.3482 42.3607 42.3707 42.3839 42.3948 42.4052 42.4159 42.4249 42.4346
 42.4471 42.4627 42.4785 42.4906 42.5015 42.5136 42.5256 42.5354 42.5461
 42.5559 42.5705 42.5811 42.5935 42.608  42.6193 42.6318 42.6425 42.6529
 42.6649 42.6757 42.6878 42.6983 42.7087 42.7207 42.7318 42.7429 42.7542
 42.7655 42.7757 42.787  42.8019 42.8119 42.8218 42.8321 42.8429 42.8534
 42.8668 42.8762 42.885  42.8949 42.9071 42.9211 42.9352 42.9493 42.9642
 42.9745 42.991  43.0052 43.0166 43.0287 43.041  43.055  43.0653 43.0782
 43.0909 43.1073 43.1223 43.1352 43.1531 43.1698 43.1835 43.1951 43.2078
 43.2238 43.2436 43.2621 43.2745 43.2901 43.3111 43.3275 43.3407 43.3553
 43.3724 43.3871 43.4124 43.4267 43.4401 43.4593 43.4793 43.506  43.524
 43.5565 43.5796 43.5963 43.6303 43.6517 43.6701 43.6907 43.7253 43.7516
 43.7825 43.8048 43.8247 43.8424 43.8828 43.9059 43.934  43.9617 44.0096
 44.1021 44.2814 48.1956 48.3155
50.2715 50.8189 50.8597 50.9465 51.0028 51.0373 51.0808 51.1562 51.1965
 51.2407 51.2743 51.328  51.3446 51.3607 51.4016 51.4205 51.4366 51.4597
 51.4792 51.4943 51.5137 51.5356 51.5543 51.5676 51.5833 51.5976 51.6194
 51.6372 51.6533 51.6697 51.6854 51.7021 51.7222 51.7372 51.7528 51.7676
 51.784  51.8079 51.8221 51.8335 51.8474 51.8605 51.8762 51.8879 51.9002
 51.9117 51.9251 51.9372 51.9523 51.9648 51.9749 51.9864 51.9964 52.0092
 52.0256 52.0392 52.0513 52.0632 52.0746 52.0856 52.0992 52.1105 52.1227
 52.1373 52.1519 52.1671 52.1779 52.1903 52.2031 52.2143 52.2272 52.2449
 52.2573 52.2696 52.2847 52.2996 52.3112 52.3261 52.3426 52.36   52.3756
 52.3962 52.4085 52.42   52.4358 52.4486 52.461  52.476  52.4924 52.508
 52.528  52.5601 52.5796 52.6027 52.6185 52.6461 52.6656 52.6885 52.7159
 52.7404 52.7593 52.7824 52.8113 52.8467 52.8709 52.9155 52.9342 52.972
 52.9929 53.0322 53.076  53.1262 53.1541 53.1745 53.1904 53.2329 53.2825
 53.3043 53.3268 53.3579 53.3839 53.4185 53.4596 53.4937 53.5769 58.0248
 59.6844 59.8338 59.9124
60.0189 60.0517 60.0811 60.1357 60.1682 60.2218 60.2575 60.3215 60.3528
 60.3735 60.4046 60.4218 60.4609 60.4837 60.5027 60.5221 60.5411 60.5617
 60.5831 60.5986 60.6168 60.6382 60.6522 60.6732 60.6893 60.7021 60.7177
 60.7307 60.7438 60.7581 60.7697 60.7854 60.8049 60.8217 60.8379 60.8548
 60.8657 60.8773 60.8888 60.899  60.9099 60.9207 60.9327 60.9435 60.9564
 60.9673 60.9827 60.9937 61.0051 61.0148 61.0272 61.0399 61.0533 61.0656
 61.0759 61.0874 61.0988 61.1121 61.1234 61.1331 61.1428 61.1542 61.167
 61.1762 61.187  61.197  61.2075 61.2181 61.2294 61.239  61.2482 61.2586
 61.2683 61.2773 61.2885 61.2992 61.3095 61.3199 61.3308 61.3424 61.3542
 61.3652 61.3761 61.3869 61.3965 61.4057 61.4171 61.426  61.4374 61.4575
 61.47   61.4807 61.4935 61.5043 61.5164 61.5285 61.5385 61.5542 61.5654
 61.5783 61.5897 61.6019 61.6136 61.6238 61.6379 61.6517 61.6671 61.6787
 61.6919 61.7115 61.7298 61.7453 61.7606 61.7751 61.7882 61.8062 61.8203
 61.833  61.8481 61.8611 61.8745 61.8957 61.9141 61.9365 61.9534 61.9686
 61.9853 62.0009 62.0168 62.0307 62.047  62.0666 62.0833 62.1043 62.1209
 62.1397 62.1703 62.1951 62.2143 62.2369 62.2559 62.2904 62.3148 62.3435
 62.3816 62.4117 62.4407 62.4605 62.5031 62.5378 62.5675 62.6333 62.658
 62.7589 62.8107 62.8709 68.0908 68.2432 68.2872 68.6671 68.727  68.8464
 68.9422 68.9915 69.0356 69.0585 69.0803 69.1705 69.2256 69.2439 69.2647
 69.2947 69.3276 69.3415 69.3606 69.3781 69.4012 69.4278 69.442  69.4593
 69.4818 69.4965 69.5094 69.5253 69.5433 69.5804 69.5971 69.6131 69.6262
 69.6399 69.6534 69.6672 69.6793 69.6932 69.7036 69.7212 69.7355 69.7477
 69.7611 69.7762 69.7885 69.8017 69.8138 69.8254 69.8381 69.8513 69.8621
 69.8729 69.8831 69.8956 69.9083 69.9187 69.9293 69.941  69.9521 69.9655
 69.9784 69.9892

