13.4222 14.0805 14.1246 14.1631 14.1995 14.2315 14.2555 14.2765 14.3699
 14.3912 14.4126 14.4388 14.4838 14.5091 14.5206 14.5367 14.5545 14.5678
 14.5829 14.6054 14.6253 14.6456 14.6638 14.6766 14.7287 14.7476 14.7682
 14.7801 14.8096 14.831  14.8446 14.8669 14.8884 14.9305 14.9559 14.9746
 14.9911 15.0111 15.025  15.0463 15.0637 15.1244 15.1654 15.1889 15.2156
 15.399
20.7019 22.7736 22.9089 22.9729 23.1655 23.1875 23.2384 23.2585 23.3133
 23.3456 23.3971 23.4452 23.4868 23.4998 23.5364 23.6194 23.6434 23.6706
 23.6947 23.7156 23.7548 23.786  23.8376 23.854  23.8752 23.8969 23.9203
 23.9498 23.9743 23.9893 24.013  24.0383 24.0686 24.1007 24.1199 24.1773
 24.2111 24.292
31.0689 31.3737 31.5515 31.8965 32.1569 32.3109 32.3937 32.4508 32.4834
 32.5201 32.5365 32.5586 32.5827 32.6112 32.6332 32.6522 32.6687 32.6882
 32.7081 32.7388 32.7619 32.8049 32.8194 32.8454 32.8664 32.8815 32.9174
 32.9312 32.9537 32.9794 32.9923 33.0168 33.0352 33.0637 33.0848 33.1301
 33.1468 33.1665 33.1931 33.2246 33.2597 33.2824 33.3001 33.3275 33.3941
 33.448
40.7463 41.2287 41.3009 41.3879 41.5725 41.629  41.6627 41.7116 41.7384
 41.7605 41.7895 41.8155 41.8403 41.8593 41.8819 41.9498 41.9937 42.0073
 42.0273 42.0487 42.0659 42.09   42.1125 42.1349 42.1682 42.1808 42.1947
 42.2197 42.2385 42.2565 42.2723 42.2893 42.3183 42.34   42.3585 42.376
 42.3939 42.4082 42.4197 42.4344 42.4472 42.4662 42.4856 42.5256 42.5377
 42.5714 42.6068 42.6225 42.6361 42.6637 42.6867 42.7094 42.7627 42.8748
50.6974 50.9451 50.9682 51.1117 51.2221 51.293  51.345  51.4344 51.4806
 51.5019 51.5579 51.629  51.6441 51.6816 51.7165 51.7897 51.8366 51.8652
 51.8831 51.9306 51.9545 51.9855 52.0088 52.0558 52.1007 52.1267 52.1606
 52.2379 52.3788 59.5005
60.0177 60.1445 60.1739 60.1899 60.2226 60.2765 60.3091 60.3589 60.3875
 60.4356 60.4609 60.4769 60.4917 60.5282 60.5455 60.5664 60.5857 60.5997
 60.6224 60.6355 60.7246 60.742  60.7616 60.7773 60.7949 60.8113 60.827
 60.8436 60.8591 60.8703 60.8876 60.9221 60.9466 60.9676 60.9848 61.0037
 61.0197 61.0449 61.065  61.0928 61.1167 61.1359 61.1539 61.1709 61.1907
 61.2261 61.257  61.2955 61.3294 61.3464 61.3849 61.4244 68.521  68.5719
 68.8247 68.936  68.9894 69.0779 69.1049 69.1505 69.2721 69.308  69.3287
 69.3531 69.3767 69.3933 69.417  69.4558 69.4746 69.4981 69.5216 69.5694
 69.5912 69.6171 69.648  69.673  69.6952 69.7091 69.7412 69.7682 69.7838
 69.7961 69.8316 69.8486 69.8637 69.9146 69.9322 69.949  69.9617 69.9732
 69.9964

