14.6104 14.7234 14.7471 14.8264 14.851  15.0168 15.1027 15.1734 15.1937
 15.3685
21.7529 23.7031 23.8389 24.3204 24.7919 24.828  24.911  24.9537 24.9885
 25.0108 25.0587 25.15
30.8573 32.5452 32.746  33.5614 33.7209 33.834
42.4703 42.5096 42.6838 42.8312 42.9441 42.972  42.9894 43.4143 49.8884
51.0156 51.3415 51.6219 51.9837 52.0433 52.0909 52.1785 52.2052 52.31
 52.3324 52.349  52.3677 52.4048 52.4527 52.5232 52.5595 59.9873
60.1175 60.6248 60.7471 60.9025 60.9345 60.9589 61.0798 61.1107 61.2295
 61.2955 61.5857 69.7778

