12.1817 14.0357 14.0898 14.2028 14.2338 14.2938 14.3201 14.4021 14.4743
 14.5342 14.5745 14.6287 14.6595 14.6889 14.7159 14.7431 14.7729 14.808
 14.8303 14.8635 14.8847 14.9355 14.9576 14.9826 14.9963 15.0144 15.0294
 15.0573 15.0774 15.0926 15.1162 15.1363 15.159  15.1734 15.1882 15.204
 15.2216 15.2375 15.2669 15.2806 15.3076 15.3239 15.3366 15.3533 15.3826
 15.3987 15.4281 15.4438 15.4604 15.4774 15.4892 15.5046 15.5217 15.5387
 15.5618 15.5796 15.5995 15.6202 15.6409 15.6597 15.6839 15.7196 15.7531
 15.7729 15.7897 15.8044 15.8207 15.8607 15.8877 15.9111 15.9283 15.9733
 16.0245 16.0438 16.0688 16.1459 16.1835
23.1894 23.4825 23.5782 23.7315 23.8196 23.8973 23.9283 23.9712 24.0517
 24.0848 24.2234 24.2416 24.3322 24.3558 24.4025 24.4606 24.5095 24.5485
 24.5715 24.6117 24.6394 24.6614 24.6814 24.7101 24.7313 24.7948 24.8116
 24.8408 24.8593 24.896  24.9166 24.9456 24.9686 24.9876 25.0067 25.0217
 25.0392 25.062  25.087  25.101  25.1165 25.1337 25.1505 25.1674 25.189
 25.2037 25.2177 25.2341 25.2519 25.2686 25.2956 25.326  25.3511 25.3716
 25.4048 25.4223 25.447  25.4604 25.4841 25.5317 25.5661 25.6453 25.668
 25.7117 25.7294 25.7969 25.867  25.9121 26.1234
30.9103 31.5288 32.2087 32.4597 32.5493 32.7788 32.8878 32.9549 33.1805
 33.2914 33.3836 33.5369 33.5744 33.5932 33.6613 33.6958 33.7247 33.7437
 33.7663 33.7949 33.8126 33.8426 33.8651 33.8833 33.9031 33.9211 33.9369
 33.9651 33.9873 34.0032 34.0332 34.0566 34.0754 34.0912 34.1118 34.1244
 34.1393 34.1592 34.1743 34.1934 34.2101 34.2265 34.2419 34.2552 34.2775
 34.2962 34.3148 34.3368 34.3595 34.3766 34.406  34.4256 34.4474 34.4719
 34.4997 34.5288 34.5767 34.5972 34.6245 34.6429 34.6748 34.6983 34.7152
 34.7315 34.751  34.7685 34.805  34.825  34.8705 34.9028 34.9193 34.9778
 35.126  35.1921 35.2841 38.3506
41.568  41.7744 41.8889 41.9787 42.0678 42.1158 42.1786 42.3476 42.3757
 42.4331 42.4739 42.5066 42.5869 42.6337 42.6989 42.7376 42.7576 42.7699
 42.7877 42.8109 42.8487 42.8965 42.9194 42.9413 42.9557 42.9779 43.0006
 43.0276 43.047  43.064  43.0824 43.1047 43.1268 43.1416 43.1675 43.1791
 43.1959 43.2097 43.2322 43.2512 43.2697 43.2921 43.3197 43.3378 43.3688
 43.3892 43.4024 43.4218 43.4334 43.4458 43.4571 43.4731 43.4925 43.5094
 43.5318 43.547  43.5596 43.5737 43.5931 43.6169 43.6435 43.6685 43.6831
 43.7001 43.7177 43.7319 43.7505 43.7673 43.7801 43.7966 43.8181 43.8331
 43.8473 43.8677 43.8848 43.9005 43.9258 43.9445 43.9587 43.9708 44.0041
 44.0489 44.0817 44.1177 44.1449 44.1617 44.199  44.2206 44.2524 44.3505
 44.3969
50.7835 51.0304 51.1012 51.2935 51.3868 51.5116 51.5785 51.7128 51.7864
 51.8109 51.8408 51.8688 51.8919 51.933  51.9507 51.9838 52.031  52.0675
 52.0854 52.1024 52.1279 52.1464 52.166  52.1808 52.2074 52.2191 52.2327
 52.2477 52.2636 52.2777 52.3166 52.3314 52.3477 52.3676 52.3808 52.4027
 52.4277 52.4384 52.4586 52.482  52.496  52.5131 52.5303 52.5445 52.56
 52.5782 52.599  52.6212 52.644  52.6613 52.6775 52.6938 52.7057 52.7218
 52.7344 52.7516 52.7645 52.7796 52.7982 52.8144 52.8316 52.8506 52.8668
 52.8781 52.8941 52.9046 52.9185 52.9363 52.9509 52.9634 52.9752 52.9889
 53.003  53.0202 53.0344 53.0468 53.0589 53.0725 53.0912 53.1131 53.1354
 53.1539 53.1719 53.1868 53.2154 53.2374 53.2582 53.2745 53.2924 53.333
 53.3577 53.3868 53.4039 53.4186 53.444  53.4639 53.494  53.5224 53.5639
 53.6039 53.6369 53.6593 53.718  53.7529 53.8339 59.5271 59.8922
60.2264 60.3263 60.3729 60.4313 60.4955 60.5509 60.5765 60.5963 60.6292
 60.6801 60.7217 60.7421 60.7726 60.8232 60.8393 60.8725 60.8922 60.9108
 60.9238 60.9383 60.9595 60.9816 60.997  61.0455 61.0615 61.0798 61.0918
 61.1072 61.1238 61.1396 61.1626 61.1752 61.1911 61.2069 61.2293 61.2466
 61.2616 61.278  61.3054 61.321  61.3429 61.3611 61.3737 61.3894 61.4041
 61.416  61.4263 61.4413 61.4554 61.471  61.4834 61.4983 61.5124 61.53
 61.5459 61.5643 61.5801 61.5996 61.6139 61.6333 61.654  61.6705 61.6829
 61.6992 61.7195 61.7342 61.7464 61.7679 61.78   61.7917 61.805  61.8188
 61.8291 61.8442 61.8697 61.881  61.8927 61.9085 61.9239 61.936  61.9508
 61.9628 61.9873 62.0045 62.018  62.0307 62.0495 62.0772 62.0951 62.1118
 62.1245 62.1433 62.1606 62.179  62.1956 62.2094 62.2342 62.2475 62.2718
 62.2928 62.3172 62.3332 62.3489 62.3644 62.3893 62.4301 62.4582 62.5052
 62.5229 62.5472 62.6738 62.7895 63.0212 68.8998 69.274  69.4279 69.4674
 69.9157

