11.9406 13.7369 13.9106 14.0298 14.0741 14.1208 14.157  14.1889 14.2431
 14.2826 14.3339 14.3572 14.4305 14.46   14.5048 14.5488 14.569  14.597
 14.6212 14.6368 14.6484 14.6647 14.6785 14.691  14.7278 14.7492 14.7659
 14.7849 14.8014 14.8223 14.8385 14.8545 14.864  14.8802 14.9061 14.9267
 14.9406 14.9549 14.9683 14.986  14.9971 15.0072 15.0205 15.0373 15.0553
 15.0716 15.0854 15.0976 15.1086 15.1237 15.1492 15.1603 15.1724 15.1823
 15.201  15.2148 15.2268 15.2533 15.2727 15.2866 15.3028 15.3247 15.3398
 15.367  15.3854 15.4079 15.4476 15.4666 15.4795 15.4923 15.507  15.5174
 15.5585 15.5862 15.6943 18.8583
22.6089 23.0843 23.169  23.4125 23.6015 23.6847 23.7513 23.7823 23.8087
 23.8576 23.8796 23.9165 23.9393 23.9695 23.9824 24.0078 24.0222 24.0466
 24.0645 24.0868 24.1094 24.1245 24.1448 24.1636 24.181  24.1998 24.2121
 24.2243 24.2363 24.2489 24.2671 24.2797 24.2916 24.3029 24.3141 24.3265
 24.3386 24.3493 24.3602 24.3717 24.3853 24.3989 24.4165 24.4296 24.4396
 24.4486 24.4603 24.4773 24.4953 24.506  24.5201 24.5337 24.5445 24.5592
 24.5698 24.585  24.599  24.6105 24.6227 24.6337 24.6453 24.6551 24.6669
 24.6888 24.6988 24.71   24.7213 24.7337 24.7444 24.7564 24.7684 24.7828
 24.7986 24.8128 24.8248 24.8357 24.8475 24.8569 24.8752 24.8936 24.9169
 24.9406 24.9618 24.9962 25.0089 25.0338 25.0679 25.2629 29.3025
31.0748 32.0034 32.2809 32.3658 32.5968 32.6367 32.6672 32.7805 32.8667
 32.9705 33.0299 33.0762 33.0962 33.127  33.1791 33.2036 33.2165 33.2367
 33.2579 33.2849 33.3012 33.3166 33.3409 33.3565 33.3741 33.3885 33.4053
 33.4255 33.4376 33.4521 33.4698 33.4826 33.5008 33.5128 33.5305 33.5435
 33.5602 33.5717 33.5862 33.6004 33.6248 33.64   33.6506 33.6632 33.6772
 33.6897 33.7009 33.7141 33.7265 33.7389 33.7487 33.7597 33.7693 33.7806
 33.7913 33.8015 33.817  33.8295 33.8386 33.8476 33.8611 33.8718 33.8816
 33.8956 33.9141 33.9263 33.938  33.9489 33.9616 33.9761 33.9864 34.0021
 34.0159 34.0263 34.0353 34.0455 34.0576 34.0765 34.1049 34.1228 34.1434
 34.1606 34.1791 34.1924 34.2129 34.2294 34.2709 34.3049 34.3559
41.4675 41.8223 42.3072 42.3566 42.4083 42.4362 42.4602 42.5109 42.5387
 42.5824 42.617  42.6411 42.6586 42.6804 42.7193 42.7478 42.7891 42.8225
 42.8374 42.8551 42.8771 42.891  42.9153 42.9356 42.9616 42.9898 43.0069
 43.0247 43.0381 43.0678 43.0807 43.1001 43.1168 43.1308 43.149  43.1697
 43.1851 43.1968 43.2059 43.225  43.2416 43.2575 43.2718 43.2851 43.2978
 43.31   43.3323 43.3444 43.371  43.3856 43.397  43.422  43.4333 43.4446
 43.464  43.4973 43.5181 43.5311 43.5445 43.5569 43.569  43.5805 43.5958
 43.626  43.6662 43.6881 43.7087 43.7246 43.7504 43.8116 43.9501 49.8076
50.7356 50.8784 51.0786 51.2116 51.6018 51.664  51.7198 51.8149 51.8362
 51.8693 51.8901 51.9255 51.9497 51.9898 52.0143 52.0307 52.0472 52.1079
 52.1335 52.1481 52.1645 52.1786 52.1971 52.2111 52.2245 52.2417 52.2519
 52.2695 52.2796 52.2907 52.3023 52.3205 52.3401 52.3519 52.3666 52.3796
 52.391  52.4033 52.4172 52.4294 52.4406 52.4524 52.4775 52.4924 52.503
 52.5155 52.5303 52.5423 52.5547 52.5666 52.5775 52.5882 52.5992 52.6143
 52.6247 52.6371 52.653  52.664  52.6731 52.6854 52.6973 52.7127 52.7249
 52.7371 52.7488 52.7585 52.7699 52.7808 52.7899 52.8008 52.8134 52.8234
 52.8372 52.8515 52.8614 52.8727 52.8842 52.8993 52.9127 52.9246 52.9353
 52.9449 52.9605 52.9727 52.9837 52.9985 53.0139 53.0253 53.0361 53.0505
 53.064  53.074  53.0847 53.0965 53.108  53.1249 53.1492 53.1654 53.1825
 53.1928 53.2059 53.2194 53.2323 53.2584 53.3064
60.1495 60.8148 60.876  60.9134 61.0976 61.1669 61.2052 61.2488 61.2716
 61.3532 61.3688 61.3908 61.4127 61.4635 61.4881 61.5177 61.5586 61.5751
 61.6016 61.625  61.641  61.6531 61.67   61.6921 61.7097 61.7258 61.7477
 61.7707 61.7837 61.7984 61.813  61.8268 61.8447 61.8604 61.8727 61.8869
 61.899  61.9169 61.9382 61.9536 61.9702 61.985  62.     62.0133 62.024
 62.0416 62.0557 62.0813 62.113  62.1289 62.1599 62.175  62.2169 62.2573
 62.2737 62.2987 62.3294 62.3469 62.3921 62.4432 62.4746

