12.9423 13.4755 13.6763 13.9586 14.0575 14.2733 14.3236 14.3655 14.4102
 14.4416 14.5015 14.6383 14.6688 14.7162 14.7769 14.7968 14.8169 14.8313
 14.8466 14.8586 14.8812 14.9069 14.9241 14.9506 14.9647 14.9787 14.9909
 15.0035 15.0202 15.0338 15.0491 15.0737 15.0905 15.1041 15.1187 15.1384
 15.1694 15.1894 15.2021 15.2153 15.2333 15.2493 15.2619 15.2769 15.2911
 15.3063 15.3233 15.3367 15.3487 15.3628 15.3736 15.3866 15.4022 15.4177
 15.4337 15.4523 15.4654 15.4793 15.4948 15.5151 15.5293 15.5415 15.5536
 15.5661 15.5791 15.5933 15.6065 15.6224 15.6377 15.6525 15.6636 15.6759
 15.6872 15.6976 15.7084 15.7187 15.7288 15.74   15.7532 15.765  15.781
 15.7908 15.8018 15.8143 15.8281 15.8381 15.8491 15.8669 15.879  15.893
 15.9038 15.9142 15.9265 15.9389 15.9483 15.9635 15.9762 15.9903 16.0021
 16.0161 16.0268 16.0379 16.0533 16.0677 16.0865 16.1012 16.1171 16.1442
 16.1603 16.1748 16.1901 16.2028 16.2209 16.2362 16.2506 16.2688 16.2822
 16.3035 16.3227 16.3428 16.3596 16.3787 16.3948 16.4196 16.4369 16.4557
 16.4747 16.5174 16.5403 16.5685 16.5872 16.6189 16.6441 16.6764 16.7047
 16.7688 16.892  16.9568 17.1015
21.6506 21.8777 22.6673 23.1439 23.1846 23.2715 23.3538 23.6119 23.6768
 23.6984 23.7169 23.7547 23.7874 23.8179 23.8451 23.8598 23.8825 23.8995
 23.9242 23.9525 23.9868 24.0071 24.0192 24.0378 24.0628 24.0831 24.1004
 24.1154 24.1294 24.1499 24.181  24.1964 24.2288 24.2426 24.2581 24.2752
 24.2971 24.3209 24.3335 24.3455 24.3594 24.3719 24.3853 24.4021 24.4177
 24.4298 24.4452 24.4593 24.4708 24.4846 24.4948 24.5092 24.5239 24.5355
 24.5501 24.5643 24.5755 24.5857 24.596  24.6083 24.622  24.6321 24.6432
 24.6564 24.6689 24.6813 24.6941 24.7064 24.7171 24.7294 24.7405 24.7519
 24.7632 24.7751 24.7848 24.7958 24.807  24.8193 24.83   24.8436 24.8566
 24.8666 24.8784 24.8907 24.9003 24.9123 24.9261 24.9371 24.9492 24.9611
 24.974  24.985  24.9959 25.0084 25.02   25.0288 25.0372 25.0482 25.0584
 25.0695 25.0805 25.0893 25.1014 25.1131 25.1257 25.1368 25.1489 25.1591
 25.1714 25.1836 25.198  25.2087 25.2186 25.2289 25.2389 25.2495 25.2599
 25.2698 25.2793 25.2908 25.3015 25.3111 25.3216 25.3352 25.3492 25.3602
 25.3696 25.3829 25.3953 25.407  25.4178 25.4307 25.4431 25.4535 25.4669
 25.4783 25.4916 25.51   25.5229 25.5388 25.5506 25.5644 25.5782 25.5889
 25.6024 25.6131 25.6259 25.6408 25.6561 25.6733 25.6861 25.6978 25.7114
 25.7263 25.7443 25.7615 25.7769 25.7908 25.8055 25.8186 25.8299 25.8435
 25.8636 25.8782 25.893  25.9131 25.9304 25.9482 25.9609 25.9786 25.9925
 26.0157 26.0371 26.0589 26.0786 26.1011 26.1198 26.1436 26.1955 26.2256
 26.2715 26.2942 26.3879 26.4212 26.4735 26.5652
31.2896 31.6679 31.9689 32.2337 32.3245 32.4985 32.5719 32.641  32.893
 32.9487 33.0274 33.0685 33.1089 33.1277 33.1752 33.2059 33.25   33.2705
 33.2901 33.3215 33.3492 33.3675 33.4397 33.4674 33.4822 33.4995 33.5216
 33.5348 33.5554 33.5682 33.5844 33.6007 33.6152 33.6304 33.6422 33.6548
 33.6697 33.6851 33.7046 33.7235 33.7365 33.7539 33.7738 33.7846 33.7989
 33.8182 33.8407 33.8542 33.8671 33.8866 33.9008 33.9165 33.9274 33.9403
 33.9579 33.9726 33.9835 33.9989 34.011  34.0222 34.0351 34.0462 34.0583
 34.073  34.0873 34.1014 34.1108 34.1221 34.1337 34.1446 34.1548 34.1666
 34.1775 34.1886 34.2031 34.2161 34.2285 34.2487 34.2642 34.2798 34.2938
 34.3066 34.3189 34.3309 34.3437 34.3596 34.3709 34.3828 34.3941 34.4076
 34.4197 34.4302 34.4412 34.4514 34.4627 34.4754 34.4894 34.4994 34.5087
 34.5199 34.5353 34.5512 34.5648 34.5759 34.5852 34.5966 34.6072 34.6163
 34.6255 34.6361 34.6484 34.6607 34.6725 34.6855 34.7007 34.7117 34.7248
 34.7352 34.7467 34.7571 34.7696 34.782  34.796  34.8068 34.8195 34.8346
 34.8484 34.8586 34.8697 34.8813 34.8928 34.9064 34.9212 34.9341 34.9488
 34.9636 34.9798 34.9922 35.0022 35.0151 35.0272 35.0421 35.0617 35.0791
 35.0947 35.1081 35.1286 35.1455 35.1607 35.1742 35.2002 35.2155 35.232
 35.2545 35.2766 35.2967 35.3222 35.3397 35.3648 35.3837 35.4168 35.4368
 35.4557 35.5101 35.5336 35.5697 35.6113 35.6953 35.7503 35.9421 39.3779
 39.7669
41.9015 42.1056 42.2378 42.2878 42.3454 42.4019 42.4559 42.521  42.5918
 42.6643 42.6861 42.7088 42.7465 42.7674 42.7852 42.8206 42.8455 42.8875
 42.9003 42.9206 42.9403 42.9628 42.9774 42.9925 43.008  43.0212 43.0701
 43.0931 43.1071 43.131  43.1454 43.1677 43.1839 43.198  43.2154 43.2265
 43.2384 43.2534 43.2647 43.2777 43.2927 43.3099 43.3334 43.3468 43.3642
 43.3747 43.3862 43.3985 43.4101 43.4258 43.4412 43.4553 43.4704 43.4855
 43.4973 43.5122 43.5239 43.5374 43.5511 43.5637 43.5774 43.5944 43.6085
 43.6246 43.6402 43.6498 43.6634 43.6795 43.6929 43.7064 43.7167 43.7294
 43.7419 43.7565 43.7754 43.7916 43.807  43.821  43.8346 43.8469 43.8584
 43.8704 43.8809 43.8946 43.9087 43.9234 43.9357 43.9467 43.9573 43.9672
 43.9796 43.9908 44.0037 44.0155 44.0271 44.0413 44.0538 44.0665 44.077
 44.0867 44.103  44.1129 44.1231 44.1351 44.1485 44.1603 44.1761 44.1882
 44.2026 44.2184 44.2332 44.248  44.2594 44.2717 44.285  44.2974 44.3092
 44.3244 44.3389 44.3522 44.3685 44.3861 44.3997 44.4203 44.4379 44.4498
 44.4645 44.4768 44.4953 44.5086 44.5217 44.5371 44.5509 44.567  44.5801
 44.5969 44.6118 44.6358 44.6606 44.6784 44.7059 44.7268 44.7617 44.7998
 44.8269 44.8594 44.9238 44.9455 44.9774 45.0098 45.0379 45.1383
50.2879 50.3792 51.1501 51.5308 51.6579 51.7435 51.7974 52.002  52.0986
 52.137  52.1511 52.1744 52.1935 52.2151 52.2389 52.2676 52.2921 52.3172
 52.3487 52.3678 52.3926 52.4353 52.4699 52.4839 52.5085 52.5235 52.5494
 52.57   52.5868 52.6013 52.6168 52.6338 52.6503 52.6699 52.7063 52.7257
 52.7394 52.7517 52.7661 52.7791 52.791  52.8047 52.8259 52.8368 52.8475
 52.8611 52.8767 52.8914 52.9017 52.9149 52.9257 52.9367 52.9501 52.9608
 52.9756 52.99   53.0014 53.0147 53.0354 53.0449 53.0551 53.0656 53.0811
 53.0973 53.107  53.1229 53.1336 53.1473 53.1574 53.1693 53.1802 53.1913
 53.2004 53.2111 53.2256 53.2388 53.2533 53.2672 53.2783 53.2882 53.2975
 53.3079 53.3177 53.3285 53.341  53.3511 53.3617 53.3753 53.3873 53.399
 53.4117 53.4236 53.4339 53.4446 53.459  53.4712 53.4847 53.4937 53.504
 53.5137 53.5243 53.5353 53.5483 53.5605 53.5718 53.5833 53.5937 53.6052
 53.6173 53.6293 53.6418 53.6509 53.6631 53.6744 53.6853 53.6968 53.7069
 53.7195 53.732  53.7454 53.7597 53.7706 53.7831 53.7955 53.8077 53.8213
 53.8353 53.8483 53.8585 53.8733 53.8856 53.897  53.9082 53.9219 53.9317
 53.9452 53.9574 53.9683 53.9823 53.9976 54.013  54.0258 54.0405 54.0559
 54.0731 54.0898 54.1026 54.1177 54.1337 54.1459 54.1591 54.1774 54.1934
 54.2109 54.2295 54.2482 54.2779 54.2982 54.3208 54.3399 54.3598 54.3837
 54.4164 54.4413 54.4648 54.4945 54.5368 54.5711 54.6137 54.6995 59.7087
60.1648 60.3268 60.4545 61.0491 61.1683 61.2494 61.3178 61.3434 61.3669
 61.3916 61.4087 61.4306 61.4719 61.4938 61.5609 61.589  61.6125 61.6345
 61.656  61.6916 61.7208 61.7456 61.76   61.7854 61.8049 61.8232 61.8383
 61.8633 61.8913 61.9192 61.9384 61.9519 61.9634 61.9752 61.9916 62.0061
 62.0208 62.0335 62.0525 62.0691 62.0823 62.0974 62.1116 62.1217 62.1336
 62.1448 62.1561 62.1675 62.1802 62.194  62.209  62.2209 62.2352 62.2563
 62.2697 62.2836 62.2975 62.3154 62.3271 62.3394 62.3536 62.367  62.382
 62.3941 62.4066 62.4205 62.4381 62.4543 62.4733 62.4865 62.5034 62.517
 62.5291 62.5397 62.5507 62.5616 62.5736 62.587  62.5997 62.6122 62.6247
 62.637  62.652  62.6651 62.6784 62.6919 62.7097 62.7272 62.7439 62.7585
 62.7765 62.7898 62.8026 62.8165 62.8319 62.8433 62.8618 62.8741 62.8871
 62.9009 62.9189 62.9455 62.9599 62.9729 62.9863 63.0059 63.0233 63.0375
 63.0497 63.0675 63.0924 63.1311 63.1494 63.1823 63.2021 63.2294 63.2467
 63.261  63.293  63.318  63.3424 63.3613 63.4062 63.4263 63.4579 63.4886
 63.5319 63.5562 63.6478 63.8107 69.4929

