13.7335 13.8079 13.8772 14.0352 14.0607 14.0925 14.7596 14.8212
22.5021 23.2372 23.3259 23.3694 23.4557 23.5331 23.5765 23.6221 23.7183
 23.7479 23.7766 23.8157 23.8515 23.8774 23.9086 23.9274 23.9577 24.002
 24.0246 24.0658 24.1093 24.2052 24.2915
32.5895 32.6754 32.9316 32.9625 33.0705 33.0887 33.2178 33.3008 33.4517
 33.5257 33.7492
42.0039 42.1479 42.4079 42.4511 42.5153 42.6219 42.6772 42.7662 42.8212
 42.9672 43.0442 43.0945 43.1173
51.58   52.1824 52.4418 52.4647 59.0804
60.4869 60.874  60.9646 61.0891 61.3355 61.3611 61.5974 61.7059 61.7265
 69.6098

