13.3705 13.9215 14.0604 14.2188 14.3565 14.4123 14.4367 14.4706 14.5268
 14.5516 14.6292 14.656  14.6878 14.7063 14.725  14.741  14.7581 14.7709
 14.8061 14.8322 14.8543 14.8711 14.8877 14.9068 14.9238 14.9523 14.9757
 14.9953 15.0131 15.0313 15.0467 15.0621 15.0742 15.0919 15.1025 15.1173
 15.1313 15.1491 15.1674 15.1814 15.1957 15.2111 15.2243 15.2415 15.2547
 15.268  15.2788 15.2915 15.3042 15.3182 15.33   15.3504 15.3652 15.3801
 15.3902 15.4049 15.4164 15.4272 15.4377 15.4491 15.4615 15.4726 15.4836
 15.4976 15.5101 15.5206 15.5333 15.545  15.5611 15.5749 15.5889 15.5987
 15.6106 15.6229 15.6385 15.6487 15.6626 15.6766 15.693  15.7043 15.7171
 15.7288 15.7427 15.7563 15.7689 15.7807 15.7921 15.8082 15.8223 15.8378
 15.8481 15.8585 15.8692 15.8814 15.8906 15.9027 15.9147 15.9262 15.9398
 15.951  15.9655 15.9803 15.9945 16.0103 16.0321 16.049  16.0632 16.0775
 16.0928 16.108  16.1215 16.1386 16.1598 16.1757 16.1988 16.2134 16.2351
 16.2706 16.2896 16.3163 16.3411 16.4031 16.4373 16.4827 16.5044 16.5415
 16.578  16.6546
22.8603 23.5434 23.6989 23.7553 23.7928 23.8163 23.8648 23.8823 23.9186
 23.9356 23.9674 23.9866 24.0513 24.0701 24.0905 24.1093 24.1344 24.1559
 24.1691 24.1847 24.1986 24.2167 24.2344 24.2464 24.2713 24.2939 24.3152
 24.3309 24.3454 24.3605 24.3798 24.396  24.4143 24.4303 24.4426 24.4553
 24.4751 24.4877 24.5023 24.5187 24.5307 24.5439 24.5599 24.5743 24.5865
 24.6037 24.6167 24.6286 24.64   24.6528 24.6655 24.6745 24.6863 24.6965
 24.7081 24.7196 24.7313 24.742  24.7539 24.7694 24.7812 24.7927 24.8032
 24.8151 24.8259 24.8402 24.8517 24.8618 24.873  24.8832 24.8927 24.9041
 24.9136 24.9254 24.9361 24.9462 24.9549 24.9649 24.9755 24.985  24.9958
 25.0052 25.0155 25.0266 25.0398 25.051  25.0636 25.0751 25.0886 25.1008
 25.1134 25.1266 25.1396 25.1495 25.1598 25.1713 25.1857 25.1961 25.2065
 25.2176 25.2271 25.2366 25.2479 25.2577 25.2678 25.2786 25.2898 25.3001
 25.3113 25.3226 25.3354 25.3479 25.3612 25.3724 25.383  25.3975 25.4105
 25.4241 25.4354 25.4472 25.466  25.4801 25.4911 25.5027 25.5135 25.5255
 25.5382 25.5499 25.5625 25.5786 25.5955 25.6087 25.6272 25.646  25.6575
 25.6731 25.6867 25.7023 25.7254 25.7412 25.7641 25.7819 25.7976 25.8169
 25.84   25.8755 25.9029 25.933  25.9579 25.9915 26.0358 26.1146
32.2157 32.5113 32.5558 32.6442 32.6604 32.9171 32.9478 33.0555 33.1497
 33.1858 33.2141 33.2365 33.2624 33.2798 33.2999 33.3316 33.347  33.372
 33.3988 33.4373 33.4678 33.4898 33.5097 33.5274 33.5444 33.5723 33.5891
 33.6015 33.6222 33.6369 33.6539 33.6649 33.6815 33.6976 33.713  33.729
 33.7449 33.7558 33.7745 33.7862 33.8025 33.8154 33.8263 33.8451 33.8601
 33.8736 33.8919 33.9066 33.92   33.9306 33.9444 33.9609 33.9724 33.9867
 33.9981 34.0122 34.0245 34.0385 34.0531 34.0703 34.0844 34.0948 34.1052
 34.1158 34.1278 34.1431 34.1567 34.1671 34.1824 34.1986 34.2095 34.2248
 34.2374 34.2459 34.2551 34.2647 34.2759 34.2866 34.2975 34.3111 34.3235
 34.3337 34.3464 34.3578 34.3692 34.381  34.3925 34.4053 34.4159 34.4291
 34.4388 34.4487 34.4578 34.4687 34.4778 34.4878 34.4985 34.5106 34.5222
 34.5326 34.546  34.5578 34.5689 34.5828 34.5932 34.6068 34.6217 34.6367
 34.6522 34.6641 34.6822 34.6964 34.7091 34.7191 34.7316 34.7452 34.7576
 34.7699 34.792  34.8093 34.8242 34.8366 34.8492 34.8619 34.8826 34.9049
 34.922  34.9453 34.9609 34.982  35.0019 35.0362 35.052  35.0686 35.0855
 35.1209 35.1828 35.2138 35.2486 35.2798 35.3036 35.3531 35.4165
40.5615 41.3967 42.2368 42.3195 42.3441 42.4706 42.5006 42.5724 42.6186
 42.6507 42.6923 42.7579 42.7852 42.8559 42.8886 42.9071 42.9499 42.9912
 43.0156 43.0316 43.0516 43.0711 43.0912 43.1098 43.1309 43.1569 43.1744
 43.191  43.2061 43.2244 43.2476 43.2651 43.2887 43.3062 43.3186 43.3323
 43.3485 43.3653 43.3813 43.3958 43.4083 43.4213 43.4331 43.4474 43.4637
 43.4736 43.4866 43.4992 43.5099 43.5203 43.5314 43.5458 43.5579 43.5706
 43.5821 43.5941 43.6083 43.6178 43.6286 43.6388 43.6517 43.6637 43.6789
 43.6902 43.7002 43.7123 43.7227 43.7332 43.7427 43.7523 43.7622 43.7744
 43.7866 43.7996 43.8115 43.8305 43.8419 43.8533 43.8644 43.8756 43.8864
 43.8972 43.9081 43.9208 43.9338 43.9464 43.9575 43.9703 43.9826 43.9946
 44.0055 44.0176 44.0293 44.04   44.0516 44.065  44.0774 44.0894 44.1024
 44.1174 44.1344 44.1501 44.1634 44.179  44.1934 44.2067 44.2209 44.2355
 44.2487 44.2641 44.2758 44.2879 44.3025 44.3164 44.3302 44.3425 44.3577
 44.3765 44.3918 44.4066 44.424  44.4468 44.4662 44.4931 44.5134 44.5375
 44.556  44.5824 44.6059 44.6364 44.6776 44.7626 44.8098 47.2578 49.8065
50.866  51.5017 51.7291 51.7627 51.8299 51.9124 51.9738 51.9972 52.1072
 52.1543 52.1775 52.2084 52.229  52.2494 52.2687 52.2843 52.3266 52.3615
 52.3807 52.3978 52.414  52.435  52.4482 52.4617 52.4734 52.4922 52.5039
 52.5222 52.5325 52.543  52.5593 52.5803 52.594  52.6128 52.6284 52.6419
 52.6542 52.672  52.6846 52.7032 52.7158 52.729  52.7397 52.752  52.7694
 52.7805 52.7942 52.8086 52.8251 52.8362 52.8457 52.8567 52.871  52.885
 52.8967 52.9069 52.9182 52.9331 52.9448 52.9557 52.9659 52.9755 52.9852
 52.997  53.0082 53.0221 53.0351 53.0467 53.0584 53.0685 53.0784 53.0898
 53.1007 53.1108 53.1203 53.1292 53.1413 53.1513 53.1603 53.1719 53.1848
 53.1955 53.205  53.2159 53.2279 53.2402 53.2506 53.2617 53.2727 53.2853
 53.2973 53.3099 53.324  53.338  53.3498 53.3588 53.3692 53.3802 53.39
 53.4039 53.4147 53.4287 53.4393 53.4511 53.4637 53.4764 53.4875 53.4991
 53.5125 53.5237 53.5349 53.5477 53.5594 53.5713 53.585  53.5973 53.6097
 53.6248 53.6387 53.6529 53.6662 53.6789 53.6915 53.7058 53.7189 53.731
 53.7452 53.7596 53.7762 53.7892 53.8045 53.8244 53.8399 53.859  53.8807
 53.8974 53.9136 53.9556 53.974  53.9954 54.036  54.0573 54.0952 54.1278
 54.1735 54.2028 54.2552
60.5544 60.7722 60.9842 61.0632 61.1569 61.2139 61.3159 61.3552 61.3893
 61.4146 61.4518 61.4888 61.511  61.5661 61.6087 61.623  61.6369 61.6572
 61.7181 61.7547 61.771  61.7893 61.8047 61.8235 61.8635 61.885  61.9034
 61.9214 61.9405 61.959  61.9749 61.9908 62.0019 62.0131 62.0278 62.0478
 62.0611 62.0789 62.09   62.1051 62.1178 62.1364 62.153  62.1698 62.1889
 62.2124 62.2346 62.2485 62.2704 62.2823 62.2962 62.3076 62.325  62.3383
 62.3486 62.3641 62.3739 62.3843 62.4011 62.4163 62.4314 62.4459 62.4589
 62.4714 62.4887 62.5007 62.5154 62.5331 62.5501 62.5608 62.5715 62.5847
 62.6093 62.6214 62.6321 62.6468 62.6572 62.6729 62.6893 62.6989 62.7143
 62.7333 62.7482 62.7614 62.7819 62.8027 62.8235 62.8407 62.8589 62.8739
 62.8908 62.9085 62.9287 62.9464 62.9737 62.9898 63.008  63.0382 63.0552
 63.0877 63.1106 63.1273 63.1475 63.1801 63.2025 63.2349 63.2873 63.3524
 63.4011 63.4693 63.5184

