11.9791 13.0946 13.2094 13.4859 13.7154 13.7586 13.872  13.9393 14.2328
 14.2631 14.2767 14.3298 14.3504 14.3815 14.4109 14.4607 14.4895 14.5357
 14.5792 14.6031 14.6349 14.6562 14.7219 14.749  14.7838 14.8227 14.8386
 14.8499 14.8681 14.8845 14.9042 14.9327 14.9575 15.0216 15.0372 15.0509
 15.0691 15.0904 15.1091 15.1372 15.1493 15.1723 15.205  15.2202 15.2434
 15.2865 15.3235 15.3771 15.397  15.4755 15.4973
22.1057 22.8674 23.0127 23.0942 23.3081 23.525  23.5963 23.615  23.6681
 23.8019 23.8666 23.8926 23.968  24.0043 24.0627 24.0955 24.1277 24.1546
 24.1812 24.2372 24.2537 24.2753 24.3007 24.3542 24.3843 24.4077 24.4296
 24.4564 24.4729 24.4961 24.5254 24.5471 24.5625 24.5772 24.5919 24.6152
 24.6275 24.6595 24.6707 24.6896 24.7055 24.742  24.7562 24.7719 24.7986
 24.8174 24.8288 24.8438 24.8597 24.8729 24.8986 24.9144 24.9311 24.9518
 24.9965 25.0118 25.0419 25.0706 25.085  25.1092 25.1958 25.2455
32.3057 32.3515 32.7544 33.1668 33.3807 33.4258 33.5086 33.5471 33.5699
 33.6269 33.6658 33.6808 33.7239 33.7566 33.7883 33.8121 33.8263 33.8431
 33.8981 33.9227 33.9516 34.0053 34.0239 34.0367 34.0566 34.0994 34.1159
 34.1443 34.1946 34.273  34.2876 34.3044 34.3258 34.3444 34.4326 34.4465
 34.4847 34.5325 34.6524
40.1256 40.8711 41.8475 42.2022 42.3042 42.5381 42.6425 42.7507 42.8278
 42.8685 42.9198 43.0299 43.0553 43.1062 43.1277 43.1487 43.2012 43.2421
 43.2867 43.3532 43.3664 43.4505 43.4936 43.5061 43.5493 43.5629 43.6086
 43.6221 43.6527 43.6827 43.7527 43.7776 43.8038 43.8257 43.8997 43.925
 44.038  44.1278
51.1918 51.4549 51.581  51.6838 51.7117 52.0501 52.1883 52.2237 52.2667
 52.2945 52.4216 52.438  52.4703 52.49   52.5142 52.5416 52.5589 52.5783
 52.5991 52.6115 52.6348 52.6839 52.7035 52.7219 52.75   52.7711 52.814
 52.9035 52.9279 52.9464 52.9709 52.9859 53.0086 53.0314 53.0976 53.1714
 53.3377 53.3617 58.3418 59.3546 59.9652
60.2211 60.4082 60.7295 60.7838 60.8397 60.8888 60.9257 60.9539 61.0494
 61.0733 61.0877 61.1343 61.1879 61.2098 61.2537 61.2718 61.3043 61.3494
 61.3675 61.3817 61.4449 61.4652 61.4793 61.5079 61.5235 61.6124 61.6267
 61.6446 61.669  61.7028 61.7189 61.7345 61.7679 61.7961 61.8098 61.8457
 61.891  61.9175 61.9317 61.9467 61.9856 62.1951 62.3553 66.4149 67.3969

