11.8161 12.6454 13.8767 13.9915 14.0109 14.1259 14.257  14.3301 14.3789
 14.4651 14.4983 14.5649 14.7036 14.7186 14.7378 14.8311 14.8685 14.895
 15.0044 15.0184 15.0513 15.0656 15.0888 15.1285 15.1567 15.181  15.2197
 15.2375 15.4045
24.0417 24.1116 24.1396 24.3526 24.3783 24.4059 24.4426 24.4808 24.5262
 24.5744 24.6263 24.687  24.7106 24.7515 24.8156 24.8411 24.8675 24.9095
 24.958  24.9857 25.0076 25.1109
32.9645 33.3565 33.3788 33.4114 33.4886 33.6857 33.8308 33.9287 33.9703
 34.0143 34.0364 34.1189 34.2087 34.3407
41.9876 42.7046 42.9599 43.1433 43.2489 43.3548 43.4001 43.5055 43.6403
 43.6674 43.7887
52.2305 52.2698 52.3589 52.6678 52.7136 52.7797 52.8149 52.9148 53.0674
 53.1047
60.8292 61.1625 61.3355 61.4824 61.5868 61.6248 61.6426 61.7247 61.742
 61.7668 61.7956 61.8609 61.8945 61.9117 61.9321 61.9419 61.9899 69.8518

