13.1157 13.9436 14.0277 14.0819 14.1243 14.2231 14.2749 14.2926 14.3516
 14.396  14.4819 14.5036 14.5171 14.5451 14.5699 14.5899 14.6156 14.6546
 14.6727 14.6943 14.7177 14.7345 14.7544 14.7689 14.7865 14.8004 14.8205
 14.8641 14.8791 14.8919 14.9077 14.9237 14.9408 14.9629 14.9841 15.0058
 15.0217 15.0422 15.0595 15.0757 15.0944 15.1107 15.1434 15.1628 15.1787
 15.1963 15.2136 15.2283 15.2425 15.2584 15.2724 15.2847 15.305  15.325
 15.3455 15.3619 15.3805 15.4038 15.4215 15.4368 15.4551 15.4724 15.4891
 15.5236 15.5386 15.5618 15.5804 15.6429 15.6625 15.6794 15.7072 15.7251
 15.7416 15.7612 15.7732 15.7858 15.8041 15.8306 15.8481 15.864  15.8852
 15.9051 15.9243 15.9627 15.9813 16.006  16.0237 16.0425 16.0608 16.0738
 16.0926 16.1147 16.1356 16.171  16.1921 16.2122 16.2328 16.2466 16.2664
 16.2877 16.3072 16.3277 16.3433 16.3593 16.3776 16.4013 16.4569 16.4844
 16.5306 16.5597 16.5799 16.6063 16.638  16.6645 16.6937 16.7173 16.7525
 16.7921 16.8199 16.9151 16.9503
20.4708 23.1029 23.1239 23.1434 23.2075 23.2628 23.3295 23.4001 23.4406
 23.4577 23.4819 23.5004 23.5222 23.5507 23.5859 23.6045 23.6223 23.641
 23.6545 23.672  23.7009 23.7155 23.7307 23.7588 23.7765 23.7927 23.8078
 23.8228 23.8349 23.8544 23.8729 23.8914 23.9043 23.9171 23.9309 23.9453
 23.958  23.9731 23.9854 23.9969 24.011  24.0247 24.0363 24.0594 24.0741
 24.0935 24.1128 24.1294 24.1446 24.1596 24.1759 24.1936 24.2125 24.2269
 24.2428 24.2551 24.268  24.2838 24.2973 24.3121 24.3283 24.3464 24.3699
 24.3854 24.4036 24.4147 24.4259 24.4485 24.4618 24.4784 24.4944 24.5157
 24.5296 24.5428 24.5585 24.5769 24.5962 24.6121 24.6273 24.6426 24.6556
 24.6771 24.6946 24.7086 24.723  24.7384 24.7546 24.7693 24.7834 24.7964
 24.8191 24.8335 24.8506 24.8701 24.885  24.8981 24.912  24.9252 24.9376
 24.9504 24.9635 24.9747 24.9891 24.9995 25.0138 25.0282 25.0415 25.0544
 25.0666 25.0835 25.0968 25.1121 25.1256 25.1396 25.1517 25.1651 25.1782
 25.1905 25.2045 25.2197 25.2384 25.2514 25.2702 25.2813 25.2944 25.3073
 25.3217 25.3354 25.3513 25.3635 25.3764 25.3896 25.4061 25.4203 25.436
 25.4528 25.4692 25.4824 25.4965 25.5099 25.5273 25.5503 25.5671 25.5842
 25.5996 25.6162 25.6343 25.6472 25.66   25.6756 25.693  25.7158 25.7364
 25.7551 25.7741 25.7911 25.8184 25.8421 25.8669 25.9023 25.9251 25.9658
 25.9956 26.0578 26.1206
31.0776 31.8077 31.9239 31.9788 32.1235 32.1607 32.1948 32.2217 32.2484
 32.2866 32.3041 32.3283 32.3497 32.373  32.4113 32.447  32.4611 32.4776
 32.497  32.5123 32.5321 32.5497 32.5704 32.5869 32.6078 32.6242 32.6435
 32.6551 32.6702 32.6833 32.7018 32.7191 32.7385 32.7776 32.7914 32.816
 32.8322 32.8437 32.8561 32.8692 32.8811 32.8946 32.9088 32.9218 32.9358
 32.9486 32.9596 32.9707 32.985  32.9991 33.0139 33.0343 33.0486 33.0632
 33.0777 33.094  33.1062 33.126  33.148  33.1709 33.1996 33.2214 33.2347
 33.2478 33.2662 33.278  33.293  33.3067 33.3196 33.3338 33.3488 33.3659
 33.3794 33.3951 33.4094 33.4222 33.4389 33.4543 33.4759 33.4955 33.5069
 33.5195 33.5362 33.5519 33.5643 33.5794 33.5934 33.6071 33.6234 33.6356
 33.6496 33.6648 33.6817 33.6957 33.7144 33.7287 33.7425 33.7566 33.7767
 33.7907 33.8051 33.8149 33.8282 33.8408 33.8543 33.8698 33.8876 33.9004
 33.9148 33.9289 33.9428 33.956  33.9694 33.984  33.9972 34.0091 34.0204
 34.0352 34.0481 34.0668 34.0821 34.0971 34.1118 34.1263 34.1436 34.1584
 34.1735 34.1907 34.2067 34.2233 34.2431 34.2571 34.2722 34.2871 34.3041
 34.319  34.3325 34.3476 34.3628 34.3768 34.3924 34.4053 34.4193 34.4323
 34.4504 34.4668 34.4842 34.5006 34.5168 34.5351 34.5524 34.5702 34.5873
 34.6078 34.6249 34.6532 34.6807 34.7064 34.7359 34.7569 34.7855 34.8149
 34.8584 34.8799 34.9123 34.9994
40.7555 40.9618 41.2118 41.2852 41.4723 41.5147 41.5349 41.5597 41.6138
 41.6427 41.6913 41.7243 41.7399 41.7632 41.7909 41.8117 41.8409 41.8859
 41.9062 41.9458 41.9893 42.0137 42.0298 42.0454 42.0631 42.0906 42.1107
 42.1258 42.1541 42.1718 42.1951 42.209  42.2235 42.2487 42.2719 42.2957
 42.3249 42.3471 42.3592 42.3706 42.3871 42.4119 42.4355 42.4567 42.4744
 42.4903 42.5125 42.5323 42.5669 42.5985 42.6369 42.6611 42.6869 42.7058
 42.7276 42.7522 42.7699 42.8029 42.8185 42.8409 42.862  42.8778 42.8979
 42.9178 42.9427 43.004  43.0275 43.1487 43.1695 43.2074 43.2277 43.2609
 43.3009 43.3366 43.3598 43.386  43.4327 43.4732 43.5156 43.5349 43.5856
 43.6073 45.3104 49.3035 49.8796
50.1625 50.2574 50.2909 50.3145 50.3487 50.4117 50.4645 50.5377 50.5589
 50.5852 50.6036 50.6264 50.6492 50.662  50.6862 50.7106 50.7277 50.7545
 50.7699 50.785  50.8068 50.8252 50.8398 50.856  50.8727 50.8917 50.9063
 50.9239 50.9435 50.9571 50.9731 50.9982 51.0103 51.0292 51.0438 51.0637
 51.0774 51.0912 51.1063 51.1222 51.138  51.1504 51.1641 51.1858 51.1979
 51.2123 51.2299 51.245  51.2633 51.284  51.2969 51.3112 51.3281 51.3459
 51.3589 51.3741 51.3934 51.4092 51.4284 51.4523 51.4642 51.478  51.4945
 51.5134 51.5327 51.5487 51.5707 51.5978 51.6185 51.6332 51.6512 51.6748
 51.6902 51.7054 51.7239 51.7404 51.753  51.7709 51.7937 51.8078 51.8254
 51.8447 51.8643 51.8863 51.9061 51.9257 51.9432 51.9666 51.9998 52.0155
 52.0396 52.0564 52.0852 52.1018 52.1194 52.1312 52.1468 52.1659 52.1862
 52.2048 52.2228 52.2447 52.2637 52.2783 52.2934 52.3227 52.3537 52.3706
 52.3908 52.4059 52.4317 52.4529 52.4666 52.4812 52.5023 52.5175 52.5381
 52.5657 52.5815 52.5984 52.625  52.6566 52.677  52.6966 52.7188 52.7855
 52.8182 52.8696 52.9359 53.0681 58.1607 58.2852 58.6442 58.7115 58.7497
 58.8954 58.9527 59.0228 59.0439 59.071  59.1372 59.1869 59.2215 59.238
 59.2602 59.2797 59.2978 59.3136 59.3408 59.3617 59.3888 59.409  59.4339
 59.4511 59.4646 59.4795 59.4966 59.5107 59.5299 59.5486 59.5603 59.5789
 59.5931 59.6138 59.6264 59.6449 59.6628 59.6773 59.6916 59.7032 59.7167
 59.7297 59.7452 59.7616 59.7776 59.79   59.8052 59.8212 59.8355 59.8518
 59.8631 59.879  59.9021 59.9168 59.9339 59.9474 59.9615 59.9759 59.9861
60.0003 60.0192 60.0371 60.0499 60.0703 60.0879 60.1056 60.1195 60.1403
 60.1542 60.1711 60.1868 60.2012 60.2201 60.238  60.2525 60.2654 60.2792
 60.2917 60.3104 60.3226 60.3364 60.3526 60.3696 60.3889 60.4129 60.4268
 60.4423 60.4589 60.4739 60.488  60.5045 60.5167 60.5343 60.5539 60.5715
 60.5853 60.6018 60.6163 60.6332 60.6482 60.6618 60.6799 60.6933 60.7126
 60.727  60.7555 60.7787 60.7942 60.811  60.8285 60.8456 60.8619 60.8843
 60.9013 60.9155 60.9321 60.9506 60.967  60.9864 61.003  61.0172 61.0364
 61.0515 61.0649 61.0763 61.0914 61.1067 61.1235 61.144  61.1572 61.1722
 61.1929 61.2053 61.219  61.2329 61.2471 61.2659 61.2792 61.2993 61.3158
 61.3306 61.3475 61.3654 61.3835 61.4015 61.4146 61.4294 61.4475 61.4715
 61.4875 61.504  61.5426 61.5655 61.5839 61.62   61.6529 61.6985 61.7223
 61.7961 61.8543 66.2117 66.7201 66.8276 67.3577 67.8405 67.9077 67.9378
 68.0027 68.0351 68.0533 68.1204 68.1522 68.1863 68.2203 68.2457 68.2735
 68.2916 68.3116 68.3457 68.3649 68.3963 68.4511 68.4695 68.4921 68.5145
 68.5313 68.5478 68.5623 68.5859 68.5987 68.6124 68.627  68.6424 68.6527
 68.6681 68.683  68.6967 68.7139 68.7274 68.7399 68.7558 68.7678 68.7821
 68.796  68.8084 68.8221 68.8327 68.8478 68.8594 68.873  68.8859 68.9012
 68.9132 68.9244 68.9372 68.9528 68.9689 68.9816 68.996  69.0098 69.0222
 69.0325 69.0451 69.0585 69.0737 69.0908 69.1039 69.1163 69.1271 69.1399
 69.1533 69.1656 69.1778 69.1891 69.2009 69.2157 69.2285 69.2443 69.2585
 69.2718 69.289  69.3062 69.3193 69.334  69.3487 69.3662 69.3807 69.3975
 69.4127 69.4309 69.4463 69.4577 69.468  69.4794 69.4924 69.5078 69.5223
 69.5429 69.5602 69.5735 69.589  69.6052 69.6193 69.6507 69.6667 69.679
 69.6946 69.7123 69.7251 69.7372 69.7516 69.7656 69.7791 69.7956 69.8105
 69.8302 69.8433 69.8573 69.8789 69.8967 69.9159 69.933  69.9458 69.9642
 69.9782 69.9927

