13.5834 13.7271 13.7889 13.8505 13.9113 14.0744 14.2432 14.3246 14.3486
 14.3896
22.4529 22.6946 23.0174 23.1006 23.216  23.2399 23.2671 23.323  23.4666
 23.5093
32.0031 32.0502 32.1489 32.1989 32.2181 32.3302 32.3549 32.431  32.4459
 32.5885
40.7389 40.9772 41.108  41.1921 41.3643 41.5185 41.7629 48.1928 48.8423
 49.7326 49.8931 49.9357
50.0488 50.0924 50.2238 50.2988 57.8865 58.0114 58.2135 58.5749 58.6902
 58.7435 58.8497 58.8827 59.3114 59.502
65.4315 67.4571 67.5961 67.66   67.8756 67.9023 68.0293 68.089  68.1032
 68.1976 68.2165 68.2477 68.2749 68.2999 68.392  68.4342 68.4698 68.5071

