13.6509 13.9112 14.0057 14.0511 14.1909 14.3352 14.5512 14.6035 14.6199
 14.6602 14.743  14.8469
22.7691 23.0261 23.1187 23.1428 23.2099 23.3261 23.3899 23.444  23.4757
 23.4971 23.5574 23.5703 23.5954 23.6215 23.6664 23.7467 23.8271 23.9749
 23.9974
31.9259 32.0199 32.2463 32.2669 32.2845 32.3777 32.5124 32.6269
40.7753 41.2927 41.3523 48.4354 49.9537
50.3468 50.3668 50.4597 50.5012 50.5975 50.8763 51.2022 56.7688 58.697
 58.8495 58.894  58.9706 59.0198 59.0676 59.0949 59.2026 59.2231 59.2559
 59.3595 59.4089 59.4478
67.6323 67.8251 67.8457 68.0227 68.0648 68.3024 68.3945 68.4169 68.4548
 68.5913 68.6692 68.7348

