12.9819 13.4338 13.5546 13.6543 13.6834 13.7287 13.7726 13.7947 13.8806
 13.9048 13.943  13.966  13.9796 14.0304 14.0613 14.0883 14.1125 14.1336
 14.1493 14.1722 14.2045 14.2259 14.2492 14.2671 14.2823 14.3036 14.3288
 14.3453 14.3699 14.3915 14.4097 14.4229 14.4348 14.4471 14.4607 14.481
 14.496  14.5115 14.5369 14.561  14.5797 14.593  14.607  14.6237 14.6394
 14.6571 14.6802 14.6948 14.7071 14.7236 14.7387 14.7563 14.7728 14.7881
 14.8008 14.8146 14.8302 14.8432 14.8571 14.8701 14.8861 14.9034 14.9193
 14.933  14.9457 14.9597 14.975  14.9892 15.0002 15.0132 15.0266 15.0404
 15.0595 15.0718 15.0876 15.1026 15.1165 15.1296 15.1456 15.158  15.1718
 15.1842 15.1973 15.2107 15.2221 15.2356 15.25   15.2645 15.278  15.2908
 15.3018 15.3144 15.3261 15.3389 15.3511 15.3627 15.3727 15.3845 15.3977
 15.4089 15.4228 15.4361 15.4492 15.4599 15.4707 15.4821 15.4934 15.5059
 15.5184 15.5331 15.5458 15.5573 15.5668 15.5786 15.5886 15.6013 15.6138
 15.6281 15.6416 15.6566 15.6705 15.6839 15.6964 15.711  15.7263 15.7393
 15.7527 15.7664 15.7819 15.7932 15.8065 15.8203 15.8349 15.8474 15.8673
 15.8831 15.9    15.9147 15.9334 15.9518 15.9696 15.9852 16.0003 16.0175
 16.0376 16.0564 16.0769 16.0977 16.1275 16.1558 16.1797 16.2068 16.2349
 16.2629 16.2928 16.3508 16.4929 16.5828 16.7527
22.2041 22.2556 22.3626 22.4984 22.541  22.6454 22.6803 22.7072 22.7305
 22.7651 22.8349 22.8656 22.8981 22.9226 22.9395 22.9858 23.0143 23.0331
 23.0557 23.0762 23.0964 23.1428 23.1693 23.2342 23.2538 23.2724 23.285
 23.301  23.3253 23.3427 23.3647 23.3851 23.3996 23.416  23.4322 23.4477
 23.469  23.4855 23.502  23.5185 23.5348 23.5533 23.5741 23.5909 23.6103
 23.6264 23.6415 23.6568 23.6701 23.6836 23.7005 23.7197 23.7356 23.7577
 23.7791 23.7928 23.8065 23.8215 23.8348 23.8492 23.8659 23.882  23.8929
 23.906  23.9186 23.9308 23.9458 23.9591 23.974  23.9874 23.9996 24.0158
 24.0344 24.049  24.064  24.0789 24.0923 24.1048 24.1185 24.131  24.1445
 24.1608 24.1753 24.1902 24.2049 24.2229 24.2367 24.2523 24.2751 24.2891
 24.3055 24.319  24.3328 24.3447 24.3558 24.3753 24.3894 24.4004 24.4122
 24.4231 24.4344 24.4456 24.4584 24.4724 24.4851 24.4957 24.5095 24.5233
 24.5374 24.5493 24.5651 24.5785 24.5919 24.6054 24.619  24.6327 24.6475
 24.6657 24.677  24.6914 24.7049 24.7157 24.7299 24.7441 24.7562 24.7677
 24.7786 24.7899 24.8039 24.8159 24.8307 24.842  24.8543 24.8665 24.8814
 24.896  24.9089 24.9224 24.9351 24.9482 24.9644 24.976  24.9886 25.0006
 25.0128 25.0287 25.0423 25.0581 25.0702 25.0823 25.0977 25.1108 25.123
 25.136  25.1496 25.1626 25.1799 25.1952 25.2146 25.2302 25.2473 25.2664
 25.2897 25.3096 25.3295 25.3468 25.3755 25.4215 25.4584 25.487  25.5086
 25.5615 25.5898 25.6267 25.6724 25.7123 25.8118 25.8525 25.9349
30.0669 31.5545 31.7936 31.8307 31.941  32.0194 32.0596 32.0829 32.1079
 32.1589 32.228  32.2479 32.2608 32.329  32.3839 32.3994 32.4173 32.4368
 32.4634 32.4989 32.5179 32.5347 32.5596 32.5877 32.6061 32.6439 32.658
 32.6797 32.7108 32.7384 32.759  32.7831 32.8049 32.8178 32.8336 32.8542
 32.8689 32.8866 32.9236 32.9463 32.9613 32.9749 32.9987 33.015  33.0308
 33.0503 33.0747 33.1051 33.1317 33.145  33.1741 33.2013 33.2206 33.2467
 33.2632 33.2798 33.3044 33.3213 33.3408 33.3565 33.3713 33.3876 33.4069
 33.4258 33.4513 33.4657 33.4815 33.4988 33.5172 33.5407 33.5622 33.5926
 33.6125 33.6271 33.6457 33.6726 33.6859 33.7049 33.7213 33.7354 33.7527
 33.7706 33.7863 33.7991 33.8157 33.8302 33.849  33.8698 33.8983 33.9191
 33.9404 33.9561 33.974  34.0036 34.0254 34.0426 34.0629 34.0784 34.0981
 34.118  34.1368 34.1556 34.1782 34.197  34.2205 34.2457 34.2715 34.2929
 34.3242 34.3599 34.3904 34.4171 34.4508 34.4901 34.5146 34.5472 34.6479
 34.7894 34.9006
40.6531 40.7661 40.8026 40.8768 40.9579 40.9866 41.0283 41.065  41.1088
 41.1423 41.1754 41.1919 41.2195 41.2507 41.2934 41.3481 41.3853 41.4118
 41.4383 41.4744 41.4916 41.5259 41.5435 41.5708 41.5958 41.6145 41.6345
 41.6538 41.689  41.7074 41.7289 41.743  41.763  41.7795 41.7953 41.8075
 41.8255 41.8449 41.8681 41.8978 41.9202 41.9426 41.9573 41.9823 42.0043
 42.0248 42.0429 42.056  42.0717 42.0861 42.1075 42.1258 42.1394 42.1613
 42.1768 42.1959 42.2215 42.2423 42.2641 42.2916 42.3056 42.3214 42.3347
 42.3471 42.3641 42.377  42.3987 42.4169 42.4335 42.4494 42.4652 42.4774
 42.4959 42.5135 42.5361 42.549  42.5615 42.5771 42.5985 42.6143 42.6351
 42.6517 42.6679 42.6946 42.7105 42.7223 42.7355 42.7502 42.7665 42.7872
 42.8018 42.8176 42.8322 42.8459 42.8657 42.894  42.9099 42.9272 42.9437
 42.9585 42.9795 42.998  43.0199 43.0385 43.0538 43.0814 43.1029 43.1303
 43.1553 43.1705 43.1968 43.2238 43.2443 43.2628 43.2832 43.3151 43.347
 43.3813 43.4762 43.5277 43.5552 43.5847 43.6589 49.2327 49.6279 49.9569
50.3519 50.3929 50.4143 50.4993 50.5579 50.6135 50.6358 50.6617 50.6996
 50.7276 50.7505 50.782  50.811  50.8503 50.8849 50.9099 50.9293 50.9498
 50.9658 50.9822 50.9986 51.025  51.048  51.0714 51.1078 51.1368 51.1579
 51.1772 51.2008 51.2153 51.2347 51.2628 51.2792 51.3069 51.3287 51.3571
 51.3935 51.4176 51.4315 51.4463 51.4643 51.4822 51.5327 51.5729 51.5993
 51.6758 51.6982 51.7156 51.7405 51.7692 51.7889 51.8113 51.8382 51.8818
 51.9015 51.9213 51.9377 51.9571 51.975  51.9899 52.0266 52.0533 52.0749
 52.0954 52.1154 52.1342 52.155  52.1904 52.2088 52.2264 52.2476 52.2787
 52.3082 52.3277 52.351  52.3794 52.4148 52.4399 52.4594 52.4928 52.549
 52.5746 52.6427 52.6924 52.7354 52.8102 52.8498 58.3414 58.4584 58.6111
 58.6454 58.6697 58.7558 58.8838 58.9079 58.9766 59.0199 59.047  59.0752
 59.1157 59.1458 59.1672 59.1955 59.2298 59.2652 59.2938 59.3144 59.3317
 59.3657 59.4039 59.4297 59.4524 59.4727 59.4968 59.5215 59.54   59.5586
 59.5785 59.6099 59.624  59.6388 59.676  59.6961 59.7175 59.7345 59.7506
 59.7652 59.7792 59.7949 59.8117 59.8285 59.8523 59.8775 59.9001 59.9274
 59.9424 59.9684 59.9852
60.0145 60.0399 60.061  60.0901 60.1074 60.1377 60.1603 60.1765 60.2055
 60.2307 60.2455 60.2585 60.2815 60.2963 60.3102 60.3254 60.3491 60.369
 60.4049 60.4206 60.4365 60.4481 60.4727 60.4905 60.5114 60.5261 60.5568
 60.5738 60.5908 60.6135 60.6283 60.6449 60.6657 60.6849 60.6992 60.7188
 60.7334 60.753  60.7664 60.7845 60.8006 60.8144 60.8282 60.8424 60.8575
 60.8731 60.8893 60.9033 60.919  60.9376 60.9572 60.9816 61.0017 61.0159
 61.0278 61.0418 61.0575 61.0785 61.096  61.1115 61.1283 61.1479 61.1786
 61.195  61.2127 61.2486 61.2846 61.302  61.3214 61.3364 61.3847 61.4148
 61.4441 61.4616 61.486  61.5242 61.5641 61.6587 61.706  67.4093 67.5435
 67.6445 67.8829 67.9077 67.9286 67.9497 68.0013 68.0298 68.0682 68.0828
 68.1205 68.1668 68.2117 68.2583 68.2797 68.3052 68.3242 68.3415 68.3652
 68.3827 68.4112 68.4284 68.4509 68.4711 68.4869 68.5062 68.5293 68.5516
 68.5666 68.5837 68.6038 68.6258 68.6436 68.6569 68.6697 68.6847 68.701
 68.719  68.7356 68.7561 68.7716 68.792  68.8049 68.8183 68.8314 68.8479
 68.8623 68.8818 68.8956 68.9113 68.928  68.9453 68.9593 68.978  69.0021
 69.0219 69.0417 69.0573 69.0721 69.091  69.118  69.1334 69.1541 69.1696
 69.1838 69.1979 69.2145 69.2275 69.2411 69.2558 69.2758 69.2931 69.3088
 69.3221 69.3375 69.3512 69.3649 69.3816 69.3982 69.4114 69.432  69.4462
 69.459  69.4724 69.4914 69.5049 69.5214 69.54   69.5524 69.5641 69.5793
 69.5943 69.6064 69.6174 69.629  69.643  69.6546 69.6693 69.6804 69.6979
 69.7098 69.7207 69.7373 69.7489 69.7611 69.7771 69.7907 69.8077 69.8189
 69.8339 69.85   69.8675 69.8796 69.8933 69.9083 69.9235 69.9402 69.9561
 69.9747 69.989

