12.9801 13.4088 13.7749 14.0689 14.1871 14.2263 14.3058 14.4076 14.4807
 14.5207 14.5506 14.5645 14.5839 14.5998 14.6269 14.6449 14.6677 14.686
 14.7079 14.7253 14.7609 14.7803 14.8006 14.8169 14.8309 14.8515 14.8643
 14.8825 14.8975 14.9132 14.9256 14.9451 14.9598 14.9914 15.0017 15.0187
 15.0319 15.0439 15.057  15.0697 15.0803 15.0916 15.1061 15.1213 15.1363
 15.1515 15.1667 15.1815 15.1925 15.2092 15.2247 15.2366 15.249  15.2616
 15.2721 15.2832 15.2971 15.3063 15.3188 15.3312 15.345  15.3574 15.3707
 15.3831 15.3982 15.4117 15.4242 15.443  15.4578 15.4714 15.4836 15.4965
 15.5077 15.5231 15.5377 15.553  15.5677 15.5826 15.5951 15.6102 15.6231
 15.6372 15.6486 15.66   15.6716 15.6847 15.6952 15.7105 15.7307 15.7462
 15.76   15.7739 15.7869 15.8056 15.8194 15.8327 15.8519 15.8645 15.8785
 15.8956 15.9103 15.9266 15.9452 15.9578 15.9723 15.985  15.9983 16.0146
 16.0281 16.0432 16.0586 16.0758 16.0965 16.1142 16.1323 16.1474 16.1592
 16.1815 16.2021 16.2173 16.2354 16.2527 16.2787 16.3053 16.3229 16.3408
 16.3661 16.4319 16.5056 16.5952 16.6316 16.708  16.8689 19.0025
22.4218 22.7751 22.9706 23.1093 23.147  23.2003 23.2375 23.256  23.2794
 23.2998 23.3275 23.345  23.3714 23.3911 23.4061 23.4249 23.4395 23.4548
 23.4789 23.494  23.5101 23.5272 23.5445 23.5693 23.5821 23.5983 23.6114
 23.6254 23.6416 23.6593 23.6788 23.6948 23.7134 23.7274 23.7391 23.7508
 23.7615 23.7747 23.786  23.8034 23.8152 23.8273 23.8425 23.8568 23.8718
 23.8831 23.8938 23.9041 23.9149 23.9291 23.9394 23.9523 23.9626 23.9746
 23.9854 23.9972 24.0074 24.0215 24.0375 24.0512 24.0614 24.0751 24.0894
 24.1037 24.1162 24.1281 24.1391 24.1495 24.1639 24.1771 24.1892 24.2024
 24.2138 24.2251 24.2384 24.2493 24.2602 24.2735 24.2846 24.2959 24.3097
 24.3233 24.3363 24.3488 24.3612 24.3754 24.3885 24.4016 24.4119 24.4233
 24.4348 24.4452 24.4573 24.4726 24.4858 24.4968 24.51   24.5227 24.5335
 24.5502 24.564  24.5777 24.591  24.6067 24.6199 24.6328 24.6472 24.6636
 24.6763 24.6894 24.704  24.7205 24.7327 24.7478 24.7659 24.7861 24.8014
 24.8187 24.8386 24.8601 24.8821 24.8975 24.9238 24.9441 24.9658 24.9866
 25.0078 25.032  25.0547 25.0752 25.0919 25.1124 25.1532 25.1754 25.205
 25.2425 25.2908 25.3698 25.5316 25.6243 27.9698
31.0814 31.6268 31.7193 31.8241 31.9425 31.9817 32.0263 32.0559 32.0844
 32.1211 32.1401 32.1735 32.2245 32.2472 32.2909 32.3115 32.3391 32.3666
 32.3855 32.4008 32.4197 32.4404 32.4559 32.4734 32.4895 32.5016 32.5161
 32.534  32.5554 32.5727 32.5893 32.6014 32.6142 32.631  32.643  32.6599
 32.6765 32.6965 32.7069 32.7191 32.7333 32.7463 32.7615 32.7813 32.793
 32.8069 32.8189 32.8307 32.8456 32.8621 32.8794 32.8905 32.9025 32.9133
 32.9232 32.9364 32.9483 32.9601 32.9737 32.988  33.0026 33.0166 33.0292
 33.042  33.0549 33.0677 33.0791 33.0942 33.1083 33.1199 33.1328 33.1429
 33.1543 33.1648 33.1786 33.1926 33.2038 33.2181 33.2349 33.2469 33.258
 33.271  33.2829 33.2949 33.3064 33.3189 33.3308 33.3435 33.3581 33.3702
 33.3831 33.3938 33.4071 33.4177 33.4278 33.4384 33.4497 33.4641 33.4772
 33.489  33.4998 33.5102 33.5256 33.5438 33.5549 33.5677 33.5811 33.598
 33.6087 33.623  33.6355 33.6495 33.6616 33.676  33.6855 33.7056 33.7194
 33.7345 33.7476 33.761  33.7743 33.7876 33.7993 33.8136 33.8254 33.8442
 33.8559 33.8664 33.8801 33.8956 33.9114 33.9268 33.9447 33.9606 33.9798
 33.9985 34.0143 34.0337 34.0475 34.0596 34.0757 34.0949 34.1098 34.1279
 34.1441 34.1615 34.1799 34.1943 34.2175 34.2451 34.2781 34.2938 34.3486
 34.3874 34.4173 34.4953 34.5758 34.657  34.7099 34.8291
40.1561 40.4721 40.5306 40.6444 40.7139 40.7459 40.8037 40.8224 40.8395
 40.8706 40.9237 40.9542 40.9764 40.9968 41.0168 41.0305 41.047  41.0666
 41.0856 41.1081 41.1238 41.1385 41.1537 41.1665 41.1821 41.1929 41.2066
 41.2186 41.2363 41.2484 41.2615 41.274  41.2855 41.3013 41.3153 41.33
 41.3406 41.3509 41.3602 41.3717 41.3824 41.3917 41.4017 41.4106 41.4223
 41.4315 41.4426 41.4546 41.4684 41.48   41.4904 41.5015 41.5125 41.5224
 41.5335 41.5435 41.5532 41.563  41.5721 41.5822 41.5932 41.6053 41.6153
 41.6242 41.6355 41.6456 41.657  41.6689 41.6795 41.6907 41.7025 41.715
 41.7249 41.7372 41.7473 41.7585 41.7699 41.7798 41.7905 41.8003 41.8101
 41.8199 41.8331 41.8451 41.857  41.8664 41.8766 41.8861 41.8962 41.9079
 41.9192 41.9288 41.9386 41.948  41.9575 41.968  41.978  41.988  41.9975
 42.0072 42.0174 42.0261 42.036  42.0462 42.058  42.0689 42.0786 42.0882
 42.0986 42.1077 42.1184 42.1288 42.1384 42.1482 42.1579 42.1675 42.1785
 42.1921 42.2029 42.2144 42.2274 42.2395 42.2511 42.2617 42.271  42.2829
 42.293  42.3024 42.313  42.3242 42.334  42.3449 42.356  42.367  42.3776
 42.3877 42.3976 42.4071 42.4185 42.4318 42.4442 42.4563 42.4681 42.4792
 42.4911 42.5015 42.5122 42.5219 42.5339 42.5452 42.5583 42.5697 42.5815
 42.5976 42.6102 42.6219 42.635  42.6474 42.6608 42.6765 42.6909 42.7025
 42.7143 42.7294 42.7434 42.7623 42.7813 42.8013 42.8172 42.8348 42.8559
 42.8741 42.9093 42.9236 42.9405 42.9658 42.9851 43.0099 43.1198 43.1416
 43.1787 43.3184 43.3459 43.4789 43.6447 43.7125 48.7013 49.3106 49.4998
 49.5224 49.5533 49.6249 49.6698 49.6927 49.7186 49.749  49.7901 49.8136
 49.8316 49.8599 49.9048 49.9209 49.9381 49.9557 49.9726 49.9906
50.0143 50.0363 50.0568 50.0786 50.1052 50.1175 50.1292 50.1429 50.1542
 50.1711 50.1833 50.1939 50.2068 50.2196 50.2314 50.2463 50.2572 50.2695
 50.2805 50.295  50.3063 50.3169 50.3288 50.3414 50.3527 50.3639 50.3776
 50.3884 50.4035 50.4132 50.4239 50.4359 50.4475 50.4586 50.4694 50.4801
 50.4931 50.5043 50.5174 50.5299 50.5408 50.5526 50.5643 50.5754 50.5856
 50.5979 50.6068 50.6161 50.6255 50.6366 50.6464 50.6558 50.6657 50.674
 50.6831 50.6923 50.7017 50.7117 50.7211 50.7319 50.741  50.751  50.7606
 50.7684 50.7771 50.7862 50.7957 50.8058 50.8161 50.8246 50.8328 50.8416
 50.8517 50.861  50.8712 50.8815 50.8898 50.8992 50.9079 50.9165 50.9257
 50.9362 50.9449 50.9553 50.9651 50.9748 50.9847 50.9952 51.0045 51.0141
 51.0235 51.0334 51.0431 51.0526 51.0605 51.0701 51.0793 51.088  51.0983
 51.1078 51.1172 51.1265 51.1392 51.15   51.1614 51.1716 51.182  51.1918
 51.2015 51.2115 51.2218 51.2311 51.2398 51.2503 51.262  51.2711 51.2831
 51.2925 51.3029 51.3132 51.3248 51.3359 51.3481 51.3583 51.3689 51.3812
 51.3913 51.4013 51.4109 51.4225 51.4332 51.4437 51.4538 51.4642 51.4743
 51.4844 51.4943 51.5039 51.5153 51.5266 51.5404 51.5544 51.5657 51.5773
 51.5916 51.6036 51.6149 51.6267 51.64   51.6507 51.6666 51.6798 51.694
 51.7114 51.7227 51.7365 51.748  51.7616 51.7754 51.7902 51.8071 51.8236
 51.8364 51.854  51.87   51.8869 51.9032 51.9293 51.9446 51.9611 51.9791
 51.9977 52.0198 52.0406 52.065  52.092  52.2019 52.2296 52.2964 52.3375
 52.3744 52.4175 52.4753 52.4982 52.5307 52.6318 52.6838 56.7786 57.782
 58.1067 58.204  58.374  58.4477 58.5575 58.5889 58.6076 58.6341 58.6523
 58.6716 58.6987 58.7156 58.7322 58.7495 58.7668 58.7934 58.8083 58.8256
 58.8415 58.8611 58.8816 58.9118 58.9291 58.9422 58.9535 58.9696 58.9827
 58.9955 59.0071 59.0228 59.0359 59.0548 59.0676 59.0819 59.0942 59.1059
 59.1191 59.1342 59.1536 59.1699 59.1843 59.1967 59.2089 59.2224 59.2338
 59.2449 59.2565 59.2683 59.28   59.2908 59.3016 59.3112 59.3209 59.3307
 59.3409 59.352  59.364  59.3742 59.3857 59.3967 59.4061 59.4168 59.428
 59.4372 59.4491 59.4601 59.4708 59.4809 59.4911 59.502  59.5123 59.5231
 59.5353 59.5454 59.5548 59.5658 59.5762 59.5857 59.5965 59.6072 59.6193
 59.63   59.64   59.6507 59.6608 59.6701 59.6808 59.6914 59.7023 59.7139
 59.7246 59.734  59.7436 59.754  59.7629 59.7721 59.7827 59.7917 59.8018
 59.8112 59.8201 59.8293 59.8383 59.8479 59.8568 59.8655 59.8748 59.8833
 59.8929 59.904  59.9145 59.9247 59.9344 59.9442 59.9561 59.966  59.9757
 59.9849 59.9952
60.0056 60.0156 60.0259 60.0344 60.0434 60.0532 60.0638 60.0765 60.0863
 60.0967 60.1063 60.1191 60.1291 60.1383 60.1477 60.1581 60.1674 60.1773
 60.1902 60.1997 60.211  60.223  60.2344 60.2451 60.2561 60.268  60.2798
 60.2902 60.2997 60.3107 60.321  60.3322 60.3423 60.3552 60.3659 60.3781
 60.3881 60.3987 60.4122 60.4228 60.4333 60.4445 60.4569 60.4689 60.4794
 60.4898 60.5007 60.5142 60.531  60.5417 60.5544 60.5671 60.5814 60.5949
 60.6089 60.6237 60.6384 60.6523 60.6702 60.6916 60.7093 60.7256 60.7446
 60.7634 60.7856 60.8112 60.8424 60.8609 60.8859 60.9139 60.9393 61.0116
 61.0523 61.0994 61.2099 61.2615 61.2899 61.3677 66.3707 67.8277 68.0889
 68.1419 68.2212 68.2466 68.2986 68.3344 68.3913 68.414  68.4286 68.4516
 68.4825 68.5349 68.5524 68.5647 68.5852 68.629  68.6496 68.6648 68.6793
 68.6951 68.7078 68.7202 68.7405 68.7554 68.7708 68.7942 68.8067 68.8352
 68.8564 68.8746 68.889  68.9014 68.9156 68.9329 68.9521 68.964  68.9755
 68.9892 69.0039 69.0186 69.0308 69.0424 69.0542 69.0658 69.082  69.094
 69.1062 69.1182 69.1402 69.1534 69.1666 69.1759 69.1871 69.1974 69.2119
 69.2269 69.2386 69.2508 69.2628 69.2773 69.2913 69.3079 69.3217 69.3333
 69.3451 69.356  69.3689 69.3835 69.3952 69.4072 69.4204 69.4324 69.4451
 69.4562 69.4677 69.4778 69.4889 69.5013 69.5144 69.5281 69.5409 69.5557
 69.5683 69.5836 69.599  69.6108 69.6243 69.6388 69.6503 69.6636 69.6763
 69.6939 69.7085 69.7197 69.734  69.7552 69.7667 69.7824 69.7996 69.8157
 69.8332 69.851  69.8618 69.8796 69.8955 69.9102 69.9257 69.9396 69.9561
 69.9701 69.9944

