11.718  13.1046 13.1745 13.6129 13.768  13.8612 13.9257 13.9712 14.0086
 14.039  14.0926 14.1067 14.1985 14.2188 14.2427 14.2682 14.2859 14.3043
 14.3207 14.3478 14.3619 14.3798 14.3956 14.4088 14.426  14.4479 14.4626
 14.4767 14.4889 14.5067 14.5185 14.5312 14.5462 14.5661 14.5779 14.5923
 14.6088 14.6209 14.631  14.642  14.6564 14.667  14.6794 14.6931 14.7053
 14.7154 14.7262 14.7382 14.7496 14.7625 14.7766 14.7907 14.8045 14.8144
 14.828  14.8406 14.8519 14.8631 14.8739 14.8841 14.8952 14.9058 14.9177
 14.9324 14.9431 14.9538 14.9654 14.9746 14.9842 14.9948 15.0081 15.0181
 15.0293 15.0412 15.0526 15.0631 15.0733 15.0861 15.0975 15.1106 15.1233
 15.1365 15.1492 15.1621 15.178  15.2033 15.2165 15.2274 15.241  15.2546
 15.2715 15.2834 15.2942 15.3071 15.3213 15.3356 15.35   15.3664 15.3793
 15.3896 15.4044 15.4161 15.4277 15.4395 15.4512 15.4651 15.4787 15.4899
 15.5003 15.5133 15.5296 15.5461 15.5656 15.5825 15.5954 15.6115 15.6219
 15.6376 15.6494 15.6622 15.6743 15.6873 15.6996 15.7133 15.7254 15.7433
 15.7592 15.7769 15.7927 15.8054 15.8218 15.8369 15.86   15.8752 15.8931
 15.9137 15.9307 15.9495 15.9679 15.9904 16.0088 16.0318 16.0804 16.11
 16.1323 16.1509 16.1727 16.1974 16.2167 16.2603 16.3317 16.3554 16.4045
 16.4487 16.4898
22.4039 22.5765 22.5976 22.6958 22.7316 22.8264 22.8924 22.9113 22.9372
 22.9561 22.9864 23.0559 23.0832 23.1116 23.1325 23.1562 23.1718 23.1936
 23.2117 23.2255 23.2419 23.2601 23.2744 23.2908 23.3066 23.3172 23.332
 23.3471 23.3647 23.3781 23.3984 23.4211 23.4321 23.443  23.4554 23.4693
 23.4865 23.4984 23.5097 23.5335 23.5452 23.5599 23.5732 23.585  23.5956
 23.6087 23.62   23.6315 23.6413 23.655  23.6707 23.6838 23.6954 23.7121
 23.7282 23.7425 23.7523 23.7631 23.7755 23.787  23.7978 23.8081 23.8201
 23.8308 23.8431 23.8515 23.862  23.8709 23.8808 23.8915 23.9014 23.9128
 23.926  23.9358 23.9481 23.9588 23.9709 23.981  23.9905 24.0019 24.014
 24.0268 24.0436 24.0559 24.0693 24.0808 24.0917 24.1025 24.1119 24.1216
 24.1323 24.1442 24.1542 24.1646 24.1748 24.1864 24.1986 24.2108 24.2241
 24.2338 24.2443 24.2538 24.266  24.2773 24.2874 24.2978 24.3124 24.325
 24.3366 24.3503 24.3625 24.3745 24.3872 24.3996 24.4144 24.4318 24.4444
 24.4562 24.4679 24.4795 24.4941 24.5052 24.5172 24.5324 24.5473 24.562
 24.5726 24.5842 24.598  24.6074 24.6192 24.6334 24.6458 24.6572 24.6706
 24.6911 24.7191 24.735  24.7536 24.7763 24.7914 24.8123 24.8345 24.8616
 24.8758 24.8893 24.9077 24.9277 24.9497 24.9743 24.9946 25.0115 25.0345
 25.07   25.0929 25.1247 25.1583 25.2031 25.2367 25.2642 25.3134 25.3914
 29.7934
30.3927 31.121  31.1652 31.4806 31.5535 31.5858 31.6139 31.6558 31.7078
 31.8128 31.8384 31.8653 31.889  31.9129 31.9329 31.9643 31.9867 32.0104
 32.0256 32.0815 32.1067 32.1314 32.1653 32.1828 32.2006 32.2163 32.2319
 32.2482 32.2701 32.288  32.3107 32.3273 32.3508 32.3675 32.3867 32.3993
 32.4111 32.4264 32.4362 32.4466 32.4563 32.4684 32.4794 32.4903 32.4997
 32.5091 32.5219 32.5342 32.5448 32.5572 32.5695 32.5846 32.5977 32.6116
 32.6262 32.6384 32.6495 32.6602 32.6743 32.6855 32.6969 32.7069 32.7193
 32.7311 32.7433 32.754  32.7638 32.775  32.784  32.7945 32.8086 32.819
 32.8291 32.8395 32.8513 32.8612 32.8714 32.8844 32.8938 32.9039 32.9147
 32.9249 32.9385 32.9523 32.9615 32.9712 32.9818 32.9909 33.0007 33.0116
 33.0236 33.0338 33.0457 33.0581 33.0671 33.0773 33.0869 33.0992 33.109
 33.1206 33.1296 33.1406 33.1535 33.1627 33.1713 33.1839 33.1917 33.2003
 33.21   33.2205 33.2311 33.2428 33.2527 33.2643 33.274  33.2838 33.2952
 33.3055 33.3181 33.3294 33.3388 33.3486 33.3582 33.3692 33.3795 33.3936
 33.4047 33.4173 33.4272 33.4384 33.449  33.4615 33.4735 33.4865 33.4984
 33.5105 33.5212 33.5351 33.5492 33.5594 33.5705 33.5815 33.5919 33.6034
 33.6167 33.6287 33.6422 33.6535 33.6648 33.6765 33.6913 33.7029 33.7176
 33.7304 33.746  33.7577 33.7746 33.7886 33.8015 33.8199 33.8338 33.8571
 33.8716 33.8871 33.9033 33.9237 33.9475 33.9673 33.9897 34.0133 34.0429
 34.074  34.0908 34.1143 34.1366 34.1603 34.1807 34.2106 34.2363 34.2643
 34.3084 34.3409 34.3723 34.4027 34.4312 39.6432 39.7314
40.0387 40.2037 40.2754 40.3131 40.3386 40.3886 40.4101 40.4463 40.4628
 40.4883 40.5024 40.5268 40.5475 40.5717 40.5884 40.612  40.6548 40.6774
 40.6966 40.72   40.7385 40.7547 40.7649 40.7978 40.8145 40.8299 40.8436
 40.8608 40.8805 40.8949 40.9063 40.9198 40.9361 40.9503 40.9618 40.9725
 40.9855 40.9966 41.0065 41.0188 41.0322 41.0436 41.0545 41.0683 41.0801
 41.0903 41.1039 41.1151 41.1268 41.1389 41.1531 41.1649 41.1755 41.1843
 41.1936 41.2053 41.2155 41.2245 41.2344 41.247  41.2573 41.2674 41.2771
 41.2869 41.2965 41.3066 41.3162 41.3279 41.3397 41.3508 41.3606 41.3715
 41.3817 41.3912 41.4019 41.4115 41.4207 41.4297 41.4387 41.4482 41.4593
 41.469  41.4787 41.4878 41.4973 41.507  41.5153 41.5233 41.5318 41.5401
 41.5486 41.557  41.566  41.5752 41.5836 41.5932 41.6031 41.6136 41.6227
 41.6312 41.6411 41.6505 41.6618 41.6705 41.6792 41.6884 41.6974 41.7059
 41.7163 41.7248 41.7335 41.7419 41.7509 41.7601 41.768  41.7772 41.7858
 41.7951 41.8038 41.8132 41.8228 41.8316 41.8402 41.8484 41.8574 41.866
 41.8758 41.8861 41.8954 41.9037 41.912  41.92   41.9292 41.9384 41.9483
 41.9574 41.9667 41.9764 41.9866 41.9963 42.0048 42.0144 42.0255 42.0349
 42.0452 42.0566 42.0651 42.075  42.0848 42.0951 42.1043 42.1146 42.1253
 42.1348 42.1442 42.1526 42.1614 42.1711 42.1826 42.1931 42.2062 42.2168
 42.2268 42.2389 42.2508 42.2624 42.2737 42.2855 42.2956 42.3049 42.3146
 42.3244 42.3367 42.3476 42.3578 42.3702 42.3818 42.3938 42.4083 42.4191
 42.4294 42.4407 42.4528 42.463  42.4759 42.4886 42.5052 42.5188 42.5359
 42.5463 42.5621 42.5792 42.5984 42.6138 42.6261 42.6411 42.6566 42.6716
 42.6866 42.7027 42.7193 42.7355 42.7562 42.7719 42.7893 42.8089 42.8237
 42.8428 42.8648 42.8818 42.9109 42.9355 42.9517 42.9726 43.0068 43.0295
 43.0524 43.0809 43.1012 43.1517 43.2386 48.782  48.8267 48.8918 48.9642
 49.0387 49.0804 49.1306 49.1993 49.2676 49.3825 49.4036 49.43   49.4581
 49.4798 49.5008 49.5288 49.5594 49.5752 49.6181 49.6347 49.6509 49.6642
 49.6789 49.697  49.7099 49.7275 49.7492 49.7616 49.7735 49.7953 49.8163
 49.8272 49.8391 49.85   49.8593 49.8715 49.8827 49.8967 49.9097 49.921
 49.9308 49.9416 49.9518 49.9621 49.9717 49.9814 49.9909
50.0029 50.012  50.0221 50.032  50.042  50.0528 50.0632 50.0737 50.0846
 50.0946 50.1033 50.1127 50.1224 50.1329 50.1423 50.1523 50.1627 50.1732
 50.1821 50.1921 50.2026 50.2133 50.2222 50.2315 50.2414 50.2525 50.2618
 50.2715 50.282  50.2934 50.3024 50.3106 50.3196 50.3299 50.3407 50.3497
 50.3592 50.3674 50.3772 50.3865 50.3949 50.4035 50.4119 50.4204 50.4286
 50.4371 50.4449 50.4532 50.4615 50.4704 50.4794 50.4873 50.4961 50.5044
 50.5129 50.5219 50.5311 50.5394 50.5488 50.5577 50.5662 50.5751 50.584
 50.5923 50.6008 50.609  50.6179 50.6268 50.6348 50.6439 50.6531 50.662
 50.6724 50.682  50.6914 50.7012 50.7098 50.7195 50.728  50.7366 50.7448
 50.7532 50.7617 50.7715 50.7817 50.7901 50.7983 50.8073 50.817  50.8258
 50.8342 50.8443 50.8527 50.8622 50.8706 50.879  50.8893 50.8988 50.9072
 50.9162 50.9244 50.9337 50.9418 50.9506 50.9597 50.9689 50.9775 50.9856
 50.9943 51.0034 51.0131 51.0218 51.0305 51.0403 51.0501 51.0592 51.07
 51.0808 51.091  51.1008 51.112  51.1211 51.1317 51.1418 51.1513 51.1614
 51.1721 51.181  51.1915 51.2019 51.2118 51.2215 51.2321 51.2449 51.2558
 51.2664 51.2782 51.2901 51.3033 51.3159 51.3273 51.3382 51.3483 51.3585
 51.3688 51.3809 51.3937 51.4045 51.4145 51.4257 51.4367 51.45   51.4643
 51.4778 51.4899 51.503  51.5158 51.5301 51.5425 51.5572 51.5728 51.588
 51.6041 51.6142 51.6258 51.6383 51.6557 51.6705 51.6862 51.6991 51.715
 51.7312 51.7483 51.765  51.781  51.7952 51.81   51.8247 51.841  51.8593
 51.8772 51.8947 51.909  51.9251 51.9373 51.9537 51.9759 51.9955 52.0193
 52.0429 52.0839 52.1155 52.146  52.1729 52.2646 57.8955 57.9137 57.9936
 58.0504 58.1203 58.1416 58.2084 58.2404 58.2697 58.3078 58.3401 58.3681
 58.3905 58.4124 58.4278 58.4606 58.4778 58.4925 58.5077 58.5193 58.5301
 58.5464 58.5691 58.5865 58.6032 58.621  58.6379 58.6508 58.6755 58.6907
 58.7039 58.714  58.73   58.7431 58.7557 58.7664 58.7798 58.794  58.8077
 58.8194 58.8307 58.8439 58.8542 58.8644 58.8732 58.8823 58.8916 58.9005
 58.9111 58.9219 58.9342 58.9455 58.955  58.9672 58.9774 58.9877 58.9979
 59.0095 59.0222 59.0332 59.0433 59.0543 59.064  59.0731 59.0821 59.0931
 59.1018 59.1121 59.1208 59.1302 59.1395 59.1494 59.1592 59.1699 59.1804
 59.19   59.1986 59.2087 59.2169 59.2266 59.2353 59.2446 59.2542 59.2663
 59.2758 59.2846 59.2939 59.3028 59.3118 59.3219 59.3305 59.3395 59.3488
 59.3574 59.3669 59.3764 59.3856 59.3949 59.4043 59.414  59.4229 59.4318
 59.4404 59.4485 59.4569 59.4655 59.4741 59.4831 59.4914 59.5001 59.5098
 59.5186 59.527  59.5356 59.5449 59.5543 59.5645 59.5748 59.584  59.5926
 59.6008 59.6102 59.6203 59.6289 59.6374 59.6459 59.6537 59.6618 59.672
 59.6821 59.6913 59.6995 59.7087 59.7168 59.7254 59.7336 59.7431 59.7516
 59.7607 59.77   59.7787 59.7866 59.7954 59.8053 59.8143 59.8234 59.8327
 59.8412 59.8503 59.8598 59.8686 59.8776 59.8856 59.8943 59.9037 59.9154
 59.9252 59.9346 59.9435 59.9519 59.9612 59.9704 59.9785 59.9878 59.9967
60.0066 60.0184 60.0287 60.0381 60.0489 60.0603 60.0724 60.0825 60.0922
 60.1022 60.1116 60.1212 60.1316 60.1425 60.1526 60.1641 60.1779 60.1905
 60.202  60.2124 60.2245 60.235  60.2471 60.259  60.2693 60.2817 60.2926
 60.3032 60.3135 60.326  60.3377 60.3507 60.3623 60.3782 60.3883 60.4
 60.4136 60.4246 60.4383 60.4503 60.4674 60.4822 60.4981 60.5122 60.5273
 60.5426 60.5584 60.5762 60.5913 60.6091 60.6336 60.6504 60.6743 60.7045
 60.73   60.7476 60.7659 60.7818 60.7948 60.8167 60.8426 60.8669 60.9016
 60.9212 60.9507 60.9939 61.0367 61.1061 65.3401 67.837  67.9222 67.9596
 67.9976 68.0688 68.0844 68.1011 68.1267 68.1553 68.1712 68.1918 68.2114
 68.2377 68.2558 68.2764 68.2933 68.3076 68.3269 68.3409 68.3536 68.37
 68.3962 68.4132 68.4272 68.4392 68.4557 68.4745 68.4892 68.5063 68.5219
 68.5344 68.5494 68.5639 68.5795 68.5922 68.6105 68.6224 68.636  68.6502
 68.6661 68.6789 68.6916 68.7069 68.7201 68.7306 68.7427 68.7566 68.7717
 68.7846 68.7967 68.8076 68.8182 68.8294 68.8399 68.8499 68.859  68.8708
 68.8852 68.8961 68.9107 68.9219 68.9346 68.951  68.9634 68.9744 68.9856
 68.9954 69.0057 69.0194 69.0294 69.0398 69.0506 69.0635 69.074  69.0844
 69.0949 69.1063 69.1185 69.1291 69.1392 69.1488 69.1588 69.171  69.182
 69.1939 69.2079 69.2179 69.2266 69.2371 69.2466 69.2576 69.268  69.2784
 69.2881 69.2981 69.3105 69.3225 69.3354 69.3469 69.3584 69.3706 69.3826
 69.3944 69.4087 69.4211 69.434  69.4438 69.454  69.466  69.4787 69.4927
 69.5076 69.521  69.5412 69.5561 69.5676 69.5798 69.5944 69.6089 69.6216
 69.6329 69.6436 69.6556 69.6658 69.6803 69.6955 69.7067 69.7182 69.7303
 69.7441 69.7585 69.7741 69.7903 69.8047 69.8306 69.8421 69.8639 69.8766
 69.8936 69.9133 69.9349 69.9523 69.9704

