13.6115 13.7999 13.926  14.0175 14.0508 14.0656 14.1531 14.1888 14.2263
 14.2714 14.3494 14.3992 14.436  14.4791 14.4983 14.5302 14.5489 14.5903
 14.6299 14.6533 14.6814 14.7038
22.5952 22.7127 22.7628 22.8728 22.8895 23.0577 23.1271 23.1472 23.1917
 23.2447 23.2827 23.3114 23.3795 23.4093 23.4263 23.5026 23.5379 23.5498
 23.6107
31.753  31.9555 31.9981 32.1019 32.1559 32.2022 32.2616 32.2902 32.3233
 32.366  32.4068 32.4921 32.518  32.5454 32.5662 32.6036 32.6376 32.6535
 39.9582
40.0056 40.1505 40.3085 40.4469 40.4929 40.5489 40.6674 40.7215 40.7484
 40.7716 40.7871 40.8134 40.8277 40.8431 40.8606 40.8897 40.9304 40.9669
 40.9834 41.0154 41.0308 41.056  41.084  41.1161 41.1315 41.1477 41.2397
 41.277  41.2906 41.3172 41.3306 41.3524 41.3635 41.4095 41.4299 48.7482
 48.9464 49.1294 49.348  49.4443 49.5126 49.5342 49.6263 49.6538 49.7186
 49.7398 49.7841 49.8282 49.8486 49.8627 49.8863 49.9189 49.9363 49.9659
 49.9918
50.0126 50.0489 50.0686 50.0806 50.1164 50.1766 50.2653 50.3315 50.3526
 50.5976 57.8959 57.9878 58.1042 58.1612 58.1827 58.2717 58.2951 58.3384
 58.3709 58.4151 58.4459 58.4754 58.5204 58.5479 58.5902 58.6267 58.6439
 58.6664 58.6851 58.703  58.7239 58.7405 58.7609 58.8213 58.8349 58.8745
 58.9016 58.9212 58.9461 59.0038 59.0177 59.0711 59.1193 59.1606 59.1767
 59.1966 59.2349
64.4028 65.1728 67.4171 67.7145 67.7977 67.8226 67.8801 67.973  68.0075
 68.1077 68.2209 68.2527 68.3164 68.3389 68.3588 68.3936 68.4132 68.428
 68.4935 68.5106 68.5292 68.7091 68.974

