12.6195 12.8395 13.044  13.6178 13.6883 13.7807 13.8849 13.9295 13.9506
 13.9965 14.1578 14.1898 14.2197 14.2685 14.312  14.3508 14.3669 14.3857
 14.4067 14.4349 14.4481 14.4661 14.4882 14.5614 14.5799 14.6218 14.646
 14.6819 14.7058 14.8193
22.3325 22.5027 22.6745 22.745  22.8471 22.9308 22.9538 22.9965 23.0458
 23.1217 23.2604 23.2751 23.2949 23.3187 23.3961 23.4156 23.4531 23.5304
 23.5436 23.5648 23.6027 23.6537 23.719  23.804
31.4844 31.5098 31.5605 31.7806 32.0227 32.1738 32.214  32.2897 32.3085
 32.3569 32.3746 32.3907 32.4265 32.4619 32.4873 32.5627 32.5811 32.632
 32.6548 32.7117 32.9399 39.342  39.9798
40.2097 40.3699 40.4493 40.485  40.502  40.5699 40.6019 40.6214 40.6692
 40.7105 40.7416 40.782  40.8035 40.8308 40.8453 40.8637 40.8867 40.9215
 40.973  40.9891 40.9997 41.0192 41.0389 41.062  41.0897 41.1152 41.1482
 41.162  41.18   41.2006 41.2183 41.2337 41.2711 41.2843 41.3086 41.3235
 41.3471 41.3672 41.4367 41.4866 41.7028 48.8609 48.9588 49.115  49.1809
 49.2686 49.3238 49.3924 49.4285 49.5264 49.5601 49.6112 49.6336 49.6697
 49.686  49.7008 49.7176 49.7424 49.7609 49.7998 49.8169 49.8302 49.8454
 49.8695 49.8904 49.9086 49.9321 49.945  49.9607 49.973  49.9855
50.022  50.0391 50.0601 50.0717 50.0819 50.0984 50.1118 50.1279 50.1732
 50.1888 50.2022 50.2252 50.2434 50.2604 50.3216 50.341  50.3582 50.3756
 50.5046 50.5599 56.7857 57.5748 57.9228 58.0308 58.1169 58.1508 58.3265
 58.4045 58.4888 58.5362 58.5539 58.5723 58.6086 58.6287 58.6498 58.6854
 58.703  58.7324 58.753  58.7771 58.7914 58.818  58.8552 58.8682 58.8855
 58.8999 58.9134 58.9292 58.9464 58.9581 58.9825 58.9947 59.0121 59.0271
 59.0407 59.0528 59.127  59.1952 59.2145 59.2367 59.3076 59.3506
64.933  65.3229 67.6619 67.6947 67.9084 67.9458 67.9655 68.0068 68.0389
 68.0888 68.1258 68.141  68.1877 68.209  68.227  68.2442 68.2744 68.3822
 68.3971 68.4302 68.4416 68.4777 68.5013 68.5172 68.5321 68.5645 68.5973
 68.641  68.6619 68.6888 68.707  68.7363 68.9358

