12.957  13.8046 13.9179 14.0262 14.2339 14.2539 14.3188 14.3404 14.3779
 14.3976 14.4148 14.4434 14.4669 14.4968 14.515  14.5354 14.5535 14.5716
 14.5906 14.6116 14.6292 14.6486 14.664  14.6783 14.6913 14.7073 14.7233
 14.7442 14.7608 14.7808 14.7966 14.8129 14.8277 14.8397 14.8527 14.8724
 14.8873 14.9043 14.9177 14.9327 14.9485 14.9625 14.9797 14.9908 15.0062
 15.0201 15.0384 15.0572 15.0686 15.0822 15.0974 15.1116 15.1233 15.1364
 15.1491 15.1593 15.1703 15.181  15.1929 15.2048 15.2159 15.2332 15.2476
 15.2644 15.2768 15.2889 15.3033 15.3207 15.3328 15.3456 15.3607 15.3757
 15.3874 15.3997 15.4134 15.4261 15.4389 15.4528 15.4642 15.4751 15.4875
 15.5042 15.5273 15.5406 15.555  15.5658 15.5797 15.5935 15.6075 15.6192
 15.6359 15.6472 15.6593 15.6772 15.6936 15.7088 15.7214 15.7418 15.7551
 15.7678 15.78   15.7924 15.8045 15.8165 15.8288 15.8468 15.8624 15.8998
 15.9229 15.9602 15.9826 16.0135 16.0769 16.117  16.1368 16.1693 16.189
 16.2141 16.2624 16.2866 16.3089 16.3402 16.3578 16.3779 16.4361 16.5084
 16.5519
22.6106 22.8908 22.9423 22.9667 23.0284 23.1234 23.1909 23.2869 23.3065
 23.3228 23.3392 23.3566 23.3783 23.3987 23.4213 23.4331 23.4487 23.4856
 23.5115 23.5253 23.5399 23.5619 23.5875 23.6066 23.6273 23.6423 23.6565
 23.6816 23.6972 23.7134 23.728  23.7424 23.7579 23.774  23.7913 23.807
 23.8236 23.8374 23.8534 23.868  23.8841 23.8949 23.9114 23.925  23.9378
 23.9485 23.958  23.9721 23.9822 24.0006 24.0205 24.0354 24.0475 24.0592
 24.0754 24.0959 24.1152 24.1282 24.1416 24.1566 24.1686 24.1778 24.1884
 24.2019 24.2147 24.231  24.247  24.2619 24.2774 24.2912 24.3088 24.3214
 24.3345 24.3494 24.3675 24.3804 24.3959 24.407  24.4189 24.4305 24.4455
 24.4577 24.4735 24.4877 24.4985 24.5105 24.5227 24.536  24.5539 24.5703
 24.5837 24.5972 24.6151 24.6347 24.6498 24.675  24.6948 24.7276 24.75
 24.7854 24.8031 24.8257 24.8636 24.8819 24.9008 24.917  24.9334 24.9501
 24.9726 24.9869 25.0214 25.0417 25.0599 25.1176 25.2117 25.243  25.2719
 25.2947 25.3904 25.417  25.5475
31.2527 31.8611 31.8954 31.9358 31.9779 32.0335 32.0799 32.1202 32.1517
 32.1806 32.2439 32.2668 32.3009 32.3221 32.3367 32.3532 32.3745 32.3918
 32.4097 32.4331 32.452  32.4655 32.4823 32.5008 32.5151 32.532  32.5478
 32.561  32.5817 32.5982 32.6132 32.6234 32.6355 32.6467 32.662  32.6747
 32.687  32.6976 32.71   32.7237 32.7393 32.7551 32.7754 32.7882 32.8004
 32.8123 32.8243 32.8365 32.8484 32.8593 32.872  32.8871 32.9009 32.9129
 32.9249 32.9344 32.9442 32.9561 32.968  32.9814 32.992  33.0022 33.0156
 33.028  33.0401 33.0521 33.0653 33.0785 33.0905 33.1026 33.1159 33.1287
 33.1395 33.1515 33.163  33.1728 33.1849 33.1962 33.2063 33.2196 33.2319
 33.2449 33.2556 33.266  33.2814 33.2956 33.3108 33.3241 33.3445 33.3579
 33.3697 33.3827 33.3982 33.4119 33.4223 33.4391 33.4528 33.4634 33.4744
 33.4846 33.5002 33.5125 33.5223 33.5368 33.5479 33.5654 33.5788 33.5939
 33.6114 33.6268 33.6412 33.6551 33.6672 33.6834 33.6998 33.7153 33.7267
 33.738  33.7534 33.7668 33.7791 33.793  33.8075 33.8225 33.843  33.8591
 33.8757 33.8967 33.9198 33.9342 33.9501 33.9682 33.9854 34.0136 34.0299
 34.044  34.0623 34.0797 34.0979 34.1129 34.1328 34.1517 34.1761 34.2051
 34.2433 34.2769 34.2961 34.3233 34.3538 34.3776 34.4043 34.4449 34.5275
 39.1867
40.0838 40.3608 40.3869 40.5566 40.6947 40.7437 40.7948 40.8322 40.8484
 40.8681 40.8826 40.9003 40.9255 40.9445 40.9665 40.9891 41.0106 41.0269
 41.0494 41.0656 41.0892 41.1094 41.1276 41.1416 41.1655 41.1781 41.19
 41.2081 41.2206 41.2348 41.249  41.2608 41.2751 41.2857 41.2974 41.3127
 41.3239 41.3358 41.3466 41.3592 41.3795 41.3951 41.4069 41.4193 41.4316
 41.4429 41.4541 41.465  41.478  41.4894 41.5021 41.5126 41.5222 41.5329
 41.5453 41.5568 41.567  41.5801 41.5915 41.6051 41.6177 41.6316 41.644
 41.6584 41.6692 41.6798 41.693  41.7073 41.7188 41.7308 41.739  41.748
 41.7564 41.7661 41.779  41.7912 41.801  41.8137 41.8231 41.8334 41.844
 41.8558 41.8676 41.8806 41.8917 41.9017 41.9122 41.9228 41.9336 41.9446
 41.9558 41.9651 41.9756 41.9901 42.0079 42.0198 42.0318 42.0446 42.0585
 42.0688 42.0813 42.0921 42.1021 42.113  42.1254 42.1356 42.1462 42.1567
 42.1699 42.1801 42.1902 42.1993 42.2116 42.2224 42.2328 42.244  42.2556
 42.2684 42.2843 42.297  42.3083 42.3199 42.3296 42.3417 42.357  42.3693
 42.3813 42.3916 42.4041 42.4158 42.4285 42.4406 42.4508 42.4699 42.4848
 42.4987 42.5154 42.5299 42.5437 42.5548 42.5685 42.5909 42.6041 42.6328
 42.6519 42.6684 42.6862 42.7021 42.7289 42.7437 42.7648 42.7875 42.803
 42.8178 42.8367 42.8522 42.873  42.8922 42.9102 42.9284 42.9513 42.9876
 43.0232 43.0647 43.1291 43.1594 43.1939 43.2932 47.8315 49.169  49.2328
 49.2533 49.3076 49.4146 49.4574 49.5005 49.5302 49.564  49.5961 49.6658
 49.7077 49.7509 49.771  49.7957 49.8201 49.8547 49.8814 49.9252 49.9406
 49.9593 49.9794 49.9979
50.0257 50.0417 50.0746 50.0891 50.1011 50.113  50.1286 50.1424 50.1554
 50.1724 50.1865 50.2105 50.2246 50.2355 50.2502 50.2628 50.2809 50.2915
 50.3046 50.3291 50.3443 50.3576 50.3693 50.3817 50.3946 50.4081 50.4204
 50.4335 50.4457 50.4569 50.4667 50.4786 50.4901 50.5056 50.5153 50.5281
 50.5396 50.5502 50.5627 50.5735 50.5863 50.5966 50.6077 50.6182 50.6297
 50.639  50.6521 50.6655 50.6768 50.6895 50.7013 50.7134 50.7252 50.737
 50.7482 50.7577 50.77   50.7808 50.7908 50.8    50.809  50.818  50.8274
 50.8386 50.8495 50.8594 50.8688 50.8808 50.8906 50.9013 50.9116 50.9232
 50.9341 50.9465 50.9576 50.9689 50.9807 50.9928 51.0017 51.0132 51.0239
 51.0353 51.0461 51.0562 51.0676 51.0772 51.0875 51.0988 51.1137 51.1238
 51.1363 51.147  51.1558 51.165  51.1753 51.1847 51.1966 51.2075 51.2184
 51.2286 51.2382 51.2485 51.2586 51.2695 51.2813 51.2918 51.3026 51.3122
 51.322  51.3313 51.3424 51.3611 51.3734 51.3861 51.3989 51.4096 51.4228
 51.4328 51.446  51.4585 51.4744 51.4894 51.4992 51.5135 51.528  51.5421
 51.5563 51.5707 51.585  51.5973 51.6105 51.6242 51.6449 51.6571 51.6718
 51.6847 51.6976 51.7141 51.7299 51.7449 51.7626 51.7806 51.7945 51.8122
 51.8284 51.8423 51.8596 51.8751 51.892  51.906  51.9201 51.9421 51.9638
 51.9829 52.0011 52.0214 52.0354 52.0546 52.084  52.12   52.155  52.1751
 52.2036 52.2311 52.2679 52.3262 52.6739 53.6679 57.0593 57.9845 58.0627
 58.2543 58.334  58.3632 58.4237 58.4888 58.5769 58.6036 58.6387 58.6648
 58.6858 58.7025 58.7268 58.742  58.7686 58.7894 58.8045 58.8343 58.8512
 58.8667 58.8826 58.8966 58.9126 58.9321 58.9473 58.961  58.9751 58.9904
 59.0071 59.0205 59.0347 59.0477 59.0602 59.0753 59.0893 59.102  59.1132
 59.1295 59.1416 59.1521 59.1621 59.1768 59.1893 59.2015 59.2138 59.2256
 59.2398 59.2535 59.2647 59.2763 59.2862 59.2961 59.3074 59.3186 59.3316
 59.3437 59.3574 59.3667 59.3762 59.3879 59.3994 59.4138 59.4266 59.4386
 59.4512 59.4626 59.4782 59.4915 59.5022 59.5168 59.5275 59.5431 59.556
 59.568  59.5788 59.5888 59.5998 59.6103 59.6214 59.631  59.6421 59.6537
 59.6632 59.6732 59.6836 59.6944 59.7031 59.713  59.7241 59.7331 59.7435
 59.7539 59.7632 59.7723 59.7816 59.7922 59.8025 59.8123 59.822  59.8324
 59.843  59.8525 59.8616 59.8707 59.8818 59.8924 59.9029 59.9139 59.9239
 59.9354 59.944  59.9541 59.9637 59.9731 59.9828 59.9929
60.0025 60.0119 60.0219 60.0316 60.0424 60.0521 60.0628 60.0736 60.0847
 60.0978 60.1109 60.1229 60.1333 60.1434 60.1557 60.1661 60.1777 60.1871
 60.1969 60.2108 60.224  60.2388 60.25   60.2638 60.2798 60.2924 60.3058
 60.3177 60.3309 60.3492 60.3688 60.3873 60.3994 60.4169 60.4319 60.4511
 60.4662 60.4843 60.5044 60.5197 60.5347 60.5463 60.5661 60.5841 60.6078
 60.6324 60.6492 60.6671 60.6868 60.7097 60.7301 60.7531 60.7694 60.7862
 60.8014 60.8192 60.8389 60.8667 60.8963 60.9228 60.9636 61.0499 61.0847
 61.1249 61.191  67.6663 67.9491 68.0019 68.0351 68.0921 68.1372 68.2455
 68.2928 68.313  68.3388 68.3595 68.3852 68.4249 68.45   68.4985 68.521
 68.5481 68.582  68.5943 68.6153 68.6308 68.6531 68.671  68.6941 68.7105
 68.7323 68.7477 68.7605 68.7812 68.8023 68.8224 68.8378 68.8515 68.8632
 68.8755 68.8913 68.9051 68.9182 68.931  68.9434 68.9584 68.9823 69.0013
 69.0135 69.028  69.0408 69.0525 69.0659 69.0773 69.0918 69.111  69.1232
 69.1384 69.1548 69.1711 69.1884 69.2035 69.214  69.2267 69.2405 69.2523
 69.2646 69.2774 69.295  69.3093 69.3236 69.3379 69.3583 69.3743 69.3881
 69.3983 69.4081 69.4226 69.4327 69.4438 69.4552 69.4675 69.4798 69.4924
 69.5095 69.527  69.5422 69.5537 69.5664 69.5782 69.5988 69.6137 69.625
 69.6387 69.653  69.6646 69.6839 69.7047 69.7269 69.7415 69.7624 69.7733
 69.7849 69.8088 69.8295 69.8445 69.8817 69.8998 69.9179 69.9429 69.9668
 69.9959

