13.7025 13.7322 13.8989 13.9326 13.9833 14.02   14.0577 14.0786 14.1421
 14.1817 14.2123 14.2414 14.2589 14.2836 14.2989 14.3225 14.3439 14.3651
 14.3778 14.3915 14.4037 14.4163 14.429  14.4464 14.458  14.4749 14.4898
 14.5053 14.5179 14.5378 14.5513 14.563  14.5753 14.5953 14.6094 14.6279
 14.6411 14.6525 14.6653 14.6761 14.686  14.6959 14.7065 14.7153 14.7265
 14.7372 14.7486 14.762  14.7741 14.7858 14.7985 14.8079 14.8194 14.8326
 14.8416 14.8522 14.8618 14.8728 14.8842 14.8968 14.909  14.9184 14.9294
 14.9412 14.9516 14.9625 14.9728 14.9834 14.9935 15.0074 15.0192 15.0302
 15.0419 15.0518 15.0635 15.0734 15.084  15.0926 15.1026 15.1125 15.1232
 15.1372 15.1469 15.1578 15.1686 15.1792 15.1921 15.206  15.2167 15.2282
 15.2384 15.2479 15.2591 15.2713 15.2836 15.2952 15.3066 15.3173 15.3312
 15.3431 15.3571 15.3712 15.3911 15.4055 15.4168 15.427  15.4388 15.4506
 15.464  15.477  15.4896 15.5037 15.5154 15.5282 15.5406 15.5538 15.5666
 15.5797 15.5932 15.6098 15.6205 15.6321 15.6442 15.6579 15.6739 15.6895
 15.7027 15.7148 15.7282 15.7468 15.7642 15.7806 15.7933 15.8165 15.8331
 15.8451 15.8576 15.873  15.8946 15.9126 15.9277 15.9533 15.9716 15.9922
 16.014  16.0301 16.0556 16.0875 16.1147 16.1546 16.2288 16.3169 16.3572
 16.4449
20.2562 21.7087 22.2658 22.684  22.8119 22.8951 22.9498 22.9845 23.0062
 23.069  23.1244 23.1445 23.1646 23.1897 23.2203 23.2376 23.2585 23.283
 23.3065 23.3326 23.3481 23.3637 23.3791 23.3965 23.4141 23.4301 23.4447
 23.4595 23.4729 23.4878 23.5006 23.5195 23.531  23.5429 23.5576 23.5739
 23.5875 23.5984 23.6082 23.6179 23.6309 23.6425 23.6659 23.6775 23.6917
 23.7046 23.7153 23.7276 23.7364 23.7461 23.757  23.7659 23.7789 23.7909
 23.8031 23.8148 23.8252 23.8343 23.8464 23.8595 23.8707 23.8811 23.8919
 23.9039 23.9145 23.9237 23.9349 23.9487 23.9582 23.9697 23.9799 23.992
 24.0037 24.0148 24.0253 24.0367 24.051  24.0628 24.0737 24.0854 24.0974
 24.1109 24.1224 24.1337 24.1436 24.1535 24.1629 24.1746 24.1847 24.1972
 24.2093 24.2187 24.2319 24.2437 24.254  24.2641 24.2752 24.2866 24.2977
 24.3085 24.3201 24.3309 24.3419 24.3519 24.3638 24.3744 24.3891 24.4016
 24.4143 24.4292 24.4415 24.4524 24.4638 24.4756 24.4893 24.5074 24.5196
 24.5307 24.5451 24.5575 24.5706 24.5811 24.5934 24.6053 24.6218 24.6383
 24.651  24.6637 24.6797 24.6933 24.7074 24.727  24.7398 24.7566 24.772
 24.7863 24.8043 24.8238 24.8454 24.868  24.8839 24.8954 24.9088 24.9237
 24.9447 24.9582 24.9797 24.9981 25.0246 25.0433 25.0578 25.0733 25.0909
 25.1261 25.1685 25.2209 25.3349 28.9726
30.7855 31.3843 31.5085 31.5769 31.6054 31.686  31.7653 31.8226 31.9142
 32.0034 32.0343 32.0828 32.0995 32.1285 32.1459 32.1608 32.1869 32.2064
 32.2214 32.2332 32.246  32.261  32.275  32.2945 32.3142 32.3295 32.3442
 32.3555 32.368  32.3784 32.3949 32.4071 32.4241 32.435  32.4515 32.4706
 32.4826 32.4939 32.5076 32.5181 32.5285 32.5379 32.551  32.5664 32.5764
 32.5867 32.5977 32.6119 32.6252 32.6359 32.6477 32.658  32.6733 32.6832
 32.6933 32.7035 32.712  32.7214 32.734  32.7455 32.7557 32.7666 32.7767
 32.7868 32.7963 32.8077 32.8204 32.8294 32.8406 32.8509 32.8599 32.8698
 32.8802 32.8896 32.8982 32.9072 32.9173 32.9271 32.9371 32.9469 32.9561
 32.9647 32.9736 32.9827 32.9911 33.0001 33.0096 33.0194 33.0293 33.0392
 33.0505 33.0603 33.0704 33.0806 33.0892 33.0989 33.1097 33.1205 33.1307
 33.1425 33.1531 33.1631 33.1734 33.183  33.195  33.2069 33.2161 33.2271
 33.2385 33.248  33.2574 33.2697 33.2801 33.2903 33.3014 33.3118 33.3225
 33.3351 33.3449 33.3546 33.3651 33.375  33.3853 33.3961 33.406  33.4178
 33.4287 33.4417 33.4524 33.4642 33.4742 33.485  33.4966 33.5112 33.521
 33.5322 33.5423 33.558  33.5696 33.5812 33.5937 33.6054 33.6172 33.6292
 33.6389 33.6493 33.6593 33.6714 33.6864 33.6993 33.7126 33.7231 33.7369
 33.7497 33.765  33.781  33.7946 33.8075 33.8211 33.8357 33.8475 33.8658
 33.8815 33.8994 33.9163 33.9307 33.9461 33.9616 33.9786 33.9927 34.0095
 34.0278 34.0526 34.069  34.0857 34.1019 34.1238 34.1658 34.1866 34.2076
 34.2267 34.2678 34.2884 34.3323 34.3717 34.4178 34.4443 34.5653 39.8915
40.0403 40.2657 40.3027 40.3676 40.454  40.4962 40.5249 40.5838 40.6253
 40.6419 40.6676 40.7088 40.7326 40.7491 40.7686 40.8007 40.8158 40.8318
 40.8492 40.8624 40.8798 40.8951 40.9083 40.9222 40.9391 40.952  40.9684
 40.9817 41.0016 41.0142 41.0249 41.0359 41.0467 41.0598 41.0723 41.0834
 41.0941 41.1064 41.1176 41.1307 41.1408 41.1517 41.164  41.1751 41.1849
 41.1951 41.2049 41.2135 41.2229 41.2328 41.2417 41.2523 41.2643 41.2746
 41.2857 41.2967 41.3056 41.3181 41.3277 41.3374 41.3461 41.3561 41.3644
 41.3738 41.3835 41.3932 41.4021 41.4112 41.4196 41.4279 41.4377 41.4466
 41.4558 41.4645 41.4732 41.482  41.4915 41.5001 41.5091 41.5189 41.5291
 41.537  41.5457 41.5549 41.5651 41.5738 41.5827 41.5919 41.6026 41.6117
 41.6203 41.6295 41.638  41.6469 41.6572 41.6658 41.6743 41.6836 41.6922
 41.7022 41.7115 41.7204 41.7295 41.7375 41.7463 41.7564 41.7647 41.7761
 41.7842 41.7931 41.8016 41.8105 41.8185 41.827  41.8362 41.8472 41.8564
 41.8664 41.8749 41.8841 41.8934 41.9024 41.9106 41.9203 41.9288 41.9381
 41.9479 41.9578 41.9668 41.9766 41.9851 41.9933 42.0029 42.012  42.0219
 42.0326 42.0422 42.0516 42.0612 42.07   42.079  42.089  42.0986 42.1088
 42.1193 42.1281 42.1369 42.1482 42.1586 42.1693 42.1816 42.1926 42.2037
 42.2139 42.2258 42.2356 42.2456 42.2582 42.2682 42.2786 42.2894 42.2995
 42.3095 42.32   42.3313 42.344  42.3553 42.3691 42.3844 42.3969 42.4095
 42.4245 42.4356 42.448  42.4615 42.4716 42.483  42.4968 42.5115 42.5236
 42.538  42.5485 42.5589 42.5701 42.5838 42.5994 42.6119 42.6253 42.6397
 42.6516 42.6651 42.6767 42.6899 42.7065 42.7179 42.7306 42.7476 42.764
 42.7812 42.8074 42.8245 42.843  42.8672 42.8844 42.9016 42.9215 42.9433
 42.9662 42.9861 43.0307 43.0486 43.0758 43.133  43.1555 43.2474 43.2927
 43.661  45.6945 48.9827 49.1566 49.1898 49.2639 49.3673 49.3908 49.4622
 49.5001 49.5585 49.5815 49.6091 49.6421 49.6578 49.6748 49.7113 49.7257
 49.7407 49.7722 49.7947 49.8115 49.8303 49.8436 49.8611 49.8716 49.8848
 49.8995 49.9164 49.9301 49.9445 49.9594 49.9706 49.983  49.9955
50.0077 50.0194 50.0342 50.0453 50.0606 50.0755 50.0865 50.0957 50.1057
 50.1145 50.1246 50.1338 50.1446 50.1539 50.1643 50.1741 50.1842 50.1952
 50.2038 50.2135 50.225  50.2361 50.2454 50.2559 50.2655 50.2758 50.2864
 50.2954 50.3052 50.3143 50.3231 50.3317 50.3408 50.3504 50.3594 50.3686
 50.3779 50.386  50.3944 50.4032 50.4111 50.4196 50.4282 50.4368 50.4443
 50.4522 50.461  50.4691 50.4781 50.4881 50.4966 50.5053 50.5142 50.5249
 50.5336 50.5437 50.5528 50.5614 50.5694 50.5777 50.5865 50.5943 50.6027
 50.6113 50.6195 50.6282 50.6361 50.6438 50.6527 50.6617 50.6711 50.6803
 50.689  50.6973 50.7053 50.7134 50.722  50.7313 50.7395 50.7484 50.7566
 50.7654 50.7733 50.7814 50.7896 50.798  50.8066 50.816  50.8252 50.8352
 50.8436 50.8532 50.8628 50.8714 50.8812 50.8901 50.8989 50.9076 50.9161
 50.9249 50.9342 50.9421 50.9509 50.9585 50.9667 50.9751 50.9847 50.9949
 51.004  51.0138 51.0226 51.0316 51.0399 51.0491 51.0586 51.0686 51.0769
 51.0864 51.0951 51.1036 51.1129 51.1225 51.1314 51.1397 51.1494 51.1584
 51.1672 51.1762 51.1865 51.1952 51.2054 51.2141 51.2232 51.2321 51.2424
 51.2518 51.2619 51.2714 51.2813 51.2906 51.3012 51.3117 51.3222 51.3331
 51.3437 51.3543 51.3643 51.375  51.3865 51.3967 51.4092 51.42   51.4308
 51.4437 51.4529 51.4655 51.476  51.4868 51.4982 51.5096 51.5241 51.5372
 51.55   51.5632 51.5775 51.5906 51.6028 51.6159 51.6312 51.648  51.6635
 51.6756 51.6895 51.704  51.7205 51.7412 51.7548 51.7738 51.7957 51.8101
 51.8259 51.8593 51.8847 51.9018 51.9461 51.9929 52.0127 52.0597 52.0846
 52.1399 52.1672 52.2417 52.2827 52.3488 52.4347 52.819  57.0519 57.2558
 57.6458 57.6973 58.0301 58.1109 58.2561 58.3183 58.4198 58.4538 58.4873
 58.5164 58.5397 58.5617 58.584  58.6142 58.6295 58.6453 58.6634 58.6748
 58.6872 58.6989 58.7108 58.7264 58.7376 58.7528 58.7637 58.7767 58.7906
 58.8036 58.8163 58.8294 58.8399 58.8533 58.872  58.8846 58.8992 58.9096
 58.9208 58.9348 58.947  58.9586 58.9692 58.982  58.9938 59.0028 59.0113
 59.0217 59.0318 59.0409 59.0511 59.0629 59.0725 59.0825 59.092  59.1023
 59.113  59.123  59.1326 59.1431 59.1522 59.1621 59.171  59.1802 59.1894
 59.201  59.2098 59.219  59.2276 59.2364 59.2448 59.2539 59.2631 59.2725
 59.282  59.2909 59.299  59.3081 59.3182 59.3271 59.3359 59.3446 59.3527
 59.361  59.3699 59.3785 59.387  59.3955 59.4047 59.4136 59.4216 59.4302
 59.4388 59.4471 59.4565 59.4648 59.4733 59.4817 59.4902 59.4986 59.507
 59.5166 59.5257 59.5335 59.5427 59.5505 59.5595 59.568  59.5773 59.5858
 59.5937 59.6017 59.6101 59.6188 59.6269 59.635  59.6442 59.6529 59.6615
 59.6693 59.6788 59.6879 59.6965 59.7046 59.7127 59.7219 59.7303 59.7385
 59.7472 59.7553 59.7643 59.7731 59.7814 59.7909 59.8    59.8094 59.8182
 59.8268 59.837  59.8459 59.8546 59.8631 59.8713 59.88   59.8896 59.898
 59.9064 59.9154 59.9248 59.9337 59.9435 59.9535 59.9641 59.9735 59.9822
 59.9913
60.0005 60.0089 60.0184 60.028  60.0371 60.0472 60.0565 60.067  60.0768
 60.0863 60.0968 60.1073 60.1176 60.1273 60.139  60.1486 60.1582 60.1676
 60.1781 60.1881 60.1985 60.21   60.2214 60.2328 60.2464 60.2576 60.2698
 60.2823 60.2956 60.3084 60.32   60.3329 60.3454 60.3575 60.3689 60.3839
 60.3977 60.4082 60.4214 60.4373 60.4533 60.4682 60.4813 60.4951 60.5073
 60.5249 60.5422 60.5633 60.5801 60.5993 60.6161 60.6279 60.6459 60.6755
 60.697  60.71   60.7258 60.7464 60.7723 60.7918 60.8161 60.8389 60.8976
 60.9603 61.0798 61.3099 67.2988 67.6226 67.8834 67.9299 67.9777 68.0579
 68.0994 68.1327 68.1689 68.2336 68.2593 68.2792 68.3044 68.3212 68.3409
 68.3628 68.378  68.3949 68.4176 68.4454 68.4887 68.515  68.5306 68.5494
 68.5678 68.586  68.6021 68.6164 68.6312 68.6423 68.655  68.6711 68.6851
 68.6995 68.713  68.725  68.7399 68.7537 68.7664 68.7791 68.7903 68.8024
 68.8145 68.8298 68.8427 68.8565 68.8676 68.8815 68.8933 68.9079 68.9185
 68.9299 68.9408 68.9531 68.9642 68.9752 68.9854 68.997  69.0083 69.0189
 69.0324 69.0457 69.0584 69.0719 69.0837 69.0961 69.1075 69.1201 69.133
 69.1438 69.1532 69.1656 69.1769 69.1893 69.2025 69.2128 69.2257 69.236
 69.2459 69.2568 69.2669 69.2762 69.2882 69.304  69.3142 69.3266 69.3367
 69.3509 69.3609 69.3721 69.383  69.3936 69.4049 69.4164 69.4263 69.4392
 69.4493 69.4611 69.4743 69.4878 69.4996 69.5122 69.5261 69.5367 69.5504
 69.5601 69.5724 69.5824 69.593  69.6058 69.6178 69.6319 69.6484 69.6618
 69.6772 69.6875 69.6983 69.7182 69.7426 69.757  69.772  69.7834 69.8031
 69.815  69.8264 69.8433 69.8655 69.8863 69.9025 69.9186 69.9408 69.953
 69.9669 69.9854

