11.3529 13.8106 13.8647 14.0629 14.2891 14.3663 14.5076 14.5489 14.6908
 14.7521 14.9177
22.2363 22.5146 22.6187 22.6698 23.0579 23.1323 23.1758 23.2036 23.2825
 23.362  23.5209 23.5555 23.6569
30.5149 32.2053 32.2508 32.3507 32.7116 32.7838 32.8599 32.8867 32.9511
 33.0587 33.2329 33.4061
41.8543 42.0807 42.1274 42.4029 42.8154
50.9459 51.2137 51.5986 51.6488 51.6787 51.7559 51.7893 51.8486 51.8928
 52.038
60.0017 60.7076 60.756  60.7811 60.9722 61.0283 61.2992 61.3484 61.5938
 61.6227 61.7127 61.8838

