13.2687 13.6    13.8377 14.0197 14.0652 14.0883 14.1181 14.1393 14.1878
 14.2183 14.2428 14.3829 14.4522 14.4852 14.5338 14.5831 14.6034 14.6177
 14.6346 14.6519 14.7158 14.7355 14.7599 14.7785 14.7951 14.849  14.8787
 14.9469 14.9899 15.0141
21.0208 22.113  22.5627 22.8251 22.9415 23.2002 23.2206 23.2411 23.277
 23.2958 23.3274 23.3504 23.3704 23.4172 23.4455 23.5252 23.5673 23.5967
 23.6298 23.6556 23.6695 23.6926 23.7187 23.7399 23.7647 23.8295 23.8639
 23.8846 23.9027
31.3785 32.401  32.4323 32.6527 32.6757 32.7844 32.807  32.8529 32.9141
 32.9443 32.9749 33.025  33.045  33.0785 33.1338 33.1546 33.1688 33.1935
 33.2111 33.2284 33.2644 33.2936 33.4178 33.5095
41.7376 41.7918 42.1717 42.2598 42.5011 42.5249 42.5486 42.6517 42.7933
 42.9425 43.0546
50.7799 51.2991 51.3907 52.1998 52.2517 52.2866 52.3617 52.4403 52.8436
 59.7841
60.1669 60.3549 60.4782 60.8375 60.8806 61.0047 61.0474 61.1284 61.2702
 61.2862 61.3149 61.3525 61.3722 61.409  61.4243 61.4512 61.5185 61.5498
 61.5686 61.5902 61.6012 61.6699 61.7366 61.8235 61.8429 61.8779 61.9185
 61.9709

