13.2878 13.5845 13.6112 13.6724 13.8699 13.8987 13.9177 13.9643 14.0005
 14.0253 14.0764 14.1106 14.1288 14.1422 14.16   14.1785 14.2058 14.242
 14.2677 14.2998 14.3199 14.339  14.3524 14.3684 14.3865 14.4151 14.4334
 14.4511 14.4656 14.4844 14.499  14.5147 14.5328 14.5509 14.5652 14.5777
 14.59   14.604  14.6219 14.6343 14.6453 14.6581 14.6674 14.6787 14.6883
 14.6994 14.7107 14.7231 14.735  14.7461 14.7565 14.7671 14.7771 14.788
 14.7982 14.8082 14.8177 14.8287 14.8385 14.8494 14.8592 14.8713 14.8884
 14.9016 14.9166 14.9268 14.9366 14.9538 14.9652 14.9796 14.9908 15.0005
 15.0142 15.0243 15.0337 15.0454 15.0563 15.0663 15.08   15.0911 15.1028
 15.1137 15.1236 15.133  15.1449 15.1545 15.1672 15.1771 15.1867 15.1973
 15.2068 15.2179 15.2321 15.2423 15.2529 15.2633 15.2723 15.2833 15.2941
 15.3086 15.3184 15.3315 15.3461 15.3588 15.3737 15.385  15.397  15.4096
 15.4218 15.4355 15.4476 15.4572 15.4674 15.4783 15.4923 15.5061 15.5299
 15.542  15.5554 15.5705 15.5868 15.5997 15.6143 15.6271 15.6392 15.652
 15.6656 15.6879 15.7001 15.7142 15.7291 15.7415 15.7598 15.7747 15.7893
 15.8074 15.8246 15.8419 15.8583 15.8763 15.893  15.9124 15.9346 15.9736
 15.9999 16.0351 16.0631 16.1017 16.1308 16.1766 18.5442
22.5357 22.5767 22.5908 22.6616 22.7106 22.8485 22.8709 22.9299 22.9458
 23.018  23.0649 23.0808 23.1098 23.135  23.1557 23.1819 23.2066 23.2251
 23.2535 23.2754 23.304  23.32   23.3383 23.3604 23.3775 23.3954 23.4112
 23.4347 23.4576 23.4712 23.486  23.5037 23.5224 23.537  23.5555 23.5796
 23.6016 23.6161 23.6267 23.6476 23.6626 23.6766 23.6909 23.7027 23.7132
 23.7242 23.7406 23.7545 23.7668 23.7837 23.8012 23.8192 23.8337 23.8451
 23.8572 23.8674 23.8791 23.8971 23.9102 23.9219 23.9355 23.9512 23.963
 23.9792 23.9918 24.0091 24.0268 24.0364 24.0481 24.0592 24.072  24.0839
 24.0963 24.1103 24.124  24.1373 24.1504 24.1625 24.1754 24.1893 24.2014
 24.2123 24.2242 24.235  24.2453 24.2596 24.2738 24.286  24.2966 24.309
 24.3213 24.3328 24.3429 24.3531 24.368  24.3804 24.3903 24.4011 24.411
 24.4239 24.4373 24.4472 24.4594 24.4712 24.4824 24.4942 24.5081 24.5203
 24.5311 24.5445 24.5563 24.5672 24.5788 24.5912 24.6028 24.6153 24.629
 24.6402 24.653  24.6664 24.6832 24.6949 24.7105 24.7219 24.7336 24.7519
 24.7682 24.7888 24.8066 24.8345 24.8482 24.8693 24.8859 24.9066 24.9231
 24.9438 24.9702 24.9911 25.0275 25.0494 25.1219 25.1869 25.2326 25.2631
31.5092 31.6383 31.7709 31.8286 31.8985 32.1846 32.3633 32.4237 32.4626
 32.5183 32.5562 32.606  32.6238 32.6415 32.6678 32.7032 32.7228 32.7489
 32.7731 32.7915 32.8117 32.8485 32.8701 32.9003 32.9379 32.9564 32.9753
 32.9912 33.0089 33.0334 33.0495 33.0696 33.0868 33.1064 33.1205 33.1396
 33.1563 33.1701 33.1908 33.2051 33.2286 33.2435 33.2543 33.2694 33.2876
 33.2996 33.3162 33.3316 33.3462 33.3597 33.374  33.3847 33.4026 33.4177
 33.4359 33.4478 33.4609 33.4777 33.4906 33.5047 33.5181 33.5343 33.5521
 33.5676 33.5841 33.5961 33.6095 33.6249 33.6373 33.6558 33.6756 33.6905
 33.7059 33.7185 33.7344 33.7558 33.7742 33.7852 33.7964 33.8113 33.8215
 33.8377 33.8568 33.875  33.8981 33.9116 33.9267 33.9504 33.9826 34.0051
 34.0202 34.0336 34.0502 34.0669 34.0856 34.1005 34.1143 34.1304 34.1446
 34.1609 34.1746 34.2028 34.2222 34.2513 34.2652 34.2775 34.2948 34.3431
 34.3686 34.3979 34.4544 34.489  34.5521 34.6283
41.4438 41.6251 41.8097 41.8859 42.1173 42.2108 42.2771 42.3574 42.3996
 42.49   42.5374 42.5565 42.5725 42.6034 42.6266 42.6477 42.6716 42.6874
 42.7134 42.7468 42.7645 42.7826 42.8053 42.8367 42.8564 42.8779 42.8952
 42.9187 42.9378 42.9588 42.9829 43.0229 43.0362 43.0602 43.0821 43.1002
 43.1359 43.1566 43.1733 43.191  43.2127 43.2375 43.2563 43.2825 43.3081
 43.3228 43.3433 43.3747 43.4105 43.428  43.4627 43.4844 43.5072 43.5275
 43.5535 43.5785 43.6029 43.63   43.6467 43.6701 43.6879 43.7197 43.7598
 43.7787 43.8009 43.8445 43.8698 43.8979 43.92   43.933  43.9527 44.036
 44.2761 48.3489
50.4644 51.0257 51.3597 51.4599 51.5759 51.6712 51.8012 51.8394 51.8647
 51.9657 52.0296 52.0787 52.1202 52.1684 52.1933 52.2178 52.2394 52.2588
 52.2844 52.3049 52.3199 52.3445 52.367  52.391  52.4107 52.4489 52.4736
 52.4998 52.5232 52.5529 52.5907 52.6216 52.6434 52.6654 52.6909 52.7205
 52.7506 52.7738 52.7894 52.8189 52.8814 52.8991 52.912  52.931  52.9486
 52.9683 52.9823 52.9955 53.0198 53.05   53.0726 53.0988 53.1217 53.1411
 53.1764 53.242  53.2793 53.2981 53.3336 53.3525 53.4127 53.4663 53.5006
 53.6114 58.5279
60.1746 60.5377 60.5995 60.6311 60.6631 60.7427 60.8102 60.8377 60.9033
 60.9344 60.9608 60.9969 61.0169 61.0424 61.0746 61.0912 61.1087 61.132
 61.1604 61.1763 61.1958 61.214  61.2344 61.2573 61.2702 61.2866 61.3135
 61.3368 61.3574 61.3705 61.3828 61.3976 61.4091 61.4204 61.4338 61.4526
 61.4696 61.4815 61.497  61.5096 61.5228 61.5343 61.553  61.5639 61.5747
 61.5875 61.6009 61.6168 61.6271 61.6416 61.6533 61.6733 61.6865 61.7029
 61.7134 61.7254 61.7377 61.7541 61.7649 61.7778 61.7918 61.8024 61.8119
 61.823  61.8391 61.8515 61.861  61.8733 61.8899 61.906  61.9176 61.9283
 61.9422 61.9577 61.9691 61.9823 61.9999 62.0108 62.0231 62.0346 62.0533
 62.0695 62.0902 62.1069 62.119  62.1304 62.1451 62.1557 62.1689 62.1806
 62.1924 62.2039 62.2181 62.2305 62.2456 62.266  62.2788 62.2924 62.3048
 62.3217 62.3364 62.3479 62.3613 62.3756 62.3866 62.4038 62.4175 62.4287
 62.4387 62.455  62.4723 62.4898 62.5066 62.5196 62.5344 62.554  62.5686
 62.5818 62.5981 62.6146 62.6281 62.642  62.6617 62.6861 62.7    62.7178
 62.7452 62.77   62.7906 62.8244 62.8471 62.9488 62.9928 66.9346

