13.1334 13.4225 13.5056 13.8648 14.0368 14.0675 14.1067 14.1464 14.1714
 14.2055 14.2213 14.2586 14.3007 14.3301 14.3566 14.3865 14.4037 14.4247
 14.4508 14.4727 14.4939 14.5077 14.5297 14.5494 14.5706 14.5846 14.606
 14.6209 14.6451 14.671  14.6837 14.6976 14.7121 14.7259 14.7394 14.7551
 14.7678 14.7817 14.7952 14.8097 14.821  14.8305 14.841  14.8534 14.8752
 14.8881 14.9028 14.9142 14.9247 14.9367 14.9489 14.965  14.9759 14.9875
 15.0015 15.0132 15.0256 15.0371 15.0485 15.058  15.0706 15.0839 15.097
 15.108  15.1176 15.1327 15.144  15.1531 15.1629 15.1727 15.1845 15.1946
 15.2068 15.2186 15.2308 15.2453 15.2551 15.2653 15.2791 15.2894 15.3011
 15.3116 15.3233 15.3349 15.3453 15.3555 15.3642 15.375  15.3869 15.3986
 15.4065 15.416  15.4256 15.438  15.447  15.4574 15.4679 15.4783 15.4955
 15.508  15.5202 15.5304 15.5408 15.5505 15.5598 15.5716 15.5835 15.5967
 15.6068 15.6175 15.628  15.6387 15.6496 15.6596 15.6699 15.6797 15.6912
 15.7016 15.7143 15.7252 15.7349 15.7496 15.7615 15.7733 15.7845 15.7939
 15.8043 15.8156 15.8283 15.838  15.8527 15.864  15.8793 15.8902 15.9017
 15.9149 15.9272 15.9389 15.9515 15.9653 15.9786 15.9917 16.0045 16.0179
 16.0325 16.0442 16.0575 16.07   16.0835 16.0965 16.1133 16.1291 16.1463
 16.1632 16.1766 16.1903 16.2039 16.216  16.2371 16.2556 16.2701 16.291
 16.3071 16.3229 16.3485 16.3718 16.393  16.4294 16.4496 16.4983 16.6203
 19.6458
22.9368 23.3657 23.5208 23.6009 23.7403 23.8089 23.8568 23.8918 23.927
 23.9703 23.9925 24.0195 24.0473 24.0963 24.1098 24.1554 24.1868 24.2066
 24.2608 24.2845 24.3095 24.3289 24.3445 24.3699 24.3808 24.3975 24.4179
 24.445  24.4592 24.4753 24.5007 24.5154 24.5289 24.5411 24.5529 24.5691
 24.5826 24.6022 24.6165 24.6312 24.6498 24.6636 24.6767 24.6878 24.7017
 24.7171 24.7313 24.7431 24.7553 24.7706 24.7849 24.7961 24.8078 24.8213
 24.8316 24.8439 24.8591 24.8714 24.8854 24.8972 24.9103 24.9231 24.9333
 24.9445 24.9567 24.971  24.9835 24.9968 25.0086 25.0188 25.0314 25.0419
 25.0526 25.0638 25.0749 25.0898 25.1045 25.1182 25.1302 25.1418 25.1522
 25.1628 25.1729 25.1855 25.1966 25.2103 25.2239 25.2342 25.2452 25.2575
 25.2716 25.2847 25.2949 25.3084 25.3216 25.3351 25.3482 25.3599 25.3719
 25.3839 25.409  25.427  25.4406 25.4537 25.4673 25.4861 25.5008 25.5163
 25.5292 25.5418 25.5537 25.5646 25.5834 25.5973 25.609  25.6234 25.6384
 25.6537 25.6671 25.6813 25.7078 25.7254 25.7491 25.7649 25.7924 25.816
 25.8355 25.8604 25.8864 25.9084 25.9269 25.9482 25.9627 25.9805 26.0156
 26.0348 26.0536 26.0862 26.1276 26.1692 26.2535 26.3859
32.463  32.6346 32.813  32.9104 32.9672 33.0431 33.0816 33.1039 33.1346
 33.1884 33.2273 33.2542 33.2753 33.3072 33.3242 33.3486 33.3626 33.3772
 33.4189 33.4347 33.4556 33.4704 33.4828 33.5034 33.5234 33.5366 33.551
 33.5689 33.5841 33.6059 33.6198 33.6328 33.6494 33.6642 33.6797 33.7028
 33.7151 33.7294 33.7451 33.7603 33.7728 33.787  33.8023 33.8137 33.8283
 33.8438 33.8567 33.8721 33.8833 33.8985 33.9156 33.9313 33.9464 33.959
 33.97   33.9807 33.9924 34.0062 34.0198 34.0302 34.0425 34.0559 34.0654
 34.0744 34.0858 34.1003 34.1115 34.1236 34.1348 34.1474 34.1607 34.1753
 34.1877 34.1998 34.2104 34.2214 34.233  34.2451 34.2585 34.2725 34.2843
 34.2985 34.3092 34.3197 34.3349 34.3461 34.3615 34.3731 34.3843 34.3961
 34.4089 34.4209 34.4383 34.4544 34.4671 34.4805 34.4945 34.5067 34.5181
 34.5321 34.5439 34.5606 34.5743 34.5904 34.6014 34.6155 34.6264 34.6452
 34.6574 34.6698 34.6813 34.6926 34.7043 34.7156 34.727  34.7396 34.758
 34.7718 34.7896 34.8014 34.8169 34.8302 34.8439 34.8556 34.8701 34.8832
 34.9025 34.9299 34.9523 34.9719 34.9885 35.0193 35.052  35.094  35.1158
 35.1386 35.1587 35.2056 35.2383 35.3513 35.3906
41.1902 41.4189 41.8291 41.952  42.0446 42.0864 42.2664 42.2968 42.3703
 42.4029 42.4726 42.489  42.5184 42.5468 42.5684 42.5883 42.6063 42.6218
 42.6347 42.6498 42.6638 42.6821 42.6977 42.7326 42.7453 42.76   42.785
 42.7979 42.8105 42.8217 42.8357 42.8496 42.8612 42.8732 42.8852 42.9016
 42.9165 42.9383 42.9576 42.9685 42.9804 42.9927 43.008  43.0223 43.0366
 43.0566 43.0683 43.0788 43.0895 43.1006 43.1141 43.1283 43.1392 43.1485
 43.1601 43.1701 43.1806 43.1918 43.2019 43.2148 43.2253 43.2364 43.2473
 43.258  43.2684 43.2782 43.2898 43.3015 43.3131 43.326  43.3388 43.3496
 43.3649 43.3807 43.3964 43.4075 43.4179 43.4285 43.4377 43.4483 43.4584
 43.4686 43.4804 43.4921 43.5034 43.5228 43.535  43.5464 43.5584 43.5704
 43.5819 43.5921 43.6019 43.6136 43.6257 43.6377 43.6508 43.6619 43.6721
 43.6835 43.6948 43.7063 43.717  43.7269 43.7392 43.7524 43.7633 43.7738
 43.7876 43.8027 43.8152 43.8266 43.8446 43.8585 43.8757 43.8861 43.897
 43.9082 43.9262 43.9379 43.9597 43.9701 43.9808 43.993  44.0088 44.0224
 44.038  44.0628 44.0743 44.087  44.1053 44.1174 44.1366 44.1507 44.1729
 44.1957 44.2144 44.2339 44.2495 44.2629 44.2794 44.3119 44.3292 44.3517
 44.3732 44.3954 44.4777 44.5345 44.5588 44.6285 45.9729 49.6161
50.1574 51.9798 52.2084 52.2742 52.3444 52.3741 52.4011 52.4199 52.4438
 52.4834 52.5283 52.59   52.6674 52.6945 52.7152 52.7425 52.768  52.7929
 52.8161 52.835  52.8726 52.8905 52.9092 52.9213 52.9462 52.9662 52.9862
 53.0091 53.0211 53.0439 53.0722 53.0902 53.1097 53.1441 53.1615 53.2128
 53.2334 53.2559 53.2884 53.3074 53.3305 53.349  53.3667 53.3822 53.3967
 53.4122 53.4265 53.4612 53.4799 53.5134 53.5355 53.5515 53.5657 53.5768
 53.5934 53.6065 53.6216 53.6372 53.6528 53.6812 53.7145 53.7328 53.7504
 53.7665 53.7806 53.7994 53.8158 53.8296 53.8459 53.8592 53.8822 53.9157
 53.9348 53.9547 53.974  53.996  54.0212 54.0347 54.0561 54.0742 54.1048
 54.1277 54.1505 54.1694 54.2016 54.2329 54.2546 54.2695 54.2994 54.3184
 54.3529 54.3829 54.4738 59.6816
60.5275 60.8611 60.9377 61.0117 61.0474 61.1246 61.2004 61.2284 61.2893
 61.3785 61.4335 61.4939 61.5248 61.5725 61.59   61.6167 61.6365 61.6563
 61.673  61.7141 61.7494 61.7698 61.7868 61.8168 61.8384 61.8528 61.8668
 61.8842 61.8976 61.9102 61.9257 61.9452 61.9667 61.9803 61.9923 62.0079
 62.0199 62.0353 62.0489 62.0627 62.0777 62.0925 62.1057 62.1245 62.1354
 62.1469 62.1621 62.1727 62.193  62.206  62.2173 62.2309 62.2466 62.2636
 62.2785 62.2906 62.3056 62.3211 62.3333 62.3436 62.3543 62.3646 62.3769
 62.3885 62.3992 62.4121 62.4274 62.4373 62.449  62.4599 62.469  62.4774
 62.4876 62.498  62.5084 62.5197 62.5328 62.5445 62.5582 62.5725 62.5821
 62.5929 62.6089 62.6192 62.6324 62.6437 62.656  62.6653 62.6761 62.688
 62.6997 62.711  62.7205 62.7342 62.7444 62.7549 62.7676 62.78   62.792
 62.8042 62.8153 62.8294 62.8414 62.8534 62.8646 62.8748 62.8861 62.8978
 62.9095 62.9225 62.935  62.9479 62.9588 62.9689 62.9792 62.9906 63.0027
 63.0134 63.0251 63.0385 63.0517 63.0654 63.0765 63.0897 63.1039 63.1162
 63.1353 63.1511 63.1658 63.1785 63.1916 63.204  63.2175 63.2316 63.2446
 63.259  63.2718 63.2947 63.3078 63.3208 63.3355 63.3573 63.3747 63.3913
 63.42   63.4364 63.4536 63.4776 63.5008 63.5188 63.5641 63.6236 63.7368
 63.8079 64.0569 67.4345 69.9994

