12.3143 13.5743 13.6115 13.6565 13.7289 13.9942 14.0254 14.1964 14.3172
 14.3406 14.361  14.3796 14.4119 14.4406 14.456  14.4837 14.5071 14.54
 14.5565 14.5815 14.5975 14.6199 14.6322 14.65   14.666  14.6877 14.7084
 14.7296 14.7448 14.7594 14.7744 14.7873 14.8007 14.8162 14.8355 14.8487
 14.8608 14.8772 14.8963 14.912  14.9245 14.9372 14.9478 14.9618 14.975
 14.9861 14.9991 15.0098 15.0201 15.0332 15.0428 15.0537 15.0653 15.0757
 15.0889 15.1006 15.1162 15.1306 15.1414 15.1526 15.1655 15.1761 15.1857
 15.1961 15.2061 15.2183 15.2295 15.2402 15.2509 15.2612 15.2708 15.2839
 15.2957 15.3065 15.3168 15.3274 15.3404 15.3514 15.3635 15.3779 15.3882
 15.3996 15.4111 15.4271 15.4385 15.4504 15.4642 15.4768 15.4878 15.4996
 15.5106 15.5227 15.5348 15.5449 15.5569 15.5707 15.5844 15.6037 15.6137
 15.6259 15.6369 15.6516 15.6623 15.6742 15.6851 15.6982 15.7098 15.7253
 15.7431 15.7537 15.7657 15.7798 15.7919 15.8021 15.8177 15.8331 15.8457
 15.8605 15.8793 15.894  15.9065 15.9194 15.9324 15.9473 15.9636 15.9886
 16.0013 16.0155 16.0301 16.0438 16.0607 16.0744 16.0866 16.0985 16.1105
 16.1264 16.1411 16.1574 16.1759 16.1946 16.2171 16.2307 16.2432 16.2552
 16.2685 16.2828 16.2979 16.3145 16.3335 16.346  16.3629 16.376  16.3917
 16.4135 16.445  16.4631 16.4843 16.5004 16.5144 16.5398 16.5656 16.5864
 16.6105 16.6309 16.7027 16.7609 16.7929 16.8469 16.9034 17.0625
22.9785 23.2328 23.5016 23.5269 23.6691 23.8253 23.8544 23.8999 23.9257
 23.9718 23.9988 24.0319 24.0515 24.0728 24.1093 24.1348 24.1689 24.1991
 24.2138 24.2322 24.248  24.2617 24.2857 24.3109 24.3294 24.3439 24.3633
 24.3825 24.3982 24.4154 24.4396 24.4545 24.4914 24.5075 24.5272 24.5428
 24.5579 24.5695 24.5853 24.599  24.6112 24.6248 24.6463 24.6558 24.6677
 24.6795 24.6905 24.7058 24.717  24.7329 24.746  24.759  24.7713 24.7825
 24.7951 24.8083 24.822  24.841  24.8529 24.8684 24.8797 24.8898 24.902
 24.9144 24.9252 24.9359 24.9472 24.9621 24.9761 24.9884 25.0029 25.0157
 25.0269 25.039  25.0503 25.0639 25.0788 25.0905 25.1076 25.1245 25.1373
 25.1498 25.1634 25.1744 25.1882 25.2013 25.2178 25.2349 25.2512 25.2673
 25.2794 25.2928 25.3048 25.3189 25.335  25.3491 25.3627 25.3758 25.3877
 25.3997 25.4155 25.4335 25.4465 25.4599 25.4735 25.4876 25.5104 25.5236
 25.5364 25.5573 25.5712 25.5926 25.6089 25.6241 25.6509 25.6678 25.6863
 25.7109 25.7275 25.7453 25.7665 25.7791 25.7992 25.8197 25.8347 25.8589
 25.8777 25.9066 25.932  25.9518 25.9725 25.9899 26.0061 26.019  26.0386
 26.0576 26.0903 26.12   26.1448 26.1722 26.2102 26.2469 26.2647 26.2872
 26.3077 26.3388 26.3757 26.4762 26.5659
31.0769 31.4983 31.5697 32.6593 32.7126 32.8935 32.9359 32.9954 33.0205
 33.0441 33.1152 33.1424 33.1769 33.1906 33.2116 33.228  33.2678 33.2944
 33.3085 33.3336 33.3677 33.3919 33.4139 33.4414 33.469  33.4821 33.5015
 33.5142 33.5339 33.5449 33.5605 33.5834 33.5991 33.6194 33.6373 33.661
 33.6759 33.6946 33.7089 33.7293 33.7469 33.7583 33.7817 33.8    33.8143
 33.8277 33.8417 33.8658 33.8795 33.89   33.9044 33.9165 33.9287 33.9405
 33.9511 33.9633 33.9825 33.9981 34.0113 34.023  34.0328 34.0445 34.0562
 34.0683 34.0818 34.0978 34.1096 34.1187 34.1289 34.1415 34.1532 34.1635
 34.1749 34.184  34.1955 34.2108 34.2246 34.2386 34.2498 34.2615 34.2737
 34.2833 34.2947 34.3063 34.3219 34.3333 34.3494 34.3602 34.3737 34.3862
 34.408  34.4302 34.4457 34.4625 34.4811 34.4942 34.5109 34.5354 34.5592
 34.5767 34.5914 34.6099 34.6214 34.6341 34.6483 34.6647 34.6785 34.6989
 34.7134 34.7298 34.7449 34.7591 34.771  34.7849 34.8029 34.8223 34.8428
 34.8639 34.8845 34.9175 34.9375 34.9564 34.9696 34.9879 35.001  35.0223
 35.0392 35.0704 35.0875 35.1197 35.1447 35.1678 35.1881 35.2043 35.2424
 35.2889 35.307  35.3222 35.3559 35.3935 35.4326 35.4803 35.5467 35.6736
 35.8319
41.5066 41.6944 41.9178 41.9618 41.9976 42.0426 42.0937 42.1792 42.2533
 42.2838 42.3169 42.3367 42.3633 42.3994 42.4199 42.4417 42.5112 42.5384
 42.5651 42.5849 42.6036 42.6189 42.637  42.6558 42.6728 42.7006 42.7205
 42.7372 42.7567 42.7717 42.79   42.8045 42.8182 42.8338 42.8494 42.8648
 42.8824 42.9025 42.9259 42.9394 42.9523 42.9641 42.9779 42.9938 43.0038
 43.0175 43.0334 43.0448 43.0596 43.0748 43.0913 43.104  43.1168 43.1279
 43.1391 43.1552 43.1694 43.1837 43.1996 43.2148 43.2297 43.2396 43.2537
 43.2685 43.2864 43.2988 43.312  43.3246 43.3392 43.3541 43.366  43.379
 43.3905 43.4001 43.416  43.4298 43.4415 43.4556 43.4677 43.4821 43.4983
 43.5136 43.5323 43.5454 43.558  43.5722 43.5849 43.6015 43.6192 43.6329
 43.6448 43.6622 43.6753 43.6951 43.7079 43.728  43.7505 43.7655 43.7809
 43.7942 43.8075 43.8223 43.84   43.8643 43.8822 43.9008 43.9226 43.94
 43.9542 43.9688 43.9848 43.997  44.0101 44.0307 44.0442 44.0594 44.0774
 44.0926 44.1108 44.1252 44.1398 44.1589 44.179  44.199  44.2311 44.257
 44.2758 44.2971 44.3125 44.3284 44.3467 44.3611 44.3787 44.3967 44.4265
 44.4536 44.4722 44.4917 44.5173 44.5372 44.5589 44.5878 44.644  44.6641
 44.7095 44.7495 44.8803 44.9615 45.1949 47.9541
51.4632 52.0239 52.1714 52.2288 52.2947 52.4747 52.5356 52.5682 52.5927
 52.6396 52.709  52.7289 52.7689 52.7862 52.801  52.8273 52.8665 52.9059
 52.9247 52.9452 52.9633 53.0208 53.0427 53.0608 53.0859 53.1075 53.1605
 53.1805 53.1939 53.2149 53.232  53.2482 53.2664 53.2783 53.2946 53.3069
 53.3283 53.3456 53.3671 53.3805 53.3943 53.4075 53.4198 53.4343 53.4508
 53.4659 53.4822 53.5182 53.5456 53.5633 53.5783 53.6008 53.616  53.6321
 53.6454 53.6604 53.6753 53.7154 53.7327 53.7571 53.7699 53.7849 53.8047
 53.8219 53.8437 53.8644 53.882  53.9204 53.9393 53.9572 53.9731 53.9914
 54.0252 54.0489 54.0767 54.1284 54.1539 54.1805 54.1987 54.2208 54.2639
 54.2969 54.3638 54.4038 54.4346 54.5565 54.6019 54.8596
60.3227 60.8831 60.9579 61.0415 61.211  61.2469 61.293  61.3907 61.4234
 61.5157 61.542  61.5665 61.5819 61.5981 61.6167 61.6424 61.6566 61.7091
 61.7305 61.7515 61.7688 61.7883 61.8099 61.8343 61.8529 61.8671 61.8845
 61.9063 61.9189 61.9368 61.9515 61.9647 61.9825 61.9969 62.0088 62.0193
 62.0308 62.0483 62.0588 62.0702 62.081  62.0956 62.1087 62.124  62.1338
 62.1492 62.1607 62.1715 62.1841 62.1967 62.2159 62.2303 62.2408 62.2536
 62.2659 62.2824 62.2943 62.3045 62.3164 62.3317 62.3423 62.355  62.3646
 62.3763 62.387  62.4017 62.4123 62.4245 62.4365 62.4466 62.4578 62.4752
 62.4928 62.5095 62.5212 62.5335 62.546  62.5622 62.5735 62.5856 62.5987
 62.6099 62.622  62.6356 62.6487 62.6611 62.6729 62.6847 62.6986 62.7092
 62.7235 62.7376 62.7542 62.7683 62.7795 62.7938 62.8072 62.8189 62.8301
 62.8448 62.86   62.8739 62.885  62.8973 62.9144 62.9268 62.9398 62.9523
 62.9663 62.9799 62.9954 63.0163 63.0339 63.0533 63.0688 63.086  63.1045
 63.1331 63.1467 63.1621 63.1819 63.2015 63.2208 63.2347 63.2479 63.2614
 63.2782 63.2934 63.3081 63.323  63.3416 63.3548 63.3755 63.4024 63.4128
 63.4296 63.4481 63.4758 63.5025 63.5228 63.5403 63.5562 63.6    63.6279
 63.6474 63.6677 63.6955 63.7163 63.738  63.7677 63.7953 63.8162 63.8347
 63.9197 63.9493 64.0075 64.1396 64.8596 68.6288 69.2585

