14.2    14.326  14.6693 14.7092 14.7379 14.7725 14.9198 14.9517 15.0112
 15.0389 15.0595 15.0816 15.1066 15.1354 15.1583 15.1809 15.207  15.223
 15.2405 15.2668 15.3289 15.3548 15.3748 15.3975 15.4147 15.4377 15.4567
 15.5343 15.5724 15.5945 15.6116 15.6255 15.6395 15.653  15.6719 15.6886
 15.723  15.7432 15.7567 15.7794 15.8053 15.8194 15.8385 15.8609 15.8824
 15.9018 15.9156 15.9299 15.9429 15.9717 15.9974 16.0171 16.0343 16.0541
 16.0692 16.085  16.1214 16.1545 16.1824 16.1998 16.2275 16.2523 16.2733
 16.2986 16.32   16.3357 16.3502 16.3827 16.3969 16.4156 16.4421 16.4582
 16.4754 16.4924 16.5082 16.5295 16.5431 16.556  16.572  16.5922 16.6246
 16.6806 16.7119 16.7429 16.77   16.8048 16.8254 16.8612 16.8848 16.9422
 16.9798 17.0116 17.031  17.0626 17.1216 18.7896 19.5795
24.2253 24.2733 24.3166 24.3448 24.4705 24.5518 24.5779 24.6085 24.675
 24.6938 24.7383 24.8464 24.8641 24.8979 24.9419 24.9758 25.0056 25.0385
 25.0724 25.0965 25.1326 25.1754 25.1987 25.2212 25.2419 25.331  25.35
 25.3675 25.3856 25.3992 25.4148 25.436  25.4514 25.4706 25.494  25.5226
 25.5376 25.5586 25.5823 25.5998 25.6215 25.6425 25.6686 25.6918 25.7161
 25.7599 25.7754 25.8083 25.8407 25.8633 25.8815 25.9189 25.9691 25.9847
 26.0127 26.0356 26.0644 26.1024 26.1229 26.1448 26.1607 26.2097 26.2319
 26.2481 26.2646 26.2838 26.3605 26.3906 26.4225 26.4511 26.5103 26.5427
 26.6213 26.7377
32.9579 33.3056 33.3505 33.6311 33.6642 33.6878 33.7157 33.8074 33.8326
 33.9112 33.9301 33.9599 34.0077 34.0304 34.0776 34.0978 34.148  34.1694
 34.191  34.2072 34.2403 34.2623 34.3081 34.3507 34.3751 34.4    34.4249
 34.4802 34.5049 34.5246 34.5416 34.5601 34.579  34.6031 34.6185 34.6345
 34.6556 34.6724 34.6889 34.7009 34.7173 34.7378 34.7822 34.8032 34.824
 34.8464 34.8719 34.8987 34.916  34.9354 34.9681 34.9926 35.0156 35.0452
 35.0634 35.0789 35.0995 35.1308 35.1471 35.1659 35.1858 35.2066 35.2334
 35.2552 35.2782 35.3057 35.3307 35.4057 35.4277 35.4489 35.4789 35.4988
 35.5169 35.5429 35.6396 35.7053 35.8099 35.9009 36.086  36.1796 39.0325
41.4732 42.2705 42.3756 42.543  42.6614 42.8003 42.8487 42.8761 42.9368
 43.0254 43.0453 43.0974 43.1239 43.1863 43.205  43.2194 43.2418 43.266
 43.2868 43.3215 43.3745 43.4052 43.4239 43.4432 43.4638 43.4849 43.5032
 43.5237 43.5607 43.584  43.5993 43.6183 43.6645 43.6938 43.7214 43.7359
 43.7602 43.7765 43.7961 43.8288 43.8543 43.876  43.9    43.9162 43.933
 43.9576 43.9715 44.0211 44.0386 44.0676 44.0982 44.121  44.1366 44.164
 44.1937 44.2172 44.2413 44.2706 44.328  44.3618 44.3988 44.4365 44.4615
 44.4792 44.5019 44.5258 44.5446 44.5814 44.6014 44.6247 44.6587 44.6818
 44.7055 44.7248 44.7692 44.836  44.8596 44.8879 44.9474 45.0509 45.2446
 49.4395
52.8577 52.9539 53.0482 53.2069 53.2446 53.2812 53.3089 53.3579 53.4562
 53.5068 53.5454 53.5873 53.6804 53.7275 53.7778 53.7964 53.8825 53.9149
 53.935  53.969  54.0023 54.0449 54.0779 54.1165 54.1518 54.2117 54.2479
 54.2914 54.3389 54.3702 54.4062 54.4367 54.4523 54.4736 54.4948 54.5304
 54.5878 54.6186 54.6637 54.691  54.8884 54.9753
61.1787 61.4836 61.5331 61.6858 61.7406 61.8763 61.9063 61.9353 61.9791
 62.0117 62.1164 62.1537 62.1805 62.2563 62.2926 62.3295 62.4108 62.4726
 62.5009 62.5178 62.5362 62.5559 62.5797 62.6086 62.6261 62.6452 62.6623
 62.685  62.7055 62.7286 62.7433 62.7664 62.801  62.8275 62.8463 62.862
 62.8791 62.9152 62.9345 62.9563 62.968  62.9885 63.0163 63.0379 63.0561
 63.0708 63.0855 63.1038 63.124  63.1399 63.155  63.1685 63.1836 63.2017
 63.221  63.2376 63.2527 63.2755 63.2911 63.3102 63.3281 63.3453 63.3754
 63.4015 63.4348 63.4581 63.4747 63.4947 63.5165 63.5575 63.5807 63.6018
 63.6232 63.639  63.6631 63.6908 63.7065 63.7324 63.7551 63.781  63.7996
 63.816  63.8381 63.8639 63.8938 63.9224 63.9402 63.9639 64.0329 64.0557
 64.0831 64.1475 64.1803 64.2065

