11.4866 12.7888 14.4583 14.6358 14.7109 14.733  14.7873 14.8165 15.0582
 15.1126 15.1346 15.1509 15.2018 15.2499 15.2796 15.3345 15.3848 15.4433
 15.4817 15.5212 15.5393 15.5735 15.5885 15.6022 15.6923 15.7746 15.8295
23.663  23.8879 23.9619 24.1719 24.2113 24.3534 24.5087 24.5744 24.6528
 24.6865 24.712  24.8039 24.8855 24.9153 24.9427 25.0839 25.2398 25.3653
 25.4766 25.4983
32.7595 33.2769 33.3614 33.4259 33.5013 33.6091 33.7185 33.8005 33.9053
 33.9377 33.9588 34.0825 34.1231 34.1403 34.1854 34.2221 34.2404 34.2636
 34.3738 34.415  34.4594
42.6753 42.7107 42.7903 42.9249 42.9696 43.1255 43.1738 43.2923 43.326
 43.3492 43.3776 43.4568 43.5052 43.5286 43.5445 43.5728 43.588  43.6479
 43.7154 43.7396
51.9683 52.631  52.7905 52.8237 52.9346 53.1001 53.2922 53.5714 57.9222
61.4963 61.5747 61.6049 61.6479 61.7199 61.751  61.8087 61.8504 61.9188
 61.976  62.0062 62.0291 62.0702 62.0888 62.2289 62.2873 62.3111 62.3409
 62.3754 62.4103 62.4355 62.4613 62.4947 62.5693 62.5985 62.616  62.6965
 62.764

