11.0137 13.2009 14.1527 14.1808 14.2056 14.2767 14.333  14.3828 14.4192
 14.4598 14.5289 14.5711 14.7058 14.7196 14.7776 14.8086 14.83   14.8485
 14.901  14.9423 14.9559 14.9872 15.015  15.0394 15.0772 15.1133 15.143
 15.1695 15.1924 15.2896
20.7384 23.7849 23.8164 24.2729 24.3047 24.3609 24.3811 24.485  24.5255
 24.5437 24.5851 24.6289 24.766  24.831  24.8567
31.4952 32.1567 32.8948 33.1686 33.2506 33.2947 33.3395 33.3699 33.3886
 33.4423 33.5588 33.5824 33.6014 33.6424 33.6596 33.714  33.7424 33.7609
 33.7804 33.8026 33.8344 33.8876 33.9289 33.9851 34.0019 34.0441 34.0685
 34.1397 34.1511 34.1877 34.2073 39.3929
40.0894 41.7311 41.8733 42.1214 42.2009 42.2654 42.3007 42.3302 42.359
 42.3836 42.4404 42.4717 42.5002 42.5143 42.5456 42.5669 42.6472 42.6879
 42.7059 42.7396 42.795  42.8166 42.8328 42.8713 42.8967 42.9314 42.9558
 43.0466 43.2942 43.328  43.3488
50.5662 51.7985 52.0995 52.1605 52.2733 52.326  52.3517 52.3696 52.3959
 52.4508 52.4774 52.6745 52.7598 52.947
61.4875 61.8888 61.9215 62.0757 62.3456 62.5507 62.612

