13.7189 13.9639 14.0067 14.1982 14.2784 14.3414 14.3602 14.4625 14.5126
 14.7996
21.5995 21.9284 22.2118 22.3683 22.6948 23.0148 23.2214 23.2582 23.2729
 23.2984 23.317  23.4075 23.5003 23.5271 23.5489 23.5831 23.6012 23.7329
31.6912 31.7681 31.9548 32.0403 32.1045 32.1307 32.1614 32.2424 32.3956
 32.4737 32.5265 32.7502 39.1454
40.5986 40.8855 40.9429 41.1715 41.2561 41.2926 41.4012 41.4702 41.5374
 41.5887 41.6206 41.7521 41.8107 41.8355 42.1151 42.1372 42.2717 46.7927
 49.7387
50.3158 50.5419 50.9577 51.0741 51.1129 51.2066 51.2816 51.3736 51.4512
 51.5056 51.5306 51.5679 51.6225 51.7351 51.9196
60.4912 60.9262 61.1673 61.3928 61.4754 61.4967 69.1103

