13.109  13.203  13.5968 14.2205 14.3007 14.3316 14.5321 14.6232 14.6702
 14.7327 14.7486 14.7989 14.8199 14.8397 14.8584 14.8968 14.9325 14.9764
 15.0501 15.0945 15.1219 15.1978 15.2242 15.2724
23.6547 23.7519 23.8118 23.9838 24.053  24.3187 24.3529 24.3932 24.4244
 24.4507 24.4669 24.5631 24.592  24.6153 24.6376 24.6627 24.7238 24.748
 24.8018
31.9967 33.1191 33.2013 33.2443 33.3077 33.4157 33.4831 33.5849 33.6382
 33.6695 33.7291 33.7773 33.8969 33.927  33.9445 33.9889 34.0136 34.121
 34.1831 34.2186 34.2526 34.3545
40.7039 41.6607 42.1592 42.2857 42.4421 42.4712 42.5686 42.6311 42.7053
 42.7443 42.7754 42.8777 42.9242 42.9525 42.9719 43.0764 43.0941 43.1224
 43.1683 43.3183 43.4
50.0729 50.9465 51.8578 51.963  52.0835 52.1099 52.2959 52.411  52.4975
 52.5649 52.5998 52.6238 52.639  52.6843 52.7669 52.8481
61.847  62.3825 62.5466 62.573  62.6558 67.4068

