13.4837 13.5796 13.8848 14.0138 14.1669 14.2409 14.6606 14.7363
22.4574 22.8985 23.0771 23.1233 23.3552 23.5963 23.7168 23.7327 23.7753
30.9793 32.0049 32.1829 32.3538 32.4395 32.472  32.5759 32.6307 32.6506
 32.7109 32.7677 32.8559 38.2299
41.3535 41.4425 41.5454 41.8487 41.9503 41.9788 42.0097 42.1013 42.1368
50.8497 51.2219 51.5771 51.6658 51.7282 51.7542 51.8108 51.8366 51.8988
 58.8318 59.3699
60.7263 60.9568 61.3363 61.4469 61.4989 61.5206 61.6205 61.735  68.2646
 68.71   69.0711 69.5127 69.8997

