11.1995 13.6216 13.7438 13.9231 14.     14.1789 14.2136 14.2442 14.3084
 14.4072 14.4463 14.482  14.5437 14.5855 14.6076 14.6382 14.6953 14.8771
 15.0098
23.5117 23.7942 23.8279 23.8614 23.9603 24.1349 24.1624 24.259  24.2922
 24.3476 24.4223 24.4461 24.4677 24.5166 24.5993 24.6583 24.7711
32.2081 33.1805 33.4913 33.5276 33.5855 33.6423 33.6747 33.7572 33.8187
 33.943  33.969  33.9998 34.0232 34.1627
40.4818 41.5418 41.8124 41.8701 41.9262 42.1232 42.1994 42.2997 42.333
 42.3579 42.4593 42.4787 42.5508 42.5934 42.6207 42.6333 42.6842 42.7063
 42.7344 42.7593 42.8247 42.8571 42.9016 42.9349
51.7037 51.7595 51.873  52.0045 52.0626 52.0901 52.2159 52.303  52.4223
 52.4559 52.555  52.6148 52.6852 52.7092 52.7681 52.8102 52.8663
60.5222 61.3544 61.6647 61.8765 61.9704 62.1906 62.2502 62.3754 62.4059
 62.5688 62.732  69.4478

