13.6758 13.8238 14.0446 14.1637 14.1805 14.2795 14.3197 14.4483 14.4855
 14.5193 14.5744 14.5996 14.6245 14.6409 14.6642 14.6781 14.6945 14.7167
 14.7514 14.7787 14.8532 14.8726 14.9576 14.9986 15.0155 15.034  15.0478
 15.0701 15.0862 15.1056 15.1693 15.1874 15.2074 15.2334 15.2679 15.2842
 15.4016 15.479  15.5487 15.6124
22.3178 23.407  23.4883 23.5846 23.7891 23.8407 23.9103 23.9273 23.9589
 24.0006 24.0258 24.0784 24.1528 24.1756 24.2812 24.34   24.3605 24.3952
 24.4184 24.4759 24.49   24.5201 24.5521 24.5641 24.5909 24.6208 24.65
 24.6849 24.702  24.7151 24.7366 24.7528 24.7665 24.7953 24.8246 24.8388
 24.8713 24.8937 24.9716 25.0584 25.124
31.5761 32.9623 33.4076 33.4692 33.541  33.5602 33.5956 33.6189 33.6365
 33.659  33.6749 33.6978 33.7465 33.7758 33.8113 33.8303 33.8595 33.8798
 33.9032 33.9216 33.9396 33.9554 34.0082 34.0296 34.0727 34.087  34.1059
 34.1352 34.1648 34.1957 34.2155 34.24   34.2835 34.2979 34.3422 34.3614
 34.3996 34.469  39.816
41.8576 42.0129 42.0925 42.1451 42.1799 42.2826 42.3374 42.3811 42.4157
 42.4856 42.5271 42.5498 42.5658 42.5799 42.5993 42.6452 42.6747 42.6971
 42.7456 42.7623 42.7756 42.8021 42.8157 42.83   42.843  42.8552 42.8699
 42.9126 42.9445 42.9622 42.9826 42.9995 43.011  43.0531 43.0813 43.1131
 43.1299 43.143  43.1655 43.1758 43.1892 43.2015 43.2205 43.2447 43.2817
 43.3172 43.3459 43.3881 43.5247 43.6318
51.7668 51.9052 51.9457 52.0202 52.1186 52.1444 52.1736 52.2075 52.2234
 52.2628 52.3276 52.3829 52.4222 52.4775 52.5172 52.622  52.656  52.681
 52.7244 52.7471 52.7861 52.8078 52.8338 52.8637 52.8806 52.9551 52.9844
 53.0451 53.0777 53.1471
60.7155 61.7715 61.8229 61.9628 61.9819 62.0947 62.1833 62.2458 62.4064
 62.4549 62.4834 62.6287 62.6932 62.8186 67.6491

