13.7387 14.7342 14.9419 14.9801 15.0879 15.2206 15.2615 15.3786 15.4574
 15.5003 15.6004 15.6855 15.8188 15.8567 15.9526 16.0021 16.0457 16.097
 16.279  16.357  16.4543 16.4853 16.5785 16.6236 16.7547 17.0429
21.9645 23.2246 23.4562 23.6217 23.659  23.6777 23.7551 23.8312 23.8691
 23.8967 23.9167 24.0302 24.0638 24.1097 24.125  24.147  24.1759 24.2215
 24.2579 24.2834 24.3171 24.3408 24.3642 24.3934 24.4093 24.4301 24.4589
 24.4798 24.5174 24.5665 24.6121 24.629  24.6486 24.6797 24.6979 24.7138
 24.7288 24.7526 24.7728 24.8194 24.8524 24.8753 24.8968 24.9186 24.9355
 24.9573 24.9769 24.9956 25.0348 25.0515 25.0688 25.0907 25.1098 25.137
 25.1558 25.1909 25.2175 25.2358 25.2517 25.2766 25.3227 25.3464 25.3715
 25.4059 25.4264 25.4556 25.4979 25.5247 25.5829 25.6037 25.6743 25.6999
 25.7602 25.7889 25.8474 25.9787
30.6119 31.8547 32.8725 33.0114 33.0621 33.1115 33.1421 33.1903 33.2228
 33.3063 33.4568 33.4899 33.5216 33.5787 33.6004 33.6993 33.7256 33.7541
 33.7856 33.813  33.8364 33.8964 33.9196 33.9499 33.9656 33.976  33.9924
 34.0146 34.0378 34.0594 34.0886 34.1124 34.1359 34.1526 34.1732 34.2025
 34.2238 34.2592 34.2766 34.2959 34.3217 34.3448 34.3627 34.3924 34.4303
 34.4588 34.4882 34.5099 34.5327 34.5472 34.5608 34.5765 34.5922 34.6179
 34.6647 34.691  34.7176 34.7358 34.7555 34.7749 34.7976 34.8188 34.8467
 34.873  34.8976 34.9299 34.9496 34.9736 34.9925 35.0275 35.0527 35.0835
 35.1093 35.1435 35.1784 35.2114 35.2751 35.2989 35.3521 35.3986 35.4486
 35.5259 35.5747 38.8326
42.0627 42.256  42.3549 42.4389 42.4814 42.5335 42.7829 42.8583 42.895
 42.9497 42.9975 43.059  43.145  43.1876 43.2524 43.2758 43.3104 43.3444
 43.3823 43.4124 43.4358 43.476  43.4944 43.5219 43.5621 43.5959 43.6248
 43.6777 43.7026 43.7195 43.7565 43.7776 43.7957 43.8119 43.847  43.8698
 43.8932 43.9226 43.9567 43.9762 43.9987 44.0226 44.0397 44.0575 44.0807
 44.0995 44.1242 44.1485 44.1687 44.1882 44.2185 44.2424 44.2858 44.3036
 44.3239 44.3661 44.4224 44.4545 44.497  44.5334 44.5647 44.6092 44.6269
 44.6798 44.7151 44.7394 44.8047 44.8648 44.9246 44.9547 45.0725 46.9679
50.9844 51.0806 51.3831 51.42   51.5717 51.6149 51.7718 52.0911 52.1166
 52.1465 52.2831 52.3154 52.346  52.3788 52.4193 52.4829 52.5153 52.5388
 52.5867 52.6146 52.6621 52.6857 52.7276 52.7665 52.7879 52.8059 52.8697
 52.9139 52.9417 52.9809 53.0131 53.0375 53.0589 53.0852 53.102  53.1232
 53.1396 53.1669 53.2081 53.2413 53.273  53.2978 53.3226 53.3589 53.3898
 53.4119 53.4368 53.4605 53.4768 53.5011 53.5555 53.6597 53.7068 53.7407
 53.7664 53.9385 54.0045 54.0327 54.0874 54.1218 54.1599 59.9211
60.6064 60.9541 61.0136 61.0391 61.1039 61.1368 61.2206 61.3064 61.3514
 61.4168 61.4889 61.5425 61.6186 61.6547 61.6837 61.7534 61.7699 61.8037
 61.8375 61.8556 61.8743 61.8949 61.9134 61.9313 62.0079 62.0231 62.0492
 62.0655 62.0847 62.1088 62.1348 62.1698 62.1917 62.2056 62.2215 62.2401
 62.2658 62.2843 62.2978 62.3219 62.3521 62.3769 62.3969 62.4191 62.4461
 62.4776 62.4993 62.5229 62.5472 62.5729 62.5886 62.6419 62.6628 62.6816
 62.6981 62.7119 62.7287 62.7562 62.7728 62.7994 62.819  62.8444 62.8617
 62.8795 62.9073 62.9279 62.9526 62.9812 62.9989 63.0217 63.0436 63.0723
 63.0998 63.1331 63.165  63.2034 63.2241 63.2739 63.3178 63.3915 63.4754
 63.5335 66.4739

