13.8103 14.2593 14.4097 14.48   14.5261 14.5611 14.5999 14.6452 14.7629
 14.7813 14.8036 14.8525 14.941  14.9783 15.0302 15.0816 15.2085 15.2463
 15.2722 15.3257 15.3419 15.4024 15.5248 15.55   15.5826 15.6402 15.7459
 15.8048 15.846  16.1578 16.189  16.3598 16.5649 19.4121
21.6069 21.9787 22.0894 22.4965 22.6017 22.6456 22.6974 22.7638 22.8098
 22.9597 23.0672 23.0918 23.1382 23.1715 23.1952 23.2637 23.3004 23.3144
 23.3283 23.3475 23.3706 23.3874 23.4147 23.429  23.4477 23.4754 23.4915
 23.5158 23.5348 23.5529 23.5684 23.5845 23.5993 23.6129 23.6335 23.6526
 23.6713 23.6872 23.7044 23.7256 23.7457 23.7657 23.7783 23.7955 23.8132
 23.8344 23.8548 23.8721 23.8862 23.8997 23.9188 23.9312 23.9446 23.9553
 23.9678 23.9825 23.9957 24.0087 24.0215 24.0346 24.0578 24.072  24.0849
 24.0964 24.1083 24.1208 24.1359 24.1567 24.17   24.1927 24.2103 24.2288
 24.248  24.2588 24.2709 24.2872 24.3083 24.3323 24.3536 24.3735 24.4057
 24.431  24.452  24.4678 24.4865 24.5019 24.5207 24.5359 24.5552 24.5768
 24.5916 24.6181 24.6439 24.6853 24.705  24.7246 24.7722 24.8011 24.8726
 24.9388 24.9723 25.038  25.1068 25.1905 25.2456 25.2927
31.5409 32.1376 32.1963 32.2969 32.4205 32.4533 32.5149 32.5392 32.5819
 32.6273 32.6618 32.685  32.7809 32.8188 32.8607 32.8856 32.9013 32.9196
 32.9379 32.9571 32.9771 33.018  33.0445 33.0595 33.073  33.0904 33.1038
 33.1215 33.1375 33.1623 33.1776 33.1933 33.2143 33.2276 33.2486 33.265
 33.2789 33.2948 33.3143 33.3297 33.3416 33.3599 33.3762 33.3955 33.4089
 33.4265 33.4434 33.4574 33.4777 33.4908 33.5073 33.5231 33.5388 33.5505
 33.5659 33.58   33.5922 33.6024 33.6162 33.6296 33.6417 33.656  33.667
 33.6832 33.696  33.7088 33.7207 33.7382 33.7516 33.7703 33.785  33.7989
 33.8194 33.8291 33.8431 33.8589 33.8718 33.8865 33.9032 33.9176 33.9298
 33.9433 33.9573 33.9706 33.9835 34.0005 34.0159 34.0299 34.0423 34.0544
 34.0832 34.1034 34.1199 34.1384 34.1519 34.1705 34.1961 34.2085 34.2271
 34.2454 34.2694 34.294  34.3162 34.3303 34.3463 34.4078 34.4527 34.4799
 34.5032 34.5516 34.5825 34.8885
41.1988 41.2676 41.5156 41.5537 41.5929 41.6398 41.6603 41.7467 41.7976
 41.8748 42.0356 42.0586 42.089  42.1136 42.1586 42.1831 42.2004 42.2219
 42.2419 42.2744 42.2924 42.3137 42.3536 42.3688 42.3977 42.4228 42.4501
 42.4678 42.4809 42.4993 42.5269 42.5554 42.5704 42.5904 42.6106 42.625
 42.6405 42.6575 42.6736 42.6945 42.7079 42.7211 42.7354 42.7575 42.7773
 42.8137 42.8386 42.8533 42.8664 42.8844 42.9073 42.9213 42.9375 42.9583
 42.974  42.9899 43.0079 43.0287 43.0431 43.0633 43.0799 43.0938 43.1075
 43.1256 43.1415 43.1558 43.1707 43.1851 43.1968 43.2089 43.2223 43.2408
 43.268  43.2858 43.3066 43.3205 43.3321 43.3464 43.3664 43.3997 43.4182
 43.4401 43.4639 43.4797 43.4947 43.5168 43.5528 43.5704 43.5945 43.6183
 43.6445 43.662  43.6913 43.7319 43.788  43.8141 43.8554 43.8806 43.9158
 43.9452 43.9726 43.999  44.0525 49.8605
50.4689 50.6537 50.7924 50.8289 50.8913 50.9294 51.0869 51.2463 51.3056
 51.4287 51.4813 51.5312 51.5688 51.5966 51.6233 51.6446 51.6629 51.6904
 51.7304 51.7544 51.7895 51.8143 51.8372 51.8547 51.8719 51.8923 51.9138
 51.9296 51.9448 51.9592 51.9752 51.9931 52.0123 52.0323 52.0534 52.0707
 52.0976 52.1128 52.1362 52.1493 52.1653 52.1792 52.2019 52.2172 52.2387
 52.2659 52.2766 52.2938 52.3102 52.3254 52.3412 52.3596 52.3798 52.4003
 52.4179 52.4356 52.4545 52.4785 52.5218 52.5445 52.57   52.5949 52.6417
 52.6707 52.7041 52.724  52.7473 52.7651 52.7822 52.8053 52.8402 52.887
 52.9315 52.9622 53.0195 53.0567 53.0821 53.1537 53.1939 53.2797 53.4259
 57.7138 59.3151 59.5539 59.7292 59.9823
60.0431 60.1896 60.273  60.3078 60.3998 60.5706 60.5914 60.7003 60.7233
 60.7643 60.7898 60.8156 60.8367 60.8586 60.8944 60.922  60.9359 60.9535
 60.9815 60.9985 61.015  61.0293 61.0452 61.0848 61.1096 61.1393 61.1514
 61.1645 61.1824 61.202  61.2153 61.2287 61.2441 61.2589 61.2792 61.2983
 61.3255 61.347  61.3676 61.3929 61.4096 61.431  61.4431 61.4558 61.4686
 61.4866 61.5022 61.5196 61.5331 61.5579 61.5713 61.588  61.5998 61.622
 61.6458 61.6581 61.672  61.6829 61.6938 61.7058 61.7194 61.7309 61.7483
 61.7635 61.7773 61.7912 61.8076 61.8203 61.8328 61.8466 61.8642 61.8771
 61.8977 61.9135 61.9276 61.9432 61.9568 61.97   61.9837 61.9972 62.0135
 62.029  62.0463 62.0625 62.0755 62.0869 62.1022 62.1131 62.1296 62.1418
 62.1561 62.1699 62.1866 62.2015 62.2275 62.2437 62.2619 62.2788 62.2976
 62.3148 62.3575 62.3909 62.4109 62.4373 62.4533 62.4933 62.5104 62.5369
 62.5908 62.6269 62.7224 62.8336 65.2859 68.5207

