13.1163 13.8216 13.9359 14.1883 14.2065 14.2647 14.2979 14.3208 14.3489
 14.3998 14.4296 14.4496 14.4718 14.4966 14.5156 14.537  14.5692 14.5944
 14.6192 14.6401 14.6661 14.6922 14.7389 14.7613 14.7798 14.8067 14.8261
 14.8419 14.8597 14.8837 14.907  14.9293 14.9472 14.9662 14.9961 15.016
 15.0367 15.0546 15.0758 15.0915 15.1086 15.134  15.1572 15.1832 15.2297
 15.2556 15.2731 15.2965 15.3184 15.3338 15.3537 15.3974 15.4176 15.4399
 15.4759 15.5002 15.5165 15.5547 15.5701 15.5828 15.6027 15.6234 15.6449
 15.6724 15.691  15.7278 15.7453 15.7673 15.7932 15.8081 15.8246 15.8389
 15.8547 15.8734 15.89   15.9072 15.9246 15.9415 15.9625 15.9788 16.0004
 16.0218 16.0388 16.0619 16.0786 16.0974 16.1195 16.1419 16.1622 16.1888
 16.2067 16.2272 16.2556 16.2783 16.3015 16.3217 16.3447 16.3685 16.393
 16.418  16.4504 16.4963 16.524  16.5706 16.6284 16.69   18.6639 19.5189
23.6826 23.8312 23.9399 24.0385 24.091  24.155  24.2289 24.2531 24.3187
 24.3494 24.3826 24.4354 24.4579 24.5018 24.5328 24.5615 24.5801 24.6046
 24.6245 24.6927 24.7258 24.7527 24.7828 24.799  24.8243 24.849  24.9119
 24.9343 24.9833 24.9998 25.0328 25.0508 25.0652 25.0866 25.1084 25.1492
 25.1687 25.1893 25.2346 25.2581 25.2861 25.3154 25.3546 25.3772 25.394
 25.4404 25.462  25.4914 25.5147 25.5356 25.5568 25.5757 25.5884 25.6075
 25.6327 25.6489 25.6828 25.7077 25.7257 25.7492 25.7643 25.786  25.7999
 25.8234 25.8498 25.8677 25.8887 25.9099 25.9268 25.9461 25.9786 26.0116
 26.0268 26.0471 26.0723 26.1067 26.1269 26.1585 26.19   26.227  26.2538
 26.2928 26.32   26.3639 26.4248 26.4777 26.5114 26.6759 26.7287
32.0184 33.4849 33.6565 33.7539 33.7899 33.8356 33.9467 33.9699 34.0188
 34.0948 34.1352 34.1948 34.2308 34.2553 34.296  34.3251 34.3537 34.3727
 34.407  34.4404 34.5147 34.5336 34.5589 34.5824 34.6086 34.6345 34.6865
 34.7048 34.7342 34.7568 34.784  34.812  34.8391 34.8571 34.8745 34.8928
 34.9146 34.9369 34.9646 34.9898 35.0381 35.0523 35.0676 35.0931 35.1846
 35.212  35.2609 35.3957 35.4348 35.484  35.6048 35.6429 35.716  35.8976
 35.96
41.1117 42.8437 43.0652 43.3481 43.4174 43.4654 43.5166 43.5967 43.6368
 43.6741 43.7016 43.7578 43.8138 43.8469 43.89   43.9467 44.0493 44.0641
 44.0875 44.1561 44.1826 44.2597 44.3183 44.4399 44.5024 44.5451 44.6005
 44.7862 44.8978 44.9747 45.0313 45.0855 45.3697
50.5768 51.2605 52.185  52.417  52.4505 52.5324 52.6309 52.6839 52.7005
 52.727  52.7782 52.8276 52.8605 52.8917 52.9134 52.9369 52.9589 52.9919
 53.0366 53.0541 53.0691 53.0932 53.1108 53.1288 53.147  53.172  53.1886
 53.2008 53.2205 53.2352 53.2538 53.2824 53.2969 53.3153 53.3408 53.3626
 53.3808 53.4047 53.4197 53.4359 53.4516 53.466  53.4842 53.5136 53.528
 53.545  53.5597 53.5774 53.5938 53.6216 53.6441 53.6609 53.6753 53.6949
 53.7103 53.7251 53.7722 53.7844 53.8145 53.8378 53.8647 53.8806 53.8957
 53.9104 53.9318 53.9564 53.9725 53.986  54.0149 54.0345 54.0519 54.0697
 54.0854 54.1127 54.1305 54.1488 54.1643 54.1829 54.2102 54.2355 54.2635
 54.2804 54.2951 54.3195 54.3503 54.3688 54.3938 54.4141 54.4295 54.448
 54.4638 54.4848 54.504  54.5342 54.5619 54.5869 54.6084 54.6801 54.7121
 54.7374 54.7745 54.8066 54.8496 59.891
60.4234 61.0265 61.352  61.5618 61.6429 61.7969 61.832  61.8801 61.9414
 61.9814 62.0458 62.0939 62.156  62.1738 62.1946 62.2316 62.2536 62.2912
 62.3185 62.3609 62.4032 62.4257 62.4531 62.4942 62.5364 62.5507 62.5815
 62.6019 62.6384 62.6799 62.7009 62.72   62.7515 62.7826 62.8014 62.8205
 62.8403 62.8702 62.9054 62.9368 62.956  62.9749 62.9957 63.0194 63.036
 63.0706 63.0864 63.105  63.1347 63.1564 63.1705 63.194  63.2292 63.2535
 63.2734 63.3087 63.3278 63.343  63.3763 63.4034 63.4558 63.4813 63.5036
 63.5336 63.5625 63.6046 63.6256 63.6432 63.6679 63.6948 63.762  63.7958
 63.8281 63.8465 63.8714 64.0346 64.1296 64.3453

