12.739  13.8303 14.2884
22.3473 22.3962 22.6254 22.7091 22.8298 22.9149 23.1384 23.2382 23.2543
 23.3782 23.4082 23.4297 23.672  23.7122 29.5188 29.7285
31.6482 31.8308 31.9244 32.1454 32.1733 32.2512 32.2814 32.5022 32.5245
 32.6163 32.6983 32.7384 32.7626 32.8865 32.9372 32.9827 33.0044 33.1061
 33.1526 33.1794 33.2305
41.2482 41.287  41.7938 41.8438 42.1269 42.2403 42.3449 42.4258 42.498
 42.5515 42.5895 42.6164 42.657
50.4007 50.7827 51.2108 51.2709 51.4655 51.5125 51.5463 51.5811 51.7338
 51.7797 51.8807 52.1098 57.6211 59.4567 59.6522
60.1789 60.245  60.5916 60.6685 60.6903 60.7543 60.8287 60.8468 60.8687
 60.9785 60.994  61.0137 61.046  61.0665 61.0966 61.1193 61.2794 61.3923
 69.2694

