10.8077 11.1782 13.0728 13.9619 14.0697 14.1527 14.4748 14.6393 14.8602
 14.9203 14.9769 15.0933 15.1303 15.1536 15.1943 15.2096 15.2359 15.3062
 15.3583 15.3893 15.4372 15.4763 15.5431 15.574  15.6241 15.6867 15.7164
 15.8369 15.8665 15.9529 15.9873 16.0399 16.1337 16.2264 16.2553 16.3034
 16.4563
21.1716 21.2039 21.3048 22.5019 22.5512 22.7729 22.8047 22.8348 23.0195
 23.1607 23.2117 23.2423 23.2909 23.3387 23.3795 23.45   23.4692 23.4853
 23.5135 23.5334 23.5536 23.5764 23.6081 23.6266 23.6479 23.6742 23.6924
 23.7079 23.7255 23.7358 23.7509 23.7659 23.7819 23.7963 23.8118 23.8246
 23.8391 23.8572 23.8707 23.8852 23.9002 23.9199 23.9406 23.9578 23.9738
 23.9904 24.0075 24.0249 24.0384 24.0591 24.079  24.0931 24.1093 24.126
 24.1423 24.1585 24.1759 24.1944 24.2159 24.237  24.2557 24.2728 24.288
 24.3098 24.3318 24.3531 24.3719 24.3923 24.4083 24.4234 24.4396 24.4541
 24.4714 24.5099 24.5261 24.5443 24.5685 24.5807 24.5972 24.6099 24.6247
 24.6381 24.6558 24.6754 24.6937 24.7104 24.7263 24.7522 24.7755 24.7961
 24.8227 24.8462 24.8623 24.8811 24.9074 24.9233 24.9414 24.9538 24.9681
 24.9936 25.0267 25.0497 25.0719 25.0872 25.1125 25.1322 25.1787 25.2013
 25.2219 25.2577 25.3142 25.5243 25.5906
31.5579 31.6324 31.8472 31.9055 32.3637 32.5185 32.5633 32.61   32.6796
 32.7242 32.7578 32.8246 32.9291 32.9532 32.9679 32.9884 33.0239 33.0703
 33.0969 33.1207 33.1448 33.1592 33.1746 33.2022 33.2193 33.2324 33.2506
 33.2708 33.2879 33.3126 33.3242 33.3379 33.3669 33.3845 33.3988 33.4126
 33.4275 33.4403 33.4569 33.4802 33.4952 33.5091 33.5257 33.5375 33.557
 33.5753 33.5922 33.6052 33.6202 33.6406 33.6578 33.6688 33.6819 33.7027
 33.7177 33.7337 33.7487 33.7616 33.7744 33.7904 33.8035 33.8171 33.8337
 33.8474 33.862  33.8716 33.8844 33.8991 33.915  33.9341 33.9463 33.9603
 33.9738 33.9883 34.0017 34.0196 34.0335 34.0484 34.0665 34.0808 34.0947
 34.1094 34.1306 34.1448 34.1616 34.1768 34.1916 34.2058 34.2199 34.2337
 34.2492 34.2658 34.2826 34.299  34.3238 34.3429 34.3596 34.3775 34.3905
 34.4182 34.4351 34.4546 34.4785 34.5004 34.5166 34.5331 34.5518 34.5659
 34.5927 34.6136 34.634  34.6549 34.6976 34.7171 34.747  34.7697 34.812
 34.8514 34.8761 34.9079 34.931  34.9627 34.9957 35.1058 35.1481 39.8978
41.2217 41.3725 41.8053 42.0296 42.0867 42.1873 42.2578 42.3103 42.3331
 42.3802 42.4013 42.4206 42.4391 42.4536 42.4768 42.5123 42.5284 42.5451
 42.5671 42.5963 42.6193 42.6869 42.7056 42.7179 42.7344 42.7484 42.7637
 42.7875 42.812  42.8365 42.8597 42.8907 42.9048 42.9291 42.9495 42.9915
 43.0091 43.0262 43.0499 43.0748 43.0871 43.1022 43.1196 43.1394 43.156
 43.1718 43.1908 43.2085 43.2327 43.2496 43.265  43.2809 43.3019 43.3259
 43.3412 43.3653 43.3852 43.4014 43.4183 43.4349 43.4494 43.4654 43.4826
 43.5046 43.5217 43.5379 43.5524 43.5739 43.5937 43.6183 43.6394 43.6536
 43.6682 43.6959 43.7182 43.7488 43.7635 43.7814 43.8036 43.8224 43.85
 43.9118 43.9318 43.9571 43.9955 44.0255 44.0874 44.1031 44.1398 44.1717
 44.2205 44.2501 44.2819 44.3205 44.3714 44.4498 44.4926 44.5651 44.6987
 44.7726 44.8448
50.208  50.5529 50.9314 51.0855 51.1346 51.2155 51.3174 51.3619 51.4409
 51.5345 51.5954 51.615  51.7183 51.7391 51.7756 51.7992 51.8287 51.8657
 51.8898 51.9172 51.9333 51.9583 51.9863 52.0016 52.0227 52.0672 52.0894
 52.1027 52.117  52.1359 52.1727 52.2    52.2154 52.2354 52.2681 52.2897
 52.3039 52.3192 52.3396 52.387  52.4185 52.4314 52.4567 52.5006 52.5208
 52.5414 52.5624 52.5776 52.6037 52.6188 52.6476 52.681  52.7038 52.7207
 52.7363 52.7588 52.7775 52.7965 52.8166 52.8324 52.8528 52.8729 52.8929
 52.9148 52.9347 52.9561 52.9744 52.9952 53.0166 53.0298 53.0545 53.0849
 53.1146 53.1424 53.1879 53.2339 53.2709 53.3049 53.3227 53.3457 53.3642
 53.4002 53.4386 53.4553 53.5075 53.5569 53.6675 53.7818 54.2168 59.2481
 59.766  59.8186
60.2442 60.2914 60.3252 60.3589 60.5056 60.6278 60.6587 60.675  60.7006
 60.7249 60.751  60.7627 60.7812 60.8073 60.8218 60.8565 60.8817 60.9101
 60.9351 60.9506 60.969  60.9977 61.0177 61.0441 61.0679 61.0897 61.1079
 61.1326 61.1457 61.1642 61.1876 61.2089 61.2261 61.2465 61.2686 61.2971
 61.3141 61.3466 61.3678 61.3879 61.4077 61.4221 61.4432 61.4652 61.4801
 61.5017 61.522  61.5369 61.5509 61.5674 61.5836 61.603  61.6167 61.6322
 61.6469 61.6697 61.6974 61.7285 61.7514 61.7673 61.7828 61.7987 61.8097
 61.8221 61.8397 61.8504 61.8629 61.8856 61.9024 61.916  61.9285 61.9439
 61.9646 61.9821 61.9981 62.0132 62.0268 62.04   62.0577 62.0695 62.0872
 62.104  62.1184 62.1388 62.1495 62.1616 62.1759 62.1918 62.2042 62.2161
 62.2357 62.2511 62.2678 62.2876 62.3053 62.3165 62.3311 62.3552 62.3796
 62.3999 62.4134 62.4336 62.4605 62.4824 62.5036 62.5269 62.5447 62.5589
 62.5862 62.6109 62.6251 62.6491 62.6749 62.7174 62.7453 62.7653 62.7821
 62.8251 62.8617 62.8846 62.9255 62.9505 62.9965 63.0238 63.0992 63.1394
 69.5792 69.9229

