12.8657 13.1525 13.2249 13.5596 13.653  13.7023 13.8092 13.8717 14.0181
 14.1929 14.2708 14.2824 14.2981 14.322  14.3997 14.5179 14.539  14.5591
 14.5819 14.6729
21.1152 23.4773 23.6329 24.0226 24.1199 24.2048 24.2243 24.2541 24.303
 24.3719 24.4791 24.5071 24.5397 24.6279 24.6614 24.7001 24.7737
30.8594 33.1087 33.1626 33.5144 33.5534 33.5943 33.6958 33.7448 33.8014
 33.8175 33.8512 33.8994 33.9505 33.9882 34.2356 34.2651
42.2398 42.6303 42.9434 43.0383 43.0565 43.0767 43.1886 43.2566
51.2466 51.928  51.9744 52.0354 52.1077 52.3203 52.3732 52.4082 52.4501
 52.4699 52.4943 52.5411 52.568  52.5815 52.6108 52.6505 52.6809 52.7003
 59.0233 59.8067
60.4902 60.7685 60.912  61.0314 61.0781 61.4283 61.4626 61.4864 61.5269
 61.6012 61.7419 61.8247 61.8918 62.0089 62.482  69.4891 69.7697

