14.1939 14.3911 14.7153 14.9035 14.9714 15.0936 15.2104 15.3542
21.8609 22.1137 22.9634 23.4575 23.6054 23.6677 23.7698 23.8348 23.8546
 23.9067 23.9795 24.006  24.0313 24.1735
32.2134 32.8222 33.1932 33.2206 33.3838 33.5754 33.6923 33.8341 33.9197
 33.9494
42.9322 43.0375 43.222  43.2958 43.4133 43.4269 43.5104 43.7548 49.6136
50.9056 51.1867 52.0428 52.2042 52.2243 52.2798 52.301  52.3209 52.3435
 52.3617 52.5178 52.5567 52.6548 52.6805 59.6668
60.4292 60.8747 60.9912 61.0564 61.1908 61.5325 61.7359 61.7739 61.9677
 62.005  62.1123 62.1796 69.1543

