13.3368 13.7136 14.1448 14.1654 14.2117 14.2455 14.3357 14.3639 14.4678
 14.5636 14.6275 14.6789 14.7025 14.7191 14.7579 14.9285 14.957  15.0077
 15.0465 15.0759 15.1025 15.1552 15.2231 15.2621 15.4616 15.5116
22.3176 22.5538 23.0135 23.1167 23.1807 23.2844 23.3796 23.5082 23.623
 23.7099 23.8264 23.8421 23.8639 23.9009 23.958  24.0016 24.0517 24.0807
 24.139  24.1981 24.2269 24.2582 24.2923 24.3073 24.3712 24.4034 24.4311
 24.4775 24.5199 24.5716 24.6818 29.9159
32.7214 32.8909 33.0077 33.0358 33.0679 33.2026 33.2267 33.2457 33.2877
 33.3177 33.3563 33.4185 33.4468 33.4783 33.4966 33.5102 33.5403 33.5705
 33.5937 33.6236 33.6599 33.7172 33.7449 33.9685 34.0854
40.1907 41.0006 41.6358 41.711  42.0034 42.0445 42.2322 42.4927 42.6646
 42.7097 42.8615 42.9    42.9511 42.9989 43.0461 43.0635 43.1021 43.2254
 43.2617 43.2934 43.319  43.382  43.4085 43.424  43.4455 43.5126 43.5455
 43.5694 43.6251 43.6628 43.7548
51.2314 51.4724 51.6078 51.7136 51.769  51.8223 51.8452 51.8927 51.931
 51.9877 52.0089 52.1088 52.1381 52.1652 52.1812 52.2429 52.2949 52.3526
 52.3712 52.3998 52.4304 52.4743 52.5064 52.5332 52.6021 52.6331 52.6531
 52.6717 52.7107 52.7704 52.7969 52.8147 52.9184 59.3168
60.2059 60.6627 60.8673 61.0978 61.2516 61.3449 61.3948 61.4931 61.5161
 61.5517 61.5714 61.6285 61.6535 61.6751 61.7082 61.7641 61.7887 61.8693
 61.9547 62.0578 62.0773 62.1476 62.1779 62.2499

