13.4047 13.5348 13.5706 13.7148 13.7468 13.847  13.9065 13.9638 13.9947
 14.0221 14.0646 14.1271 14.1522 14.1804 14.2459 14.3244 14.3495 14.3742
 14.3879 14.4011 14.4168 14.4422 14.4772 14.5191 14.5586 14.5852 14.6018
 14.6214 14.6446 14.702  14.7227 14.7396 14.7533 14.7818 14.8032 14.8699
 14.9105 14.937  14.9849 15.0179 15.0699 19.3024
22.526  22.8055 22.9226 22.983  23.0095 23.0604 23.1125 23.1369 23.2355
 23.2785 23.3396 23.3652 23.3998 23.455  23.4727 23.4919 23.5339 23.5597
 23.5742 23.5979 23.6274 23.6753 23.7016 23.7243 23.7423 23.7563 23.7765
 23.7956 23.813  23.8375 23.8909 23.9472 23.9776 23.999  24.0159 24.0315
 24.0425 24.0626 24.0791 24.1467 24.2045 24.2189 24.2365 24.2717 24.4698
 24.5116
30.2314 31.7856 32.0223 32.3928 32.5009 32.5351 32.5807 32.6445 32.8052
 32.8554 32.9254 32.9575 33.0315 33.16   33.1766 33.191  33.2134 33.2348
 33.2511 33.2814 33.2975 33.313  33.3289 33.3474 33.3805 33.4065 33.4367
 33.4569 33.5088 33.5512 33.57   33.6681 39.7278 39.8997
41.2366 41.5109 41.5484 41.6023 41.6815 41.7045 41.7361 41.7617 41.7842
 41.8107 41.8727 41.9009 41.9228 41.9501 41.9674 42.0059 42.1031 42.127
 42.1669 42.1977 42.2436 42.2916 42.3183 42.3445 42.3618 42.3771 42.3964
 42.4361 42.4608 42.4785 42.4938 42.5059 42.5208 42.5373 42.5662 42.5844
 42.6074 42.6244 42.6549 42.6955 42.7103 42.7244 42.7715 42.8032 42.8269
 42.8661 42.9281 43.0403 43.1609 43.1884
50.6835 50.8706 50.9284 51.0338 51.0842 51.1981 51.2525 51.2798 51.2996
 51.3757 51.3919 51.4336 51.4592 51.4864 51.5044 51.5234 51.5514 51.5895
 51.6131 51.6325 51.6447 51.6563 51.6814 51.6924 51.7105 51.7466 51.7594
 51.7754 51.7943 51.811  51.8262 51.8405 51.8607 51.8751 51.8897 51.9068
 51.9243 51.9425 51.9536 51.9678 51.9913 52.0056 52.0234 52.0368 52.0555
 52.0719 52.0924 52.1155 52.1364 52.1495 52.1735 52.2016 52.2183 52.2332
 52.2547 52.2785 52.3073 52.3395 52.3555 52.3892 52.4045 52.4526 52.4678
 52.4794 52.4948 52.5253 52.5433 52.6539 59.6807
60.2777 60.4069 60.5066 60.5409 60.5623 60.6359 60.6536 60.6764 60.7079
 60.7293 60.7468 60.7682 60.8164 60.8395 60.8589 60.8752 60.901  60.9253
 60.9466 60.9665 60.9879 61.0088 61.0319 61.0489 61.0746 61.0933 61.1082
 61.1244 61.1399 61.1554 61.1788 61.1999 61.211  61.223  61.2371 61.2526
 61.2692 61.2898 61.3036 61.3205 61.3362 61.3547 61.3773 61.3947 61.4122
 61.4399 61.4532 61.4653 61.4789 61.4925 61.5057 61.5269 61.5429 61.5684
 61.5793 61.5915 61.6029 61.625  61.6417 61.6746 61.6875 61.7153 61.7718
 61.7953 61.8591 61.8911 61.9258 69.2026 69.7247 69.8604 69.9456

