14.2942 14.4742 14.5308 14.5651 14.7285 14.7572 14.8145 14.8377 14.8933
 14.9183 14.9465 14.966  14.9856 15.0253 15.042  15.0608 15.0839 15.122
 15.1529 15.1734 15.1927 15.2319 15.2521 15.2725 15.2929 15.3205 15.3408
 15.356  15.3767 15.3948 15.4116 15.4262 15.4505 15.4781 15.5088 15.5432
 15.5699 15.5938 15.6112 15.6253 15.6406 15.6553 15.6705 15.7151 15.7343
 15.7568 15.7858 15.8082 15.827  15.8648 15.8884 15.9109 15.9334 15.9541
 15.9838 16.0539 16.0725 16.1043 16.1263 16.1513 16.2077 16.2453 16.2945
 16.3193 16.3717 16.4783 16.5003 16.5484 16.6538 16.6703 16.7046 17.0323
 17.0767 17.1086
22.6634 23.0325 23.4867 23.6525 23.6927 23.7505 23.8239 23.8435 23.8899
 23.9215 23.9666 24.0014 24.0463 24.0713 24.0876 24.1249 24.151  24.1887
 24.2167 24.2349 24.2522 24.2761 24.2946 24.3314 24.3497 24.3656 24.3987
 24.4107 24.4435 24.4651 24.4847 24.5027 24.5269 24.5446 24.5641 24.5816
 24.6028 24.6331 24.6635 24.6781 24.7072 24.7252 24.7445 24.7617 24.7856
 24.8069 24.8479 24.8654 24.8875 24.9041 24.9355 24.9613 24.9874 25.0026
 25.0227 25.0484 25.0762 25.0968 25.1153 25.1454 25.1665 25.1881 25.2112
 25.2293 25.2428 25.2755 25.3208 25.3475 25.3779 25.4232 25.453  25.4922
 25.5321 25.5668 25.6008 25.6235 25.6577 25.7761 25.8533 25.938
32.3751 32.733  32.7765 32.9057 33.0735 33.1357 33.1633 33.1873 33.2248
 33.2812 33.3393 33.3599 33.4214 33.4397 33.4657 33.5011 33.5326 33.5538
 33.5884 33.606  33.6257 33.6566 33.6774 33.7093 33.7282 33.7559 33.7836
 33.7987 33.8183 33.838  33.8568 33.871  33.8923 33.9083 33.9236 33.938
 33.9569 33.9848 34.0015 34.0358 34.0536 34.0746 34.0885 34.1104 34.1267
 34.1471 34.169  34.1905 34.2104 34.2249 34.2409 34.2576 34.275  34.2965
 34.3194 34.3368 34.3552 34.3707 34.3974 34.423  34.4581 34.4757 34.4907
 34.527  34.5458 34.566  34.5891 34.6051 34.6516 34.6742 34.7195 34.7384
 34.7857 34.8146 34.8471 34.8764 34.9029 34.9331 34.9513 34.9755 35.0044
 35.0275 35.0608 35.1384 35.1903 35.2277 35.3057 35.3705 35.3947 38.8793
42.0096 42.3438 42.5561 42.6421 42.9758 43.0136 43.0524 43.0809 43.1101
 43.1698 43.2    43.2358 43.2626 43.2858 43.3263 43.3731 43.3953 43.4136
 43.4472 43.463  43.5119 43.5324 43.5546 43.5743 43.5934 43.6194 43.6495
 43.6617 43.6794 43.6993 43.7146 43.7545 43.7768 43.8173 43.8433 43.8601
 43.8811 43.8959 43.9135 43.9308 43.9463 43.9664 43.9996 44.0239 44.0518
 44.0772 44.0969 44.1124 44.1247 44.1446 44.172  44.1855 44.2017 44.2296
 44.2534 44.281  44.3099 44.3738 44.4044 44.4392 44.5037 44.5467 44.5766
 44.6266 44.6665 44.7216 44.7786 44.8129 44.8508 45.0108 45.0794 45.1896
 45.5099
51.6007 51.6595 51.8617 51.9177 51.9525 51.9854 52.1102 52.1617 52.1808
 52.2107 52.3151 52.3341 52.3584 52.3904 52.4287 52.4429 52.4613 52.4765
 52.4925 52.5304 52.5464 52.5747 52.5893 52.6056 52.6276 52.6482 52.6658
 52.7096 52.7258 52.7552 52.7774 52.8027 52.8232 52.8445 52.8727 52.8842
 52.8973 52.9188 52.9404 52.9664 52.9864 52.9981 53.0128 53.0319 53.0479
 53.0624 53.0764 53.0976 53.1234 53.1382 53.1585 53.1758 53.1899 53.2069
 53.219  53.2456 53.2618 53.2814 53.3051 53.3271 53.3451 53.3618 53.3777
 53.3919 53.4168 53.4314 53.4493 53.4688 53.4947 53.5183 53.5369 53.5563
 53.5798 53.6058 53.6249 53.6469 53.6679 53.6886 53.734  53.7547 53.7994
 53.8372 53.8772 53.9333 53.9678 53.9959 54.0234 54.0685 54.1026 54.1495
 54.1697 54.2657 54.3549 54.4508 54.4744 54.7809
60.5964 60.7028 60.7344 60.7602 61.0107 61.2288 61.3023 61.377  61.4159
 61.4574 61.5056 61.5333 61.5767 61.6476 61.6678 61.7165 61.7625 61.7854
 61.8116 61.8418 61.8604 61.8896 61.9257 61.9456 61.965  61.9959 62.0268
 62.0478 62.0887 62.1071 62.1298 62.1548 62.1793 62.2047 62.2244 62.2403
 62.284  62.3053 62.3284 62.3523 62.3743 62.3907 62.4167 62.4347 62.4568
 62.4749 62.4987 62.527  62.5543 62.5779 62.5895 62.6117 62.6373 62.66
 62.6883 62.7123 62.7283 62.7509 62.7808 62.799  62.836  62.8594 62.8754
 62.9005 62.9381 62.9789 63.011  63.0379 63.0648 63.0897 63.11   63.2056
 63.2412 63.2859 63.3265 63.3588 63.4062 63.5728 63.6088 63.6718 69.3448
 69.7859

