12.7682 13.0268 13.1237 13.2065 13.2849 13.3317 13.4004 13.4283 13.4639
 13.5201 13.5558 13.6729 13.7021 13.7269 13.7633 13.7799 13.8086 13.8296
 13.8592 13.8893 13.9091 13.9287 13.9493 13.9853 14.0048 14.0327 14.0553
 14.0757 14.0928 14.1078 14.1226 14.137  14.1529 14.1684 14.1859 14.2085
 14.221  14.2348 14.2512 14.2661 14.2847 14.3169 14.3296 14.3435 14.3559
 14.3677 14.3957 14.4104 14.4227 14.4348 14.4505 14.4661 14.4789 14.4968
 14.5134 14.5264 14.5404 14.5531 14.5662 14.579  14.5926 14.6078 14.6227
 14.6428 14.6585 14.6751 14.6914 14.7045 14.7145 14.7299 14.7426 14.7554
 14.7673 14.7808 14.7992 14.811  14.8218 14.838  14.8523 14.8718 14.889
 14.9023 14.9213 14.9368 14.9494 14.9608 14.9713 14.9813 14.9932 15.0064
 15.0199 15.0308 15.05   15.0675 15.0826 15.0943 15.1112 15.1231 15.1351
 15.1539 15.1645 15.1762 15.1892 15.2017 15.2137 15.2276 15.2424 15.2586
 15.2741 15.2885 15.3017 15.3138 15.3253 15.3394 15.3522 15.3663 15.3823
 15.396  15.412  15.431  15.4436 15.4602 15.4863 15.5053 15.5278 15.547
 15.5737 15.605  15.6323 15.6521 15.6826 15.7052 15.7219 15.7469 15.7762
 15.806  15.8326 15.8497 15.8888 15.9506 16.006  16.2729 19.3796
20.86   20.9327 21.2975 22.3239 22.4243 22.5418 22.6    22.6838 22.7186
 22.7859 22.8247 22.8445 22.8848 22.9102 22.958  22.9829 23.0142 23.0419
 23.0733 23.1165 23.1432 23.1604 23.1758 23.2158 23.2305 23.2564 23.27
 23.284  23.307  23.3204 23.3336 23.3501 23.3628 23.3745 23.3931 23.4079
 23.4197 23.4331 23.4563 23.4679 23.4844 23.4976 23.5129 23.533  23.5499
 23.5605 23.5734 23.585  23.5998 23.6154 23.628  23.6396 23.6519 23.6673
 23.6782 23.6881 23.699  23.7127 23.7274 23.74   23.7565 23.7677 23.781
 23.7917 23.802  23.8131 23.8243 23.8336 23.8426 23.8531 23.8668 23.8785
 23.8891 23.9003 23.913  23.9256 23.9377 23.9511 23.9608 23.9696 23.9797
 23.9913 24.0038 24.0161 24.0278 24.0384 24.0486 24.0613 24.0744 24.0846
 24.0979 24.1111 24.121  24.1303 24.142  24.1525 24.1638 24.1761 24.1892
 24.2023 24.214  24.2238 24.2347 24.2452 24.2578 24.2683 24.2801 24.2914
 24.302  24.3143 24.3261 24.3366 24.3483 24.3595 24.3696 24.3807 24.3918
 24.4029 24.4165 24.4265 24.4389 24.4503 24.4603 24.4715 24.4823 24.4927
 24.5042 24.5143 24.5265 24.5387 24.5506 24.5637 24.5761 24.5874 24.5994
 24.6109 24.6233 24.635  24.6471 24.6609 24.6747 24.6886 24.7033 24.7153
 24.7284 24.7429 24.7545 24.7673 24.7791 24.7972 24.8131 24.8277 24.841
 24.8586 24.8773 24.9022 24.9222 24.9382 24.9542 24.9686 24.9883 25.0117
 25.0293 25.0496 25.0881 25.1053 25.1225 25.1499 25.1666 25.2048 25.2327
 25.2605 25.3169 25.3472 25.4269 25.4744 25.5431
30.2387 31.8339 31.8551 31.9672 32.0861 32.2055 32.2369 32.3626 32.4393
 32.4587 32.493  32.5189 32.5381 32.5547 32.5704 32.6213 32.6376 32.6634
 32.6786 32.6969 32.7135 32.7282 32.7402 32.753  32.7713 32.7878 32.8037
 32.8397 32.8662 32.8809 32.8965 32.9099 32.9238 32.9377 32.9555 32.9712
 32.986  33.0001 33.0123 33.0278 33.0407 33.0564 33.0745 33.0855 33.0998
 33.1163 33.1302 33.1427 33.1545 33.168  33.1799 33.1946 33.2135 33.2295
 33.2477 33.2608 33.2741 33.2905 33.302  33.3126 33.327  33.3383 33.3562
 33.3683 33.3791 33.3921 33.4055 33.418  33.429  33.4408 33.4521 33.4664
 33.4792 33.4948 33.5103 33.5216 33.5341 33.5434 33.5553 33.5666 33.5774
 33.5885 33.597  33.608  33.624  33.6354 33.6444 33.6551 33.6667 33.685
 33.701  33.7154 33.73   33.7414 33.752  33.7662 33.7789 33.7928 33.8052
 33.8163 33.8275 33.8422 33.8577 33.8712 33.8881 33.9003 33.9131 33.925
 33.9388 33.9495 33.962  33.9782 33.9907 34.0086 34.0207 34.0361 34.05
 34.0601 34.076  34.0879 34.1082 34.1294 34.148  34.1632 34.1871 34.2047
 34.2192 34.2355 34.2539 34.2742 34.3043 34.3426 34.3571 34.3804 34.416
 34.4379 34.456  34.473  34.5173 34.5472 34.5806 34.6185 34.6491 34.7868
 34.8715
40.1364 40.2985 40.4324 40.7066 40.8494 40.8977 41.2246 41.3444 41.4487
 41.5288 41.564  41.586  41.657  41.6835 41.705  41.7239 41.7548 41.7722
 41.7875 41.8024 41.8202 41.843  41.8583 41.8907 41.9076 41.9345 41.9667
 41.9909 42.0092 42.0278 42.041  42.0572 42.0694 42.0835 42.1077 42.1225
 42.137  42.1593 42.1743 42.1908 42.2045 42.224  42.2427 42.2551 42.2713
 42.2819 42.2944 42.3062 42.3223 42.3352 42.3473 42.3586 42.3689 42.3822
 42.3954 42.4096 42.4243 42.4394 42.4534 42.4651 42.4768 42.4904 42.5019
 42.516  42.5273 42.5379 42.5473 42.5589 42.5704 42.5806 42.5907 42.6045
 42.6144 42.6254 42.6366 42.6488 42.6592 42.6689 42.6795 42.6922 42.7028
 42.7137 42.7247 42.7349 42.7471 42.7578 42.7714 42.7835 42.7961 42.8068
 42.8171 42.8288 42.8394 42.8496 42.8618 42.8754 42.8876 42.9021 42.9146
 42.9261 42.9364 42.9484 42.9583 42.9688 42.9775 42.9868 42.9988 43.0131
 43.0256 43.0413 43.054  43.0661 43.0764 43.0869 43.0985 43.1086 43.1192
 43.1308 43.1408 43.153  43.1641 43.1745 43.1891 43.2013 43.2168 43.2291
 43.2386 43.2504 43.2644 43.2763 43.2907 43.3052 43.3183 43.331  43.342
 43.3572 43.3707 43.3858 43.3977 43.4149 43.4268 43.4443 43.4594 43.4756
 43.4927 43.5042 43.5199 43.5403 43.5581 43.573  43.5894 43.6036 43.6179
 43.6382 43.6526 43.6721 43.6917 43.7098 43.7268 43.7495 43.769  43.7876
 43.8094 43.8278 43.8547 43.8745 43.8951 43.9431 43.9712 44.0012 44.0213
 44.0497 44.1436
50.2245 50.4169 50.4731 50.5256 50.7317 50.8479 50.8856 50.9357 50.9763
 50.9944 51.0138 51.0378 51.0663 51.1033 51.1195 51.1394 51.1666 51.1832
 51.201  51.2221 51.2432 51.2579 51.2822 51.3063 51.3276 51.346  51.3615
 51.3756 51.3901 51.4046 51.4202 51.4352 51.4563 51.4754 51.4892 51.5047
 51.5192 51.5316 51.5548 51.5717 51.5883 51.6002 51.6111 51.6203 51.6332
 51.6463 51.6609 51.6728 51.6869 51.7007 51.7128 51.724  51.7358 51.7478
 51.7583 51.7706 51.7834 51.7958 51.807  51.8159 51.825  51.8345 51.845
 51.8543 51.8643 51.8761 51.8881 51.8994 51.9101 51.922  51.9347 51.9475
 51.9593 51.9716 51.9824 51.9938 52.0042 52.0134 52.0239 52.0335 52.0441
 52.0561 52.067  52.0778 52.0943 52.1048 52.1176 52.1309 52.1429 52.1539
 52.1639 52.1726 52.1828 52.1928 52.2029 52.2133 52.2224 52.232  52.2422
 52.2521 52.2611 52.2712 52.2813 52.2931 52.3015 52.3121 52.3237 52.3361
 52.349  52.3594 52.3705 52.3815 52.3938 52.4046 52.4148 52.4248 52.4347
 52.4438 52.4542 52.4633 52.4729 52.4823 52.4927 52.5038 52.5126 52.5209
 52.5296 52.5396 52.5489 52.5595 52.5718 52.5828 52.5925 52.6028 52.613
 52.6231 52.6332 52.6423 52.6525 52.6661 52.677  52.6884 52.6984 52.7103
 52.721  52.733  52.7435 52.7539 52.7654 52.7779 52.7876 52.7991 52.8097
 52.8196 52.8318 52.8429 52.8553 52.8686 52.8819 52.8968 52.9092 52.9208
 52.9336 52.9457 52.9577 52.9695 52.9826 52.9947 53.007  53.0177 53.0306
 53.0441 53.063  53.076  53.0924 53.1131 53.128  53.1443 53.1601 53.1738
 53.1867 53.2009 53.2223 53.2458 53.2624 53.2744 53.2866 53.3015 53.3249
 53.3588 53.3803 53.421  53.4679 53.4969 53.5419 53.5827 53.6166 53.646
 58.49   59.4479 59.5519 59.7693 59.8012 59.9079
60.0096 60.0529 60.0807 60.1532 60.2574 60.3076 60.3268 60.3518 60.3678
 60.4274 60.4435 60.4643 60.4921 60.5141 60.5402 60.5557 60.5691 60.5917
 60.607  60.627  60.6394 60.6508 60.6675 60.6825 60.6928 60.7124 60.7285
 60.744  60.7583 60.7707 60.7828 60.7965 60.8103 60.8228 60.8349 60.8479
 60.8588 60.872  60.8832 60.8988 60.9107 60.9242 60.9376 60.951  60.9623
 60.9746 60.9849 60.9957 61.0066 61.0178 61.0286 61.0398 61.0531 61.0651
 61.0775 61.089  61.098  61.1087 61.119  61.1302 61.1426 61.1538 61.1656
 61.1757 61.1868 61.1974 61.2071 61.2179 61.2272 61.2381 61.2493 61.2604
 61.2703 61.2797 61.2889 61.2977 61.3088 61.3202 61.3315 61.3411 61.3517
 61.3603 61.3689 61.3781 61.3879 61.3981 61.4073 61.4161 61.4257 61.4345
 61.444  61.4543 61.4632 61.473  61.4821 61.4906 61.4994 61.5087 61.5181
 61.5271 61.5372 61.548  61.5577 61.567  61.5768 61.5864 61.5968 61.6072
 61.6165 61.6274 61.6379 61.6472 61.6572 61.668  61.6782 61.6904 61.7003
 61.7114 61.7207 61.7307 61.7411 61.7516 61.7612 61.7707 61.78   61.7905
 61.8002 61.809  61.8181 61.8282 61.8398 61.851  61.8627 61.8741 61.8852
 61.8941 61.9045 61.9136 61.9237 61.9362 61.9463 61.9561 61.9669 61.9791
 61.9889 61.9999 62.0109 62.022  62.0328 62.0422 62.0571 62.0702 62.0822
 62.0934 62.1059 62.1178 62.1298 62.1418 62.155  62.1671 62.1821 62.1927
 62.2043 62.2149 62.2255 62.2383 62.2521 62.2626 62.2793 62.2931 62.3067
 62.3221 62.3341 62.3472 62.3646 62.3785 62.3917 62.4048 62.4189 62.4367
 62.4569 62.4744 62.4938 62.5095 62.5291 62.548  62.5716 62.5923 62.6067
 62.6246 62.652  62.6797 62.6999 62.7266 62.7445 62.7692 62.7964 62.8354
 62.8733 62.9069 62.9524 63.0017 64.2209 68.7917 69.0284 69.3328 69.4308
 69.6345 69.6628 69.8444 69.9201 69.9604 69.9965

