12.2207 13.8154 13.9427 14.1714 14.3315 14.3741 14.5875 14.6375 14.7987
 14.8677 15.0238 15.3469
20.2645 21.9874 22.3709 22.64   22.9466 23.0632 23.3406 23.5747 23.7296
 23.7803 23.9032 24.0157 24.0381 24.0662 24.0881 24.1877 24.2185
31.1594 31.6635 31.7115 31.8021 32.4446 32.5887 32.7487 32.8659 32.9073
 32.944  32.9773 33.1287 33.1583 33.2036 33.2308 33.3249 33.5251 33.5392
 33.566  33.652  33.9983
41.7382 41.9451 42.3021 42.3333 42.7253 42.8127 42.8918 42.972  43.0444
 43.0719 43.1013 43.5117 43.59
50.8308 51.3676 51.6047 51.6628 51.7285 51.7879 51.8065 51.879  51.9304
 51.9563 52.0285 52.0624 52.0815 52.1057 52.1239 52.1369 52.1715 52.2106
 52.2544 52.2697 52.2917 52.3239 52.4755 52.5192 52.5815 52.6841 52.8755
 59.7357 59.8977
60.0647 60.1811 60.9198 61.0486 61.2072 61.3804 61.4609 61.5129 61.5467
 61.5824 61.7652 61.811  61.8262 61.8581 61.9566 62.0537 62.2775

