13.2368 13.3709 13.4779 13.5287 13.6005 13.616  13.6549 13.7485 13.7939
 13.8906 13.9752 13.9999 14.0401 14.1058 14.1301 14.1652 14.4938 19.8197
20.0624 20.8233 22.5307 22.6075 22.7502 22.8228 22.9996 23.0728 23.1708
 23.1881 23.4133 23.4385 23.5068
30.5604 32.1045 32.2393 32.6125 32.6538 32.6884 32.8439 33.0035 36.7496
40.6266 41.1975 41.2862 41.3377 41.4694 41.5806 41.6221 41.6958 41.7308
 41.8018 41.8767 41.9236 41.9532 42.0014 42.0519 42.0873 42.1396 42.1821
 42.2117 42.2353 42.2783 42.2966 42.3468
50.1707 50.2197 50.4134 50.4786 50.6337 50.8606 50.8796 50.941  50.9865
 51.0087 51.0746 51.0993 51.1314 51.1829 51.2343 51.2916 51.3088 51.3965
 51.4185 51.5321 51.5497 51.5777 51.6007 51.6797 51.7084 51.7455 51.7943
 51.8563 51.9466 51.9769 59.5497 59.6324
60.0677 60.1225 60.1916 60.2337 60.2666 60.3694 60.4158 60.5435 60.5568
 60.5967 60.6689 60.7219 60.7362 60.846  60.9035 61.0165 61.0434 61.2539
 67.9942 69.0629 69.5459 69.7847 69.8877

