12.2034 12.8239 12.9799 13.1677 13.2087 13.272  13.4247 13.6919 13.7699
 14.0755
20.0348 21.6743 22.2255 22.2633 22.2861 22.3273 22.4063 22.4688 22.5282
 22.6858 22.7126 22.7655 22.7873 22.8296 22.8536 23.0098 23.0486 23.0643
 23.1035 23.1577 23.2885 23.3916
31.2193 31.6888 31.7133 31.7705 31.7839 31.8266 31.8448 31.8893 31.9395
 32.026  32.0838 32.1847 32.2486 32.2818 32.3366 32.379  32.3981 32.4604
 32.5376 32.6188 32.6411 32.6601 32.6921 32.7209 32.8233 32.8839 32.9606
40.9166 41.0753 41.2808 41.3132 41.3682 41.5052 41.5265 41.5925 41.7586
 41.793  42.1547 48.4691 48.8487
50.0626 50.1816 50.3616 50.4347 50.4739 50.5038 50.5341 50.5674 50.5836
 50.6028 50.6813 50.706  50.7211 50.7652 50.8037 50.8655 50.8903 50.9161
 51.0903 51.1045 51.1317 51.1841 51.2188 51.2466 51.3157 51.47   59.8228
60.1938 60.5242 60.5688 60.6059 60.6388 60.6571 60.7797 60.9916 61.0519
 61.086  61.1062 61.3098 61.4636 69.0233 69.6512 69.8786 69.9127

