12.4966 12.5235 12.6438 12.7262 12.8915 13.0075 13.0847 13.144  13.2176
 13.4513 13.5609 13.7382 13.9206
22.2752 22.5218 22.7197 22.7965 22.8288 22.8996 23.1735 23.2472 23.2646
 23.3488 23.3914 23.4053 23.4198
31.7083 32.0489 32.0931 32.1734 32.199  32.3041 32.4242 32.4604 32.4871
 32.5106 32.5273 32.5539 32.5984 32.6273 32.6686 32.7015 32.7248 32.7367
 32.7508 32.7794 32.8258 32.8568 32.874  32.9725 33.0081 33.0217 33.1165
41.1399 41.4369 41.6577 41.8346 41.9055 42.0156 42.2634
50.3435 50.4216 50.5152 50.6534 50.6742 50.9053 50.9863 51.0314 51.0981
 51.1715 51.1907 51.2623 51.2857 51.4015 51.7209
60.2248 60.3253 60.348  60.6453 60.7141 60.7379 60.8159 61.0306 61.1458
 61.1653 61.2256 61.2842 61.3159 61.4841 69.4416 69.5995 69.7749

