12.4349 12.7016 12.7477 12.8165 12.8858 12.9695 12.9928 13.0329 13.0593
 13.1536 13.1783 13.2169 13.2535 13.2844 13.3238 13.3615 13.3824 13.399
 13.4093 13.4209 13.4393 13.4668 13.4785 13.5007 13.5238 13.5375 13.5511
 13.5646 13.5837 13.6008 13.6145 13.6259 13.6372 13.6531 13.6684 13.6813
 13.6955 13.7089 13.7231 13.7415 13.7558 13.7661 13.7764 13.7876 13.7969
 13.8104 13.8236 13.8369 13.8492 13.8619 13.872  13.8845 13.8973 13.9109
 13.9212 13.9309 13.9397 13.949  13.96   13.971  13.9852 14.0001 14.0099
 14.0217 14.0325 14.0413 14.0517 14.0621 14.0723 14.082  14.0919 14.1005
 14.1103 14.1208 14.1308 14.143  14.1529 14.1618 14.1708 14.1803 14.1903
 14.2016 14.2126 14.222  14.2327 14.2434 14.2537 14.2637 14.2754 14.2851
 14.2935 14.3024 14.3109 14.3196 14.3279 14.3364 14.3452 14.3534 14.3634
 14.3718 14.3804 14.3905 14.4013 14.4099 14.4187 14.4296 14.4382 14.4478
 14.4579 14.468  14.4772 14.4873 14.4975 14.5066 14.5155 14.525  14.5347
 14.5435 14.5528 14.5614 14.5708 14.5793 14.588  14.5976 14.6067 14.6173
 14.6277 14.6358 14.6442 14.6529 14.6616 14.6697 14.6792 14.6885 14.6986
 14.7084 14.7174 14.7264 14.7354 14.7444 14.7535 14.7638 14.7727 14.782
 14.7906 14.8001 14.8094 14.8181 14.8272 14.8359 14.8454 14.8543 14.8644
 14.8761 14.8864 14.8969 14.9088 14.9202 14.9307 14.9409 14.9512 14.9608
 14.9697 14.9796 14.9908 15.0006 15.01   15.0198 15.0302 15.0405 15.0534
 15.0667 15.0767 15.0869 15.0972 15.1107 15.1203 15.1299 15.1424 15.1556
 15.1661 15.1798 15.1912 15.2025 15.2165 15.2299 15.2466 15.2644 15.283
 15.3086 15.3258 15.3418 15.3612 15.3776 15.4007 15.4279 15.458  15.4819
 15.5268 15.5535 15.6136 15.6767
21.8189 22.159  22.3267 22.3613 22.4418 22.5336 22.5534 22.5987 22.6354
 22.6512 22.6687 22.6988 22.7237 22.7446 22.7619 22.7815 22.7995 22.8184
 22.8515 22.8725 22.8943 22.9157 22.9321 22.946  22.9655 22.9811 22.9923
 23.0035 23.0176 23.0302 23.0436 23.0565 23.0672 23.078  23.0899 23.1033
 23.1158 23.1262 23.1385 23.1496 23.1604 23.1732 23.1836 23.1938 23.2047
 23.2161 23.2272 23.2366 23.2457 23.2542 23.2646 23.2745 23.2834 23.2934
 23.3045 23.3149 23.3237 23.3326 23.3421 23.3524 23.3635 23.3758 23.3863
 23.3967 23.4072 23.4169 23.425  23.4334 23.4414 23.4508 23.4595 23.4677
 23.4764 23.4848 23.4933 23.5013 23.5097 23.5195 23.529  23.5376 23.547
 23.5555 23.5642 23.5724 23.5807 23.5897 23.5974 23.6062 23.615  23.6235
 23.6313 23.6394 23.6478 23.6559 23.664  23.6716 23.6798 23.6876 23.6958
 23.7036 23.7114 23.7191 23.7273 23.7357 23.7449 23.755  23.7631 23.7711
 23.7796 23.7878 23.7965 23.8058 23.8152 23.8244 23.8325 23.8396 23.8472
 23.8555 23.8637 23.8716 23.8798 23.8873 23.8949 23.9026 23.9102 23.9178
 23.9263 23.9342 23.9426 23.9505 23.9582 23.9668 23.9751 23.9835 23.9914
 23.9997 24.0081 24.0158 24.0245 24.0323 24.0403 24.0491 24.0577 24.066
 24.0747 24.085  24.0938 24.1021 24.1099 24.1189 24.1271 24.135  24.143
 24.1518 24.1595 24.1688 24.1782 24.1886 24.1977 24.206  24.2159 24.2239
 24.2322 24.2406 24.249  24.258  24.2668 24.2773 24.2865 24.2947 24.3042
 24.3132 24.3219 24.3309 24.3397 24.3486 24.3579 24.3664 24.3744 24.3828
 24.3928 24.402  24.4108 24.4193 24.4278 24.4368 24.4449 24.4537 24.4619
 24.4711 24.4797 24.49   24.4992 24.5084 24.5175 24.5271 24.5375 24.5493
 24.5597 24.5697 24.5804 24.591  24.6027 24.615  24.6249 24.6339 24.6431
 24.6535 24.6642 24.6763 24.687  24.6971 24.7097 24.7251 24.7394 24.7549
 24.7645 24.7787 24.7915 24.8042 24.8169 24.8334 24.8492 24.8609 24.8729
 24.8891 24.9003 24.9129 24.9265 24.9414 24.9603 24.9779 25.0012 25.0386
 25.0707 25.102  25.137  25.2308 29.1124
31.5407 31.6071 31.669  31.7562 31.8103 31.8265 31.8466 31.8736 31.8933
 31.9367 31.9573 31.9701 31.9827 32.0156 32.0342 32.0592 32.0789 32.0967
 32.1262 32.1395 32.1516 32.1639 32.1794 32.1909 32.2053 32.2212 32.2364
 32.248  32.2598 32.2741 32.2862 32.3042 32.3148 32.3264 32.3408 32.3518
 32.3643 32.3757 32.3871 32.3979 32.4097 32.4199 32.4314 32.4434 32.4548
 32.468  32.4809 32.4907 32.5002 32.5105 32.52   32.5305 32.5396 32.55
 32.559  32.5688 32.5798 32.5886 32.5974 32.6073 32.6169 32.6249 32.6345
 32.6447 32.6563 32.666  32.6755 32.6848 32.6955 32.7047 32.7145 32.7237
 32.7322 32.7403 32.7488 32.7572 32.7653 32.7732 32.7812 32.7888 32.797
 32.805  32.8127 32.8211 32.8294 32.8378 32.8457 32.8539 32.8619 32.8694
 32.8776 32.8854 32.8939 32.9021 32.9109 32.9189 32.9264 32.9339 32.9415
 32.9497 32.9582 32.9659 32.9736 32.9811 32.9881 32.996  33.0045 33.0138
 33.0223 33.0295 33.0372 33.0444 33.0516 33.0598 33.069  33.0772 33.0849
 33.0933 33.101  33.109  33.117  33.1247 33.132  33.14   33.1474 33.1554
 33.163  33.171  33.1783 33.1863 33.1941 33.2015 33.2088 33.216  33.2238
 33.2316 33.239  33.2461 33.2533 33.2607 33.2685 33.2762 33.2831 33.2905
 33.298  33.3054 33.3127 33.3203 33.3279 33.3355 33.3429 33.3507 33.3578
 33.3654 33.3725 33.3803 33.3885 33.3955 33.4027 33.4101 33.4173 33.425
 33.432  33.439  33.4464 33.4541 33.4613 33.4687 33.4763 33.4834 33.4907
 33.4977 33.5061 33.5136 33.5212 33.5286 33.5363 33.544  33.5518 33.5595
 33.5675 33.575  33.5828 33.591  33.5998 33.6075 33.6159 33.6236 33.6314
 33.6388 33.6462 33.6533 33.6611 33.6686 33.6762 33.6843 33.6921 33.6993
 33.7071 33.7159 33.724  33.733  33.7409 33.7486 33.7561 33.7638 33.7714
 33.7788 33.7869 33.7944 33.8018 33.8099 33.8175 33.8248 33.8327 33.8401
 33.8477 33.8551 33.8626 33.8709 33.8788 33.8865 33.8941 33.9024 33.9108
 33.9193 33.9269 33.9351 33.9433 33.9511 33.9592 33.9671 33.9752 33.9844
 33.993  34.0013 34.0097 34.0173 34.0255 34.0351 34.0438 34.0519 34.0607
 34.0694 34.079  34.088  34.0966 34.106  34.1164 34.125  34.1342 34.1451
 34.155  34.1644 34.1729 34.1819 34.1915 34.2017 34.2118 34.2216 34.23
 34.2401 34.2492 34.2584 34.2688 34.2795 34.2913 34.3024 34.3155 34.3293
 34.343  34.3565 34.3692 34.3818 34.3946 34.4073 34.4192 34.4325 34.4443
 34.4568 34.4698 34.4879 34.5071 34.5251 34.5423 34.5609 34.5824 34.6
 34.6236 34.6443 34.6724 34.6927 34.718  34.7865
40.6144 40.6727 40.998  41.0273 41.103  41.1787 41.2155 41.2366 41.283
 41.3229 41.4023 41.4298 41.4549 41.4853 41.5057 41.528  41.5463 41.5639
 41.5888 41.6161 41.6416 41.6609 41.6756 41.7069 41.7208 41.7353 41.7484
 41.7608 41.7744 41.7903 41.8031 41.8188 41.8337 41.8487 41.8615 41.8716
 41.884  41.9014 41.9162 41.9313 41.9475 41.9589 41.9707 41.9817 41.9908
 41.9997 42.0115 42.0277 42.0395 42.051  42.064  42.0754 42.0881 42.1036
 42.1125 42.1222 42.1362 42.1462 42.1602 42.1692 42.1813 42.1915 42.202
 42.2139 42.2246 42.2342 42.2441 42.2536 42.2625 42.2721 42.282  42.2923
 42.3025 42.3136 42.3247 42.3364 42.3474 42.3578 42.3665 42.3754 42.3846
 42.3935 42.4029 42.4135 42.4238 42.4323 42.4407 42.4516 42.4604 42.4693
 42.4797 42.4897 42.5001 42.508  42.5162 42.5254 42.5344 42.5432 42.5512
 42.5601 42.569  42.5789 42.5885 42.5978 42.6061 42.6148 42.6246 42.6348
 42.6439 42.6544 42.6646 42.6735 42.6824 42.6914 42.6994 42.7081 42.7195
 42.73   42.7385 42.749  42.7601 42.7703 42.7805 42.7909 42.8009 42.8092
 42.8184 42.8274 42.8369 42.8457 42.8551 42.8638 42.8729 42.8824 42.8923
 42.9021 42.9112 42.9209 42.9299 42.9391 42.9484 42.9574 42.9668 42.9777
 42.987  42.9966 43.0089 43.0218 43.0304 43.0413 43.0518 43.062  43.0725
 43.082  43.0904 43.0996 43.1089 43.1195 43.1294 43.1382 43.1493 43.1581
 43.1677 43.1775 43.1882 43.1979 43.2085 43.2197 43.2295 43.2391 43.2512
 43.2629 43.2748 43.287  43.2966 43.3077 43.319  43.3349 43.3467 43.3594
 43.3706 43.384  43.3962 43.408  43.4207 43.4356 43.4514 43.4661 43.4783
 43.4913 43.5032 43.5225 43.5376 43.5521 43.5735 43.604  43.6276 43.6443
 43.6616 43.6828 43.7029 43.719  43.7384 43.7573 43.7745 43.7949 43.8225
 43.8566 49.7707 49.8449 49.9658
50.2546 50.3736 50.4336 50.4608 50.4977 50.5318 50.5692 50.5905 50.6385
 50.6595 50.684  50.7021 50.7227 50.7376 50.7836 50.7987 50.8203 50.8386
 50.8545 50.8731 50.8887 50.8995 50.9226 50.9353 50.952  50.9651 50.9781
 50.9907 51.0023 51.0158 51.0273 51.0476 51.0598 51.0745 51.0837 51.096
 51.1065 51.1214 51.1326 51.1438 51.1564 51.1681 51.1799 51.192  51.2053
 51.2157 51.2248 51.2344 51.2447 51.2565 51.2672 51.277  51.2859 51.2954
 51.3049 51.3149 51.3251 51.3346 51.3451 51.3539 51.3631 51.3729 51.3818
 51.3903 51.4002 51.4099 51.4195 51.4301 51.4401 51.4495 51.4574 51.4665
 51.4765 51.4871 51.4985 51.5074 51.5154 51.5261 51.5343 51.5431 51.5524
 51.5616 51.57   51.5789 51.587  51.5955 51.6036 51.6112 51.6207 51.6292
 51.6381 51.6461 51.655  51.6627 51.6706 51.6784 51.6863 51.6938 51.7018
 51.7106 51.7185 51.7275 51.7351 51.7436 51.752  51.7604 51.7685 51.7769
 51.7855 51.7934 51.801  51.8088 51.8165 51.8239 51.832  51.84   51.848
 51.8565 51.8643 51.8724 51.8799 51.8874 51.8953 51.904  51.9124 51.9209
 51.9295 51.9379 51.9467 51.955  51.9634 51.9736 51.9817 51.9911 51.9997
 52.0084 52.0176 52.0257 52.0346 52.0426 52.0521 52.0593 52.0672 52.0757
 52.0843 52.0928 52.1008 52.1093 52.1177 52.1255 52.1338 52.1415 52.1496
 52.1585 52.1663 52.1749 52.183  52.1915 52.1996 52.2077 52.2151 52.2242
 52.2323 52.2414 52.2502 52.258  52.2675 52.2765 52.2844 52.2935 52.3033
 52.3122 52.3203 52.3284 52.3364 52.3449 52.3543 52.3627 52.3725 52.3809
 52.39   52.3987 52.408  52.4185 52.428  52.4375 52.4475 52.4576 52.4673
 52.477  52.4852 52.4938 52.5022 52.5119 52.5208 52.5309 52.5401 52.55
 52.5594 52.5706 52.5806 52.5906 52.6027 52.6137 52.6257 52.6376 52.6494
 52.6599 52.6722 52.6838 52.6951 52.7059 52.7171 52.7269 52.7403 52.7501
 52.7612 52.7736 52.7863 52.7983 52.8119 52.8235 52.8346 52.8533 52.8708
 52.8951 52.9126 52.9332 52.95   52.969  52.9961 53.0199 53.0377 53.0629
 53.0867 53.1743 53.2054 59.6747
60.0325 60.0785 60.1748 60.2155 60.2448 60.2616 60.3229 60.3456 60.4074
 60.477  60.5185 60.5499 60.5689 60.5911 60.6266 60.6715 60.6936 60.712
 60.7249 60.7424 60.762  60.7922 60.8053 60.8246 60.8432 60.8652 60.8815
 60.8962 60.9126 60.9243 60.9389 60.9492 60.9632 60.9776 60.9899 61.0036
 61.015  61.0255 61.0382 61.0484 61.0615 61.0753 61.0876 61.1023 61.1145
 61.1272 61.1366 61.1483 61.1579 61.1694 61.1789 61.1885 61.1989 61.2081
 61.219  61.2331 61.2442 61.2554 61.2692 61.2815 61.2947 61.3055 61.3146
 61.3237 61.3333 61.3422 61.3501 61.3586 61.3681 61.3772 61.385  61.3944
 61.4046 61.4154 61.4266 61.4362 61.4469 61.4561 61.4655 61.4737 61.4842
 61.4936 61.5033 61.5123 61.5226 61.5322 61.5422 61.5524 61.5618 61.571
 61.5814 61.5899 61.6026 61.6126 61.6222 61.6318 61.6426 61.6525 61.6625
 61.6719 61.6814 61.69   61.6987 61.7077 61.7168 61.7264 61.7352 61.7444
 61.754  61.7654 61.7746 61.7836 61.7921 61.8019 61.8104 61.8198 61.8297
 61.8398 61.8497 61.8603 61.8701 61.8807 61.8909 61.9002 61.9106 61.9206
 61.9312 61.9409 61.9498 61.9596 61.969  61.9795 61.9889 61.999  62.0092
 62.0195 62.0292 62.0381 62.0482 62.0586 62.0682 62.0791 62.0901 62.0995
 62.1104 62.1218 62.1327 62.1427 62.152  62.1634 62.1744 62.1848 62.1937
 62.2029 62.2146 62.2245 62.2347 62.2459 62.2562 62.2651 62.2755 62.2863
 62.2961 62.3069 62.3186 62.3306 62.3421 62.3531 62.3637 62.3786 62.3911
 62.4078 62.4215 62.4332 62.4452 62.4574 62.4698 62.4839 62.4975 62.5103
 62.5263 62.54   62.5569 62.5752 62.6003 62.6167 62.6317 62.6519 62.6664
 62.7093 62.7369 62.7663 62.8343 69.5507 69.6326 69.6908 69.7612 69.7964
 69.8542 69.8896 69.9274 69.9488 69.9783 69.999

