12.0396 12.7418 12.965  13.0994 13.2005 13.3152 13.4662 13.5122 13.5391
 13.5614
20.7079 21.3648 21.5069 21.8467 22.22   22.4897 22.5407 22.6118 22.8657
 22.9064 22.9206 22.9668 23.0189 23.0835
31.1439 31.4041 31.4446 31.4688 31.5118 31.5745 31.6324 31.7564 31.8234
 31.8647 31.9278 32.0087 32.0464 32.1472 32.2003 32.2204 32.2738 32.3062
 32.3536 32.3951 32.5147 32.529  32.7062 32.7786
41.0673 41.3056 41.3686 41.5708 41.5946 41.8009 41.8868 42.0886 49.1858
 49.4387 49.5467 49.7079 49.8431
50.0601 50.1022 50.3432 50.4029 50.6652 50.7437 50.8144 50.899  50.9222
 51.0199 51.0869 51.1856
60.1869 60.2297 60.4479 60.4845 60.5488 60.5808 60.633  60.7196 66.8959
 69.3986 69.6168 69.812  69.9097 69.9579

