12.3137 12.6525 12.8977 13.0233 13.0633 13.0953 13.1238 13.1549 13.1828
 13.2291 13.2522 13.2734 13.2944 13.3141 13.3425 13.3729 13.3915 13.4162
 13.472  13.5535 13.5702 13.5905 13.614  13.6309 13.6472 13.6638 13.6795
 13.7024 13.7794 13.8304
22.0693 22.1858 22.2176 22.2809 22.3729 22.4196 22.5104 22.5453 22.5663
 22.6099 22.6336 22.6557 22.6976 22.7757 22.7921 22.8246 22.8795 22.8936
 22.9199 22.948  22.9676 22.9891 23.0051 23.0162 23.0496 23.0699 23.1082
 23.1494 23.1787 23.2056 23.2615 23.3061 23.3195 23.3448 23.4756 23.515
30.1435 31.4427 31.5249 31.5527 31.6333 31.7546 31.8212 31.8968 31.9903
 32.0762 32.0954 32.1134 32.1526 32.1687 32.1873 32.1998 32.2135 32.2294
 32.2417 32.2588 32.2745 32.2991 32.3212 32.3364 32.3569 32.3716 32.3871
 32.4013 32.4454 32.4642 32.4828 32.4955 32.5088 32.5338 32.556  32.5667
 32.5787 32.5877 32.6082 32.6254 32.672  32.6927 32.7063 32.7317 32.7549
 32.774  32.7924 32.8829 39.1669
40.5458 40.8197 40.8995 41.0668 41.1409 41.2877 41.3325 41.354  41.4218
 41.4827 41.5387 41.5608 41.6105 41.6389 41.6794 41.7257 41.7414 41.7614
 41.7966 41.8145 41.8363 41.8534 41.871  41.8965 41.9153 41.936  41.9623
 41.975  41.9932 42.021  42.0854 42.1511 42.3191 49.2302 49.5251 49.8237
 49.9913
50.0986 50.2906 50.3877 50.4437 50.5296 50.5542 50.5867 50.6359 50.6601
 50.6904 50.7241 50.7627 50.811  50.8589 50.899  50.9234 50.9601 50.9873
 51.0449 51.0653 51.1173 51.1308 51.1654 51.1785 51.1912 51.2389 51.2711
 51.2965 51.3267 51.3574 51.3848 51.4012 51.4227 59.8259 59.9048
60.0928 60.1314 60.2015 60.2407 60.2887 60.3178 60.4093 60.4654 60.4956
 60.5494 60.5872 60.6225 60.6608 60.689  60.7087 60.7377 60.7983 60.8213
 60.879  60.8935 60.9537 60.9939 61.0199 61.0316 61.0455 61.0621 61.0804
 61.0929 61.1109 61.147  61.1947 61.2707 61.2869 69.4092 69.5073 69.6055
 69.6258 69.6613 69.6927 69.7209 69.7676 69.8148 69.8365 69.8599 69.928
 69.9625 69.9907

