12.7329 12.9785 13.0129 13.0662 13.1295 13.1619 13.2199 13.2444 13.3372
 13.3928 13.4596 13.5    13.5266 13.6179 13.7753
22.1611 22.2062 22.2385 22.4089 22.4548 22.4752 22.6033 22.6671 22.6898
 22.7649 22.8005 22.827  22.8441 22.8789 22.9186 22.9649 22.9964 23.0164
 23.0289 23.0448 23.1631 23.1942 23.2397 23.2811 23.2944 23.3119 23.3776
 23.4183
31.0311 31.1172 31.3545 31.5127 31.5559 31.5939 31.7398 31.8053 31.8249
 31.8594 31.9008 31.9687 31.9827 32.0202 32.1547 32.1819 32.2042 32.2192
 32.2346 32.2452 32.274  32.2874 32.3115 32.3388 32.4114 32.4557 32.4828
 32.5269 32.5558 32.5681 32.5923 32.6177 32.6476 32.8457 32.8914 32.9556
 32.9931 33.0243 33.0544
40.2209 40.8295 40.9766 41.1578 41.3041 41.3835 41.4219 41.5834 41.6394
 41.6562 41.7196 41.7487 41.7691 41.8392 41.8699 41.8882 42.1176 48.7844
 49.1214 49.8492
50.0789 50.2207 50.3391 50.3948 50.4707 50.4908 50.5333 50.5973 50.6313
 50.6679 50.7068 50.8236 50.8628 50.8814 50.9316 50.9625 51.0313 51.0514
 51.1744 57.4124 59.3075
60.3062 60.4659 60.491  60.5569 60.5823 60.62   60.6819 60.7157 60.7368
 60.7665 60.8194 60.9632 60.9786 61.052  61.0817 69.0987 69.2998 69.3555
 69.4669 69.6838 69.7849 69.8681 69.8858

