12.6572 12.7851 12.8213 12.8908 13.0219 13.0696 13.1471 13.1919 13.2959
 13.3186 13.3395 13.3725 13.3893 13.4048 13.4161 13.4339 13.4683 13.4796
 13.4987 13.5193 13.5362 13.5573 13.5713 13.5884 13.6026 13.6242 13.6431
 13.6585 13.674  13.6867 13.7004 13.7144 13.726  13.7406 13.7529 13.7681
 13.7794 13.7906 13.8013 13.8153 13.8272 13.8379 13.8477 13.8588 13.8703
 13.8808 13.8965 13.9072 13.9182 13.929  13.9405 13.9535 13.9633 13.9748
 13.9861 14.0023 14.0151 14.0279 14.0379 14.0488 14.0598 14.072  14.0825
 14.0923 14.1025 14.1135 14.1239 14.1345 14.1437 14.153  14.162  14.1713
 14.1804 14.1892 14.1987 14.2076 14.2176 14.2276 14.2379 14.2485 14.2593
 14.2682 14.2782 14.2898 14.2985 14.3076 14.3182 14.3287 14.3376 14.3468
 14.3556 14.3649 14.3745 14.3856 14.3946 14.4045 14.4128 14.4217 14.432
 14.4426 14.452  14.4609 14.4709 14.4819 14.4915 14.502  14.5125 14.5224
 14.5325 14.5447 14.5553 14.5667 14.5775 14.5891 14.5993 14.6108 14.6203
 14.6294 14.6389 14.6482 14.6573 14.6671 14.6757 14.6871 14.6981 14.7099
 14.7203 14.7335 14.7457 14.7552 14.7659 14.7759 14.7861 14.7953 14.8057
 14.815  14.824  14.8356 14.8477 14.8585 14.8689 14.8807 14.8908 14.8999
 14.9102 14.9208 14.9308 14.9425 14.9538 14.9646 14.9789 14.989  15.0001
 15.0115 15.0229 15.0333 15.0439 15.0541 15.0646 15.0765 15.0889 15.1005
 15.1145 15.1269 15.1429 15.1549 15.1668 15.1843 15.1981 15.2106 15.2262
 15.2388 15.2612 15.2743 15.2887 15.3063 15.327  15.3468 15.3674 15.3828
 15.4075 15.4242 15.448  15.4707 15.4875 15.5542 15.5924 15.6785 15.7367
 15.8115 15.9924 16.1653
21.012  21.8024 21.8833 22.3993 22.4419 22.4807 22.5286 22.5604 22.5883
 22.6188 22.641  22.669  22.6894 22.7502 22.8065 22.831  22.8465 22.8598
 22.8794 22.8942 22.9108 22.9226 22.9371 22.952  22.9698 22.9862 23.0033
 23.0158 23.0273 23.0394 23.0525 23.0643 23.0761 23.0869 23.1005 23.1126
 23.1291 23.1408 23.1542 23.1681 23.1811 23.1958 23.206  23.2194 23.2296
 23.24   23.2521 23.2637 23.2743 23.2882 23.299  23.3088 23.3182 23.3263
 23.3352 23.3458 23.3549 23.3644 23.3741 23.3844 23.3937 23.4015 23.4103
 23.4189 23.4286 23.4378 23.448  23.4567 23.4665 23.4759 23.485  23.4942
 23.5023 23.5116 23.521  23.5314 23.5411 23.5513 23.5636 23.5719 23.5806
 23.5898 23.5984 23.6084 23.617  23.6263 23.638  23.6481 23.6568 23.6654
 23.6735 23.6821 23.6906 23.6987 23.7076 23.7162 23.7268 23.7353 23.7441
 23.753  23.7613 23.7695 23.7779 23.7859 23.7954 23.8042 23.8124 23.8203
 23.8295 23.8383 23.8472 23.8556 23.8653 23.8731 23.8812 23.8903 23.8994
 23.9075 23.9161 23.9239 23.9322 23.9417 23.9514 23.9598 23.9683 23.9768
 23.9851 23.9935 24.0022 24.0106 24.0204 24.0297 24.0383 24.0474 24.0559
 24.0652 24.0742 24.0846 24.0946 24.1048 24.1143 24.1226 24.1306 24.1387
 24.1466 24.1546 24.1631 24.1722 24.1807 24.1887 24.198  24.2066 24.2154
 24.2232 24.2313 24.2401 24.2496 24.2585 24.268  24.2763 24.2875 24.2958
 24.3056 24.3157 24.3247 24.3326 24.3407 24.3499 24.3593 24.3681 24.3775
 24.3879 24.3989 24.4094 24.422  24.4322 24.4434 24.4531 24.4629 24.4726
 24.4827 24.492  24.502  24.5134 24.5263 24.5368 24.5464 24.5568 24.5672
 24.5772 24.587  24.5975 24.6089 24.6195 24.6288 24.6384 24.6492 24.6612
 24.6734 24.6864 24.6983 24.7103 24.7211 24.7326 24.7441 24.7553 24.7679
 24.7793 24.793  24.8095 24.8205 24.836  24.8555 24.8726 24.8873 24.9047
 24.9298 24.9587 24.9923 25.0081 25.0293 25.0631 25.0848 25.1202 25.1983
 25.2452 25.2937 25.3358 25.3869 25.5373
30.8064 31.4486 31.546  31.6195 31.6821 31.8052 31.8264 31.8448 31.8808
 31.9041 31.9264 31.9787 31.9984 32.0279 32.0544 32.0731 32.09   32.1185
 32.1349 32.1458 32.163  32.1809 32.1953 32.207  32.2209 32.2365 32.2506
 32.2647 32.2756 32.2884 32.3    32.3126 32.3248 32.3405 32.3542 32.3699
 32.3824 32.3927 32.4039 32.416  32.4286 32.4403 32.4499 32.4613 32.4707
 32.4838 32.4983 32.5079 32.5212 32.5315 32.5445 32.5542 32.563  32.573
 32.5817 32.5935 32.6026 32.614  32.6244 32.6332 32.6435 32.6532 32.662
 32.6731 32.6848 32.6965 32.7078 32.7175 32.726  32.7349 32.7442 32.7534
 32.7621 32.771  32.7792 32.7878 32.7972 32.8057 32.8149 32.8232 32.8323
 32.841  32.8499 32.8586 32.8673 32.8763 32.8858 32.896  32.9046 32.913
 32.9219 32.9307 32.9394 32.9477 32.9559 32.9647 32.9728 32.9812 32.99
 32.9982 33.0065 33.0147 33.0228 33.0324 33.0424 33.0509 33.0606 33.0702
 33.0791 33.0875 33.0965 33.105  33.1134 33.1208 33.1296 33.138  33.1459
 33.1543 33.1619 33.17   33.178  33.1869 33.1951 33.204  33.2116 33.2195
 33.228  33.2369 33.2452 33.2539 33.2619 33.2696 33.2775 33.2856 33.2932
 33.3007 33.3084 33.3164 33.3242 33.3321 33.3405 33.348  33.3553 33.3629
 33.3711 33.3796 33.3869 33.3946 33.4024 33.4102 33.4176 33.4251 33.433
 33.4412 33.4491 33.4567 33.4641 33.4722 33.4799 33.4875 33.4952 33.5027
 33.5108 33.5197 33.5274 33.5351 33.5432 33.5506 33.5583 33.5659 33.5737
 33.5823 33.5903 33.5985 33.6069 33.6146 33.6228 33.6301 33.6379 33.6457
 33.6539 33.6613 33.6695 33.6782 33.6866 33.6948 33.7029 33.7109 33.7186
 33.7263 33.7343 33.7422 33.75   33.7578 33.7663 33.7743 33.7821 33.7902
 33.7982 33.806  33.8136 33.8215 33.8305 33.8391 33.8471 33.8552 33.8633
 33.8712 33.8801 33.8885 33.8966 33.9056 33.9143 33.9241 33.9331 33.9416
 33.9507 33.9589 33.9676 33.9758 33.9855 33.9943 34.0041 34.014  34.0227
 34.0321 34.0419 34.0515 34.0602 34.0691 34.0778 34.0872 34.0977 34.1079
 34.117  34.1264 34.1358 34.1443 34.153  34.1632 34.1737 34.184  34.1932
 34.2031 34.2128 34.2228 34.2338 34.2446 34.2557 34.2655 34.2761 34.2858
 34.2965 34.3085 34.3216 34.333  34.3446 34.3579 34.3711 34.3867 34.3977
 34.412  34.4274 34.4421 34.4558 34.4708 34.4849 34.4986 34.5211 34.5409
 34.5665 34.5848 34.5994 34.6166 34.6459 34.6778 34.7098 34.7389 34.7618
 34.791  34.8696 34.9325 35.0107 35.1167 38.9109
40.8445 41.0798 41.2028 41.2278 41.2644 41.3192 41.3633 41.4398 41.4793
 41.501  41.5193 41.5521 41.5767 41.6182 41.639  41.6528 41.6708 41.6968
 41.7152 41.7508 41.7643 41.7782 41.79   41.8124 41.83   41.8485 41.8627
 41.8737 41.8864 41.9006 41.913  41.928  41.9401 41.9518 41.963  41.9758
 41.9858 41.9957 42.0072 42.0231 42.0346 42.0466 42.0564 42.0674 42.0764
 42.0868 42.097  42.1073 42.118  42.1294 42.1394 42.1523 42.1681 42.1838
 42.1948 42.2052 42.2157 42.2258 42.2375 42.2511 42.2618 42.2737 42.2877
 42.2987 42.3109 42.3197 42.33   42.3408 42.3522 42.3627 42.3737 42.3837
 42.3937 42.4037 42.4143 42.4242 42.4366 42.4485 42.4595 42.4686 42.4784
 42.4889 42.4984 42.5115 42.5229 42.5314 42.5416 42.5517 42.5621 42.5713
 42.5814 42.5921 42.6039 42.6138 42.6236 42.6345 42.6467 42.6566 42.6668
 42.6771 42.6872 42.6982 42.7099 42.7194 42.7305 42.7412 42.7518 42.7617
 42.7724 42.7815 42.7922 42.8009 42.8105 42.8205 42.832  42.8419 42.8514
 42.8605 42.8721 42.8822 42.8926 42.9031 42.9138 42.9225 42.9347 42.9436
 42.9528 42.9629 42.9718 42.9838 42.9961 43.0072 43.0165 43.0262 43.0361
 43.0455 43.0549 43.0662 43.0753 43.0854 43.0951 43.1052 43.1148 43.1258
 43.1348 43.1464 43.1567 43.1698 43.1811 43.1936 43.205  43.2171 43.23
 43.2409 43.2507 43.2611 43.2755 43.2886 43.2994 43.3112 43.3219 43.3355
 43.3467 43.3575 43.3707 43.3813 43.3949 43.408  43.4186 43.4313 43.4431
 43.4577 43.478  43.4935 43.5095 43.5257 43.5387 43.5504 43.5635 43.581
 43.5963 43.6135 43.6288 43.6486 43.6694 43.6948 43.7138 43.7425 43.795
 43.8607 43.9038 44.1312 44.2043 44.2703 49.3481 49.7168 49.8091 49.9945
50.0858 50.3346 50.4401 50.4628 50.4831 50.5106 50.5418 50.5644 50.5828
 50.6541 50.6761 50.7096 50.7459 50.7606 50.7752 50.7949 50.8065 50.8214
 50.8374 50.8527 50.8731 50.8883 50.8996 50.9118 50.9232 50.9389 50.9524
 50.9652 50.9803 50.9948 51.0062 51.0177 51.0287 51.0388 51.0551 51.0679
 51.0798 51.0916 51.1024 51.1156 51.1267 51.1392 51.1508 51.1634 51.1755
 51.1906 51.2035 51.2156 51.2271 51.2379 51.2478 51.2571 51.2656 51.2752
 51.2847 51.2951 51.305  51.3152 51.325  51.3368 51.3468 51.3562 51.3663
 51.3775 51.3878 51.3979 51.4087 51.4204 51.4317 51.4432 51.452  51.4617
 51.472  51.4829 51.4926 51.5019 51.5116 51.523  51.5342 51.5428 51.5516
 51.5605 51.5705 51.5795 51.5894 51.6    51.6105 51.6204 51.6293 51.6376
 51.6465 51.6555 51.6655 51.6745 51.6831 51.6919 51.7005 51.7098 51.7187
 51.7282 51.7367 51.7464 51.7568 51.7658 51.7747 51.7842 51.7934 51.8036
 51.8143 51.8225 51.8321 51.8424 51.8507 51.8583 51.8661 51.8759 51.8849
 51.8935 51.9029 51.9116 51.9205 51.9303 51.9389 51.9478 51.9563 51.9648
 51.9738 51.9834 51.9911 51.9997 52.0082 52.0175 52.0266 52.035  52.0428
 52.0511 52.0588 52.0674 52.0754 52.085  52.0938 52.1028 52.111  52.1199
 52.1287 52.1382 52.1466 52.1544 52.1635 52.1719 52.1807 52.1893 52.1979
 52.2079 52.218  52.2283 52.2374 52.2461 52.2557 52.2661 52.2762 52.285
 52.2949 52.3035 52.313  52.3227 52.3338 52.3431 52.3524 52.364  52.374
 52.3829 52.3931 52.4027 52.4124 52.4213 52.4321 52.4434 52.4538 52.4643
 52.4754 52.4851 52.4955 52.5053 52.514  52.5235 52.5334 52.543  52.5534
 52.5637 52.5772 52.5889 52.6    52.6104 52.6228 52.634  52.6456 52.6586
 52.6705 52.6819 52.6919 52.7056 52.7183 52.7341 52.7464 52.76   52.7729
 52.7871 52.8004 52.8196 52.8382 52.853  52.8699 52.8837 52.8962 52.9083
 52.9371 52.9589 52.9815 53.0046 53.0341 53.0561 53.0933 53.1241 53.1618
 53.197  53.2697 53.3815 53.4249 53.511  56.6129 58.9269 59.4399 59.9108
60.2284 60.2616 60.2839 60.3519 60.3689 60.4906 60.529  60.5597 60.5781
 60.6026 60.6367 60.6657 60.6909 60.7128 60.731  60.7525 60.7731 60.7853
 60.7971 60.8169 60.833  60.8499 60.8693 60.8854 60.8958 60.9092 60.9244
 60.9383 60.9582 60.9723 60.9826 61.0008 61.0112 61.0245 61.0386 61.0527
 61.0669 61.0806 61.0959 61.1065 61.1314 61.1452 61.1584 61.1712 61.1816
 61.1925 61.2039 61.2153 61.2289 61.2407 61.253  61.2636 61.2738 61.2861
 61.2983 61.312  61.3231 61.3338 61.3448 61.354  61.3673 61.3793 61.3902
 61.4038 61.414  61.4257 61.4385 61.449  61.4583 61.4683 61.4798 61.4897
 61.5025 61.5142 61.5269 61.536  61.5479 61.5583 61.5694 61.5794 61.5883
 61.6002 61.6126 61.6255 61.6372 61.6493 61.6592 61.6718 61.6859 61.6965
 61.706  61.716  61.726  61.7365 61.7473 61.7569 61.7671 61.7766 61.7882
 61.7986 61.8086 61.8172 61.831  61.8422 61.8529 61.8654 61.8756 61.8854
 61.8953 61.9047 61.915  61.9271 61.937  61.9478 61.9592 61.9712 61.9829
 61.9964 62.0083 62.0183 62.0296 62.0419 62.0544 62.0653 62.0757 62.0896
 62.1025 62.1141 62.1269 62.1395 62.152  62.1626 62.1732 62.184  62.1952
 62.2096 62.2207 62.2317 62.2423 62.255  62.2701 62.2823 62.2936 62.3035
 62.3175 62.3307 62.3408 62.3541 62.3675 62.3793 62.3929 62.4036 62.4162
 62.4291 62.4411 62.4573 62.4733 62.4871 62.5041 62.5321 62.5478 62.5747
 62.5919 62.6086 62.6376 62.6577 62.6753 62.6976 62.711  62.7404 62.7707
 62.8514 62.8795 63.0592 69.2516 69.3014 69.4908 69.5844 69.6397 69.6804
 69.7333 69.7901 69.8221 69.854  69.8866 69.9024 69.9303 69.9625 69.9776
 69.9901

