10.2059 12.5184 12.5434 12.6377 12.9053 13.031  13.2676 13.2885 13.3179
 13.3389 13.3579 13.3721 13.3922 13.4145 13.4439 13.4609 13.4941 13.5333
 13.5787 13.6264 13.6413 13.6642 13.6918 13.7371 13.8618 13.8833 13.91
 13.9253 13.9461
21.7049 21.9089 21.9866 22.3918 22.4168 22.4477 22.4845 22.535  22.5731
 22.6368 22.6896 22.7509 22.7753 22.8023 22.8218 22.8468 22.8693 22.8916
 22.9149 22.9389 22.9587 22.9835 23.0142 23.0348 23.0571 23.0906 23.1057
 23.1235 23.1521 23.1661 23.1857 23.2231 23.2515 23.2684 23.2852 23.3032
 23.3198 23.3346 23.3615 23.4157
30.4056 31.2779 31.3833 31.5217 31.7579 31.9612 32.0124 32.0886 32.1171
 32.1483 32.1608 32.1716 32.1945 32.2147 32.2476 32.3082 32.3399 32.3545
 32.3702 32.3864 32.4017 32.4307 32.4443 32.4552 32.4727 32.4935 32.5069
 32.5184 32.5296 32.5487 32.5656 32.5769 32.5895 32.6008 32.6111 32.6465
 32.6614 32.6861 32.7021 32.7159 32.7479 32.7645 32.7908 32.8202 32.8378
 32.8623 32.8776 32.8948 32.9729 32.9934 38.5612
40.6987 40.7957 41.0961 41.2618 41.331  41.3837 41.4533 41.6139 41.6853
 41.7361 41.764  41.7814 41.8196 41.8647 41.8955 41.9196 41.9528 41.9811
 42.0157 42.0314 42.0537 42.105  49.6467 49.8765
50.0719 50.1648 50.2295 50.3195 50.3854 50.4734 50.5732 50.628  50.7126
 50.7372 50.763  50.848  50.8806 50.9081 50.9355 50.9481 51.0285 51.0408
 51.0659 51.093  51.1459 51.1596 51.1763 51.2033 51.2172 51.3066 51.3236
 51.3367 51.3542 51.3715 51.3871 51.5002 51.5246 59.1409
60.1824 60.2324 60.3569 60.3852 60.4433 60.555  60.6074 60.6541 60.6838
 60.6978 60.7251 60.7506 60.7778 60.8129 60.8698 60.8831 60.9012 60.9209
 60.9454 60.9655 61.0187 61.035  61.0672 61.081  61.1142 61.1375 61.2033
 61.2519 61.2757 61.3091 61.3741 66.6799 66.851  69.5137 69.6767 69.7786
 69.8588 69.9034

