12.0817 12.2498 12.3114 12.5277 12.5553 12.5912 12.7396 12.7604 12.7929
 12.8616 12.8977 13.2426 13.4014
20.6289 21.0132 21.1302 21.2168 21.3037 21.3245 21.3854 21.4127 21.5023
 21.6054 21.6228 21.8244 21.8975 21.9912 28.6668
30.2672 30.3508 30.3744 30.5585 30.5857 30.6086 30.6811 30.7457 30.7906
 30.8417 30.8688 30.9062 30.9333 30.9498 30.9919 31.0439 31.0931 31.1962
 31.2229 31.285  31.3355 39.4897 39.6516 39.7913 39.9475
40.0604 40.0915 40.1521 40.1717 40.2663 40.3619 40.4408 40.5158 40.5335
 40.7527 48.9437 49.0729 49.2952 49.7486 49.8083 49.8228 49.8854 49.8991
 49.9157
50.1037 56.6934 58.0926 58.2888 58.3172 58.3457 58.3611 58.4152 58.4897
 58.507  58.6094 58.6343 58.6567 58.6989 58.789  58.8054 58.9304 59.1419
65.557  66.0858 66.4785 66.7294 66.8192 66.9767 67.1307 67.1474 67.2186
 67.2968 67.4758 67.5066 67.5439 67.5618 67.6048 67.7718 67.8277

