10.8488 12.5374 12.608  12.6742 12.701  12.8158 12.836  12.9318 12.9629
 13.0219 13.0565 13.0705 13.1821 13.2126 13.2287 13.2755 13.3745 13.4739
21.0068 21.1282 21.2522 21.5638 21.6819 21.8147 21.8575 21.9167 27.4345
 29.8306
30.0415 30.3431 30.5748 30.5931 30.6643 30.7335 30.7633 30.8456 30.9141
 30.9645 31.0285 31.1186 31.1425 31.1626 31.1765 31.199  31.2136 31.2323
 31.2511 31.2839 31.3057 31.3311 31.3716 31.4147 31.4641 31.486  31.5231
 31.5519 38.3773 38.8906 39.5005 39.7514 39.8675 39.9175
40.1091 40.2178 40.2557 40.4836 40.7607 45.5606 45.5936 49.306  49.3932
 49.7003 49.7393 49.7643 49.8056 49.8608
50.1131 50.4643 54.5008 57.6349 57.6989 57.8899 58.0105 58.3546 58.3821
 58.4329 58.5232 58.5714 58.9166 58.9535 59.0136
65.8959 66.0357 66.4916 66.5967 66.8047 66.9369 66.9786 67.1158 67.1597
 67.2002 67.2699 67.3339 67.3605 67.4967 67.5469 67.5726 67.679  67.7965
 67.8578 68.002

