11.9561 12.4251 12.5785 12.6281 12.7132 12.7352 12.7583 12.8894 12.9172
 12.9521 12.9947 13.031  13.0458 13.0615 13.0827 13.1387 13.1762 13.2064
 13.2255 13.2407 13.2603 13.2769 13.3307 13.3467 13.3999 13.4168 13.4511
 13.4635 13.4814 13.5267 13.5666 13.5851 13.6028 13.7074 13.7257 13.7519
20.7828 21.2226 21.2921 21.3726 21.3989 21.4321 21.4643 21.5206 21.5593
 21.6425 21.7306 21.7611 21.8178 21.8329 21.8484 21.921  21.9406 21.9566
 21.9887 22.0147 22.04   22.1444 22.2739 29.3576 29.7579 29.8465
30.0976 30.1273 30.1802 30.2166 30.3486 30.4181 30.4975 30.5329 30.5756
 30.6445 30.7042 30.7638 30.8016 30.8185 30.8805 30.9001 30.9788 30.9973
 31.0166 31.0494 31.0728 31.0984 31.1161 31.139  31.1763 31.2106 31.2343
 31.2472 31.2582 31.2847 31.3148 31.3435 31.3581 31.378  31.3988 31.4154
 31.4351 31.4747 31.5035 31.5164 31.5405 31.5584 31.5831 31.7478 36.2515
 39.3308 39.4628 39.6406 39.8846 39.9829
40.006  40.0308 40.2176 40.2713 40.3242 40.3936 40.4199 40.4427 40.4686
 40.484  40.4959 40.5218 40.5765 40.6388 40.7405 40.7566 40.7813 40.8406
 46.3058 49.1618 49.4117 49.4522 49.6896 49.8248 49.9679
50.0215 50.0441 50.06   50.0747 50.0956 50.1228 50.3627 50.3955 50.4566
 50.7047 56.9731 57.4505 57.5936 57.8024 57.8474 57.9816 58.0855 58.2769
 58.3848 58.4107 58.4369 58.5007 58.5407 58.5879 58.6249 58.6544 58.7076
 58.7247 58.7431 58.8016 58.8222 58.8398 58.8899 58.9123 58.9286 58.9502
 59.0033 59.0524 59.0821
66.6978 67.0449 67.0693 67.1101 67.1838 67.248  67.2638 67.2835 67.3078
 67.3398 67.355  67.3832 67.4042 67.4229 67.53   67.5474 67.5599 67.5934
 67.6241 67.6503 67.6956 67.7154 67.7348 67.7505 67.8231 67.8607 67.9189
 67.9512

