12.5594 12.7802 12.8671 13.0285 13.0579 13.1023 13.1886 13.2464 13.4017
 13.4426 13.4541 13.6347
20.9269 20.9859 21.8199 21.9598 21.9865
30.6392 30.9228 30.9465 30.9777 31.0095 31.0421 31.1118 31.1457 31.1693
 31.1855 31.2039 31.2592 31.285  31.3168 31.3629 31.412  37.6365 39.0842
 39.7047
40.025  40.2069 40.2466 40.3739 40.5509 40.6346 40.6958 40.9371 48.7389
 48.9197 49.6014
50.0435 50.2194 50.2396 50.3394 50.3632 50.391  50.4558 50.5318 50.5576
 56.4802 58.128  58.3019 58.5747 58.7119 58.8325 58.889  58.9672 58.9924
 59.013  59.0736 59.1478 59.1902
65.803  66.8438 66.9391 67.0788 67.0952 67.1216 67.1402 67.246  67.2979
 67.3799 67.4239 67.4479 67.4722 67.6067 67.645  67.6829 67.702  67.7579
 67.8804 67.9013

