11.9666 12.0993 12.1909 12.6154 12.6448 12.6958 12.7186 12.8129 12.8408
 12.8731 12.9189 12.948  13.1751 13.2028 13.2198 13.2379 13.2604 13.2789
 13.3509 13.3724 13.3869 13.4031 13.423  13.4642 13.5626
20.2038 21.0055 21.2868 21.3157 21.3845 21.406  21.4877 21.6039 21.6769
 21.7686 21.8316 21.9727 21.9898 22.0194 22.0666 22.0962 22.156  28.3228
30.2562 30.4541 30.5443 30.5628 30.5876 30.6144 30.6523 30.6755 30.7158
 30.7605 30.7783 30.8192 30.8758 30.9116 30.9596 30.975  30.9926 31.0176
 31.0426 31.0637 31.092  31.1089 31.1262 31.1392 31.1526 31.1777 31.1991
 31.2117 31.2329 31.2926 31.3216 31.3387 31.3589 31.3795 31.4302 31.485
 31.5288 31.5485 39.5559 39.6277 39.9061 39.9887
40.035  40.1434 40.2202 40.2406 40.2787 40.4001 40.4615 40.5073 40.5237
 40.5389 40.5551 40.5745 40.6077 40.6322 40.7078 40.7207 40.7495 48.7654
 49.2467 49.3844 49.4169 49.4722 49.4995 49.5783 49.6079 49.7117 49.765
 49.8072 49.8501 49.8923 49.912  49.934  49.9514 49.9912
50.0514 50.1184 50.174  50.2006 50.2214 50.3107 50.3287 50.3634 57.8038
 58.0425 58.1647 58.2779 58.3399 58.3683 58.4042 58.4315 58.4693 58.539
 58.5903 58.6484 58.6848 58.7304 58.7969 58.8805 58.916  58.9297 58.9489
 58.9707 58.993  59.0167 59.0515 59.0762
65.5207 66.1065 66.306  66.7359 66.8741 66.9107 66.9274 66.9864 67.0228
 67.0631 67.152  67.1694 67.2104 67.2725 67.2904 67.3602 67.3916 67.4054
 67.4455 67.503  67.5689 67.5902 67.6012 67.6377 67.6599 67.7434 67.7732
 67.8138 67.8539

