10.8933 12.4007 12.9263 13.3445 13.5269 13.6189 13.7046 13.7877 13.8045
 13.8378 13.8522 13.9229 13.9817 13.9975 14.0196 14.0392 14.0532 14.0697
 14.0971 14.1226 14.1387 14.1555 14.1789 14.1958 14.2315 14.2464 14.2631
 14.2858 14.3049 14.3232 14.3396 14.3587 14.3734 14.3964 14.414  14.4305
 14.4505 14.4666 14.4854 14.5121 14.5242 14.5512 14.5655 14.5852 14.5978
 14.615  14.6294 14.6515 14.6668 14.6787 14.694  14.7107 14.7276 14.7585
 14.7849 14.7984 14.8098 14.8197 14.833  14.8491 14.861  14.8733 14.8891
 14.8994 14.911  14.9315 14.9477 14.9603 14.9731 14.9933 15.0117 15.0282
 15.0402 15.0569 15.0706 15.0826 15.1    15.1129 15.1289 15.1447 15.1577
 15.1799 15.2059 15.2227 15.2406 15.2629 15.283  15.3071
23.0318 23.4828 23.5574 23.6649 23.9812 23.994  24.0087 24.0326 24.1637
 24.1943 24.2118 24.2238 24.2587 24.2838 24.3147 24.3743 24.3947 24.4159
 24.4346 24.4537 24.4677 24.483  24.5016 24.5153 24.5365 24.5554 24.5697
 24.587  24.5978 24.6098 24.6221 24.6335 24.6519 24.6668 24.6803 24.699
 24.7127 24.7304 24.7448 24.7591 24.7739 24.7856 24.8009 24.8153 24.8309
 24.843  24.8549 24.873  24.8901 24.9039 24.9254 24.9362 24.954  24.9692
 24.9811 24.9937 25.0032 25.0147 25.03   25.0446 25.0576 25.0704 25.0932
 25.1056 25.1208 25.1335 25.1518 25.1652 25.1802 25.1915 25.2079 25.2413
 25.2576 25.2707 25.2994 25.3132 25.3294 25.3485 25.3627 25.4355 25.4555
31.7799 33.4419 33.4976 33.737  33.7925 33.9855 34.0559 34.0891 34.1037
 34.1524 34.1677 34.1859 34.2059 34.2515 34.2816 34.2953 34.3076 34.3203
 34.338  34.3568 34.3684 34.3808 34.4003 34.4158 34.4337 34.4487 34.4664
 34.486  34.504  34.535  34.5621 34.5776 34.6133 34.6302 34.6581 34.6772
 34.698  34.7111 34.7319 34.7476 34.7652 34.7819 34.7986 34.8104 34.8201
 34.8465 34.8596 34.8783 34.8924 34.9057 34.9161 34.9274 34.9389 34.949
 34.9604 34.9724 34.9837 34.9967 35.0105 35.0226 35.0352 35.0467 35.0605
 35.0732 35.0862 35.0964 35.1108 35.1228 35.139  35.1541 35.1698 35.1796
 35.2007 35.2252 35.2583 35.2756 35.2891 35.3137 35.3364 35.3798
41.7658 42.8504 43.5442 43.7326 43.7842 43.9153 43.9428 43.9683 44.0301
 44.1057 44.1911 44.22   44.2539 44.2769 44.3115 44.3272 44.3461 44.3674
 44.4044 44.4195 44.4402 44.4577 44.4733 44.4861 44.5249 44.5403 44.5581
 44.594  44.6169 44.6389 44.6736 44.6942 44.7071 44.7212 44.7372 44.7573
 44.7746 44.7988 44.8219 44.8408 44.8589 44.8717 44.8815 44.8917 44.907
 44.9183 44.9269 44.9373 44.9525 44.9696 44.9837 44.9953 45.0087 45.0205
 45.031  45.0434 45.054  45.0687 45.083  45.0939 45.1082 45.1202 45.1329
 45.1461 45.1566 45.1683 45.1807 45.1929 45.2026 45.2145 45.225  45.2344
 45.2442 45.2551 45.2671 45.2831 45.2945 45.3059 45.3168 45.3309 45.342
 45.3529 45.3616 45.3761 45.3856 45.3952 45.4058 45.422  45.4325 45.443
 45.454  45.464  45.4757 45.4884 45.5034 45.5152 45.5278 45.5403 45.5542
 45.5638 45.5808 45.5919 45.6033 45.6198 45.6385 45.6552 45.6723 45.7044
52.8969 53.1735 53.4482 53.504  53.6595 53.7887 53.8284 53.8999 53.9221
 53.9473 53.989  54.037  54.0603 54.0914 54.1143 54.1369 54.1516 54.1711
 54.1875 54.2072 54.227  54.2398 54.2567 54.27   54.2853 54.2964 54.3075
 54.3198 54.3341 54.3521 54.366  54.3796 54.3916 54.4065 54.4185 54.4299
 54.4395 54.452  54.4631 54.4765 54.4883 54.5002 54.5191 54.5352 54.5452
 54.5565 54.5702 54.5838 54.5958 54.6121 54.6278 54.6405 54.6528 54.6638
 54.6734 54.6837 54.6965 54.7057 54.7148 54.7238 54.7337 54.7441 54.7533
 54.7633 54.7733 54.7817 54.7911 54.7999 54.8103 54.8187 54.8271 54.8362
 54.8478 54.8565 54.8657 54.8757 54.884  54.8929 54.9017 54.9109 54.9202
 54.9287 54.9376 54.9455 54.9533 54.9646 54.9735 54.9814 54.9892 54.9972
 55.0061 55.0142 55.0229 55.031  55.0408 55.0513 55.0612 55.071  55.0789
 55.0873 55.0961 55.1048 55.1145 55.1233 55.1321 55.1398 55.148  55.1569
 55.1652 55.173  55.1819 55.1906 55.1994 55.2068 55.216  55.2256 55.2349
 55.2432 55.2524 55.2649 55.2741 55.283  55.2923 55.3017 55.3101 55.3179
 55.3261 55.334  55.3429 55.3527 55.362  55.3712 55.3827 55.3911 55.3997
 55.4081 55.4171 55.4258 55.4344 55.444  55.4528 55.4613 55.47   55.4809
 55.49   55.4989 55.509  55.5181 55.5276 55.5373 55.5481 55.5572 55.5686
 55.5794 55.5916 55.6021 55.6113 55.6218 55.6314 55.6456 55.6574 55.6702
 55.6854 55.705  55.7254 55.7476 55.778  55.7926 55.8215 55.8496
63.4211 64.2127 64.2293 64.2494 64.2703 64.3005 64.3498 64.3728 64.4404
 64.559  64.6992 64.7154 64.7767 64.7934 64.8283 64.8647 64.9167 64.9342
 65.0163 65.0326 65.0564 65.0775 65.091  65.1027 65.1306 65.1572 65.1721
 65.2553 65.2795 65.2965 65.3419 65.3716 65.4227 65.477  65.4951 65.522
 65.5479

