12.8629 13.3067 13.3829 13.5563 13.5843 13.6144 13.6439 13.6686 13.691
 13.7173 13.7468 13.7722 13.7941 13.8083 13.823  13.842  13.8655 13.8856
 13.9012 13.9159 13.9372 13.9499 13.9695 13.9841 13.9974 14.009  14.0184
 14.0298 14.0418 14.0567 14.07   14.0876 14.0995 14.1176 14.1298 14.1409
 14.1541 14.1665 14.1798 14.192  14.204  14.2147 14.2291 14.2409 14.2524
 14.2658 14.2753 14.2858 14.2947 14.3043 14.3146 14.3236 14.3328 14.342
 14.3506 14.3606 14.3708 14.3845 14.3942 14.4031 14.4132 14.4225 14.4313
 14.4396 14.4482 14.456  14.465  14.4743 14.4829 14.4911 14.4998 14.5092
 14.52   14.5296 14.5394 14.5483 14.5566 14.5652 14.5733 14.5812 14.5897
 14.5991 14.6079 14.6172 14.6263 14.6346 14.6441 14.6525 14.6621 14.6718
 14.68   14.6879 14.6961 14.7052 14.7127 14.7207 14.7287 14.7368 14.7442
 14.7517 14.759  14.7667 14.7747 14.7822 14.7898 14.7974 14.805  14.8127
 14.8209 14.8283 14.8358 14.844  14.8517 14.8592 14.8669 14.8741 14.882
 14.8895 14.8966 14.9037 14.9113 14.9185 14.9264 14.9339 14.9414 14.9492
 14.9565 14.9644 14.972  14.9799 14.9873 14.9947 15.0025 15.0099 15.0181
 15.0258 15.033  15.0399 15.0472 15.0546 15.0624 15.0697 15.0772 15.0844
 15.0918 15.0999 15.1071 15.1148 15.1225 15.1296 15.1367 15.144  15.1513
 15.1586 15.1666 15.174  15.1811 15.1882 15.1956 15.2028 15.2103 15.2179
 15.2247 15.2317 15.2389 15.246  15.2536 15.2607 15.2681 15.2755 15.2824
 15.2895 15.2975 15.305  15.3127 15.32   15.327  15.3347 15.3418 15.3489
 15.3561 15.364  15.371  15.3782 15.3857 15.3927 15.3996 15.407  15.4147
 15.422  15.4299 15.437  15.4447 15.4525 15.4599 15.4675 15.4749 15.4827
 15.4905 15.4976 15.5054 15.513  15.5207 15.5281 15.5355 15.5431 15.5509
 15.5592 15.5668 15.5745 15.5825 15.5897 15.5973 15.6053 15.6126 15.62
 15.6281 15.6358 15.6434 15.6511 15.6585 15.6662 15.6745 15.6819 15.6898
 15.6979 15.7054 15.7129 15.7203 15.7283 15.7358 15.7434 15.7515 15.759
 15.7677 15.7756 15.7834 15.7916 15.7995 15.8069 15.8146 15.8227 15.8308
 15.8393 15.8473 15.8555 15.864  15.8728 15.882  15.8908 15.9005 15.9089
 15.9171 15.9253 15.9333 15.9419 15.9506 15.9596 15.9684 15.9765 15.9857
 15.9956 16.0056 16.014  16.0225 16.0321 16.0433 16.0536 16.0639 16.0741
 16.0839 16.094  16.1053 16.116  16.1277 16.1377 16.1479 16.1603 16.1708
 16.1812 16.1929 16.2028 16.2131 16.2231 16.2344 16.2449 16.2555 16.2662
 16.279  16.2899 16.3019 16.3154 16.3267 16.3365 16.3473 16.3592 16.3706
 16.3813 16.3928 16.4038 16.4143 16.4273 16.4414 16.453  16.4661 16.4767
 16.4876 16.4986 16.5103 16.5223 16.5344 16.546  16.5564 16.5695 16.5813
 16.596  16.6088 16.6203 16.635  16.6493 16.6635 16.6769 16.6906 16.7051
 16.7203 16.7343 16.7512 16.7707 16.7872 16.807  16.8256 16.8443 16.8602
 16.8784 16.8976 16.9199 16.94   16.9546 16.9765 16.9983 17.0243 17.0447
 17.0767 17.1536
21.2038 21.3741 23.1307 23.2061 23.2499 23.5479 23.5777 23.6447 23.6804
 23.7118 23.7491 23.7987 23.8579 23.8957 23.9438 23.9632 23.9774 23.9898
 24.0059 24.0219 24.0355 24.0495 24.0716 24.0866 24.1057 24.1317 24.1482
 24.1787 24.1955 24.2095 24.2216 24.235  24.2497 24.2638 24.2792 24.2931
 24.3059 24.3172 24.3332 24.3459 24.361  24.3728 24.388  24.4038 24.4134
 24.4238 24.4333 24.4434 24.4537 24.4636 24.4735 24.4848 24.4962 24.5071
 24.5191 24.5293 24.5403 24.5492 24.5599 24.5692 24.579  24.588  24.5967
 24.6064 24.6155 24.6262 24.6356 24.6444 24.6542 24.6635 24.673  24.6817
 24.6908 24.699  24.7074 24.7155 24.7245 24.7333 24.7418 24.7504 24.7584
 24.7671 24.7755 24.7856 24.7934 24.8023 24.8113 24.8193 24.8278 24.8367
 24.8463 24.8552 24.8648 24.8741 24.8827 24.8909 24.9002 24.9097 24.9184
 24.9276 24.9356 24.9431 24.9523 24.96   24.968  24.9756 24.9834 24.9912
 24.9987 25.0068 25.0148 25.0232 25.0312 25.0397 25.0473 25.0551 25.0628
 25.0705 25.0787 25.0873 25.0952 25.1031 25.111  25.1191 25.1269 25.1345
 25.1424 25.1503 25.1591 25.1669 25.174  25.1816 25.1887 25.1956 25.2027
 25.2102 25.218  25.2252 25.2326 25.24   25.2477 25.255  25.2626 25.2702
 25.2781 25.2858 25.2934 25.3005 25.3077 25.3158 25.3235 25.3311 25.3386
 25.3465 25.3542 25.3623 25.37   25.3773 25.3849 25.3923 25.4    25.4076
 25.4148 25.4225 25.4302 25.4382 25.446  25.4532 25.4613 25.4693 25.4769
 25.4843 25.4916 25.4988 25.5062 25.5139 25.5212 25.5288 25.5363 25.5439
 25.5514 25.5587 25.5659 25.5737 25.5808 25.5883 25.5956 25.603  25.6105
 25.6181 25.6259 25.6341 25.6428 25.6504 25.6588 25.6662 25.6736 25.6812
 25.6886 25.6961 25.7035 25.7107 25.7182 25.7259 25.7333 25.7408 25.7488
 25.7565 25.7644 25.7723 25.7804 25.7888 25.7971 25.8046 25.813  25.8209
 25.8303 25.8381 25.8464 25.8548 25.8636 25.8721 25.8816 25.8899 25.8983
 25.9072 25.9158 25.9244 25.9332 25.9425 25.9507 25.9594 25.9676 25.9764
 25.9848 25.9934 26.0023 26.0108 26.0205 26.029  26.0378 26.0474 26.056
 26.0645 26.0732 26.0826 26.0915 26.1011 26.1108 26.121  26.13   26.1398
 26.1495 26.1595 26.1719 26.1818 26.1916 26.2019 26.2114 26.2207 26.2312
 26.2416 26.255  26.2653 26.2754 26.2866 26.2964 26.3073 26.3181 26.3272
 26.3373 26.3485 26.3582 26.3704 26.3835 26.3951 26.4064 26.4172 26.4298
 26.44   26.4517 26.4619 26.4743 26.4865 26.497  26.5111 26.5221 26.5347
 26.547  26.5602 26.5719 26.5865 26.5982 26.6115 26.6241 26.637  26.6496
 26.6614 26.6736 26.6862 26.7017 26.7125 26.7258 26.7376 26.75   26.7628
 26.7764 26.7919 26.8112 26.8287 26.8512 26.8711 26.8863 26.9068 26.9223
 26.9394 26.9575 26.9777 27.0065 27.0309 27.0475 27.0809 27.1055 27.1388
 27.1789 27.2112 27.3286
33.0278 33.2233 33.4046 33.4743 33.5037 33.5912 33.6146 33.6521 33.678
 33.7039 33.7341 33.8066 33.8352 33.8523 33.8675 33.8988 33.914  33.9346
 33.9487 33.9619 33.9794 33.9956 34.0118 34.0333 34.048  34.0617 34.0811
 34.0995 34.1292 34.1419 34.1526 34.1717 34.1884 34.2034 34.2173 34.2356
 34.2503 34.2606 34.2719 34.2834 34.2947 34.3094 34.3231 34.335  34.3473
 34.3589 34.3717 34.3944 34.4106 34.4214 34.4329 34.4431 34.4533 34.4647
 34.4776 34.4917 34.5038 34.5138 34.5261 34.5384 34.548  34.5612 34.5703
 34.5804 34.5891 34.5993 34.6127 34.6231 34.6334 34.6427 34.6537 34.663
 34.6712 34.6797 34.6877 34.6967 34.7062 34.7149 34.7255 34.7352 34.7436
 34.7525 34.7613 34.7702 34.7791 34.7883 34.7976 34.8058 34.8138 34.8232
 34.8317 34.841  34.8499 34.8585 34.8673 34.8757 34.8844 34.8926 34.9015
 34.91   34.9187 34.9268 34.9357 34.944  34.9513 34.9588 34.9667 34.9744
 34.9826 34.9906 34.9987 35.0069 35.0159 35.0242 35.0324 35.0417 35.0511
 35.0592 35.0681 35.0757 35.0838 35.0918 35.0991 35.1065 35.1139 35.1211
 35.1289 35.137  35.1445 35.153  35.1605 35.1684 35.1757 35.1831 35.1907
 35.1983 35.2075 35.2171 35.2253 35.2332 35.2414 35.2498 35.2576 35.2659
 35.2737 35.2811 35.2888 35.2963 35.3033 35.3108 35.3186 35.3261 35.3335
 35.3411 35.3489 35.3567 35.3641 35.3719 35.3797 35.3875 35.3955 35.4033
 35.4105 35.4182 35.4265 35.4345 35.4418 35.4495 35.4568 35.4647 35.4723
 35.4798 35.4872 35.495  35.5029 35.5103 35.518  35.5256 35.5332 35.5409
 35.5486 35.5564 35.5636 35.571  35.5788 35.5865 35.5941 35.6022 35.6105
 35.618  35.6261 35.6332 35.641  35.6491 35.6575 35.6658 35.6744 35.6818
 35.6897 35.6984 35.7066 35.7148 35.7232 35.7321 35.7397 35.7475 35.7559
 35.7641 35.7725 35.7803 35.7885 35.7966 35.8049 35.8131 35.8214 35.8298
 35.8377 35.8456 35.8548 35.864  35.8723 35.8806 35.8895 35.898  35.9069
 35.9148 35.9229 35.9312 35.9398 35.9482 35.9571 35.9663 35.9749 35.9837
 35.992  36.0006 36.0088 36.0179 36.0264 36.0356 36.0436 36.0537 36.0634
 36.0722 36.0813 36.0912 36.1002 36.11   36.1201 36.1302 36.1396 36.1492
 36.1581 36.1679 36.178  36.1897 36.2002 36.2106 36.2208 36.2317 36.243
 36.2543 36.2663 36.2763 36.2881 36.2979 36.311  36.323  36.3351 36.3468
 36.3613 36.3724 36.3855 36.3967 36.4087 36.4224 36.4344 36.4478 36.4606
 36.4727 36.4831 36.4943 36.5053 36.5173 36.5316 36.5457 36.5573 36.5698
 36.5826 36.5948 36.6072 36.6203 36.634  36.6458 36.6613 36.6756 36.6934
 36.7083 36.7225 36.7383 36.7519 36.7678 36.7816 36.7942 36.8104 36.8239
 36.8464 36.8628 36.8774 36.8984 36.9247 36.9435 36.9579 36.975  36.9982
 37.0182 37.0407 37.0614 37.0968 37.1458 37.2056 37.2524
42.979  43.2053 43.3118 43.4948 43.6034 43.6518 43.7018 43.729  43.7758
 43.8296 43.9012 43.9213 43.9383 43.9736 44.     44.0159 44.0587 44.0922
 44.1103 44.1313 44.1481 44.1755 44.1911 44.2108 44.2289 44.2529 44.2668
 44.2884 44.3095 44.3433 44.3565 44.3694 44.3914 44.4035 44.4139 44.4255
 44.4375 44.45   44.4636 44.4751 44.4921 44.5038 44.5151 44.5271 44.5415
 44.554  44.5647 44.5765 44.587  44.5976 44.6088 44.6189 44.6284 44.6372
 44.6475 44.657  44.6661 44.6751 44.6831 44.693  44.7015 44.7107 44.7194
 44.7293 44.7381 44.7479 44.7579 44.7673 44.776  44.7858 44.7953 44.8045
 44.8137 44.8256 44.8349 44.844  44.8525 44.8626 44.8717 44.8799 44.8886
 44.8963 44.9049 44.9128 44.9217 44.9301 44.9383 44.9477 44.9561 44.9641
 44.9728 44.9811 44.9889 44.9959 45.004  45.0116 45.0188 45.0268 45.035
 45.0435 45.0507 45.0587 45.0672 45.0752 45.0834 45.0907 45.0981 45.1058
 45.1137 45.1218 45.1295 45.1372 45.1449 45.1527 45.1595 45.1667 45.174
 45.1813 45.1884 45.1956 45.2034 45.2112 45.2187 45.2268 45.2341 45.242
 45.2502 45.2579 45.2653 45.2724 45.2795 45.2868 45.2942 45.3013 45.3087
 45.3162 45.3238 45.3311 45.3385 45.3467 45.3545 45.3621 45.3696 45.3772
 45.3843 45.392  45.3991 45.4068 45.4138 45.4209 45.4278 45.435  45.4425
 45.4494 45.4564 45.4632 45.4705 45.4776 45.4846 45.4919 45.4985 45.5053
 45.5126 45.5199 45.5271 45.5343 45.5414 45.5491 45.556  45.5632 45.5702
 45.5774 45.5846 45.5922 45.5994 45.6065 45.6136 45.6207 45.628  45.6349
 45.6423 45.6493 45.6563 45.6635 45.6709 45.6777 45.6844 45.6909 45.6981
 45.7052 45.7122 45.7191 45.7258 45.7327 45.7397 45.7466 45.7534 45.7609
 45.7685 45.7757 45.7826 45.7901 45.7973 45.8044 45.8115 45.8182 45.8252
 45.8321 45.8396 45.8467 45.8534 45.8604 45.8674 45.8746 45.882  45.8894
 45.8964 45.9035 45.9104 45.9177 45.9257 45.9328 45.9402 45.9478 45.9552
 45.9626 45.9701 45.9778 45.9849 45.9918 45.9992 46.0064 46.0135 46.0207
 46.0277 46.0351 46.0425 46.0502 46.057  46.0643 46.0713 46.0788 46.086
 46.0932 46.1007 46.108  46.1152 46.1223 46.1297 46.1371 46.1445 46.1521
 46.1595 46.1667 46.1742 46.1815 46.189  46.1967 46.2045 46.2127 46.2206
 46.2282 46.2357 46.2436 46.2509 46.2584 46.2668 46.2752 46.2828 46.2907
 46.2989 46.3065 46.3143 46.3222 46.3305 46.3397 46.3485 46.357  46.3657
 46.3739 46.3819 46.391  46.3999 46.4085 46.4177 46.427  46.4358 46.4445
 46.4538 46.4626 46.4717 46.4814 46.4914 46.5008 46.5097 46.5198 46.53
 46.539  46.5484 46.559  46.5686 46.5794 46.589  46.599  46.6094 46.6202
 46.6306 46.64   46.6497 46.6607 46.6713 46.6811 46.6928 46.7028 46.712
 46.7227 46.7325 46.7449 46.7548 46.7657 46.7764 46.7873 46.7989 46.8099
 46.82   46.8315 46.8416 46.8518 46.8631 46.8738 46.8845 46.8949 46.9046
 46.915  46.9249 46.9347 46.9451 46.9557 46.9674 46.9783 46.99   47.0014
 47.0121 47.0244 47.0364 47.049  47.0646 47.077  47.0886 47.1024 47.1175
 47.132  47.1492 47.1635 47.1834 47.1994 47.2134 47.2337 47.2464 47.2624
 47.2796 47.2998 47.3167 47.3403 47.3569 47.3788 47.399  47.4164 47.4409
 47.4627 47.5031 47.5594 48.0338
53.0893 53.1404 53.4019 53.5124 53.6411 53.6656 53.6845 53.7075 53.725
 53.7622 53.7795 53.7956 53.817  53.8578 53.8868 53.8995 53.9218 53.9373
 53.9532 53.9715 53.9841 54.0043 54.0204 54.0373 54.0515 54.0648 54.0828
 54.1025 54.1157 54.1266 54.1408 54.1529 54.1654 54.1774 54.1924 54.2046
 54.2164 54.2288 54.2387 54.2505 54.2616 54.2716 54.2814 54.2902 54.3001
 54.3106 54.3211 54.3313 54.34   54.3499 54.3602 54.3705 54.3802 54.3897
 54.4013 54.4113 54.4221 54.4315 54.4418 54.4519 54.4616 54.4721 54.481
 54.4896 54.4988 54.5064 54.5149 54.5227 54.5311 54.5393 54.5477 54.556
 54.5642 54.5727 54.5806 54.588  54.5958 54.6038 54.6122 54.6201 54.6283
 54.6369 54.6447 54.6526 54.6603 54.6678 54.6754 54.6833 54.6905 54.698
 54.7054 54.7127 54.7209 54.7285 54.7364 54.744  54.7519 54.7593 54.7669
 54.7744 54.7817 54.7891 54.7962 54.8034 54.8105 54.8178 54.8253 54.8322
 54.8394 54.8463 54.854  54.8611 54.8682 54.8751 54.8822 54.8896 54.8967
 54.9039 54.9108 54.9178 54.9247 54.9316 54.9387 54.9459 54.953  54.9598
 54.9665 54.9737 54.9805 54.9873 54.9943 55.001  55.0079 55.0147 55.0215
 55.0283 55.0353 55.0426 55.0494 55.0562 55.0628 55.0695 55.0761 55.0829
 55.0896 55.0965 55.1033 55.1101 55.1168 55.1235 55.1302 55.1368 55.1436
 55.1506 55.1571 55.1638 55.1707 55.1776 55.1841 55.1907 55.1972 55.2037
 55.2106 55.2174 55.2239 55.2307 55.2372 55.2436 55.2501 55.2566 55.2631
 55.2697 55.2763 55.2829 55.2894 55.2959 55.3026 55.3094 55.316  55.3224
 55.329  55.3354 55.3421 55.3484 55.3549 55.3615 55.3679 55.3745 55.3809
 55.3875 55.3941 55.4005 55.407  55.4136 55.4202 55.4268 55.4333 55.4399
 55.4465 55.4531 55.4598 55.4663 55.4728 55.4792 55.4857 55.492  55.4984
 55.5048 55.511  55.5173 55.5238 55.5302 55.5365 55.5429 55.5493 55.556
 55.5623 55.5687 55.5752 55.5816 55.5881 55.5944 55.601  55.6075 55.614
 55.6203 55.6268 55.6332 55.6397 55.6466 55.6529 55.6595 55.666  55.6724
 55.679  55.6855 55.6921 55.6987 55.7053 55.712  55.7186 55.7252 55.7318
 55.7383 55.7447 55.7511 55.7576 55.7639 55.7703 55.7767 55.7832 55.7896
 55.7961 55.8028 55.8095 55.8161 55.8225 55.8291 55.8358 55.8422 55.8488
 55.8554 55.8618 55.8683 55.875  55.8814 55.8879 55.8944 55.9008 55.9071
 55.9136 55.9201 55.9267 55.9332 55.9397 55.9464 55.953  55.9595 55.9659
 55.9724 55.9789 55.9856 55.9923 55.9988 56.0054 56.0122 56.0185 56.0251
 56.0316 56.0382 56.0448 56.0516 56.0584 56.0651 56.0717 56.0781 56.0847
 56.0912 56.098  56.1046 56.1113 56.118  56.1247 56.1317 56.1384 56.1452
 56.1521 56.1586 56.1652 56.1718 56.1785 56.1854 56.1924 56.199  56.2059
 56.2127 56.2195 56.2264 56.2332 56.2398 56.2466 56.2536 56.2606 56.2675
 56.275  56.2819 56.2893 56.2963 56.3035 56.3104 56.3176 56.3249 56.3319
 56.3389 56.346  56.3528 56.3602 56.3672 56.3751 56.3828 56.3903 56.3974
 56.4049 56.4126 56.4198 56.4275 56.4343 56.4413 56.4485 56.456  56.4635
 56.4713 56.4794 56.4872 56.4946 56.5029 56.5106 56.5186 56.5269 56.5349
 56.5432 56.5515 56.5594 56.5676 56.5761 56.585  56.5936 56.6024 56.6109
 56.6198 56.6277 56.6356 56.6443 56.6539 56.6636 56.6721 56.6809 56.6894
 56.6984 56.7066 56.7148 56.7238 56.7329 56.7418 56.7505 56.7599 56.7687
 56.778  56.7874 56.7962 56.8052 56.8142 56.8236 56.8327 56.842  56.8521
 56.8618 56.871  56.8805 56.8896 56.8983 56.9084 56.9175 56.9278 56.9371
 56.9468 56.9574 56.9684 56.9789 56.9889 56.9993 57.0091 57.0207 57.0316
 57.0412 57.0525 57.0627 57.0744 57.0856 57.097  57.1083 57.1185 57.131
 57.1426 57.155  57.1687 57.1837 57.1976 57.2096 57.2215 57.2365 57.2503
 57.2625 57.276  57.2893 57.3045 57.3177 57.3305 57.3422 57.3557 57.373
 57.3889 57.4045 57.419  57.4457 57.4672 57.4849 57.5204 57.5676 57.6282
 57.6609
62.4557 62.5637 63.2879 63.5007 63.9288 64.0473 64.0747 64.1648 64.1956
 64.2262 64.2469 64.2699 64.2905 64.3374 64.366  64.3884 64.4081 64.4315
 64.4624 64.477  64.4937 64.5149 64.5373 64.5555 64.5784 64.5939 64.6052
 64.6181 64.6316 64.6443 64.6548 64.6652 64.6811 64.6948 64.7081 64.7257
 64.7378 64.754  64.7701 64.7852 64.7983 64.8098 64.8221 64.8343 64.8464
 64.8579 64.873  64.8848 64.8997 64.9131 64.9252 64.94   64.9544 64.9665
 64.9807 64.9912 65.0021 65.0136 65.0256 65.0359 65.0464 65.0573 65.0673
 65.0768 65.0865 65.0959 65.1071 65.1177 65.1273 65.1376 65.147  65.1585
 65.1681 65.1762 65.1862 65.196  65.205  65.2151 65.2257 65.2354 65.2443
 65.2542 65.2646 65.2738 65.2837 65.2919 65.3011 65.3113 65.3206 65.3296
 65.3384 65.3468 65.3556 65.3641 65.3731 65.3819 65.3909 65.3996 65.4079
 65.4175 65.4275 65.4382 65.4474 65.4562 65.4659 65.4746 65.4836 65.492
 65.5006 65.509  65.5174 65.5262 65.5354 65.5436 65.5524 65.562  65.5715
 65.5826 65.5926 65.6011 65.61   65.619  65.6267 65.6351 65.6437 65.6522
 65.6606 65.6697 65.6779 65.6881 65.6963 65.7045 65.7132 65.7217 65.7303
 65.7389 65.7477 65.756  65.7643 65.7728 65.7809 65.7884 65.7963 65.8057
 65.8141 65.8224 65.8311 65.8393 65.8487 65.8585 65.8672 65.8764 65.8848
 65.8931 65.9024 65.911  65.9204 65.9301 65.9404 65.9503 65.9601 65.9703
 65.9794 65.9888 65.9982 66.0071 66.0174 66.0278 66.0387 66.0481 66.0588
 66.068  66.0771 66.0871 66.0962 66.1065 66.1157 66.1265 66.1368 66.1473
 66.1583 66.1693 66.1799 66.1916 66.2037 66.2144 66.2252 66.2394 66.2554
 66.2669 66.2825 66.2944 66.3063 66.3231 66.3356 66.3474 66.3578 66.376
 66.3901 66.4048 66.4214 66.435  66.449  66.4638 66.4753 66.4886 66.5034
 66.5184 66.5364 66.5532 66.5671 66.5798 66.5981 66.6137 66.6296 66.6473
 66.6627 66.6827 66.7043 66.7232 66.7416 66.7597 66.7755 66.7937 66.8099
 66.828  66.8427 66.8585 66.8736 66.8913 66.9198 66.9521 66.9735 66.995
 67.0163 67.0406 67.0778 67.1264 67.1607 67.1889

