11.7423 12.198  12.7776 12.8105 12.9784 13.1671 13.2739 13.3389 13.3677
 13.4043 13.5677 13.6047 13.6401 13.6589 13.689  13.7167 13.7359 13.7602
 13.8258 13.8435 13.8595 13.8847 13.9053 13.92   13.936  13.9496 13.965
 13.9833 13.9997 14.0108 14.0289 14.0491 14.0658 14.083  14.0953 14.1144
 14.1289 14.1437 14.1547 14.1684 14.1814 14.1933 14.2047 14.2159 14.225
 14.2347 14.245  14.2544 14.2643 14.2773 14.2875 14.2956 14.3043 14.3134
 14.3236 14.3351 14.3466 14.3584 14.3692 14.3774 14.3866 14.3952 14.4045
 14.4144 14.4236 14.435  14.4459 14.4578 14.4664 14.4757 14.4849 14.4943
 14.5037 14.5125 14.5223 14.5317 14.5415 14.5515 14.5631 14.5753 14.5842
 14.593  14.6009 14.6089 14.6173 14.6262 14.6346 14.644  14.6522 14.6615
 14.6717 14.6806 14.6885 14.6978 14.7061 14.7143 14.7221 14.7305 14.7391
 14.7483 14.757  14.765  14.7727 14.7807 14.7884 14.7967 14.806  14.8137
 14.8214 14.8296 14.8375 14.8458 14.8538 14.8614 14.8695 14.8775 14.8852
 14.8929 14.9006 14.9084 14.9164 14.9241 14.9323 14.94   14.9476 14.9552
 14.9625 14.9704 14.978  14.9861 14.9934 15.0015 15.0097 15.0178 15.0254
 15.034  15.0418 15.0497 15.0574 15.0648 15.0722 15.0806 15.0883 15.0964
 15.1045 15.1121 15.1204 15.1281 15.1357 15.143  15.1507 15.1582 15.1659
 15.1739 15.1815 15.1891 15.197  15.2048 15.2125 15.2207 15.229  15.2367
 15.2443 15.2518 15.2591 15.2674 15.2753 15.2831 15.2909 15.2986 15.3061
 15.3137 15.3213 15.3293 15.3374 15.3452 15.3535 15.3614 15.3693 15.3772
 15.3848 15.3921 15.3997 15.4073 15.4154 15.4236 15.4318 15.4399 15.4473
 15.4549 15.4633 15.471  15.4785 15.4861 15.4935 15.5012 15.5089 15.5162
 15.5241 15.5318 15.5396 15.5475 15.5553 15.5634 15.5709 15.5795 15.5873
 15.5955 15.6035 15.6111 15.6189 15.6266 15.6346 15.6423 15.6501 15.658
 15.6662 15.6738 15.6817 15.6891 15.6971 15.7049 15.7132 15.7212 15.73
 15.738  15.7456 15.754  15.7623 15.7706 15.7789 15.7878 15.7957 15.8039
 15.8119 15.8203 15.8282 15.8365 15.8452 15.8533 15.861  15.8689 15.877
 15.8856 15.8946 15.9044 15.9126 15.9226 15.932  15.9408 15.949  15.9577
 15.9665 15.9749 15.9837 15.9928 16.0024 16.0121 16.0217 16.0309 16.0403
 16.0504 16.0607 16.0718 16.0822 16.0925 16.1036 16.1139 16.1234 16.1342
 16.1451 16.1563 16.1679 16.1794 16.1901 16.2015 16.2133 16.2245 16.2368
 16.2502 16.2631 16.2757 16.2869 16.2996 16.3138 16.3254 16.3368 16.3492
 16.3604 16.3729 16.3852 16.3976 16.4123 16.4289 16.4457 16.4605 16.4754
 16.4922 16.5054 16.519  16.5352 16.5614 16.5818 16.5968 16.6163 16.6526
 16.7018 16.7531 16.8227 17.0125 17.9457
23.5176 23.5716 23.6787 23.7809 23.7976 23.8219 23.8507 23.8746 23.8991
 23.9268 23.9456 23.9609 23.9763 24.0066 24.0295 24.0608 24.0907 24.1105
 24.126  24.1444 24.1676 24.1829 24.1978 24.2147 24.2308 24.2448 24.269
 24.2806 24.2927 24.3037 24.3192 24.3352 24.3467 24.3589 24.374  24.3896
 24.4028 24.416  24.4298 24.4429 24.4553 24.4679 24.4805 24.4919 24.5053
 24.5172 24.5273 24.5369 24.5457 24.5552 24.5643 24.5743 24.5838 24.5942
 24.6084 24.6192 24.6297 24.6409 24.6512 24.6617 24.6721 24.6828 24.6939
 24.7045 24.7136 24.7225 24.7322 24.7424 24.7518 24.7629 24.7714 24.7816
 24.7906 24.8001 24.8106 24.8204 24.8305 24.8405 24.8492 24.8586 24.8675
 24.8767 24.8866 24.8968 24.9066 24.9162 24.9258 24.9347 24.943  24.9516
 24.9603 24.9678 24.9766 24.9857 24.9943 25.0024 25.0117 25.0197 25.0283
 25.0364 25.045  25.0533 25.0612 25.0696 25.0778 25.0858 25.0958 25.1047
 25.1141 25.1235 25.1319 25.1405 25.1487 25.1569 25.1653 25.1733 25.1816
 25.1896 25.1974 25.2054 25.2137 25.2219 25.2299 25.2379 25.2459 25.2547
 25.2626 25.2707 25.2785 25.2867 25.2948 25.3025 25.31   25.3178 25.3256
 25.3341 25.3418 25.3494 25.357  25.3656 25.374  25.3817 25.3895 25.3977
 25.4057 25.4136 25.4218 25.4297 25.4374 25.4456 25.4532 25.4615 25.4701
 25.4778 25.4857 25.4936 25.5015 25.5094 25.517  25.5249 25.5326 25.5405
 25.548  25.5558 25.5639 25.5718 25.5794 25.5872 25.5948 25.603  25.6108
 25.6183 25.626  25.6336 25.6411 25.6491 25.6566 25.664  25.672  25.6799
 25.6872 25.6949 25.703  25.7108 25.7184 25.7269 25.7357 25.7435 25.752
 25.7604 25.7684 25.777  25.785  25.7926 25.801  25.8092 25.8173 25.8259
 25.8342 25.8433 25.851  25.8596 25.8683 25.8765 25.8849 25.8929 25.9014
 25.9102 25.9184 25.9266 25.9351 25.9433 25.9524 25.9608 25.9696 25.9785
 25.987  25.9954 26.0039 26.0129 26.0222 26.0309 26.0402 26.049  26.0586
 26.0674 26.0761 26.088  26.0973 26.1078 26.117  26.1268 26.1374 26.1482
 26.1584 26.1676 26.1797 26.19   26.2003 26.2094 26.2208 26.2314 26.2429
 26.2534 26.264  26.2758 26.2866 26.2971 26.3073 26.3197 26.3322 26.3478
 26.3603 26.3706 26.3827 26.3961 26.4082 26.4224 26.4338 26.4486 26.4616
 26.4739 26.486  26.4995 26.514  26.5266 26.5403 26.5524 26.5684 26.5852
 26.6001 26.6153 26.6313 26.6626 26.6817 26.7116 26.7353 26.7648 26.8122
 26.8616 26.9229 27.9448
32.0594 33.147  33.2119 33.316  33.3911 33.5469 33.6077 33.6431 33.6945
 33.7364 33.772  33.7947 33.8261 33.8652 33.8822 33.9241 33.9531 33.9793
 34.0059 34.0249 34.0434 34.0663 34.0867 34.1201 34.1438 34.1643 34.1858
 34.2072 34.2215 34.2375 34.2531 34.2678 34.2814 34.2981 34.3089 34.3226
 34.3375 34.3521 34.3632 34.3788 34.3924 34.4028 34.4138 34.426  34.4413
 34.4568 34.4717 34.4892 34.5029 34.517  34.5308 34.5457 34.5556 34.5671
 34.5862 34.6021 34.6153 34.6286 34.6386 34.6495 34.6601 34.6702 34.6814
 34.6917 34.7015 34.7097 34.7191 34.7286 34.7389 34.7492 34.7596 34.7686
 34.7771 34.7869 34.7964 34.8049 34.8156 34.8246 34.8338 34.8417 34.8508
 34.8605 34.8699 34.88   34.89   34.8994 34.9092 34.9201 34.9298 34.9394
 34.9479 34.9565 34.9648 34.973  34.9813 34.989  34.9978 35.0058 35.0138
 35.0221 35.0307 35.0393 35.0473 35.0551 35.0633 35.0718 35.0801 35.0882
 35.096  35.1041 35.1131 35.1211 35.129  35.1377 35.146  35.1542 35.1625
 35.1704 35.1795 35.1881 35.1961 35.2041 35.212  35.2205 35.2303 35.2388
 35.2476 35.256  35.2647 35.2724 35.2806 35.2893 35.2973 35.3056 35.3141
 35.3221 35.3301 35.3386 35.3469 35.3547 35.3623 35.3703 35.3798 35.3875
 35.3958 35.4046 35.4132 35.4216 35.4297 35.437  35.4448 35.453  35.461
 35.4694 35.4778 35.4855 35.494  35.5026 35.511  35.519  35.5273 35.5354
 35.5438 35.5527 35.5605 35.5691 35.5775 35.5849 35.5924 35.6003 35.6082
 35.6164 35.6248 35.6328 35.6407 35.649  35.6564 35.664  35.6724 35.6804
 35.6884 35.6965 35.7044 35.7123 35.7202 35.7277 35.7358 35.7438 35.7519
 35.7605 35.7687 35.7765 35.7851 35.7934 35.8014 35.81   35.8181 35.8268
 35.8351 35.8441 35.8523 35.8602 35.8683 35.8766 35.8851 35.8934 35.9013
 35.9095 35.9179 35.927  35.9351 35.9439 35.9527 35.9616 35.9698 35.9794
 35.9875 35.9971 36.0067 36.0155 36.0248 36.0351 36.0448 36.0532 36.063
 36.0732 36.0835 36.0941 36.1033 36.1135 36.123  36.1334 36.1426 36.1517
 36.1613 36.1717 36.1825 36.1933 36.2048 36.2155 36.2267 36.2381 36.25
 36.2627 36.2747 36.2858 36.2973 36.3083 36.3196 36.3337 36.3469 36.3599
 36.3733 36.3868 36.398  36.411  36.4256 36.439  36.4509 36.4655 36.4782
 36.4919 36.5084 36.5246 36.5395 36.5563 36.5743 36.5918 36.6067 36.6235
 36.6521 36.672  36.6899 36.7169 36.7592 36.7984
43.2237 43.5716 43.862  43.915  43.9411 43.9599 43.9846 44.0281 44.0624
 44.0909 44.1086 44.1298 44.148  44.1685 44.1885 44.2106 44.2346 44.2518
 44.2657 44.2876 44.3047 44.3243 44.3434 44.3644 44.3788 44.3924 44.4071
 44.4239 44.434  44.4486 44.4635 44.48   44.4942 44.5069 44.5172 44.5295
 44.5433 44.5554 44.5675 44.5797 44.5925 44.6053 44.6152 44.6278 44.6377
 44.6479 44.6584 44.6707 44.6836 44.6943 44.7041 44.7142 44.7249 44.7352
 44.7455 44.7554 44.766  44.7746 44.7845 44.7937 44.8027 44.8115 44.8205
 44.8306 44.8401 44.8492 44.8579 44.8679 44.8764 44.8851 44.8943 44.9031
 44.913  44.9225 44.9325 44.9423 44.9512 44.9589 44.9679 44.9762 44.9847
 44.9934 45.0022 45.0114 45.0195 45.0276 45.0357 45.0436 45.0516 45.0604
 45.0693 45.0777 45.0868 45.0959 45.104  45.112  45.1203 45.128  45.1353
 45.1433 45.1518 45.1601 45.1687 45.1764 45.1846 45.1928 45.2011 45.2091
 45.2174 45.2258 45.2338 45.2419 45.2499 45.2576 45.2657 45.2735 45.2812
 45.289  45.2966 45.3045 45.3122 45.32   45.3284 45.3359 45.3435 45.3514
 45.3589 45.367  45.3751 45.3827 45.3909 45.3988 45.4059 45.414  45.4213
 45.429  45.4371 45.4445 45.4524 45.4603 45.4682 45.4759 45.4833 45.4909
 45.4984 45.5056 45.5134 45.5208 45.5281 45.5361 45.5434 45.5514 45.5589
 45.5666 45.5742 45.5816 45.589  45.5965 45.6038 45.6113 45.6189 45.6263
 45.6338 45.641  45.6485 45.6563 45.6635 45.6709 45.6784 45.6857 45.693
 45.7004 45.7076 45.7154 45.723  45.7305 45.7383 45.7457 45.7528 45.7606
 45.7681 45.7753 45.7825 45.7901 45.7974 45.8042 45.8115 45.8187 45.8267
 45.8342 45.8418 45.849  45.8567 45.8641 45.8715 45.879  45.8862 45.8936
 45.9008 45.9085 45.9156 45.923  45.9304 45.9382 45.9455 45.9537 45.9612
 45.9686 45.9764 45.9844 45.9919 45.9992 46.0064 46.0137 46.0212 46.0287
 46.0358 46.0432 46.051  46.059  46.0667 46.0745 46.0824 46.0899 46.0979
 46.1052 46.1125 46.1198 46.1273 46.1359 46.1437 46.1514 46.1598 46.1677
 46.1752 46.1829 46.1912 46.1988 46.2068 46.2142 46.2225 46.2302 46.2379
 46.2462 46.2541 46.2619 46.2708 46.2794 46.2879 46.2967 46.3045 46.3125
 46.3215 46.3304 46.3391 46.3478 46.3567 46.3657 46.375  46.3834 46.3921
 46.4009 46.4103 46.4201 46.4292 46.438  46.447  46.4558 46.4652 46.4755
 46.4853 46.4957 46.5065 46.5168 46.527  46.5367 46.546  46.5561 46.5657
 46.5755 46.5856 46.596  46.6067 46.6173 46.6285 46.6398 46.651  46.6615
 46.6709 46.6826 46.694  46.7056 46.7191 46.7304 46.7428 46.754  46.7673
 46.7794 46.79   46.8007 46.816  46.8282 46.8408 46.8534 46.8645 46.8798
 46.8939 46.9091 46.9224 46.9362 46.9554 46.977  46.993  47.0122 47.0296
 47.0499 47.0676 47.1111 47.1568 47.3568
51.4403 53.4899 53.5125 53.5407 53.6398 53.6595 53.7009 53.7564 53.7859
 53.8106 53.825  53.8432 53.8587 53.877  53.8914 53.9069 53.9232 53.9367
 53.9622 53.9806 53.9931 54.0042 54.0517 54.0682 54.08   54.0918 54.1079
 54.1232 54.1351 54.1497 54.1639 54.1751 54.1872 54.1996 54.2136 54.2312
 54.2438 54.2563 54.267  54.2787 54.2893 54.3011 54.3114 54.3218 54.3335
 54.3453 54.3568 54.3692 54.3801 54.3899 54.3983 54.4082 54.42   54.4292
 54.4385 54.4498 54.4592 54.4681 54.4765 54.4862 54.4958 54.5046 54.5144
 54.5239 54.5326 54.5415 54.5509 54.5597 54.5688 54.5779 54.5885 54.5971
 54.6055 54.6138 54.6224 54.63   54.6384 54.6463 54.6537 54.6632 54.6712
 54.6792 54.687  54.6946 54.7025 54.7105 54.7182 54.726  54.734  54.7418
 54.7496 54.7577 54.7655 54.7733 54.782  54.7902 54.7989 54.807  54.8146
 54.8224 54.8304 54.8377 54.8453 54.8536 54.8616 54.8699 54.8777 54.8847
 54.8921 54.8993 54.9067 54.9143 54.9222 54.9301 54.9372 54.9445 54.9521
 54.9596 54.9669 54.9742 54.9814 54.989  54.9966 55.0037 55.0109 55.0179
 55.025  55.0323 55.0395 55.0466 55.054  55.0613 55.0686 55.0761 55.0833
 55.0908 55.0987 55.1058 55.1131 55.1201 55.1272 55.1342 55.1412 55.1483
 55.1551 55.1623 55.1696 55.1768 55.1839 55.191  55.198  55.2048 55.2114
 55.2184 55.2251 55.2318 55.2387 55.2458 55.253  55.26   55.2667 55.2739
 55.2809 55.2879 55.295  55.302  55.3089 55.3156 55.3225 55.3295 55.3366
 55.3438 55.3504 55.357  55.3641 55.3711 55.3779 55.3848 55.3918 55.3986
 55.4052 55.4119 55.4187 55.4256 55.4323 55.439  55.4458 55.4529 55.4598
 55.4666 55.4737 55.4805 55.4871 55.4941 55.5009 55.5079 55.5146 55.5216
 55.5283 55.5353 55.5423 55.5489 55.5559 55.5627 55.5693 55.5762 55.5831
 55.59   55.5967 55.6036 55.6106 55.6177 55.6245 55.6314 55.6382 55.6451
 55.6515 55.6583 55.665  55.6719 55.6787 55.6854 55.6923 55.6992 55.706
 55.7129 55.7197 55.7265 55.7332 55.7403 55.747  55.7536 55.7606 55.7673
 55.7739 55.7808 55.7874 55.794  55.8006 55.8075 55.8143 55.8213 55.828
 55.8347 55.8415 55.8482 55.8547 55.8616 55.8683 55.8751 55.882  55.8888
 55.8957 55.9024 55.9093 55.9159 55.9225 55.9294 55.9362 55.9429 55.9497
 55.9564 55.9631 55.9698 55.9766 55.9835 55.9902 55.9969 56.0036 56.0102
 56.0169 56.0238 56.0307 56.0377 56.0444 56.0512 56.0578 56.0647 56.0715
 56.0782 56.0848 56.0921 56.0988 56.1057 56.1126 56.1198 56.127  56.1338
 56.1409 56.1481 56.1548 56.1615 56.1684 56.1752 56.1824 56.1894 56.1963
 56.2033 56.2106 56.2175 56.2247 56.2319 56.239  56.2459 56.2529 56.2603
 56.2673 56.2742 56.2816 56.2889 56.2961 56.3032 56.3105 56.3178 56.325
 56.3322 56.3395 56.3467 56.3543 56.3616 56.3692 56.3767 56.3839 56.3914
 56.3994 56.4074 56.4151 56.4229 56.4311 56.4387 56.4465 56.4548 56.4629
 56.4712 56.4789 56.4866 56.4946 56.5033 56.512  56.5202 56.5288 56.5371
 56.5453 56.5532 56.5613 56.5692 56.5774 56.587  56.5959 56.6046 56.613
 56.6223 56.631  56.6409 56.6506 56.6599 56.6694 56.6792 56.6878 56.6971
 56.707  56.7166 56.7269 56.7363 56.7452 56.7554 56.7659 56.7748 56.7853
 56.7944 56.8041 56.8143 56.824  56.8363 56.8473 56.8579 56.8695 56.8809
 56.8924 56.9035 56.9147 56.9268 56.9382 56.9513 56.9626 56.974  56.9855
 56.9981 57.0097 57.0222 57.0358 57.0498 57.0671 57.0843 57.1031 57.1208
 57.1348 57.1609 57.1954
62.3518 62.5323 63.6299 63.6833 63.8961 64.1239 64.1436 64.2307 64.2647
 64.283  64.3019 64.3314 64.3511 64.3727 64.3942 64.4189 64.452  64.4779
 64.5057 64.5376 64.5542 64.5759 64.6003 64.6162 64.6389 64.6553 64.6767
 64.6899 64.703  64.7137 64.7282 64.7563 64.7724 64.7933 64.8122 64.8262
 64.84   64.8532 64.8655 64.8785 64.8922 64.9031 64.9157 64.9277 64.9394
 64.9512 64.9647 64.9749 64.9846 64.996  65.0081 65.0191 65.0303 65.0419
 65.051  65.0621 65.0731 65.0857 65.095  65.1051 65.1151 65.1271 65.1384
 65.1498 65.1643 65.1746 65.1851 65.1945 65.2044 65.2156 65.225  65.2361
 65.2495 65.2605 65.2701 65.2802 65.2895 65.2986 65.3094 65.3207 65.3329
 65.342  65.3517 65.362  65.3708 65.3801 65.3894 65.3981 65.4073 65.4176
 65.4268 65.4356 65.444  65.4531 65.4629 65.472  65.4824 65.4931 65.5025
 65.5125 65.521  65.532  65.541  65.5502 65.5594 65.5681 65.5776 65.5875
 65.5994 65.6098 65.6211 65.6312 65.6416 65.6498 65.6592 65.6682 65.677
 65.6855 65.6944 65.7027 65.7119 65.7205 65.7285 65.7375 65.7453 65.7541
 65.7629 65.7712 65.7808 65.7892 65.7979 65.8066 65.8165 65.8263 65.8354
 65.8441 65.8526 65.8639 65.8738 65.8828 65.8916 65.9018 65.9116 65.9228
 65.9335 65.9423 65.9536 65.9641 65.9745 65.9835 65.9921 66.0017 66.0106
 66.0199 66.0302 66.0398 66.0492 66.059  66.0691 66.0789 66.088  66.0972
 66.107  66.1167 66.1272 66.1385 66.1471 66.1576 66.169  66.1796 66.1903
 66.2008 66.2149 66.2255 66.2354 66.2465 66.2592 66.2693 66.2814 66.2944
 66.3075 66.3203 66.3303 66.3422 66.3551 66.3667 66.384  66.4003 66.4149
 66.4283 66.4413 66.454  66.4737 66.4938 66.5066 66.5345 66.55   66.5646
 66.576  66.5902 66.6064 66.6196 66.6345 66.6538 66.6821 66.7026 66.7298
 66.754  66.7838 66.8116 66.8399 66.8732 66.9873

