12.2049 12.8694 13.0108 13.1334 13.2566 13.3069 13.3318 13.3563 13.6398
 13.7073 13.7356 13.8514 13.8647 13.8983 13.9548 13.9796 14.0261 14.0412
 14.0929 14.1068 14.1277 14.1518 14.1738 14.1883 14.199  14.2203 14.2378
 14.2645 14.2804 14.2956 14.3221 14.3346 14.3645 14.3773 14.3948 14.4181
 14.4371 14.4678 14.4857 14.5221 14.5391 14.5517 14.5933 14.6144 14.6947
 14.7337 14.7621 14.7811 14.8218 14.8485
23.299  23.7705 23.8039 23.8367 23.9204 23.9583 23.9722 24.0036 24.0231
 24.0944 24.1452 24.2261 24.2824 24.3057 24.3194 24.3341 24.366  24.4045
 24.4212 24.4366 24.4602 24.4768 24.4961 24.5107 24.5272 24.5412 24.5716
 24.5983 24.6679 24.7078 24.7426 24.7782 24.7935 24.821  24.8372 24.8513
 24.9252 24.948  25.0412
31.5713 33.366  33.5049 33.5612 33.6146 33.8654 33.9549 34.0128 34.0388
 34.0836 34.1416 34.1662 34.2019 34.2321 34.2536 34.2692 34.3244 34.3427
 34.3603 34.4257 34.4612 34.4769 34.4927 34.5214 34.5359 34.573  34.5923
 34.6559 34.6755 34.6926 34.7281 34.7466 34.7712 34.7995 34.8358 34.8643
 34.8903 34.9085 34.9354
43.2967 43.4648 43.6589 43.6955 43.7846 43.9516 43.9895 44.0666 44.126
 44.143  44.1686 44.1899 44.2488 44.2703 44.2878 44.3043 44.3218 44.3459
 44.3777 44.4024 44.4325 44.4531 44.4722 44.5242 44.5433 44.5561 44.5803
 44.6059 44.6322 44.6543 44.6685 44.6929 44.7134 44.7368 44.7513 44.784
 44.7978 44.8089 44.8375 44.8517 44.8646 44.8774 44.8959 44.9506 44.9669
 44.9776 44.9947 45.0141 45.0474 45.1198 45.1587 45.3109
53.0258 53.3215 53.3491 53.3892 53.7509 53.7838 53.8249 53.8504 53.8672
 53.8885 53.9011 53.9287 53.9622 53.9783 53.9994 54.0209 54.0518 54.0745
 54.0871 54.1078 54.1695 54.1884 54.2127 54.2268 54.2455 54.2705 54.284
 54.308  54.3225 54.3478 54.3649 54.3824 54.4001 54.4126 54.4248 54.4373
 54.45   54.4671 54.4802 54.5007 54.5133 54.5261 54.5417 54.5534 54.5623
 54.5729 54.5888 54.5998 54.6177 54.6298 54.6505 54.6652 54.6783 54.6896
 54.7004 54.7142 54.7238 54.7361 54.7497 54.7626 54.7775 54.7891 54.8044
 54.8161 54.8377 54.8619 54.8863 54.8969 54.9078 54.9213 54.9321 54.9434
 54.9585 54.9722 54.9882 55.0004 55.0184 55.0279 55.0406 55.0529 55.0709
 55.0867 55.1002 55.1207 55.1368 55.1598 55.1783 55.2027 55.2229 55.2772
 55.2955
63.5746 63.7035 64.0887 64.1191 64.2683 64.378  64.4198 64.5107 64.5326
 64.5648 64.6058 64.6842 64.7383 64.7631 64.7968 64.8306 64.8859 64.9109
 64.9247 64.9446 65.1556 65.2304 65.2492

