12.4289 12.5107 12.9157 13.0789 13.1469 13.2321 13.2711 13.3048 13.3602
 13.38   13.4091 13.4475 13.5135 13.5287 13.5466 13.5655 13.6241 13.6462
 13.6609 13.6829 13.6994 13.7218 13.739  13.7544 13.7751 13.7883 13.8078
 13.8229 13.8557 13.8689 13.893  13.9086 13.9212 13.9505 13.9656 13.9842
 14.007  14.0184 14.0345 14.0469 14.0621 14.072  14.0831 14.1048 14.1259
 14.155  14.1755 14.191  14.2039 14.2292 14.2706 14.2892 14.3225 14.3697
20.2692 21.3875 21.433  21.6995 21.8517 22.1077 22.1758 22.2586 22.3297
 22.3833 22.4045 22.4281 22.4503 22.5065 22.5913 22.6078 22.6262 22.6499
 22.6647 22.6806 22.6997 22.7199 22.7386 22.767  22.8348 22.8607 22.8759
 22.8954 22.9339 22.9461 22.96   23.022  23.0428 23.0605 23.1281 23.1677
 23.2212 29.6917 29.8887
30.2835 30.958  30.9816 31.1328 31.5125 31.5611 31.5864 31.6725 31.6927
 31.7267 31.7795 31.8225 31.8572 31.8772 31.8988 31.9202 31.9559 31.9778
 31.992  32.0459 32.077  32.1034 32.1189 32.1423 32.1659 32.1942 32.2442
 32.2609 32.2756 32.299  32.3277 32.3439 32.3923 32.4258 32.4657 32.4798
 32.4988 32.5118 32.5468 32.587  32.6044 38.3064 38.5406 39.4495 39.5075
 39.559  39.5932 39.6324 39.6669 39.7238 39.7624 39.8021 39.9053 39.9347
 39.9623 39.9882
40.0204 40.0561 40.0891 40.1059 40.1212 40.1431 40.1559 40.1901 40.2242
 40.2378 40.2532 40.2745 40.2963 40.3177 40.3388 40.3587 40.3735 40.3865
 40.4025 40.4417 40.46   40.478  40.5004 40.5166 40.5326 40.5449 40.5569
 40.5688 40.6025 40.613  40.68   40.6916 40.7302 40.7883 40.8121 40.8736
 47.3958 48.1638 48.8154 48.8357 49.016  49.1435 49.2123 49.2378 49.2826
 49.4293 49.4444 49.4825 49.547  49.568  49.6019 49.6455 49.6606 49.7012
 49.7461 49.7685
57.3818 57.7636 57.8486 57.9947 58.1704 58.2324 58.3194 58.4469 58.5127
 58.5368 58.5501 58.5736 58.5912 58.6224 58.6451 58.7672 58.8206 58.8344
 58.8502 58.9048 58.9215 58.935  58.9465 58.9658 58.9887 59.0149 59.0358
 59.068
66.3177 66.4327 66.4859 66.5509 66.6917 66.7091 66.808  66.8573 66.9468
 66.9658 67.0038 67.0188 67.0631 67.0968 67.1312 67.1656 67.1834 67.212
 67.2606 67.2933 67.3259 67.3492 67.3634 67.3842 67.3996 67.4172 67.4402
 67.4551 67.5682 67.5815 67.5978 67.6327

