13.1241 13.3005 13.4955 13.6015 13.6216 13.7358 13.7911 13.8129 13.8983
 13.9176 13.965  14.0104
21.3419 21.8319 22.0002 22.0303 22.1428 22.2702 22.5454 22.5867 22.6177
 22.6547 22.669  22.6979 22.7487 22.8136 22.8274 22.842  22.871  22.892
 22.9182 29.3755
31.2575 31.3142 31.4236 31.4627 31.5214 31.6019 31.7588 31.8448 31.9467
 31.9662 31.9877 32.0354 32.0513 32.1592 32.3639 39.4598 39.6295 39.6815
 39.7602 39.7894 39.8674 39.8839 39.9476 39.9939
40.0412 40.0792 40.1028 40.1465 40.1678 40.1965 40.2423 40.3013 40.3178
 40.3428 40.3644 40.4343 40.5211 47.9692 48.6249 48.7789 48.9199 49.0095
 49.1771 49.1996 49.5087 49.5436 49.8903
57.3204 58.0107 58.0817 58.2754 58.2983 58.3536 58.4436 58.5338 58.5673
 58.6315 58.6598 58.6964 58.7556 58.8017 58.8162 58.9761 59.033
66.5049 66.6387 66.7227 66.8059 66.841  66.8657 66.9116 66.9274 66.9808
 67.0221 67.0482 67.0974 67.1373 67.1586 67.1799 67.4803

