13.1894 13.254  13.2913 13.4493 13.7526 13.8161 13.8485 13.8899 13.956
 13.9964 14.0316 14.0542 14.1498 14.2143 14.3112
20.8398 21.6102 21.7483 21.9586 22.1863 22.2848 22.3335 22.3669 22.397
 22.4577 22.4777 22.4982 22.5486 22.6296 22.6761 22.7036 22.7184 22.7346
 22.7753 22.8281 22.849  22.9253 22.9873 23.038  23.0931
30.0791 31.1185 31.1804 31.3473 31.4837 31.5525 31.8477 31.8947 32.0087
 32.069  32.0878 32.115  32.1338 32.1654 32.1896 32.2563 32.2821 32.3029
 32.3271 32.364  32.4704 32.4982 32.6138 39.5973 39.887
40.0388 40.1156 40.1991 40.22   40.2548 40.2903 40.3253 40.3895 40.469
 40.4974 40.5158 40.5499 40.5709 40.6694 40.7281 40.7806 40.8218 45.1782
 47.2989 49.1692 49.2286 49.2575 49.3204 49.4323 49.5012 49.5217 49.54
 49.5818 49.6164 49.6886 49.7908 49.9237
56.0494 57.7368 58.2018 58.2639 58.516  58.5561 58.6089 58.6474 58.7013
 58.742  58.7565 58.8134 58.8276 58.8499 58.9383 59.0077 59.0502 59.0742
 59.0959 59.1603
66.2615 66.3936 66.4969 66.6186 66.8365 66.8551 66.9166 67.072  67.1078
 67.1919 67.297  67.385  67.5815 67.7026

