12.5498 12.6577 12.9086 12.9667 13.0454 13.1105 13.3719 13.4155 13.4363
 13.4582 13.4757 13.5098 13.5259 13.5409 13.6093 13.6277 13.6421 13.6838
 13.7147 13.7277 13.743  13.7572 13.7717 13.8103 13.8866 13.9137 13.9309
 13.9599 14.015  14.0537 14.0722 14.0959
20.8458 21.5868 21.7318 21.8608 22.0079 22.0583 22.2041 22.3121 22.3846
 22.447  22.5085 22.5429 22.58   22.6232 22.6382 22.6686 22.8896 22.959
 22.9723 23.0519
31.0556 31.2155 31.3947 31.6834 31.885  32.0312 32.0643 32.0867 32.1022
 32.125  32.1441 32.1685 32.1841 32.2123 32.2505 32.2953 32.5573 38.2776
 39.1676 39.5519 39.8389 39.8565 39.8947 39.9209 39.9495 39.9923
40.0198 40.0893 40.1198 40.1798 40.2009 40.2351 40.2728 40.2972 40.3179
 40.3367 40.4514 40.4677 40.5399 48.7593 48.8435 48.8948 48.9278 49.1824
 49.2892 49.3205 49.4455 49.4679 49.5584 49.87
57.1912 57.5935 57.9606 58.0884 58.1187 58.2108 58.2366 58.3277 58.3678
 58.4257 58.4561 58.4892 58.5273 58.5414 58.6193 58.6507 58.737  58.9484
65.7841 65.9095 66.4488 66.4666 66.6039 66.7716 66.8186 66.8494 67.1892
 67.2252 67.2487

