12.0352 12.4376 12.6937 12.8696 12.9499 13.2327 13.2658 13.2847 13.3171
 13.3388 13.3965 13.4204 13.4388 13.4587 13.4918 13.5119 13.5579 13.5747
 13.5928 13.6121 13.6272 13.638  13.653  13.6869 13.7026 13.7172 13.7361
 13.7544 13.7698 13.7849 13.7988 13.8113 13.8244 13.8349 13.8469 13.8591
 13.8702 13.8865 13.8975 13.9067 13.9193 13.9308 13.9444 13.954  13.9636
 13.9745 13.9842 13.9955 14.0054 14.0159 14.027  14.038  14.0472 14.0582
 14.0671 14.0767 14.089  14.0997 14.1104 14.1207 14.131  14.1409 14.1514
 14.1613 14.1718 14.1823 14.1909 14.2015 14.2109 14.221  14.2312 14.2403
 14.2496 14.2586 14.2668 14.2757 14.2855 14.2939 14.3025 14.3111 14.3195
 14.3285 14.3373 14.3473 14.3562 14.3653 14.3754 14.3862 14.3955 14.4041
 14.4135 14.4219 14.4308 14.4396 14.4485 14.4566 14.4653 14.4739 14.4827
 14.4928 14.5016 14.5109 14.5194 14.5296 14.5398 14.5485 14.5582 14.5684
 14.5775 14.5878 14.5975 14.6083 14.6185 14.63   14.6406 14.6496 14.6587
 14.6673 14.6764 14.6862 14.6951 14.7038 14.7135 14.723  14.7323 14.7412
 14.7512 14.7614 14.7715 14.7815 14.7927 14.8051 14.8146 14.8247 14.8346
 14.8448 14.8547 14.8646 14.8749 14.8871 14.8979 14.9085 14.9179 14.9294
 14.939  14.9486 14.9593 14.9693 14.9799 14.9906 14.9999 15.0097 15.0195
 15.0299 15.0401 15.0513 15.0617 15.0723 15.0822 15.093  15.1025 15.1124
 15.1222 15.132  15.1425 15.152  15.1623 15.1724 15.1811 15.1908 15.2023
 15.2138 15.2249 15.2392 15.2512 15.2624 15.2734 15.2843 15.2946 15.3053
 15.3152 15.3248 15.3344 15.3452 15.3592 15.3716 15.3865 15.3971 15.4089
 15.4215 15.4334 15.4438 15.4543 15.4639 15.4765 15.4878 15.4999 15.5125
 15.5239 15.5351 15.5474 15.5573 15.5693 15.5808 15.5942 15.6048 15.615
 15.6257 15.6379 15.6486 15.6594 15.6718 15.6827 15.6963 15.7105 15.7215
 15.7323 15.7434 15.754  15.767  15.7821 15.8001 15.8139 15.8257 15.839
 15.8519 15.8669 15.882  15.8954 15.9104 15.9234 15.9397 15.9538 15.9702
 15.9849 16.0001 16.0136 16.0287 16.0427 16.0586 16.08   16.0975 16.117
 16.13   16.1427 16.1575 16.1758 16.1912 16.2098 16.2237 16.2407 16.3387
 18.8639
21.4241 21.5617 21.6517 21.9345 22.0311 22.0518 22.1591 22.1782 22.197
 22.2808 22.3002 22.3169 22.3384 22.3601 22.3877 22.4151 22.4413 22.4671
 22.494  22.5122 22.5268 22.552  22.5712 22.5846 22.5985 22.6131 22.6284
 22.6448 22.6716 22.685  22.6993 22.7198 22.7382 22.7529 22.7684 22.7828
 22.7919 22.8034 22.8147 22.8254 22.8361 22.8477 22.859  22.8719 22.8881
 22.9008 22.914  22.9241 22.9349 22.945  22.9554 22.9667 22.9805 22.9936
 23.0079 23.0182 23.0283 23.0393 23.0511 23.0622 23.0742 23.085  23.0968
 23.1071 23.1188 23.1291 23.1397 23.1528 23.1643 23.1756 23.186  23.1964
 23.2063 23.2148 23.2248 23.2356 23.2456 23.2566 23.2664 23.2763 23.288
 23.3007 23.3103 23.3216 23.3355 23.3467 23.3586 23.3705 23.3864 23.398
 23.4098 23.423  23.4337 23.4441 23.4567 23.4684 23.4794 23.4887 23.5021
 23.5158 23.5286 23.539  23.5506 23.5619 23.5722 23.5878 23.6012 23.6114
 23.6214 23.632  23.649  23.6618 23.6725 23.6851 23.699  23.7114 23.7224
 23.7355 23.7505 23.7636 23.7758 23.7926 23.8056 23.819  23.8299 23.84
 23.8517 23.864  23.8749 23.8876 23.9019 23.914  23.927  23.9383 23.95
 23.963  23.9758 23.9924 24.0041 24.0152 24.0279 24.0381 24.0488 24.0609
 24.0709 24.0803 24.0935 24.1062 24.1225 24.1384 24.1532 24.1656 24.1809
 24.1931 24.2042 24.2205 24.2339 24.247  24.2596 24.2716 24.2864 24.3004
 24.3164 24.3297 24.3425 24.3539 24.3692 24.386  24.4002 24.4152 24.4292
 24.4448 24.4568 24.47   24.4859 24.5045 24.5204 24.5349 24.5523 24.5692
 24.5856 24.602  24.6192 24.6329 24.6489 24.6645 24.6762 24.703  24.7202
 24.7414 24.7714 24.7934 24.8086 24.8324 24.8536 24.8702 24.8937 24.9111
 24.9407 24.9697 24.9974 25.0217 25.1258
31.017  31.3627 31.4717 31.4988 31.5673 31.5888 31.6343 31.6644 31.7622
 31.8209 31.8379 31.8702 31.8893 31.9146 31.9387 31.9697 31.9983 32.0304
 32.0468 32.0661 32.0836 32.0985 32.1248 32.1436 32.1585 32.1765 32.1956
 32.2215 32.2333 32.2436 32.2551 32.2675 32.2814 32.2929 32.3057 32.3206
 32.3338 32.3459 32.3578 32.3721 32.3885 32.4039 32.4178 32.4297 32.4416
 32.454  32.4676 32.4802 32.4905 32.5005 32.5095 32.5189 32.5296 32.5389
 32.5485 32.5601 32.5702 32.5796 32.591  32.6022 32.6134 32.6248 32.6359
 32.6466 32.6571 32.6679 32.6772 32.6859 32.6973 32.709  32.7189 32.7295
 32.7416 32.7524 32.7662 32.7768 32.7951 32.8098 32.8204 32.8336 32.8444
 32.8559 32.8659 32.8781 32.8885 32.8983 32.9098 32.922  32.9359 32.9527
 32.9638 32.9777 32.99   32.9994 33.0129 33.0224 33.0329 33.0448 33.0538
 33.0641 33.0754 33.0923 33.1082 33.1209 33.1329 33.1501 33.165  33.1768
 33.1904 33.2032 33.2143 33.2303 33.2425 33.2555 33.2661 33.2778 33.2906
 33.3022 33.3123 33.3225 33.3337 33.3444 33.3543 33.3656 33.3781 33.3925
 33.4042 33.4159 33.4299 33.4431 33.4559 33.468  33.4819 33.4963 33.5095
 33.5198 33.5303 33.5429 33.558  33.5727 33.5846 33.5983 33.6133 33.6242
 33.635  33.6476 33.6583 33.673  33.6876 33.7032 33.7152 33.7294 33.7484
 33.7607 33.7726 33.7855 33.8051 33.8165 33.8325 33.8437 33.8602 33.8724
 33.8865 33.9033 33.9184 33.9351 33.9495 33.9634 33.9785 33.996  34.0126
 34.0287 34.0435 34.0581 34.0744 34.0902 34.1093 34.1275 34.1409 34.1611
 34.1776 34.1966 34.2132 34.2301 34.251  34.2639 34.2776 34.2936 34.3123
 34.3454 34.3669 34.3909 34.4205 34.4506 34.4748 34.495  35.8973 38.4241
 38.7095 39.4054 39.4725 39.6648 39.7165 39.8038 39.8514 39.888  39.9149
 39.9427 39.9655 39.9851
40.0185 40.033  40.0566 40.0728 40.0948 40.1079 40.1212 40.1364 40.1474
 40.1603 40.1718 40.1845 40.2014 40.2163 40.2307 40.2439 40.2602 40.2765
 40.2876 40.3023 40.3132 40.3244 40.3353 40.3463 40.3561 40.3689 40.3788
 40.3912 40.4007 40.4124 40.4224 40.4341 40.4437 40.4532 40.4654 40.4766
 40.489  40.4987 40.5093 40.5203 40.5296 40.5403 40.55   40.5591 40.5677
 40.5766 40.586  40.5966 40.6055 40.6166 40.6268 40.6354 40.6439 40.654
 40.6652 40.6748 40.6846 40.6964 40.708  40.7192 40.7279 40.7363 40.7451
 40.7561 40.7655 40.7743 40.7828 40.7919 40.8003 40.8096 40.8174 40.8261
 40.8343 40.8436 40.8526 40.8615 40.8718 40.8809 40.8895 40.898  40.9081
 40.9171 40.9264 40.9353 40.9449 40.9551 40.9647 40.9747 40.9846 40.9948
 41.0045 41.0133 41.024  41.0335 41.0419 41.0509 41.0594 41.0693 41.0798
 41.0885 41.098  41.1073 41.1171 41.1264 41.1352 41.1463 41.1561 41.1664
 41.1759 41.1848 41.195  41.2056 41.2148 41.2249 41.234  41.2435 41.2533
 41.2643 41.2732 41.2828 41.2913 41.3024 41.3133 41.3243 41.3364 41.3459
 41.3581 41.3667 41.3778 41.3876 41.3966 41.4048 41.4154 41.4261 41.4364
 41.4462 41.455  41.4643 41.4741 41.485  41.497  41.5096 41.521  41.5311
 41.5419 41.5528 41.5643 41.5787 41.5899 41.6005 41.6112 41.6232 41.6359
 41.6466 41.6601 41.6707 41.6825 41.6931 41.7042 41.7188 41.7296 41.7399
 41.7528 41.7632 41.7742 41.7852 41.7962 41.8072 41.8187 41.8301 41.8404
 41.8519 41.8647 41.8772 41.8895 41.9025 41.9154 41.927  41.9433 41.9539
 41.9673 41.981  41.9946 42.0105 42.0236 42.0368 42.0494 42.0619 42.0718
 42.0853 42.0987 42.112  42.1228 42.1341 42.1462 42.1631 42.1772 42.1908
 42.2039 42.2183 42.233  42.2489 42.2633 42.2748 42.2922 42.3071 42.3204
 42.335  42.3537 42.3673 42.3819 42.4018 42.4186 42.4328 42.4525 42.4735
 42.4909 42.5148 42.5328 42.5499 42.5849 42.6089 42.6419 42.6686 42.7412
 48.5798 48.6774 48.7324 48.8179 48.9094 49.0338 49.0587 49.1161 49.1473
 49.1734 49.1926 49.2606 49.3109 49.3249 49.3512 49.3666 49.384  49.4026
 49.4297 49.4483 49.4628 49.4862 49.5087 49.5327 49.5509 49.5678 49.5817
 49.6064 49.6195 49.6289 49.6455 49.6613 49.6779 49.6895 49.705  49.7175
 49.7308 49.7492 49.7631 49.7769 49.7896 49.8049 49.8184 49.83   49.8451
 49.8555 49.869  49.8799 49.8961 49.9111 49.9208 49.9307 49.9423 49.9584
 49.9714 49.9847 49.9993
50.0135 50.0288 50.0408 50.0534 50.063  50.0759 50.0885 50.1012 50.1131
 50.1274 50.1381 50.1494 50.1606 50.1793 50.1963 50.2131 50.2313 50.2454
 50.2579 50.2764 50.2902 50.3057 50.3192 50.3346 50.3482 50.3604 50.3767
 50.3873 50.4033 50.4178 50.4297 50.4469 50.4619 50.4729 50.4848 50.4973
 50.5104 50.5198 50.5306 50.5408 50.5525 50.5644 50.5765 50.5883 50.6011
 50.6125 50.6272 50.6395 50.6514 50.6642 50.6775 50.6896 50.7008 50.7144
 50.732  50.7434 50.7557 50.7666 50.7774 50.7897 50.803  50.816  50.8304
 50.8481 50.8612 50.8783 50.8927 50.9066 50.9215 50.9344 50.9464 50.9597
 50.9739 50.9897 51.0023 51.0178 51.0294 51.0423 51.0552 51.0685 51.079
 51.0906 51.102  51.113  51.126  51.1396 51.1526 51.1671 51.1812 51.1952
 51.2082 51.2209 51.2364 51.2546 51.2719 51.2852 51.2984 51.3099 51.3244
 51.3374 51.3502 51.3625 51.3772 51.3962 51.4139 51.4302 51.447  51.4647
 51.4809 51.4987 51.5153 51.5371 51.5594 51.5742 51.5874 51.6033 51.6228
 51.6456 51.6676 51.6928 51.7233 51.7477 51.8029 51.8241 51.8715 51.9819
 52.0245 57.3317 57.6208 57.7746 57.8723 57.9912 58.1508 58.2036 58.2418
 58.2694 58.2949 58.3551 58.3871 58.4066 58.4246 58.4426 58.4728 58.4931
 58.5182 58.5353 58.5611 58.5757 58.5998 58.62   58.634  58.651  58.6644
 58.6807 58.6955 58.7078 58.7216 58.7338 58.7458 58.7575 58.7714 58.7888
 58.8004 58.8127 58.8301 58.8466 58.8648 58.8778 58.8941 58.9062 58.9179
 58.9313 58.9409 58.9519 58.9619 58.9731 58.9846 58.997  59.0079 59.0186
 59.0308 59.0414 59.0516 59.0624 59.0731 59.0833 59.0957 59.1068 59.1165
 59.1273 59.1367 59.1468 59.1572 59.1682 59.1785 59.188  59.1975 59.2069
 59.2183 59.2313 59.2416 59.2528 59.2625 59.2749 59.2865 59.2969 59.3083
 59.319  59.329  59.3386 59.3497 59.36   59.3698 59.3792 59.3883 59.3977
 59.4075 59.4203 59.43   59.4399 59.4511 59.4633 59.4769 59.4892 59.4987
 59.5103 59.5221 59.5326 59.5441 59.5553 59.5668 59.5784 59.5901 59.6019
 59.6134 59.6262 59.6386 59.6491 59.6606 59.6724 59.6843 59.6987 59.7123
 59.7335 59.7471 59.7611 59.7733 59.7854 59.7979 59.813  59.8255 59.8385
 59.8487 59.86   59.8715 59.8831 59.8949 59.9072 59.9175 59.9273 59.9373
 59.9472 59.96   59.9728 59.9837 59.9944
60.0083 60.0234 60.0363 60.0491 60.0604 60.0723 60.09   60.1004 60.1171
 60.1282 60.1421 60.1542 60.1686 60.182  60.196  60.2089 60.2208 60.2332
 60.2484 60.2627 60.2752 60.2892 60.302  60.3135 60.3286 60.3426 60.3533
 60.3652 60.3773 60.3893 60.4015 60.4136 60.4267 60.4404 60.4522 60.4642
 60.4821 60.4952 60.5085 60.5211 60.5363 60.552  60.5684 60.5832 60.6015
 60.6159 60.6276 60.6404 60.655  60.6679 60.6875 60.7021 60.7178 60.7458
 60.7649 60.7805 60.8024 60.8207 60.837  60.8586 60.8891 60.9111 60.9472
 60.9694 61.0037 61.0491 65.5369 66.2694 66.3378 66.3755 66.5287 66.5629
 66.6754 66.6939 66.7278 66.7814 66.8087 66.8566 66.8914 66.9263 66.9445
 66.9593 66.9979 67.0175 67.0385 67.0571 67.0758 67.1049 67.1238 67.1416
 67.1647 67.1883 67.2015 67.2156 67.2322 67.2475 67.2599 67.2721 67.283
 67.3072 67.3174 67.3299 67.3433 67.3592 67.3704 67.3818 67.3941 67.4058
 67.4178 67.4394 67.4529 67.467  67.4798 67.4944 67.5172 67.5288 67.5398
 67.5515 67.5656 67.576  67.5892 67.6029 67.6137 67.6245 67.6356 67.6482
 67.6643 67.6758 67.6874 67.7005 67.7106 67.7218 67.7329 67.7476 67.7607
 67.7726 67.786  67.7972 67.8103 67.824  67.842  67.8559 67.8671 67.8782
 67.8911 67.9038 67.9196 67.933  67.9455 67.9613 67.9808 67.996  68.0073
 68.0235 68.0416 68.0535 68.065  68.0754 68.0867 68.1008 68.1187 68.1316
 68.1437 68.1544 68.169  68.1826 68.1943 68.2073 68.2221 68.2377 68.2503
 68.2652 68.2775 68.2894 68.3034 68.3203 68.3326 68.3453 68.3578 68.3706
 68.3831 68.3956 68.4071 68.4234 68.4451 68.4613 68.4716 68.4866 68.5053
 68.5178 68.5348 68.5486 68.5598 68.5738 68.587  68.6026 68.6152 68.6297
 68.6427 68.6555 68.6677 68.68   68.6909 68.7025 68.72   68.7377 68.7576
 68.7738 68.7921 68.8137 68.8285 68.8427 68.8591 68.8819 68.9084 68.9211
 68.943  68.9711 68.997  69.0208 69.0392 69.0558 69.0719 69.0882 69.1073
 69.1234 69.1442 69.1643 69.1854 69.2058 69.2195 69.2365 69.2656 69.3023
 69.3202 69.3452 69.3707 69.3895 69.4392

