13.6929 13.7994 14.0034 14.1269 14.3906 14.4681 14.5569 14.5807 14.6089
 14.6511 14.6916 14.7448 14.7698 14.8159 14.8459 14.8769 14.9003 14.9231
 14.9391 14.9579 14.9859 15.003  15.019  15.054  15.0738 15.0907 15.1153
 15.1274 15.1449 15.1686 15.1843 15.2028 15.2186 15.2356 15.2611 15.2802
 15.3028 15.3183 15.3456 15.3649 15.3804 15.4033 15.4171 15.4331 15.4519
 15.4699 15.4875 15.5024 15.5205 15.5383 15.5527 15.5679 15.5951 15.6114
 15.6328 15.6462 15.6595 15.6771 15.6972 15.7135 15.7276 15.7445 15.7558
 15.7758 15.796  15.8224 15.843  15.866  15.9006 15.9179 15.9327 15.9601
 15.9741 15.9993 16.0168 16.0339 16.0539 16.0746 16.0939 16.109  16.1369
 16.1775 16.1962 16.2161 16.2458 16.2798 16.3064 16.3248 16.3519 16.3861
 16.4338 16.4523 16.4788 16.5045 16.5761 16.619  16.6628 16.6958 16.8167
 16.9819 17.0741 17.3054
22.3339 23.8536 24.194  24.2527 24.3038 24.3538 24.3775 24.4071 24.4649
 24.4966 24.5371 24.5521 24.5705 24.592  24.6083 24.6276 24.6769 24.6918
 24.7077 24.7672 24.7925 24.8106 24.8337 24.8595 24.8778 24.8948 24.9163
 24.9413 24.9565 24.9736 24.989  25.0039 25.0169 25.0309 25.0476 25.0658
 25.0789 25.091  25.1101 25.1249 25.1451 25.158  25.1719 25.1908 25.2043
 25.2193 25.2317 25.2468 25.2603 25.2761 25.3049 25.321  25.3376 25.3518
 25.3664 25.3783 25.4016 25.4241 25.4368 25.4501 25.4674 25.482  25.4979
 25.5184 25.5443 25.5621 25.5776 25.611  25.6296 25.6448 25.6587 25.6758
 25.6937 25.7062 25.7286 25.7483 25.7665 25.7799 25.7979 25.8197 25.848
 25.8617 25.8848 25.906  25.9448 25.9622 25.9904 26.0217 26.0389 26.0582
 26.0938 26.1316 26.1732 26.1934 26.2621 26.3388 26.3568 26.3816 26.4407
 26.5683
31.7383 32.6042 33.1277 33.2317 33.3713 33.4492 33.483  33.5106 33.5912
 33.6262 33.6751 33.6997 33.7282 33.7478 33.7723 33.7967 33.8153 33.8424
 33.8577 33.8786 33.8943 33.9144 33.9433 33.9712 33.9949 34.0178 34.0615
 34.076  34.0932 34.1478 34.1673 34.1843 34.2068 34.2388 34.263  34.2805
 34.3007 34.3244 34.3499 34.3851 34.4128 34.4379 34.4521 34.4721 34.4933
 34.5197 34.5399 34.5638 34.592  34.612  34.6363 34.6574 34.6729 34.7025
 34.7279 34.7495 34.7706 34.8068 34.8276 34.8775 34.9074 34.9353 34.962
 34.9919 35.0198 35.0408 35.0615 35.0789 35.1053 35.141  35.1567 35.1823
 35.2491 35.3065 35.418  35.4921
41.2309 41.5578 41.7439 41.7868 41.9522 42.0003 42.0253 42.0787 42.1591
 42.2128 42.2282 42.2737 42.3182 42.3409 42.3799 42.4144 42.4541 42.4793
 42.5049 42.5236 42.5498 42.5694 42.5888 42.6056 42.6217 42.6419 42.6594
 42.6769 42.6929 42.7062 42.7162 42.7311 42.7427 42.7542 42.7708 42.7827
 42.7975 42.816  42.8355 42.8504 42.8695 42.882  42.9022 42.9154 42.9333
 42.9441 42.9626 42.9788 42.9916 43.0058 43.0213 43.0372 43.053  43.0673
 43.0782 43.092  43.1123 43.1338 43.147  43.1619 43.1794 43.1925 43.2035
 43.2174 43.2329 43.245  43.2578 43.2711 43.2869 43.3041 43.3198 43.3344
 43.3498 43.3619 43.3749 43.3868 43.4    43.4142 43.4274 43.4541 43.4708
 43.4859 43.5013 43.515  43.5288 43.5499 43.567  43.584  43.5961 43.6138
 43.6319 43.6465 43.6753 43.6893 43.7123 43.7252 43.7453 43.7644 43.7805
 43.7993 43.8153 43.8301 43.8415 43.8578 43.8733 43.8876 43.9039 43.9258
 43.9485 43.9718 43.9917 44.006  44.0231 44.0392 44.0654 44.0842 44.1043
 44.1258 44.1477 44.1758 44.2146 44.2377 44.2567 44.2964 44.3341 44.3597
 44.3944 44.5272 44.5809 44.6224 44.6562 44.6989 44.9845
51.6672 51.6971 51.7355 51.7529 51.9243 51.9568 51.9893 52.0183 52.0444
 52.0617 52.086  52.1358 52.188  52.2032 52.2224 52.2388 52.2745 52.3006
 52.3282 52.3484 52.3611 52.3776 52.3969 52.4144 52.4408 52.4536 52.4717
 52.4844 52.5039 52.5267 52.541  52.5539 52.5682 52.584  52.5978 52.6138
 52.6271 52.6481 52.668  52.6819 52.6975 52.7131 52.7249 52.7393 52.7524
 52.7673 52.7806 52.7949 52.8123 52.8339 52.8515 52.8715 52.8846 52.8977
 52.9139 52.9307 52.9468 52.9678 52.9825 52.9954 53.0134 53.0338 53.0509
 53.0684 53.0879 53.1059 53.1238 53.1504 53.1692 53.1851 53.2036 53.2179
 53.2375 53.2602 53.2795 53.3078 53.3231 53.3381 53.3554 53.3789 53.4001
 53.4219 53.4453 53.4642 53.4838 53.5056 53.5271 53.559  53.5837 53.6133
 53.6291 53.6497 53.6791 53.7078 53.7515 53.7704 53.7948 53.8204 53.8406
 53.9033 53.9483 54.0489 54.1362 54.1911 54.2357
60.5428 61.0455 61.0704 61.0889 61.1787 61.2136 61.2337 61.2545 61.2769
 61.3371 61.3651 61.3896 61.4112 61.4301 61.4513 61.4807 61.5056 61.5236
 61.5573 61.586  61.6048 61.6267 61.6517 61.6743 61.6893 61.7054 61.729
 61.764  61.7767 61.7927 61.8047 61.8172 61.8307 61.8596 61.8811 61.8956
 61.9125 61.9271 61.9412 61.9547 61.9692 61.9826 61.9977 62.0093 62.0251
 62.0388 62.0544 62.068  62.0794 62.0974 62.1142 62.1267 62.1398 62.1518
 62.1671 62.1827 62.1952 62.2137 62.2309 62.2477 62.2624 62.2815 62.292
 62.3058 62.3184 62.333  62.3479 62.364  62.3769 62.3997 62.4156 62.4367
 62.4539 62.4752 62.4964 62.5189 62.5333 62.5445 62.5593 62.5758 62.5889
 62.6046 62.6235 62.6386 62.6565 62.6697 62.6991 62.7261 62.7642 62.8068
 62.863  62.8835 62.9064 62.9303 62.9535 62.9758 62.997  63.0234 63.0548
 63.0961 63.1193 63.1439 63.2032 63.227  63.2611 63.2912 63.5597 63.5821
 68.9746 69.3719 69.4168 69.4532 69.4943 69.5899 69.6958 69.9027 69.936

