12.3348 13.6314 13.6779 14.3266 14.4553 14.5254 14.5463 14.5667 14.6767
 14.7344 14.7824 14.8004 14.8512 14.8775 14.9098 14.957  14.9707 14.9941
 15.0239 15.0479 15.0708 15.0869 15.0995 15.1219 15.155  15.1763 15.2097
 15.2451 15.2717 15.2877 15.3352 15.3554 15.3774 15.3953 15.4244 15.4477
 15.4653 15.4808 15.4978 15.5183 15.5393 15.5589 15.5769 15.5959 15.6211
 15.6434 15.6637 15.6934 15.7155 15.7365 15.7525 15.7671 15.7853 15.7976
 15.8171 15.8355 15.8551 15.8716 15.8995 15.9118 15.9242 15.9487 15.9704
 16.0106 16.0317 16.0606 16.0748 16.0915 16.1063 16.1219 16.1505 16.1678
 16.1919 16.212  16.2278 16.2486 16.2707 16.3023 16.3349 16.3534 16.4387
 16.4706 16.5283 16.555  16.7578 16.8263 19.1909
24.0173 24.0473 24.2169 24.2466 24.2949 24.3212 24.3509 24.4442 24.4662
 24.4841 24.522  24.5563 24.6199 24.642  24.6624 24.6848 24.6995 24.7146
 24.7376 24.7609 24.795  24.8164 24.8405 24.8663 24.8944 24.9609 24.9776
 25.0021 25.0182 25.0446 25.0615 25.0907 25.1062 25.1198 25.1358 25.1613
 25.1848 25.2038 25.2299 25.2463 25.2645 25.2796 25.3057 25.3224 25.3444
 25.3626 25.3835 25.4063 25.4249 25.4438 25.4779 25.4963 25.5117 25.5306
 25.5473 25.5648 25.5857 25.6121 25.6277 25.6454 25.6606 25.6937 25.7151
 25.745  25.7615 25.7814 25.7962 25.8142 25.8311 25.8537 25.8697 25.9009
 25.9132 25.9264 25.9404 25.9572 25.9765 25.9948 26.0166 26.0366 26.0712
 26.0867 26.1013 26.1421 26.172  26.2145 26.27   26.3706
32.585  32.7487 33.1567 33.2947 33.3756 33.5329 33.6114 33.6441 33.6938
 33.7149 33.822  33.8465 33.8653 33.8942 33.9184 33.9485 33.9685 34.0076
 34.0217 34.0756 34.0924 34.1248 34.1567 34.1747 34.2157 34.2689 34.2869
 34.3091 34.3317 34.3486 34.3754 34.3936 34.4166 34.4389 34.4612 34.5229
 34.5403 34.5627 34.5807 34.6041 34.639  34.6637 34.681  34.7127 34.7478
 34.7796 34.8463 34.878  34.907  34.9466 34.9678 34.9879 35.0147 35.0436
 35.0899 35.1186 35.1743 35.1979 35.2237 35.2529 35.287  35.3286 35.4145
 35.5227 35.5734
41.9634 41.9873 42.0275 42.0553 42.1013 42.1324 42.1589 42.1995 42.2338
 42.2902 42.3189 42.3415 42.3587 42.3929 42.4312 42.4591 42.4803 42.5116
 42.5318 42.5542 42.5856 42.607  42.6448 42.6626 42.6792 42.7025 42.7659
 42.7968 42.8175 42.8317 42.8438 42.856  42.8832 42.902  42.9219 42.9401
 42.965  42.9794 42.9942 43.0126 43.0316 43.0485 43.0714 43.0863 43.1054
 43.1204 43.1365 43.1561 43.1731 43.191  43.2113 43.2237 43.2418 43.2574
 43.2708 43.2827 43.2946 43.3119 43.3276 43.3401 43.3563 43.3791 43.3962
 43.4128 43.4311 43.4553 43.4722 43.4907 43.5056 43.5189 43.5341 43.5485
 43.5628 43.5778 43.5937 43.6157 43.6347 43.6472 43.6606 43.6805 43.6959
 43.7164 43.7301 43.7483 43.7657 43.7791 43.7918 43.8058 43.8242 43.8424
 43.8579 43.8772 43.8942 43.9099 43.9296 43.9604 43.9818 43.9996 44.0201
 44.0455 44.0951 44.1209 44.1536 44.1812 44.2281 44.2527 44.3576 44.6522
50.7019 51.4782 51.5821 51.6326 51.7273 51.7675 51.7918 51.8189 51.8758
 51.9301 51.9656 52.0103 52.0794 52.1055 52.1335 52.1523 52.1869 52.2195
 52.2356 52.2639 52.3052 52.3221 52.3442 52.3668 52.3887 52.4159 52.4331
 52.4477 52.4723 52.4868 52.5026 52.516  52.5651 52.5879 52.6338 52.654
 52.6679 52.6973 52.7172 52.7354 52.7525 52.7662 52.7835 52.7987 52.8156
 52.8395 52.8584 52.8746 52.8929 52.9112 52.9264 52.9462 52.9595 52.9719
 52.9876 53.0215 53.0387 53.0579 53.0747 53.0908 53.1067 53.124  53.1457
 53.1613 53.182  53.2118 53.2323 53.2554 53.2808 53.2963 53.3133 53.3314
 53.3475 53.3649 53.383  53.4046 53.4239 53.4392 53.4565 53.4883 53.5043
 53.5179 53.5347 53.5521 53.5774 53.5951 53.6324 53.6559 53.6809 53.7124
 53.7311 53.7619 53.7837 53.8208 53.8626 53.8933 54.0537 54.3449
60.5203 60.7416 60.8825 60.9335 60.9722 61.0013 61.0908 61.1634 61.2382
 61.2848 61.327  61.3539 61.3806 61.4027 61.4229 61.4463 61.4726 61.5068
 61.539  61.5614 61.5766 61.5912 61.6145 61.6302 61.6498 61.6678 61.6858
 61.7035 61.7203 61.734  61.7512 61.766  61.7794 61.7943 61.8122 61.8363
 61.8623 61.879  61.8952 61.9117 61.9265 61.9486 61.9645 61.9812 61.996
 62.0157 62.0337 62.0504 62.0711 62.0991 62.1157 62.1343 62.154  62.1712
 62.1845 62.2068 62.224  62.2433 62.269  62.2883 62.302  62.3145 62.3327
 62.354  62.3691 62.3893 62.4049 62.4192 62.4359 62.4559 62.4811 62.4979
 62.52   62.5468 62.5645 62.5816 62.5972 62.6201 62.6642 62.6825 62.6958
 62.7213 62.743  62.7589 62.7743 62.7888 62.8087 62.8228 62.8437 62.8686
 62.8934 62.9173 62.937  62.9556 62.9795 63.0088 63.0315 63.0452 63.0797
 63.1    63.1297 63.1804 63.2253 63.2705 69.3463 69.3995 69.5672 69.6667
 69.8953 69.9603 69.9848

