13.7796 13.9237 13.9809 14.4364 14.4896 14.5504 14.5746 14.7449 14.7803
 14.8526 14.8774 14.9667 15.0663 15.1359
22.4878 22.523  23.4965 23.5567 23.648  23.726  23.7899 23.8508 24.0683
 24.0868 24.1149 24.203  24.2828 24.3201 24.361  24.3979 24.4112 24.4712
 24.505  24.5941 24.6365
33.1866 33.5313
41.3087 41.3836 41.699  41.8027 41.847  41.9149 42.0079 42.0586 42.1248
 42.1673 42.1924 42.2572 42.4223 42.4641 42.5177 42.5635
50.9105 51.0337 51.0923 51.3679 51.4277 51.5997 51.6359 51.9005 51.9663
 52.0419 52.3368
60.5393 60.9646 61.0834 61.1214 61.1688 61.1948 61.3394 61.4437 61.4891
 61.5191 61.6363 61.7215 69.5059 69.6534 69.7618 69.8108 69.8748 69.9143
 69.9564 69.9971

