13.1916 14.5243 14.5812 14.6103 14.7645 14.8355 14.8557 14.8778 14.9371
 14.9618 15.0752 15.2141
22.6837 23.0079 23.1745 23.466  23.743  23.9457 24.1138 24.1617 24.2239
 24.3549 24.3967 24.4309 24.4809 24.5301 24.5656 24.6006 24.9288
32.1649 32.5399 32.6343 32.6636 32.7499 32.9165 32.9489 33.0254 33.0685
 33.1083 33.1363 33.1927 33.3054 33.5154 33.6189 33.8682 33.9009 39.5166
41.8096 41.9898 42.4054 42.4879 42.5301 42.5861 42.6165 42.6377 42.6799
 42.7665 42.8389 42.9584 43.0614 43.1253 49.6528 49.8077
50.7445 51.0046 51.7785 51.8867 51.9089 51.9307 51.9873 52.0314 52.1259
 52.1862 52.2534 52.2863 52.4079 52.4531 52.4972 52.5352 58.9339
60.1166 60.2653 60.7396 60.8463 61.08   61.1338 61.1997 61.2478 61.3165
 61.3566 61.3803 61.4215 61.523  61.5911 61.6535 61.6783 61.7191 69.7724

