12.9424 13.8684 14.297  14.3187 14.488  14.5097 14.5404 14.5715 14.592
 14.6341 14.6657 14.6911 14.7369 14.7983 14.816  14.8404 14.8667 14.8855
 14.9031 14.9362 14.9599 14.9947 15.0273 15.048  15.1303 15.1761 15.2206
 15.2512 15.2826 15.3032 15.3178 15.3489 15.3807 15.4178 15.4528 15.4845
 15.5319 15.5529 15.5809 15.6006 15.6227 15.6577 15.6767 15.7021 15.72
 15.7439 15.7602 15.7855 15.8486 15.8661 15.9114 15.9482 15.9846 16.0596
 16.1268 16.1874 16.2102 16.2445 16.2983 16.3555 16.3981 16.4492 16.5929
 16.6966 16.8062 16.9242 16.9826
22.0284 23.8778 23.9279 24.2121 24.3287 24.3559 24.4275 24.4864 24.5137
 24.5735 24.5908 24.6278 24.6583 24.6778 24.7088 24.7439 24.7877 24.8241
 24.8779 24.8996 24.9184 24.9393 24.9634 24.9793 25.0126 25.0348 25.0687
 25.1027 25.1259 25.1564 25.2024 25.2476 25.2817 25.3287 25.3701 25.3985
 25.427  25.4904 25.5302 25.5492 25.6006 25.6409 25.6611 25.6839 25.7386
 25.7874 25.8152 25.8472 25.8781 25.9348 25.9685 26.0561 26.1438 26.1713
 26.1939 26.3363 26.514  29.7785
32.2089 32.3411 32.6706 32.8091 33.1007 33.1437 33.2321 33.381  33.4327
 33.4666 33.493  33.5158 33.5545 33.5844 33.6028 33.6284 33.6537 33.6795
 33.71   33.7553 33.826  33.8802 33.9121 33.9304 33.9472 33.9714 33.9915
 34.0177 34.041  34.0598 34.0907 34.1439 34.1784 34.2376 34.2501 34.2989
 34.3332 34.3747 34.3988 34.4474 34.4732 34.5077 34.5328 34.5692 34.5882
 34.6212 34.6415 34.6676 34.7023 34.8112 34.8466 34.8974 34.9692 35.0112
 35.0565 35.1472 35.188  35.3364 35.5176 35.578  37.7578
41.6726 41.7616 42.1949 42.4642 42.5687 42.65   42.7139 42.7605 42.7817
 42.8024 42.8222 42.8935 42.941  42.9745 42.9984 43.0225 43.0403 43.0832
 43.1303 43.1542 43.1785 43.1998 43.2246 43.2432 43.2915 43.3169 43.3479
 43.4159 43.4467 43.4617 43.5029 43.5216 43.5377 43.5569 43.5812 43.6302
 43.6561 43.6858 43.7163 43.7415 43.7632 43.8038 43.8305 43.8663 43.8881
 43.9076 43.9314 43.952  43.9947 44.0233 44.0809 44.1105 44.1482 44.2187
 44.2403 44.2857 44.3152 44.3724 44.4588 44.5099 44.5798 44.6291 44.6661
50.9686 51.2958 51.67   51.7444 51.904  51.9867 52.0328 52.0719 52.1048
 52.1425 52.1739 52.2147 52.2377 52.3166 52.3503 52.3799 52.4245 52.4704
 52.4862 52.509  52.5928 52.6175 52.6516 52.6797 52.6996 52.7224 52.7571
 52.7754 52.8106 52.8402 52.8605 52.8885 52.9168 52.9868 53.067  53.0912
 53.1137 53.1386 53.1592 53.1765 53.2373 53.2765 53.2959 53.3328 53.3492
 53.3769 53.3969 53.4478 53.48   53.4959 53.5575 53.5902 53.6445 53.6708
 53.7131 53.8163 53.8564 53.9582 54.1001 54.2553
60.6787 60.9838 61.0302 61.1515 61.2602 61.368  61.3918 61.4463 61.5226
 61.5477 61.6467 61.6632 61.7349 61.7645 61.7846 61.8055 61.8299 61.8608
 61.8871 61.9279 61.9567 61.9893 62.0048 62.03   62.0688 62.1192 62.1359
 62.1574 62.1868 62.2061 62.2234 62.2606 62.2809 62.3054 62.3355 62.3765
 62.3955 62.4223 62.4601 62.4936 62.5499 62.5771 62.6216 62.6446 62.6611
 62.6835 62.7816 62.7987 62.8389 62.8977 62.9245 62.9787 63.02   63.0434
 63.0805 63.1077 63.1578 63.2189 63.2797 63.3039 63.3485 63.4427 63.6182
 63.7995 68.5193 69.8088

