11.02   12.8486 13.2298 13.7682 13.9616 14.0883 14.1086 14.2057 14.2384
 14.2633 14.3089 14.4703 14.5137 14.582  14.6122 14.6279 14.6546 14.6844
 14.7078 14.7252 14.7506 14.7711 14.7887 14.8104 14.8309 14.8441 14.8736
 14.893  14.9119 14.924  14.9456 14.9627 14.9782 14.9988 15.0314 15.0574
 15.0807 15.1014 15.1148 15.1329 15.1493 15.1642 15.1844 15.1975 15.2202
 15.2362 15.2566 15.2696 15.2891 15.3026 15.319  15.3356 15.3469 15.3652
 15.3804 15.3945 15.4087 15.4238 15.4408 15.4595 15.4789 15.4995 15.5154
 15.528  15.5464 15.5706 15.5836 15.6002 15.6158 15.6282 15.6478 15.6638
 15.6771 15.7063 15.7226 15.7444 15.7614 15.7951 15.8183 15.8386 15.8645
 15.8831 15.9187 15.9343 15.9639 15.9833 16.0122 16.04   16.0698 16.2239
 16.2535 16.3358 16.3594 16.8649
22.0005 22.7364 23.6544 23.6844 23.7799 23.9798 24.0584 24.119  24.1655
 24.1946 24.2331 24.2814 24.3101 24.3328 24.3539 24.4129 24.4447 24.4848
 24.514  24.5373 24.5921 24.6122 24.6318 24.647  24.6633 24.681  24.6994
 24.7155 24.7332 24.7491 24.7723 24.7901 24.818  24.8683 24.8917 24.9052
 24.924  24.9399 24.9626 24.9782 24.9987 25.021  25.0368 25.0655 25.087
 25.1043 25.1168 25.1319 25.1544 25.1723 25.1912 25.2105 25.2274 25.238
 25.2545 25.2715 25.2877 25.3058 25.3262 25.3405 25.3634 25.3828 25.4003
 25.4174 25.434  25.449  25.4697 25.4897 25.5388 25.5618 25.5876 25.6035
 25.6245 25.6476 25.67   25.7126 25.8092 25.8607 25.9297 26.0685
31.7023 32.2596 32.6691 32.7729 32.8588 32.942  33.0045 33.0263 33.0435
 33.0788 33.116  33.1475 33.1814 33.2097 33.2383 33.2809 33.3071 33.3339
 33.3507 33.3847 33.4115 33.4405 33.4746 33.4886 33.5193 33.5464 33.5791
 33.6046 33.6288 33.6526 33.6703 33.6871 33.7031 33.7297 33.7551 33.7735
 33.7899 33.8182 33.8335 33.8472 33.8613 33.8755 33.8914 33.9061 33.9223
 33.938  33.9531 33.9681 33.9813 34.0047 34.0209 34.0352 34.0497 34.0616
 34.0737 34.0934 34.1126 34.1289 34.1444 34.1585 34.1721 34.1904 34.2102
 34.2273 34.2424 34.2575 34.2698 34.2886 34.3118 34.3284 34.3468 34.3611
 34.3758 34.3904 34.4131 34.4417 34.4622 34.5048 34.5292 34.5514 34.5755
 34.6017 34.6215 34.6443 34.6722 34.6966 34.7222 34.7575 34.782  34.8503
 35.0225
40.4303 41.2127 41.5664 41.8053 41.9839 42.2359 42.2669 42.3222 42.3766
 42.408  42.4459 42.4684 42.4888 42.5082 42.5415 42.5671 42.6005 42.6336
 42.6497 42.6786 42.7038 42.7156 42.735  42.7572 42.7833 42.8087 42.8292
 42.8632 42.876  42.8963 42.9119 42.9345 42.9561 42.9821 43.0091 43.0301
 43.0489 43.0653 43.0797 43.1003 43.1195 43.1358 43.148  43.1654 43.1818
 43.1986 43.2134 43.2383 43.2595 43.28   43.2951 43.3129 43.3288 43.352
 43.3714 43.3878 43.4023 43.4218 43.438  43.4544 43.47   43.4872 43.5228
 43.5439 43.5693 43.5878 43.6267 43.6417 43.665  43.6832 43.7019 43.7295
 43.7655 43.8146 43.8379 43.8761 43.9037 43.9351 43.9639 44.0057 44.0289
 44.0753 44.1918 44.2604 44.3396 44.5147 44.5495
50.912  51.1417 51.2873 51.3373 51.5246 51.5974 51.63   51.6633 51.6866
 51.8605 51.888  51.9144 51.9454 51.9816 52.0098 52.0449 52.1041 52.1221
 52.1374 52.1645 52.2198 52.2448 52.2698 52.3092 52.3287 52.3512 52.3718
 52.3912 52.4218 52.4629 52.4893 52.5051 52.5235 52.5475 52.577  52.5929
 52.6105 52.6269 52.6405 52.6553 52.6798 52.7066 52.7364 52.7537 52.7735
 52.7964 52.8285 52.8489 52.8755 52.8887 52.9079 52.9403 52.9633 52.9826
 53.0011 53.0163 53.0295 53.0441 53.0675 53.0828 53.1047 53.1174 53.1344
 53.1493 53.1703 53.1897 53.2091 53.2216 53.2399 53.2637 53.3071 53.3499
 53.3778 53.3988 53.4224 53.4592 53.5043 53.5308 53.5525 53.5807 53.6863
 53.7588 53.8107 53.885
60.675  60.821  60.8421 60.8813 60.9307 60.9586 61.0415 61.1114 61.1604
 61.1891 61.2123 61.2295 61.247  61.3316 61.3678 61.4061 61.4391 61.4597
 61.4966 61.513  61.5291 61.5545 61.5905 61.6086 61.6262 61.6449 61.6611
 61.6738 61.6959 61.715  61.7426 61.7729 61.7937 61.8114 61.8266 61.8407
 61.858  61.8864 61.904  61.9239 61.9381 61.9578 61.9736 61.9879 62.0027
 62.0338 62.0477 62.06   62.0718 62.0943 62.1099 62.1265 62.1499 62.1631
 62.1754 62.188  62.2047 62.2184 62.2348 62.2514 62.2662 62.2803 62.2958
 62.3076 62.3265 62.3434 62.3572 62.3726 62.3913 62.4143 62.4263 62.4429
 62.4586 62.4711 62.4876 62.5128 62.5347 62.5586 62.5731 62.5975 62.617
 62.6439 62.6688 62.6867 62.7029 62.7184 62.7359 62.7613 62.7825 62.8067
 62.8333 62.8965 62.9274 63.04   63.4817 65.8749 69.5087 69.8205

