12.8926 13.1915 13.3459 13.755  13.9469 13.9935 14.0309 14.1369 14.3046
 14.343  14.4156
22.0399 23.1942 23.2884 23.4519 23.4837 23.5718 23.7764 23.81   23.8633
 23.9046 24.0066 24.0855 24.1073 24.1398
30.3791 31.4398 32.9516 33.0183 33.0389 33.1724 33.2401 33.2663 33.2833
 33.4251 33.5483
40.1169 41.0379 42.3882 42.4741 42.5649 42.5985 42.8081
51.0267 51.0483 51.2275 51.4423 51.478  51.7609 51.8608 51.9498
60.1977 60.3294 60.3623 60.5194 60.6461 60.6787 60.7404 60.8093 61.1019
 61.1708 61.21   61.2307 68.5117 69.4703 69.8436 69.8749 69.9218 69.9827

