12.9564 13.6872 13.717  13.756  13.813  13.8717 13.95   13.9947 14.0449
 14.0966 14.1427 14.1666 14.194  14.2344 14.2954 14.3566 14.3969 14.4335
 14.4637 14.4867 14.5191 14.5396 14.5547 14.5797 14.5938 14.6155 14.6631
 14.6809 14.6997 14.7171 14.7328 14.7567 14.7702 14.7893 14.8032 14.8168
 14.8325 14.8448 14.8589 14.8711 14.8884 14.9014 14.9285 14.9388 14.9519
 14.9687 14.9852 14.9985 15.0106 15.025  15.0415 15.0573 15.0717 15.089
 15.1051 15.1215 15.1369 15.1538 15.1677 15.1806 15.1965 15.2139 15.2368
 15.2515 15.2659 15.2784 15.2935 15.3132 15.3295 15.3458 15.3581 15.3735
 15.3907 15.4095 15.423  15.4355 15.4479 15.4664 15.4816 15.4995 15.5158
 15.5274 15.5416 15.5626 15.5767 15.5907 15.6043 15.6249 15.6386 15.6511
 15.6664 15.6794 15.6971 15.7125 15.7252 15.746  15.7606 15.7756 15.7905
 15.8062 15.8205 15.8335 15.8523 15.8666 15.8857 15.9062 15.9209 15.9338
 15.9535 15.9708 15.9909 16.0117 16.0342 16.0508 16.0707 16.0869 16.1051
 16.1241 16.1446 16.166  16.1805 16.2002 16.2203 16.2354 16.2617 16.2764
 16.3098 16.3507 16.3802 16.4067 16.4393 16.4551 16.4954 16.5222 16.5868
 16.6134 16.6527 16.6879 16.7091
22.2088 23.539  23.7856 23.8129 23.8522 23.8988 23.9187 23.9459 24.0304
 24.0489 24.0749 24.0992 24.1213 24.1389 24.1661 24.1898 24.2349 24.255
 24.2986 24.3204 24.3387 24.3546 24.3694 24.3885 24.4063 24.419  24.4373
 24.4554 24.4736 24.4939 24.5147 24.5499 24.5696 24.5839 24.6016 24.6178
 24.6313 24.6539 24.6746 24.6972 24.7135 24.7405 24.7594 24.7842 24.8003
 24.8143 24.833  24.8556 24.8671 24.888  24.9015 24.9171 24.9302 24.9435
 24.9573 24.9766 24.9992 25.0202 25.0339 25.0528 25.0862 25.1057 25.1308
 25.154  25.1691 25.1847 25.2016 25.218  25.2296 25.2428 25.2569 25.2802
 25.303  25.3194 25.3359 25.3548 25.3711 25.3889 25.4061 25.4192 25.4319
 25.446  25.4605 25.474  25.4897 25.508  25.5289 25.5479 25.5674 25.5831
 25.6027 25.6204 25.6385 25.6539 25.6663 25.6829 25.6988 25.7206 25.7384
 25.7524 25.7721 25.7879 25.8043 25.8284 25.8434 25.8587 25.8818 25.9018
 25.9228 25.9524 25.9794 25.9957 26.0117 26.0339 26.0638 26.0838 26.1086
 26.1375 26.1657 26.2057 26.2444 26.2672 26.2861 26.3313 26.3593 26.3834
 26.4183 26.4457 26.4891 26.5325
32.6995 33.1424 33.1619 33.1927 33.2302 33.3143 33.3523 33.4194 33.4711
 33.4971 33.5731 33.6296 33.6458 33.6622 33.6786 33.7016 33.7217 33.7415
 33.7597 33.7748 33.7971 33.8316 33.869  33.89   33.9435 33.9636 33.9838
 34.0044 34.0295 34.0457 34.0689 34.0878 34.1062 34.1228 34.1375 34.1649
 34.1888 34.2264 34.2448 34.2666 34.2857 34.319  34.3384 34.352  34.3691
 34.3911 34.4085 34.4352 34.4581 34.4867 34.5019 34.5171 34.5347 34.5513
 34.5706 34.5911 34.6072 34.6218 34.6409 34.6544 34.6772 34.6994 34.715
 34.7371 34.7605 34.7781 34.8041 34.8215 34.8411 34.8583 34.8782 34.9147
 34.9328 34.9523 35.0242 35.0438 35.063  35.0815 35.1244 35.1436 35.1889
 35.2371 35.2735 35.3298 35.3516 35.4059 35.4283 35.46   35.4905 35.5409
 35.6006 35.6863
42.0536 42.3771 42.5527 42.5722 42.6113 42.6887 42.756  42.7796 42.794
 42.8526 42.8746 42.9387 42.9647 42.993  43.0255 43.0485 43.0705 43.0957
 43.1176 43.1314 43.1462 43.1722 43.2095 43.2375 43.2725 43.2964 43.3288
 43.3459 43.3665 43.3947 43.4243 43.4417 43.4726 43.4933 43.5126 43.5253
 43.5378 43.5543 43.5722 43.5947 43.6219 43.6442 43.6626 43.6812 43.7151
 43.7297 43.7582 43.78   43.8076 43.8402 43.8742 43.8967 43.9118 43.9356
 43.9635 43.9813 43.9979 44.0159 44.0314 44.0599 44.0788 44.1055 44.1236
 44.1362 44.1493 44.1708 44.1946 44.2099 44.238  44.2609 44.2801 44.301
 44.3217 44.341  44.3616 44.3935 44.4221 44.4496 44.4687 44.4894 44.5234
 44.5586 44.6135 44.6417 44.6718 44.7455 44.7794 44.7972 44.8175 44.8989
 44.9385 45.0303 45.4669
51.475  51.8228 51.8943 51.9532 51.9935 52.0668 52.1109 52.1424 52.1727
 52.1943 52.2225 52.2492 52.2675 52.3084 52.3322 52.3551 52.3702 52.3907
 52.4032 52.4326 52.4602 52.4998 52.5277 52.5503 52.5768 52.5948 52.612
 52.6351 52.6516 52.6694 52.6863 52.7063 52.7274 52.7432 52.7606 52.775
 52.7916 52.8113 52.8282 52.8433 52.8589 52.8735 52.8924 52.9049 52.921
 52.9367 52.9557 52.9685 52.9869 53.0036 53.0255 53.0385 53.0528 53.0785
 53.0937 53.1124 53.1316 53.1473 53.1601 53.1845 53.1996 53.2207 53.2407
 53.2583 53.2753 53.2941 53.3137 53.3384 53.3519 53.3666 53.3812 53.3982
 53.4154 53.429  53.443  53.4589 53.4716 53.4888 53.5041 53.5183 53.5307
 53.5478 53.5868 53.6071 53.6211 53.6362 53.6496 53.6692 53.6961 53.717
 53.7382 53.7706 53.7857 53.8025 53.8274 53.8545 53.8784 53.894  53.9185
 53.9589 53.9817 54.0061 54.0345 54.0574 54.081  54.1194 54.1428 54.1785
 54.2078 54.2499 54.3357
60.2817 60.8745 60.9085 60.9421 60.9591 61.073  61.0941 61.1391 61.1742
 61.2234 61.2551 61.2724 61.2938 61.3124 61.3335 61.3534 61.3758 61.3963
 61.4122 61.4275 61.4386 61.4538 61.4708 61.4886 61.5035 61.5185 61.532
 61.5483 61.5726 61.5855 61.6027 61.6231 61.6439 61.6749 61.6886 61.7048
 61.7273 61.7411 61.7571 61.7716 61.7842 61.7967 61.81   61.8234 61.8335
 61.8458 61.8639 61.8838 61.8974 61.9138 61.9264 61.943  61.9542 61.9663
 61.9802 61.991  62.0046 62.015  62.0313 62.0478 62.0638 62.0787 62.0991
 62.111  62.1227 62.1351 62.1478 62.1634 62.1767 62.191  62.2081 62.2228
 62.2479 62.2619 62.2749 62.2893 62.3054 62.3228 62.3372 62.353  62.366
 62.3834 62.4027 62.4167 62.4309 62.4464 62.4643 62.4766 62.4914 62.5059
 62.5233 62.543  62.5621 62.5786 62.5943 62.6087 62.6247 62.6405 62.6593
 62.6744 62.6945 62.7118 62.7254 62.7387 62.7544 62.7673 62.7819 62.8003
 62.8168 62.8303 62.8478 62.8666 62.8831 62.8998 62.914  62.9274 62.9463
 62.9694 62.9958 63.0183 63.0388 63.0553 63.0737 63.0944 63.1124 63.1406
 63.1786 63.2088 63.2367 63.2601 63.2826 63.3202 63.3383 63.3604 63.386
 63.4174 63.4619 67.7495 69.6622 69.723

