13.1039 13.5455 13.5803 13.6505 13.7374 13.7923 13.8326 13.8569 13.9439
 13.9708 13.9989 14.0219 14.0468 14.0647 14.0811 14.0966 14.1154 14.1317
 14.1455 14.1628 14.1742 14.1858 14.2051 14.2216 14.2363 14.2498 14.2621
 14.276  14.2899 14.308  14.3234 14.3436 14.3588 14.3743 14.3848 14.3941
 14.4047 14.4193 14.4313 14.4424 14.4554 14.4684 14.4837 14.4965 14.5078
 14.5198 14.5314 14.5448 14.5567 14.5667 14.5767 14.5867 14.599  14.6083
 14.6209 14.6321 14.6426 14.6531 14.6636 14.6754 14.6861 14.699  14.7103
 14.7213 14.7331 14.7436 14.7532 14.7678 14.781  14.7933 14.8081 14.8204
 14.8324 14.8453 14.8575 14.8688 14.8803 14.8901 14.9001 14.909  14.9195
 14.9296 14.9394 14.9503 14.9602 14.9716 14.9821 14.9936 15.003  15.0138
 15.0255 15.0357 15.0466 15.0566 15.0659 15.0753 15.0843 15.0937 15.1053
 15.1163 15.1263 15.1356 15.146  15.1583 15.1681 15.1804 15.1906 15.201
 15.2138 15.2248 15.2354 15.2449 15.2555 15.2663 15.2771 15.2884 15.2989
 15.3089 15.3186 15.3301 15.3408 15.3515 15.3633 15.3739 15.3851 15.3957
 15.406  15.4186 15.4287 15.4403 15.4522 15.4631 15.475  15.4885 15.5032
 15.5171 15.5281 15.5419 15.5555 15.5686 15.5806 15.5917 15.6038 15.6192
 15.6314 15.6533 15.6675 15.6811 15.6962 15.7109 15.7257 15.739  15.7582
 15.7736 15.7928 15.8099 15.8259 15.8439 15.8624 15.8745 15.8896 15.9109
 15.9456 15.9891 16.0078 16.0529 16.1108 16.1568 16.1847 16.2201 16.3945
 16.4581
22.8627 23.1293 23.1794 23.2079 23.3984 23.5056 23.5388 23.6079 23.646
 23.6704 23.7089 23.7419 23.7775 23.8063 23.8256 23.853  23.8798 23.903
 23.9325 23.9574 23.974  23.9902 24.0082 24.0244 24.0406 24.0544 24.0684
 24.08   24.0958 24.12   24.1391 24.1571 24.1826 24.2047 24.2262 24.2367
 24.2483 24.2607 24.2733 24.29   24.3078 24.3206 24.3343 24.3503 24.3608
 24.3758 24.3919 24.4044 24.4175 24.4336 24.4463 24.4605 24.473  24.4869
 24.4988 24.511  24.5227 24.5366 24.5477 24.5643 24.5759 24.5867 24.598
 24.6117 24.6246 24.6349 24.645  24.6547 24.6652 24.6774 24.6893 24.7007
 24.7099 24.7225 24.7327 24.7444 24.7562 24.7667 24.7781 24.788  24.7976
 24.8089 24.8195 24.835  24.8464 24.8623 24.8743 24.8859 24.8962 24.906
 24.9162 24.9281 24.9383 24.9487 24.9578 24.9678 24.9786 24.9876 24.9984
 25.0088 25.0223 25.0336 25.0452 25.0554 25.0653 25.0763 25.0895 25.1
 25.1128 25.1235 25.1353 25.1476 25.159  25.1732 25.1852 25.1975 25.2091
 25.2224 25.2343 25.2486 25.2624 25.2742 25.2907 25.3089 25.3269 25.3435
 25.3572 25.3742 25.3915 25.4073 25.4268 25.4438 25.4578 25.4723 25.4951
 25.5099 25.5276 25.5445 25.5626 25.5795 25.6021 25.6227 25.6421 25.6679
 25.6971 25.7159 25.7353 25.8166 25.8424 25.9015 25.9568 25.9971
31.773  32.3734 32.6032 32.6687 32.6926 32.826  32.8682 32.917  32.9485
 32.9741 33.0058 33.028  33.1117 33.133  33.1746 33.1928 33.2149 33.2542
 33.2695 33.2869 33.3121 33.3277 33.3487 33.3652 33.381  33.3961 33.4112
 33.4363 33.4649 33.4847 33.5001 33.5137 33.5352 33.5523 33.5713 33.5998
 33.6165 33.6349 33.6532 33.6674 33.6866 33.7032 33.7221 33.7343 33.7554
 33.7738 33.7906 33.8096 33.834  33.8486 33.861  33.8739 33.8862 33.8998
 33.9106 33.9233 33.9425 33.9592 33.9741 33.9978 34.0157 34.0367 34.0523
 34.0654 34.0802 34.0941 34.1071 34.1231 34.1363 34.1506 34.1647 34.2002
 34.2155 34.2302 34.242  34.2544 34.2669 34.2835 34.2966 34.3125 34.327
 34.3522 34.3634 34.3764 34.3921 34.4093 34.4244 34.4419 34.46   34.4794
 34.4923 34.5044 34.5175 34.532  34.5605 34.5767 34.592  34.6056 34.6235
 34.6405 34.6517 34.6686 34.6834 34.698  34.7129 34.7267 34.7439 34.758
 34.7748 34.8017 34.8184 34.8365 34.8595 34.8823 34.8972 34.9226 34.9622
 34.9801 35.0006 35.0228 35.0483 35.0689 35.1575 35.3126
41.9551 41.996  42.0939 42.1522 42.2524 42.3255 42.3708 42.3986 42.4169
 42.4538 42.4692 42.5016 42.5262 42.5534 42.5755 42.5937 42.6119 42.6324
 42.6538 42.6804 42.6966 42.715  42.7306 42.754  42.7759 42.7925 42.8049
 42.8176 42.8343 42.8574 42.8747 42.8894 42.9073 42.9235 42.9371 42.95
 42.9624 42.9728 42.9833 42.9989 43.0103 43.0229 43.0348 43.0461 43.0597
 43.0765 43.0927 43.1056 43.1182 43.1307 43.1449 43.1579 43.1694 43.1813
 43.195  43.2082 43.2308 43.243  43.2586 43.2719 43.2847 43.2953 43.3073
 43.3227 43.3366 43.348  43.3623 43.3763 43.3897 43.41   43.4241 43.4384
 43.4547 43.4659 43.4784 43.489  43.4999 43.5114 43.5285 43.5442 43.5566
 43.5696 43.5858 43.5988 43.6112 43.6266 43.64   43.6533 43.6656 43.6807
 43.6947 43.7056 43.716  43.7275 43.7398 43.7518 43.7723 43.7943 43.8056
 43.8222 43.8367 43.8503 43.8652 43.8778 43.892  43.9083 43.925  43.9417
 43.9661 43.9817 43.9948 44.0083 44.025  44.0473 44.0734 44.1033 44.1279
 44.1475 44.1692 44.2017 44.2344 44.2705 44.3059 44.3383 44.3652 44.4659
 44.5769 44.6102 44.7977 45.7897
50.7168 50.9788 51.2859 51.3446 51.3769 51.5515 51.592  51.6199 51.653
 51.7003 51.7319 51.7562 51.7849 51.8058 51.8225 51.8426 51.8626 51.8935
 51.9139 51.9284 51.9406 51.9542 51.9772 51.9991 52.0176 52.0358 52.0518
 52.0649 52.0858 52.1013 52.1155 52.1296 52.1435 52.1596 52.1725 52.1844
 52.1969 52.2108 52.2331 52.2486 52.2622 52.2751 52.2901 52.3035 52.3165
 52.3286 52.3433 52.3566 52.3686 52.3797 52.3916 52.4071 52.4235 52.4349
 52.4484 52.4634 52.4743 52.4874 52.5011 52.5128 52.5267 52.5371 52.5479
 52.5593 52.5687 52.5806 52.5935 52.608  52.6201 52.6313 52.6453 52.6571
 52.6708 52.6842 52.6966 52.7071 52.7196 52.7304 52.7403 52.7512 52.7603
 52.7707 52.7837 52.8016 52.8134 52.824  52.8362 52.8464 52.8573 52.8686
 52.8812 52.8961 52.9094 52.9227 52.9352 52.9483 52.9659 52.9832 52.9972
 53.0087 53.0222 53.0402 53.0526 53.0633 53.0753 53.0875 53.0984 53.1115
 53.1232 53.1346 53.156  53.1747 53.1875 53.1986 53.2133 53.2282 53.2443
 53.2551 53.2694 53.2861 53.3014 53.3157 53.3391 53.3586 53.3766 53.3957
 53.4148 53.4265 53.4429 53.4618 53.4898 53.5169 53.5312 53.5566 53.6111
 53.6736 53.7133 53.7535 53.803  53.9452 54.1541 59.7789 59.8938
60.145  60.2374 60.2616 60.3844 60.4134 60.4484 60.4777 60.5038 60.5457
 60.5924 60.6785 60.727  60.7498 60.7682 60.8197 60.8442 60.8671 60.8846
 60.8998 60.9135 60.9336 60.9513 60.9739 61.0015 61.0177 61.037  61.0689
 61.0859 61.0989 61.1117 61.1219 61.1331 61.1506 61.1694 61.1831 61.1958
 61.2076 61.2231 61.2352 61.2471 61.2595 61.2718 61.2834 61.2956 61.3093
 61.3223 61.3357 61.3477 61.3605 61.3743 61.3885 61.4024 61.4143 61.4258
 61.4386 61.4516 61.4605 61.4744 61.487  61.499  61.5101 61.5211 61.5313
 61.543  61.5536 61.5653 61.5762 61.588  61.6023 61.6115 61.6206 61.6309
 61.6433 61.6536 61.6647 61.6778 61.6872 61.6973 61.7075 61.7185 61.7289
 61.7394 61.7519 61.7612 61.7725 61.7834 61.7945 61.8046 61.819  61.828
 61.8376 61.8468 61.8579 61.8708 61.8855 61.8961 61.9054 61.9158 61.9252
 61.9344 61.9433 61.9536 61.9643 61.9753 61.9858 61.9966 62.0063 62.0197
 62.0313 62.0399 62.0494 62.0603 62.0698 62.0808 62.0915 62.1017 62.1115
 62.1206 62.1305 62.1411 62.1509 62.1618 62.1726 62.1847 62.1995 62.2127
 62.224  62.233  62.2437 62.253  62.2636 62.2755 62.2886 62.2988 62.3116
 62.3247 62.3377 62.3506 62.3645 62.38   62.3965 62.4084 62.4211 62.439
 62.4517 62.4637 62.4794 62.4919 62.5092 62.5281 62.5448 62.5602 62.5958
 62.6135 62.6335 62.6572 62.6758 62.6947 62.725  62.7521 62.7694 62.7868
 62.8166 62.867  62.915  62.9533 67.6719 68.8578 69.0458 69.2219 69.3516
 69.7698 69.9198 69.9863

