12.8335 13.3607 13.4257 13.4935 13.535  13.7009 13.7335 13.8122 13.8772
 13.9895 14.0136 14.0415 14.0744 14.1195 14.1423 14.1989 14.2163 14.2387
 14.2685 14.2911 14.3354 14.357  14.3829 14.4037 14.4228 14.4417 14.4615
 14.481  14.5071 14.5204 14.5489 14.5745 14.5937 14.6131 14.63   14.6454
 14.6587 14.6701 14.6845 14.6986 14.7328 14.7473 14.7597 14.7715 14.7913
 14.808  14.8236 14.8362 14.8518 14.8638 14.875  14.8884 14.8993 14.9101
 14.9243 14.9397 14.9598 14.971  14.9831 14.9948 15.0069 15.021  15.0324
 15.0442 15.0545 15.0656 15.0785 15.0883 15.0997 15.1118 15.1246 15.1509
 15.1635 15.1818 15.1941 15.2061 15.2192 15.2391 15.2552 15.2695 15.2816
 15.2938 15.3103 15.3216 15.3326 15.3435 15.3631 15.3759 15.3938 15.406
 15.4203 15.4385 15.4582 15.4792 15.494  15.5069 15.5185 15.5351 15.55
 15.5694 15.5856 15.6058 15.6182 15.637  15.6544 15.6721 15.6986 15.7113
 15.7229 15.7366 15.7625 15.7807 15.7941 15.8149 15.8324 15.8545 15.8882
 15.9143 15.9401 15.9549 15.9799 16.0039 16.0392 16.0586 16.0899 16.1108
 16.1366 16.1567 16.1749 16.2038 16.2318 16.2606 16.2831 16.3073 16.3336
 16.3609 16.4247 16.4898 16.5487 16.616  16.7438 19.3405
22.3659 23.6019 23.6294 23.7302 23.7764 23.8129 23.8531 23.8773 23.9156
 23.9458 23.9959 24.0109 24.0385 24.0751 24.1336 24.151  24.1694 24.2027
 24.2376 24.2544 24.2893 24.3103 24.3252 24.3382 24.3556 24.374  24.3918
 24.4099 24.4244 24.4464 24.4616 24.478  24.494  24.5157 24.5274 24.5387
 24.554  24.5676 24.5819 24.6011 24.6248 24.6395 24.6526 24.6684 24.6832
 24.7029 24.7165 24.7352 24.747  24.7618 24.7793 24.8046 24.8256 24.8397
 24.8548 24.8801 24.8962 24.9111 24.9302 24.9494 24.9633 24.9783 24.9957
 25.0089 25.0247 25.0404 25.0526 25.063  25.0793 25.0943 25.1076 25.1242
 25.1388 25.1584 25.1806 25.2068 25.2245 25.2507 25.2867 25.3054 25.3255
 25.3565 25.3723 25.3946 25.4269 25.4416 25.4673 25.4836 25.4992 25.5198
 25.5341 25.55   25.5648 25.5808 25.5988 25.6215 25.6396 25.6608 25.693
 25.7208 25.7563 25.7848 25.8203 25.8439 25.8773 25.9133 25.9573 25.9764
 26.0045 26.0466 26.081  26.1188 26.2007 26.3349
32.3954 33.174  33.2629 33.2918 33.3203 33.3439 33.3736 33.3904 33.4929
 33.5136 33.5344 33.562  33.6164 33.6507 33.6705 33.6926 33.7167 33.7468
 33.7642 33.8186 33.8486 33.8725 33.8895 33.9114 33.9258 33.9402 33.9529
 33.9723 34.0059 34.0385 34.0585 34.0746 34.096  34.12   34.1394 34.158
 34.1795 34.1969 34.209  34.2241 34.2534 34.2704 34.3028 34.3357 34.3567
 34.3728 34.3957 34.4126 34.4438 34.4575 34.4747 34.4938 34.5227 34.5455
 34.5675 34.584  34.5998 34.6236 34.6498 34.6696 34.7076 34.7337 34.7656
 34.7796 34.7979 34.8225 34.8456 34.8694 34.8991 34.9177 34.9328 34.9641
 35.0377 35.0619 35.0994 35.1342 35.1892 35.3171 35.3452 35.3819 35.4152
 35.5269 35.5903 35.618  36.0083
41.8016 42.2098 42.3344 42.4991 42.5514 42.5709 42.6    42.6303 42.6542
 42.6902 42.7198 42.7578 42.7792 42.8056 42.8386 42.8734 42.9075 42.9356
 42.9596 42.9724 42.9862 43.0072 43.0422 43.0608 43.0781 43.0997 43.1218
 43.1549 43.1794 43.1968 43.2117 43.2298 43.2482 43.2686 43.2866 43.3024
 43.3215 43.3364 43.3551 43.3772 43.394  43.4081 43.4269 43.4501 43.466
 43.4809 43.499  43.5267 43.5435 43.5618 43.575  43.5872 43.6032 43.6227
 43.6438 43.6593 43.6752 43.7067 43.7327 43.7733 43.7916 43.8164 43.8312
 43.8501 43.8636 43.8898 43.9233 43.9546 43.9729 44.0181 44.0323 44.0509
 44.0692 44.0845 44.1166 44.1399 44.1594 44.1737 44.208  44.2274 44.2717
 44.2895 44.3064 44.3417 44.3793 44.4017 44.4368 44.4573 44.4794 44.4975
 44.5138 44.5457 44.5637 44.6059 44.6697 44.7019 44.7557 44.9388 45.0176
 48.27   49.3237
50.2483 50.5719 51.1887 51.3407 51.5028 51.5557 51.6409 51.7646 51.7924
 51.8286 51.87   51.9203 51.9402 51.9569 51.9747 52.0105 52.0429 52.0697
 52.0913 52.1124 52.1311 52.1848 52.2035 52.2312 52.2527 52.2702 52.2937
 52.3145 52.3355 52.3574 52.3779 52.3992 52.4144 52.4277 52.4442 52.4585
 52.4826 52.5    52.5171 52.5385 52.5558 52.5737 52.5913 52.6173 52.6369
 52.6508 52.6679 52.6813 52.6944 52.7077 52.7202 52.737  52.7495 52.7713
 52.7868 52.7997 52.811  52.8251 52.8406 52.8584 52.8768 52.8916 52.9173
 52.9317 52.9475 52.9624 52.9782 52.9948 53.0115 53.0271 53.0398 53.0547
 53.0796 53.0963 53.1126 53.1278 53.1459 53.1627 53.1878 53.1988 53.2165
 53.2301 53.2438 53.26   53.2735 53.2904 53.3084 53.3269 53.341  53.3586
 53.3853 53.406  53.424  53.4477 53.4716 53.4873 53.5098 53.5349 53.5766
 53.5937 53.6285 53.6523 53.7127 53.745  53.7813 53.8166 53.8435 53.8596
 53.8831 53.9116 53.9545 53.985  54.0236 54.0687 54.1359 54.1823 54.2514
 57.0315
60.4271 60.6276 60.6689 60.7615 60.8348 60.8508 60.8846 60.9171 60.941
 60.9909 61.0132 61.0479 61.0636 61.0787 61.0943 61.13   61.1554 61.1756
 61.1919 61.2159 61.2369 61.256  61.2705 61.2883 61.3225 61.3422 61.3582
 61.3776 61.4064 61.4194 61.4327 61.4476 61.4594 61.4764 61.4947 61.5116
 61.5241 61.5379 61.5589 61.5721 61.5827 61.5957 61.6129 61.6251 61.6367
 61.6539 61.667  61.6792 61.6901 61.7005 61.7155 61.731  61.745  61.7612
 61.7781 61.7892 61.8058 61.8184 61.8318 61.845  61.8579 61.8705 61.8813
 61.8947 61.9083 61.9208 61.9335 61.9448 61.9611 61.9777 61.9942 62.0064
 62.019  62.0326 62.0474 62.0635 62.0804 62.0927 62.109  62.1238 62.138
 62.1491 62.1626 62.1744 62.1839 62.1996 62.2258 62.243  62.2583 62.2725
 62.2841 62.296  62.3077 62.3301 62.3452 62.3623 62.3811 62.404  62.423
 62.4417 62.4564 62.4784 62.4988 62.5256 62.544  62.5628 62.581  62.5948
 62.6121 62.6254 62.6446 62.6679 62.6912 62.7112 62.7358 62.7519 62.7679
 62.7826 62.8025 62.8193 62.8418 62.8758 62.9034 62.9321 62.9601 63.0054
 63.0388 63.0595 63.0794 63.1017 63.3016 63.3305 69.0998 69.3049 69.945

