11.8705 12.0959 12.8741 13.3669 13.5706 13.6327 13.6593 13.7115 13.7277
 13.7609 13.7806 13.8093 13.8299 13.8762 13.9096 13.9423 13.9671 14.0354
 14.0599 14.1135 14.1554 14.1685 14.1901 14.2167 14.2322 14.247  14.2632
 14.2955 14.3152 14.3785 14.3947 14.4198 14.432  14.453  14.4793 14.4931
 14.5049 14.5363 14.5595 14.5833 14.6018 14.6268 14.661  14.6826 14.7113
 14.7223 14.7533 14.7716 14.7877 14.8199 14.8855 14.897  14.9147 14.9344
 14.9551 14.9956 15.0463 15.0796
22.61   23.1325 23.194  23.2724 23.3247 23.3766 23.46   23.5322 23.5938
 23.6133 23.6331 23.6637 23.686  23.7194 23.8076 23.8303 23.8629 23.8811
 23.9139 23.945  23.9801 23.9962 24.0238 24.0594 24.0928 24.1394 24.1596
 24.1738 24.1927 24.211  24.2283 24.2758 24.3026 24.3208 24.3427 24.3618
 24.3887 24.4121 24.4376 24.4516 24.466  24.5011 24.5378 24.5548 24.6258
 24.657  24.6804 24.6992 24.8447
31.1398 32.4794 32.6374 32.9086 32.9687 33.0538 33.127  33.1547 33.2288
 33.2867 33.3721 33.4173 33.4962 33.5197 33.542  33.5789 33.6736 33.7141
 33.7782 33.8011 33.8189 33.8337 33.8889 33.9427 33.9609 33.9767 34.0664
 34.2055
41.4461 41.5748 41.9738 42.2284 42.3007 42.3629 42.4135 42.4883 42.5245
 42.5862 42.6261 42.6626 42.6757 42.7047 42.736  42.7585 42.7725 42.7865
 42.8047 42.8366 42.8581 42.9037 42.9414 42.9571 42.9711 43.0053 43.0321
 43.0457 43.0723 43.0924 43.1067 43.1215 43.1454 43.1608 43.189  43.2417
 43.2734 43.311  43.3288 43.3632 47.432  48.6969
50.1729 50.5461 50.6346 51.2464 51.2925 51.3887 51.4313 51.4565 51.5738
 51.625  51.6487 51.6683 51.7036 51.7237 51.8003 51.8496 51.9167 52.0141
 52.0326 52.0582 52.0809 52.1185 52.1455 52.1639 52.1908 52.215  52.2301
 52.2466 52.2608 52.2753 52.292  52.3013 52.316  52.3346 52.3509 52.3643
 52.3881 52.4067 52.4249 52.4509 52.4842 52.4951 52.5077 52.6672 58.3688
 58.5832 59.3869 59.7549 59.839
60.0689 60.1701 60.3336 60.4383 60.631  60.7004 60.7229 60.7449 60.7952
 60.8383 60.8598 60.8723 60.9099 60.9336 60.946  60.9843 61.0324 61.0668
 61.0835 61.1044 61.1254 61.145  61.1947 61.212  61.2398 61.2608 61.2805
 61.2991 61.3205 61.3616 61.3981 61.4247 61.445  61.4637 61.4805 61.5016
 61.5178 61.537  61.5599 61.5829 61.605  61.6173 61.6299 61.6439 61.6698
 61.6925 61.7312 61.7544 61.7732 68.7432 69.4816 69.5235 69.5687 69.866

