12.1979 12.4889 13.5833 13.803  13.939  14.0104 14.0608 14.1111 14.1787
 14.2316 14.2628 14.2982 14.3819 14.4037 14.4463 14.4657 14.4847 14.5078
 14.5224 14.5358 14.5583 14.5736 14.5888 14.6026 14.617  14.6418 14.656
 14.6724 14.6869 14.7015 14.7311 14.7497 14.7624 14.7777 14.7975 14.8127
 14.8226 14.8359 14.8485 14.8641 14.8776 14.8904 14.904  14.9187 14.9358
 14.9492 14.9616 14.9798 14.9932 15.009  15.0217 15.0391 15.0537 15.0697
 15.0861 15.1027 15.1189 15.1299 15.143  15.1558 15.1696 15.1894 15.2019
 15.2152 15.2286 15.2439 15.259  15.2706 15.2843 15.2966 15.3148 15.3338
 15.3487 15.3591 15.3696 15.3826 15.3952 15.4078 15.4197 15.4341 15.4458
 15.4592 15.4725 15.4907 15.5052 15.5235 15.5463 15.5668 15.5809 15.5964
 15.6086 15.6212 15.6313 15.6436 15.6585 15.6712 15.683  15.6968 15.7099
 15.7262 15.7412 15.7569 15.7755 15.7879 15.8047 15.8209 15.8422 15.8574
 15.8747 15.8872 15.9066 15.9266 15.9409 15.958  15.981  15.9947 16.0112
 16.0304 16.0469 16.0819 16.1004 16.1166 16.1345 16.1527 16.1755 16.2165
 16.2368 16.2585 16.2808 16.3147 16.3533 16.3739 16.4174 16.4769 16.5133
 16.5485 16.7304 16.7852 16.8268 16.9548 17.0015
20.1537 23.0396 23.1437 23.2099 23.3567 23.3851 23.5195 23.6439 23.7284
 23.7566 23.7783 23.8093 23.8778 23.9004 23.936  23.9591 24.0221 24.0422
 24.0652 24.0838 24.1064 24.1257 24.1461 24.1668 24.1894 24.2045 24.2252
 24.243  24.2601 24.2777 24.2978 24.311  24.3219 24.3362 24.3527 24.3654
 24.3836 24.3964 24.4121 24.4256 24.4379 24.4508 24.4641 24.4772 24.4895
 24.5013 24.5136 24.5293 24.5407 24.5554 24.5794 24.5931 24.6064 24.6187
 24.6295 24.6398 24.6544 24.6686 24.6833 24.692  24.7046 24.7154 24.727
 24.7367 24.7461 24.7572 24.7687 24.7814 24.7921 24.807  24.8197 24.8324
 24.8474 24.8613 24.8746 24.8895 24.9011 24.9144 24.9256 24.9378 24.9559
 24.9715 24.986  24.9995 25.0132 25.0233 25.0331 25.0437 25.0553 25.065
 25.0801 25.091  25.1075 25.1245 25.1361 25.1473 25.1585 25.1693 25.1805
 25.1921 25.2048 25.2167 25.2304 25.2416 25.26   25.2717 25.2847 25.2976
 25.3103 25.3257 25.3376 25.3507 25.3703 25.3909 25.4074 25.4207 25.4363
 25.4516 25.4689 25.4858 25.4992 25.5143 25.5332 25.5589 25.5835 25.604
 25.6341 25.6542 25.6959 25.7176 25.7453 25.7622 25.7966 25.824  25.8559
 25.892  25.9181 26.0007 26.0297 26.1029 26.1319 26.284  26.4127 26.6415
32.3414 32.4403 32.6348 33.0599 33.0891 33.1107 33.2946 33.3499 33.3738
 33.4017 33.4362 33.4573 33.5081 33.5368 33.5659 33.5858 33.608  33.6278
 33.6609 33.6826 33.7119 33.7283 33.7585 33.7792 33.7965 33.8172 33.8373
 33.8529 33.8699 33.889  33.9053 33.9187 33.9347 33.951  33.9691 33.988
 34.0012 34.0161 34.0331 34.0522 34.0659 34.0773 34.0891 34.1024 34.1253
 34.1429 34.1598 34.1737 34.1973 34.2088 34.2323 34.2512 34.2716 34.2839
 34.3016 34.3211 34.3362 34.3652 34.3778 34.398  34.4126 34.4349 34.4486
 34.4694 34.4891 34.5053 34.5183 34.5337 34.5533 34.5656 34.5829 34.6035
 34.6251 34.6443 34.6616 34.6868 34.7052 34.7253 34.7487 34.7817 34.7996
 34.8226 34.867  34.8837 34.8996 34.9458 35.0064 35.0307 35.0657 35.1209
 35.1409 35.1763 35.2214 35.2385 35.2765 35.3214 35.4406
40.5402 41.3258 41.6446 41.6947 42.1927 42.2866 42.4614 42.5133 42.5472
 42.5767 42.6478 42.6717 42.6935 42.7175 42.7341 42.7701 42.7895 42.8172
 42.8447 42.8579 42.8724 42.8937 42.9138 42.9303 42.9542 42.9704 42.9917
 43.0155 43.0348 43.0495 43.0624 43.0778 43.0904 43.1146 43.1301 43.1492
 43.1637 43.1796 43.1957 43.2135 43.2425 43.2579 43.2889 43.3039 43.341
 43.3627 43.382  43.4016 43.4183 43.4347 43.4514 43.4656 43.4814 43.4976
 43.5139 43.5276 43.5423 43.5593 43.5725 43.5862 43.6048 43.6168 43.6305
 43.6435 43.6954 43.7202 43.742  43.7566 43.7734 43.7888 43.8162 43.8521
 43.8771 43.8993 43.9244 43.9536 43.9747 43.9932 44.0264 44.0724 44.092
 44.1939 44.2293 44.3017 44.3343 44.3709 44.4135 45.0181 48.3876 49.275
50.7141 51.4159 51.4797 51.5015 51.5633 51.6347 51.6804 51.7254 51.7865
 51.8305 51.849  51.8637 51.8924 51.9241 51.9409 51.9587 51.9808 51.998
 52.0232 52.0378 52.0587 52.0793 52.101  52.1172 52.132  52.1643 52.1796
 52.194  52.2107 52.2255 52.2389 52.2603 52.2756 52.2966 52.3125 52.3284
 52.3469 52.3623 52.3724 52.389  52.4057 52.4259 52.448  52.4661 52.4866
 52.5032 52.5174 52.5326 52.549  52.5616 52.5746 52.5875 52.5998 52.6121
 52.6256 52.6386 52.6535 52.6714 52.6919 52.7069 52.7205 52.7353 52.749
 52.7629 52.7802 52.7993 52.8141 52.8305 52.8456 52.8585 52.8695 52.8839
 52.9003 52.9159 52.9352 52.9524 52.9668 52.9805 52.9973 53.0127 53.0339
 53.0479 53.0634 53.0824 53.0976 53.1096 53.1242 53.1424 53.158  53.1789
 53.1968 53.2116 53.2398 53.2575 53.275  53.2952 53.3129 53.3285 53.3426
 53.3579 53.3718 53.3873 53.4118 53.4284 53.459  53.4816 53.508  53.5258
 53.5499 53.5758 53.6235 53.6441 53.6628 53.6854 53.7249 53.7467 53.7976
 53.8396 54.0349 54.1094 58.7317
60.2778 60.5248 60.5651 60.5936 60.6434 60.6688 60.6886 60.7542 60.788
 60.8074 60.8413 60.8654 60.88   60.9042 60.9246 60.9405 60.9586 60.9802
 61.0142 61.0278 61.0404 61.0558 61.0677 61.0819 61.0954 61.1116 61.1313
 61.1459 61.1598 61.1716 61.1842 61.1959 61.2108 61.2255 61.2386 61.2527
 61.2661 61.2779 61.2918 61.3059 61.3191 61.3332 61.3482 61.3601 61.3693
 61.3797 61.3918 61.4036 61.4175 61.4316 61.45   61.4612 61.4772 61.4888
 61.5    61.5115 61.5214 61.5373 61.5467 61.5569 61.5669 61.5804 61.5907
 61.6006 61.6103 61.6202 61.6303 61.6428 61.6539 61.6663 61.6762 61.6883
 61.7008 61.7123 61.7223 61.7314 61.7431 61.7533 61.7644 61.7745 61.7836
 61.7929 61.8051 61.8151 61.8237 61.8326 61.8439 61.8531 61.8631 61.8729
 61.883  61.8948 61.906  61.9166 61.9283 61.9404 61.9598 61.9743 61.9888
 62.0006 62.0134 62.0247 62.0357 62.0467 62.0574 62.0697 62.0808 62.097
 62.1108 62.1229 62.1354 62.1467 62.1567 62.1697 62.1811 62.1936 62.2048
 62.2163 62.2266 62.239  62.2508 62.262  62.2744 62.2902 62.3026 62.3139
 62.3262 62.337  62.3486 62.3603 62.3709 62.3844 62.3972 62.4097 62.4207
 62.4327 62.4448 62.4572 62.4732 62.4867 62.5002 62.5159 62.5296 62.5428
 62.5596 62.5751 62.594  62.6151 62.635  62.6545 62.6745 62.6994 62.7234
 62.7491 62.7697 62.7874 62.8078 62.8288 62.8638 62.8919 62.9172 62.9607
 62.9809 63.0244 63.0563 63.0937 63.1679 63.2103 63.3854 67.2833 69.8072

