11.6755 12.6297 12.9163 13.5113 13.645  13.6778 13.9158 13.9383 13.9826
 14.0106 14.032  14.114  14.1651 14.1889 14.2116 14.2735 14.3141 14.335
 14.3677 14.4398 14.4659 14.4902 14.5125 14.5329 14.5938 14.6459 14.6934
 14.708  14.7267 14.7423 14.758  14.7988 14.8207 14.8327 14.86   14.8776
 14.9028 14.9284 14.9517 14.9777 15.0411
22.8812 22.9742 23.1203 23.2882 23.3106 23.3367 23.3906 23.5589 23.5966
 23.6419 23.6827 23.7315 23.7543 23.7932 23.8228 23.8408 23.8576 23.8875
 23.9242 23.9472 23.9687 24.0191 24.0457 24.0633 24.0763 24.1051 24.14
 24.159  24.183  24.2188 24.2338 24.2685 24.2983 24.3251 24.3538 24.3817
 24.4208 24.4529 24.4739 24.4904 24.5274 24.5603 24.6217 24.6592 24.6813
31.0069 32.6268 32.8386 32.8671 32.9319 32.9712 33.2053 33.2418 33.3288
 33.3802 33.4102 33.4344 33.4997 33.5413 33.5989 33.6487 33.6817 33.7075
 33.7422 33.7943 33.8188 33.8777 33.9574 34.053  34.0757
40.7608 41.1647 41.9671 42.0096 42.0749 42.1138 42.1508 42.1992 42.2446
 42.2656 42.3108 42.4388 42.4555 42.4784 42.5244 42.5894 42.6472 42.7004
 42.7187 42.7317 42.7513 42.9473 42.9856 43.084
50.787  51.295  51.4089 51.4568 51.5196 51.5874 51.6508 51.6874 51.759
 51.7932 51.8455 51.8839 51.9178 51.9637 51.9839 52.0835 52.1051 52.1285
 52.1404 52.1655 52.1974 52.2156 52.2396 52.3432 52.3765
60.0415 60.1408 60.4236 60.4674 60.5683 60.5869 60.6355 60.663  60.6823
 60.722  60.7671 60.8103 60.8539 60.8749 60.8911 60.9216 60.9334 60.9623
 60.9947 61.0149 61.0299 61.0446 61.0711 61.0975 61.1673 61.183  61.1943
 61.2203 61.2594 61.2709 61.2897 61.3124 61.3353 61.3485 61.3752 61.3998
 61.4175 61.4352 61.5615 61.5952 61.6765 61.7073 61.7247 68.4348 68.8222
 69.4735 69.6102 69.6958 69.7198 69.867

