13.7488 14.0628 14.2404 14.3326 14.4396 14.5069 14.6248 14.6637 14.7687
 14.8345 14.9732 15.1306
22.9191 23.6023 23.7216 23.917  23.9533 24.1053 24.1628 24.3509 24.4346
 24.6397 24.6912 24.7146
31.5795 32.1865 32.3291 32.5199 32.6026 32.7258 32.9357 33.0449 33.2149
 33.3446
41.2811 41.5008 41.7205 41.8204 42.1248 42.1888 42.3062 42.4575 49.8085
51.2868 51.4299 51.5382 51.6294 51.8596 52.0242 52.1373 52.2174 52.263
60.1866 60.3284 61.0376 61.0988 61.1719 61.2753 61.4073 61.4717 61.6238
 61.6936 61.7774 61.8367 61.9362 69.1792 69.5709 69.5922 69.7418 69.7922
 69.9515

