13.4755 13.5588 13.9054 13.9547 13.9826 14.0497 14.0735 14.1174 14.1627
 14.1896 14.3297 14.3899 14.4066 14.4287 14.4515 14.4757 14.4869 14.5663
 14.6093 14.6476 14.6649 14.6896 14.7083 14.7236 14.7394 14.7522 14.7735
 14.7861 14.8076 14.8216 14.8357 14.8462 14.8573 14.8753 14.8935 14.9084
 14.9205 14.9434 14.9576 14.9764 14.9937 15.0261 15.035  15.052  15.0757
 15.087  15.1071 15.1336 15.1574 15.1746 15.1853 15.2023 15.2168 15.2655
 15.2976 15.3199 15.3319 15.3576 15.3908
22.7205 23.2134 23.2825 23.5349 23.6934 23.8028 24.1255 24.1415 24.2917
 24.3175 24.3659 24.3855 24.455  24.4794 24.497  24.5274 24.5492 24.5723
 24.5943 24.6122 24.6595 24.6798 24.7032 24.7264 24.7448 24.7676 24.8083
 24.8508 24.8856 24.9342 24.9569 24.9732 24.9958
33.3889 33.5455 33.5817 33.7584 33.8423 33.8725 34.0689
40.5634 41.38   41.4772 41.6956 41.831  42.0092 42.0312 42.0834 42.1019
 42.1408 42.1672 42.2296 42.2484 42.3019 42.3319 42.346  42.4079 42.4363
 42.4953 42.5104 42.5282 42.5434 42.5587 42.5714 42.5909 42.6047 42.6294
 42.6445 42.6555 42.6698 42.7013 42.7146 42.7299 42.7485 42.767  42.7916
 42.8262 42.838  42.8589 42.8819 42.9359 42.986  43.0034 43.015  43.0266
 43.0398 43.0526 43.0667 43.0784 43.0927 43.1106 43.1295 43.1558 43.1873
 43.2024 43.2449 43.3114 43.3815 43.4034 43.459  43.5393
50.9773 51.3408 51.3906 51.5406 51.595  51.6184 51.634  51.7206 51.7649
 51.8742 51.9578 51.9767 51.9937 52.0163 52.0479 52.0653 52.0912 52.1114
 52.1567 52.1703 52.184  52.2179 52.247  52.2624 52.2931 52.3082 52.3218
 52.3369 52.3594 52.3751 52.3915 52.403  52.4235 52.4413 52.4612 52.4842
 52.5035 52.5272 52.5502 52.57   52.5906 52.6016 52.6166 52.631  52.6427
 52.6585 52.6705 52.7029 52.7209 52.7483 52.7821 52.8099 52.8503 52.9067
 52.939  59.1144 59.2178
60.6117 61.1772 61.2377 61.4704 61.5349 61.6235 61.6475 61.6784 61.6999
 61.7601 61.7787 61.8187 61.9406 61.9812 62.0059 62.164  66.1768 69.2966
 69.5187 69.8402 69.8657 69.8907

