13.2945 13.4119 13.6654 13.7796 13.9184 13.9873 14.0169 14.0947 14.1325
 14.1783 14.2251 14.2433 14.2686 14.3255 14.3505 14.3919 14.4158 14.4548
 14.4809 14.5069 14.5259 14.5448 14.5603 14.5763 14.5943 14.6121 14.6328
 14.6522 14.6704 14.6881 14.7145 14.7287 14.7417 14.7592 14.7729 14.7849
 14.8007 14.8148 14.8267 14.8419 14.857  14.8709 14.8844 14.8993 14.9118
 14.9257 14.9361 14.9469 14.9587 14.971  14.9828 14.9977 15.0099 15.0199
 15.0318 15.0418 15.0526 15.0636 15.0729 15.0835 15.0936 15.1052 15.117
 15.1292 15.1402 15.1498 15.1599 15.1709 15.1856 15.1957 15.2052 15.2161
 15.2273 15.2373 15.2483 15.2577 15.268  15.2785 15.2875 15.2976 15.3082
 15.3179 15.327  15.337  15.3493 15.3615 15.3717 15.382  15.3914 15.4032
 15.4141 15.4241 15.4335 15.4425 15.4523 15.4619 15.4733 15.4839 15.4936
 15.5025 15.5118 15.522  15.5336 15.5437 15.5543 15.5658 15.5751 15.584
 15.5929 15.6038 15.6128 15.6207 15.6295 15.6406 15.6487 15.6585 15.667
 15.677  15.6859 15.6949 15.7038 15.7123 15.7226 15.7328 15.7414 15.7502
 15.7597 15.7681 15.777  15.7858 15.7961 15.8058 15.8141 15.8231 15.8326
 15.8413 15.8498 15.8582 15.8686 15.8777 15.887  15.8957 15.9042 15.9136
 15.9226 15.9313 15.9403 15.9495 15.958  15.9679 15.9776 15.9872 15.9967
 16.0054 16.0143 16.0238 16.0356 16.0452 16.0541 16.0634 16.0725 16.0817
 16.0906 16.1004 16.1114 16.1209 16.1312 16.1417 16.151  16.1592 16.1702
 16.1803 16.1904 16.2013 16.2106 16.2209 16.2308 16.2399 16.2492 16.2588
 16.2682 16.2784 16.2877 16.2968 16.306  16.3162 16.3278 16.3377 16.3487
 16.3594 16.3703 16.3804 16.3906 16.4002 16.4098 16.4195 16.4297 16.4397
 16.4486 16.4602 16.4717 16.4814 16.4909 16.501  16.5113 16.5231 16.5334
 16.5434 16.5552 16.5674 16.5805 16.5946 16.6066 16.6197 16.6302 16.6415
 16.6516 16.6638 16.6756 16.6868 16.6971 16.7087 16.7231 16.7367 16.7487
 16.7603 16.7743 16.7894 16.8075 16.8219 16.8476 16.8641 16.8948 16.9228
 16.9622 17.0551 17.0937 17.1408
20.9346 22.2838 22.8769 23.3193 23.9618 24.0758 24.1609 24.1929 24.2473
 24.2749 24.2943 24.3352 24.3751 24.4112 24.4392 24.4613 24.4859 24.5034
 24.5212 24.5449 24.5589 24.5826 24.6033 24.6225 24.6544 24.6799 24.6973
 24.7165 24.7328 24.7477 24.7618 24.7813 24.7971 24.8143 24.8313 24.8455
 24.8764 24.8945 24.9069 24.9201 24.9363 24.9578 24.9782 24.9932 25.0105
 25.0246 25.0392 25.053  25.0664 25.0785 25.0923 25.1094 25.1305 25.1443
 25.1558 25.1721 25.187  25.1995 25.2165 25.2286 25.2385 25.2535 25.2687
 25.285  25.2975 25.3146 25.3303 25.3481 25.3636 25.3785 25.3905 25.4061
 25.4222 25.4379 25.4525 25.4658 25.483  25.4963 25.5109 25.5247 25.5374
 25.5495 25.5625 25.5748 25.5891 25.5994 25.609  25.6229 25.6375 25.6493
 25.6606 25.6743 25.6856 25.6992 25.7118 25.7228 25.7359 25.7461 25.7579
 25.7756 25.7868 25.8001 25.8132 25.8261 25.8397 25.8528 25.8662 25.8787
 25.8926 25.9064 25.9197 25.9372 25.9496 25.9699 25.9927 26.0069 26.0233
 26.0421 26.0584 26.0736 26.0893 26.1039 26.1244 26.1436 26.1628 26.1757
 26.188  26.206  26.2206 26.2384 26.255  26.2706 26.2925 26.3094 26.3228
 26.3441 26.3787 26.3966 26.421  26.4378 26.4686 26.5383
32.5428 33.3344 33.4603 33.5245 33.5777 33.6167 33.6452 33.7072 33.7734
 33.8201 33.8441 33.8627 33.8816 33.8997 33.9909 34.0124 34.0384 34.055
 34.0725 34.0859 34.1028 34.1193 34.1734 34.1872 34.2088 34.2255 34.2603
 34.2754 34.2999 34.3304 34.3498 34.3779 34.3954 34.4134 34.4419 34.4571
 34.4758 34.4935 34.5549 34.5699 34.5852 34.6106 34.6253 34.638  34.6656
 34.6911 34.7111 34.7254 34.7471 34.7659 34.7784 34.7993 34.816  34.8337
 34.8473 34.8832 34.9059 34.9271 34.9508 34.9718 34.9953 35.014  35.0443
 35.104  35.1492 35.2655 35.3197 35.3617 35.3906 35.4633 35.6901
41.2367 41.4099 41.5017 41.6009 41.7558 42.1155 42.1464 42.1635 42.2248
 42.2424 42.2638 42.2847 42.3019 42.334  42.3849 42.4055 42.4218 42.4326
 42.4529 42.4826 42.5106 42.5462 42.5633 42.5851 42.6043 42.6268 42.6547
 42.6691 42.6853 42.6996 42.7272 42.742  42.755  42.7682 42.7831 42.7965
 42.8071 42.8205 42.8327 42.8441 42.8545 42.8667 42.8776 42.8909 42.9008
 42.9099 42.9191 42.9283 42.9379 42.9489 42.9594 42.9705 42.9821 42.9944
 43.0064 43.0181 43.0283 43.0423 43.0532 43.0626 43.0715 43.0812 43.0905
 43.1005 43.1117 43.1208 43.1298 43.1394 43.1492 43.1595 43.1702 43.1807
 43.1898 43.1987 43.2096 43.2189 43.2292 43.2384 43.2467 43.2562 43.2657
 43.2756 43.285  43.2936 43.3029 43.3128 43.3229 43.3333 43.3436 43.3536
 43.3637 43.3725 43.3831 43.3929 43.4019 43.411  43.4207 43.429  43.4381
 43.447  43.4574 43.4663 43.4747 43.4832 43.4924 43.5012 43.5108 43.5219
 43.5315 43.5414 43.5512 43.5613 43.5709 43.5807 43.5904 43.5991 43.6077
 43.6171 43.6254 43.6335 43.6417 43.6504 43.6605 43.6691 43.6788 43.6883
 43.6972 43.7065 43.7156 43.7248 43.7337 43.7427 43.7508 43.7608 43.7708
 43.7787 43.7882 43.7966 43.8046 43.8137 43.8238 43.8333 43.842  43.8503
 43.8588 43.8671 43.8762 43.886  43.8955 43.9039 43.9127 43.9214 43.9305
 43.9403 43.9492 43.9594 43.9685 43.9773 43.9874 43.996  44.0054 44.0152
 44.0243 44.034  44.0429 44.0522 44.0624 44.0708 44.079  44.0877 44.0967
 44.106  44.115  44.1238 44.1337 44.1443 44.1536 44.164  44.1729 44.1827
 44.1922 44.2018 44.2116 44.2209 44.2294 44.2384 44.2474 44.2576 44.2673
 44.2777 44.2871 44.2971 44.3076 44.3163 44.3256 44.3351 44.3441 44.3544
 44.365  44.3741 44.3832 44.3928 44.4025 44.4126 44.4232 44.4355 44.4451
 44.4574 44.468  44.4788 44.49   44.5019 44.5132 44.524  44.5354 44.5464
 44.5589 44.5692 44.5814 44.5927 44.6042 44.6147 44.6262 44.6365 44.6494
 44.6631 44.678  44.6906 44.7051 44.7183 44.7332 44.7514 44.7661 44.7843
 44.7989 44.8176 44.8401 44.8679 44.8913 44.9538 45.0789 49.8048
51.2636 51.4727 51.6307 51.6788 51.7145 51.7799 51.8092 51.8327 51.8569
 51.8787 51.9038 51.9296 51.9523 51.973  51.9951 52.0129 52.0285 52.0462
 52.0819 52.0972 52.1169 52.1291 52.1453 52.1635 52.1749 52.1901 52.215
 52.2282 52.2492 52.2588 52.2723 52.2866 52.302  52.3127 52.3245 52.3399
 52.3517 52.3642 52.3799 52.3944 52.4064 52.4172 52.4325 52.4461 52.4594
 52.4698 52.4812 52.4954 52.5063 52.5184 52.531  52.541  52.5516 52.5621
 52.576  52.5854 52.5955 52.6055 52.6175 52.6299 52.6407 52.652  52.6637
 52.6741 52.6847 52.6951 52.7048 52.7144 52.7244 52.734  52.7457 52.7539
 52.7633 52.7729 52.7835 52.7927 52.802  52.8128 52.8222 52.8311 52.8405
 52.8527 52.8615 52.8697 52.8787 52.8878 52.8969 52.9058 52.9149 52.9248
 52.9335 52.9421 52.951  52.9601 52.9698 52.9781 52.9882 52.9982 53.008
 53.0175 53.0266 53.0359 53.045  53.0537 53.063  53.0715 53.0821 53.0924
 53.1023 53.1105 53.1191 53.1267 53.1354 53.144  53.1524 53.1612 53.1695
 53.1778 53.1866 53.1961 53.2054 53.2141 53.2225 53.2315 53.2395 53.2487
 53.2573 53.2669 53.2759 53.2843 53.2931 53.3024 53.3112 53.3218 53.3324
 53.342  53.3524 53.362  53.3709 53.3807 53.3895 53.3996 53.4084 53.4176
 53.4261 53.4348 53.4431 53.4517 53.4602 53.469  53.478  53.4863 53.4963
 53.5051 53.514  53.524  53.5334 53.5424 53.5507 53.5593 53.5682 53.5769
 53.5853 53.5961 53.6053 53.6147 53.6243 53.6331 53.6426 53.6525 53.6608
 53.6703 53.679  53.6871 53.6961 53.7053 53.7141 53.7231 53.7328 53.7422
 53.7508 53.7598 53.769  53.7787 53.7874 53.7966 53.8065 53.8169 53.8257
 53.8349 53.8443 53.8541 53.8635 53.8727 53.8827 53.8913 53.9018 53.9118
 53.9212 53.9308 53.9421 53.9517 53.9604 53.9705 53.9809 53.9923 54.0034
 54.0127 54.0235 54.0334 54.0438 54.0557 54.0666 54.0759 54.0861 54.0974
 54.111  54.1212 54.1318 54.1426 54.1528 54.1642 54.1754 54.1861 54.198
 54.2085 54.2211 54.2332 54.2449 54.2578 54.268  54.2836 54.3003 54.3169
 54.3347 54.3489 54.3671 54.3922 54.409  54.4283 54.4559 54.4953 54.6265
 54.7266 59.8014
60.1612 60.3241 60.7535 61.0709 61.1209 61.3089 61.3403 61.4201 61.4445
 61.4808 61.4989 61.5258 61.5469 61.5758 61.596  61.643  61.6817 61.7065
 61.7265 61.7416 61.7668 61.8068 61.8258 61.8496 61.8621 61.8786 61.9031
 61.9322 61.9495 61.9648 61.9842 62.0021 62.0174 62.0313 62.0573 62.0708
 62.102  62.1185 62.1372 62.1499 62.1658 62.1867 62.2059 62.2242 62.2402
 62.2554 62.2731 62.2852 62.2997 62.3198 62.3371 62.3552 62.3763 62.3924
 62.4112 62.4278 62.4428 62.4683 62.488  62.503  62.5206 62.5331 62.5469
 62.5607 62.5772 62.5923 62.6117 62.6278 62.6459 62.6575 62.6744 62.6962
 62.7132 62.7294 62.7426 62.7602 62.7768 62.8035 62.8257 62.8403 62.8524
 62.8713 62.9069 62.9346 62.9566 62.9807 63.005  63.027  63.0412 63.0569
 63.0747 63.0957 63.1191 63.1388 63.1688 63.2036 63.2351 63.2491 63.2686
 63.3004 63.342  63.3597 63.4319 63.464  63.4976 66.9424 68.6842 68.8446
 69.8853 69.9894

