13.8682 13.9655 14.0266 14.1252 14.1486 14.2356 14.2513 14.3654 14.3927
 14.4816 14.5177 14.5646 14.5924 14.6295 14.6874 14.7247 14.748  14.7627
 14.78   14.7978 14.8739 14.9235
22.5479 23.7505 23.8809 23.9302 24.0019 24.0404 24.0926 24.3583 24.4319
 24.5661 24.7287 24.816
31.1648 32.4597 32.5146 32.935  33.0908 33.4018 33.5525
40.5161 41.1498 41.2529 41.5179 41.6329 41.6819 41.8359 42.0437 42.0667
 42.0885 42.2293 42.2724 42.3406 42.4202 42.4787 42.5009 42.5516 42.5745
 42.5959 42.6417 42.6878 42.7059 42.8847
51.0067 51.4057 51.4348 51.4978 51.6287 51.7971 51.8204 51.8819 51.9556
 52.0094 52.0463 52.0646 52.1068 52.128  52.144  52.1711 52.2201 52.2346
 52.2754 52.3514 52.3689 52.4325 52.4533 52.6395
60.9299 60.9675 61.1527 61.3319 61.4555 61.6392 61.6564 61.8383 69.3787
 69.6926 69.7482 69.8071

