13.2657 14.1592 14.1865 14.4116 14.4336 14.4997 14.5443 14.6152 14.6463
 14.7063 14.7617 14.8065 14.8217 14.8881 14.9256 14.9904 15.0405 15.0709
 15.105  15.161  15.2391 15.2522 15.2876 15.409  15.5141
22.5921 23.6568 24.4051 24.6502 24.6954 24.7924 24.8527 24.8936
33.0787 33.5723 33.71   33.8029 33.9081 34.1321
40.9588 41.9199 42.2473 42.3066 42.4836 42.54   42.5723 42.5977 42.644
 42.6671 42.7322 42.7469 42.7658 42.7831 42.7986 42.8155 42.8354 42.9718
 43.0063 43.0286 43.0438 43.0668 43.0976 43.129  43.1442 43.1908 43.2431
 43.329  43.398
51.6439 51.6738 51.7179 51.8195 51.9436 52.0347 52.1387 52.2147 52.2344
 52.2574 52.2784 52.3049 52.3305 52.3608 52.4156 52.4298 52.4606 52.4864
 52.5172 52.5773 52.6031 52.6361 52.6596 52.7289 52.8112 52.8764 52.9247
 52.9584 52.9879 53.0396 53.118
60.5286 60.7677 61.4279 61.5137 61.6548 61.7505 61.7774 61.8218 61.8406
 62.0968

