11.8993 14.4274 14.5973 14.6749 14.7396 14.7608 14.8309 14.8682 14.8829
 14.9041 14.9224 14.9443 14.9581 14.9735 15.0049 15.029  15.0549 15.0788
 15.107  15.1195 15.1342 15.1478 15.1593 15.1755 15.1932 15.2094 15.2226
 15.2379 15.2529 15.2738 15.2895 15.3067 15.3234 15.3375 15.3498 15.3605
 15.372  15.3852 15.3966 15.4098 15.4233 15.4444 15.4569 15.4685 15.4794
 15.4944 15.5138 15.5252 15.5381 15.5564 15.5718 15.5827 15.5945 15.6099
 15.629  15.6421 15.6548 15.6642 15.6759 15.6877 15.6986 15.7087 15.7206
 15.7315 15.7431 15.7562 15.769  15.7812 15.7926 15.8041 15.815  15.8267
 15.8397 15.8539 15.8674 15.8788 15.8914 15.9047 15.9204 15.9352 15.9488
 15.9596 15.9715 15.9829 15.9942 16.0045 16.0156 16.0301 16.0437 16.058
 16.0697 16.0796 16.0937 16.1074 16.1246 16.1363 16.1566 16.1688 16.1833
 16.1997 16.2163 16.232  16.2434 16.271  16.289  16.3046 16.3201 16.3336
 16.3567 16.3856 16.4008 16.4235 16.4443 16.5105 16.5307 16.5721 16.6682
 16.7148 16.7968
20.2062 22.8828 23.5694 23.6024 23.7012 23.7861 23.8357 23.8661 23.9364
 23.9681 23.9904 24.0175 24.0362 24.0624 24.0769 24.1058 24.1235 24.1381
 24.1631 24.1877 24.2194 24.2368 24.2712 24.2995 24.3465 24.3614 24.3753
 24.3867 24.4026 24.4214 24.4379 24.4583 24.4795 24.4935 24.507  24.5214
 24.5341 24.5476 24.5642 24.5784 24.5969 24.6098 24.6225 24.6338 24.6487
 24.666  24.6782 24.6897 24.702  24.7175 24.7308 24.743  24.7548 24.767
 24.7781 24.7933 24.811  24.8226 24.8336 24.8462 24.8566 24.8688 24.8824
 24.8969 24.9108 24.9216 24.9351 24.9491 24.963  24.9759 24.9894 25.0008
 25.0109 25.0223 25.0342 25.0478 25.0596 25.0738 25.0871 25.0977 25.1092
 25.1231 25.1366 25.1522 25.1654 25.1772 25.1896 25.2021 25.2151 25.2284
 25.2395 25.2534 25.2667 25.2807 25.2934 25.3085 25.3261 25.3412 25.3573
 25.3703 25.3817 25.3949 25.4086 25.4212 25.4389 25.453  25.467  25.4841
 25.5047 25.5259 25.5498 25.5695 25.5867 25.6019 25.6264 25.6434 25.6734
 25.7101 25.7358 25.7538 25.8098 25.8577 25.9222 25.9854 26.1858 26.2741
 29.1819
30.6983 32.9772 33.2695 33.3295 33.4299 33.5707 33.6198 33.6609 33.7008
 33.7172 33.7333 33.7668 33.7997 33.8191 33.8543 33.8796 33.9044 33.9224
 33.9523 33.9716 34.0037 34.0184 34.0474 34.0726 34.1006 34.1187 34.1552
 34.1762 34.1966 34.2236 34.2445 34.2593 34.2954 34.3147 34.3457 34.368
 34.3846 34.399  34.4107 34.4334 34.4487 34.463  34.4815 34.4947 34.5103
 34.5259 34.5415 34.5642 34.581  34.5942 34.6064 34.6246 34.6413 34.6688
 34.688  34.7027 34.7169 34.7314 34.745  34.7627 34.7803 34.8007 34.8193
 34.8463 34.8652 34.8828 34.9028 34.9251 34.9418 34.9649 34.9901 35.0284
 35.0466 35.0688 35.1318 35.1577 35.1875 35.235  35.2646 35.287  35.3187
 35.3549 35.4256
40.0538 42.4384 42.4946 42.5409 42.5841 42.6208 42.6431 42.7616 42.7944
 42.8213 42.852  42.8748 42.9431 42.965  42.9979 43.0231 43.0437 43.0676
 43.0977 43.1439 43.1644 43.1902 43.2074 43.2226 43.2387 43.2687 43.2954
 43.3143 43.3347 43.3479 43.3675 43.3892 43.4068 43.4257 43.4653 43.4805
 43.4992 43.5165 43.5388 43.5583 43.5761 43.5887 43.6082 43.6189 43.6312
 43.6439 43.6574 43.6713 43.685  43.6984 43.7091 43.7217 43.7372 43.7499
 43.763  43.7767 43.7899 43.8065 43.8195 43.834  43.8513 43.8655 43.8799
 43.9061 43.9196 43.9332 43.9495 43.9727 43.9852 43.9991 44.0236 44.0403
 44.0609 44.0822 44.098  44.1187 44.1351 44.1576 44.1757 44.1938 44.2093
 44.23   44.2456 44.2662 44.3077 44.3237 44.3465 44.4336 44.5142 44.5372
 44.6534
50.7467 50.7962 50.8348 50.9146 51.0024 51.0643 51.1527 51.2358 51.3062
 51.3447 51.4026 51.4599 51.5096 51.5258 51.5461 51.6179 51.6448 51.6762
 51.6909 51.7082 51.7261 51.7393 51.7498 51.764  51.7788 51.7939 51.8166
 51.8292 51.8476 51.8684 51.8811 51.8948 51.9085 51.9231 51.9359 51.9516
 51.9674 51.9834 52.0005 52.0186 52.0356 52.0495 52.0643 52.0804 52.0908
 52.1012 52.1162 52.127  52.1383 52.1503 52.1635 52.1739 52.1879 52.1995
 52.2095 52.2196 52.2306 52.2414 52.2526 52.2633 52.2729 52.2832 52.2961
 52.3065 52.3187 52.3315 52.343  52.3522 52.3618 52.3761 52.3863 52.397
 52.4087 52.4204 52.431  52.4406 52.4498 52.4604 52.4741 52.4855 52.4962
 52.509  52.5212 52.5312 52.5428 52.5539 52.5657 52.575  52.586  52.5974
 52.6081 52.6182 52.6298 52.6396 52.6502 52.6601 52.6715 52.6809 52.6932
 52.7053 52.7151 52.7274 52.7375 52.7517 52.7637 52.7755 52.7872 52.7976
 52.8078 52.8206 52.8305 52.8422 52.8536 52.8666 52.879  52.8899 52.9017
 52.9153 52.9264 52.9411 52.9537 52.9688 52.9788 52.9903 53.0013 53.0126
 53.0416 53.0605 53.076  53.0882 53.0996 53.113  53.1314 53.159  53.1768
 53.2027 53.229  53.2521 53.2807 53.3218 53.3547 53.4542 53.4792 53.5287
 53.5659 53.8981 59.6379 59.8591
60.1085 60.2527 60.2868 60.3665 60.3983 60.6837 60.8061 60.8394 60.8574
 60.9862 61.0049 61.0334 61.0536 61.0774 61.1322 61.1553 61.1713 61.1832
 61.2252 61.2475 61.2681 61.3068 61.3317 61.3504 61.383  61.4003 61.4172
 61.4414 61.4623 61.4752 61.4921 61.5119 61.5281 61.5435 61.5879 61.6027
 61.6177 61.6287 61.6406 61.6551 61.6715 61.6825 61.6942 61.7052 61.725
 61.7446 61.7601 61.7735 61.7866 61.8    61.8124 61.8274 61.8451 61.8605
 61.873  61.8856 61.8989 61.9166 61.9337 61.95   61.9656 61.9788 61.9915
 62.003  62.0174 62.0296 62.0439 62.061  62.079  62.0932 62.1092 62.1221
 62.1319 62.1415 62.1529 62.1665 62.1824 62.1941 62.2059 62.2192 62.2316
 62.2455 62.2642 62.2846 62.3047 62.3253 62.345  62.3742 62.387  62.4189
 62.4397 62.4536 62.4689 62.4937 62.5125 62.5317 62.5602 62.5726 62.6116
 62.6374 62.6674 62.7145 62.7639 62.8195 62.9889 63.0388 67.7064 68.2227
 69.1897 69.578  69.7429 69.9864

