12.2268 13.8199 14.5314 14.7571 14.9519 14.9756 15.0065 15.0659 15.0979
 15.1161 15.1976 15.2634 15.3127 15.5116
22.5987 23.6956 23.8427 23.9735 24.1079 24.2279 24.2437 24.2602 24.3622
 24.6514
34.0042 34.0762 34.1258 34.1991
42.0692 42.7752 42.9809 43.0704 43.1732 43.2968 43.3489 43.3896 43.4392
 47.1647 48.3434
50.4087 50.6164 50.7458 50.8068 51.3197 51.3877 51.4641 51.4919 51.597
 51.6209 51.6803 51.6974 51.7317 51.8597 51.8874 51.9271 52.0628 52.0902
 52.1955 58.9063
60.0949 60.7493 60.8031 60.8336 60.9218 60.9567 61.0255 61.1542 61.21
 61.2239 61.2437 61.3985 61.4808 61.6171 68.4566

