14.3139 14.3463 14.4132 14.5197 14.5816 14.6445 14.6723 14.7269 14.7475
 14.7998 14.8168 14.8389 14.8929 14.9106 14.9332 14.9588 14.985  15.0031
 15.0228 15.0604 15.099  15.1159 15.1328 15.1492 15.1754 15.2309 15.2826
 15.3135 15.373  15.3952 15.4104 15.4264 15.4724
22.3022 23.3436 23.4746 23.5491 23.6296 23.6706 23.7245 23.7895 23.8242
 23.9142 23.9478 23.9849 24.0226 24.0444 24.0799 24.1445 24.1748 24.2474
 24.2831 24.3088 24.3472 24.3638 24.3845 24.4219 24.4435 24.4613 24.4916
 24.5469 24.5769 24.5903 24.685  24.7238
32.3653 32.5202 32.9643 33.3071 33.3524 33.633  33.79   33.8128 33.83
 33.8469 33.9106 33.9675 34.0723 34.1197 34.1871 34.2173 34.3088
41.5934 41.7167 42.3561 42.4869 42.6275 42.8409 43.0836 43.1301 43.1663
 43.2151 43.2717 43.2902 43.355  43.3763 43.3969 43.4407 43.4744 43.5447
 43.7655 49.9409
50.9687 51.0967 51.1581 51.2627 51.3348 51.3549 51.4023 51.4351 51.4776
 51.5097 51.5378 51.6028 51.6226 51.6771 51.7242 51.7369 51.7497 51.7801
 51.7944 51.8187 51.8335 51.8633 51.8893 51.9011 51.9121 51.9278 51.9496
 51.961  51.978  52.0095 52.0473 52.0632 52.0816 52.1025 52.1204 52.1382
 52.1544 52.1834 52.196  52.2286 52.2425 52.2553 52.2722 52.2994 52.3651
 52.4039 58.4358
60.7927 60.8149 60.9005 60.9347 60.9615 60.9896 61.0057 61.0333 61.0693
 61.0908 61.1156 61.1657 61.2036 61.2212 61.2338 61.2497 61.264  61.2758
 61.3001 61.3223 61.3569 61.3703 61.3939 61.447  61.5336 61.5647 61.5816
 61.6377 61.6566 61.7136 67.4232 68.7752 69.4788 69.6447 69.7132 69.9006

