14.0191 14.2052 14.2794 14.4152 14.5345 14.5763 14.6004 14.6705 14.6956
 14.8046 14.8381 14.8652 14.8841 14.9344 14.967  15.0466 15.0639 15.0843
 15.3341 15.3849
22.5926 23.445  23.537  23.6418 23.6936 23.7139 23.8531 23.8945 23.9504
 24.0238 24.0418 24.0852 24.1349 24.2308 24.2551 24.2956 24.3501 24.4127
 24.4559 24.6521 24.7185
31.9669 32.3259 32.4009 32.7013 32.7381 32.8714 33.175  33.5477 33.5635
 33.5895 33.6098 33.7088 33.7755 33.8031
40.4664 41.6908 42.0806 42.3397 42.4257 42.5785 42.7066 42.7352 42.7725
 42.8473 42.868  42.9644 43.0008 43.1128 43.1605 43.2865 43.4174
50.5784 50.6655 50.7245 51.1254 51.2335 51.2713 51.3646 51.3997 51.4653
 51.4979 51.6177 51.6379 51.6777 51.7133 51.7975 51.8727 51.9363 51.9672
 52.0039 52.0232 52.0562 52.1443 52.1568 52.2118 52.4268 59.2169
60.0069 60.1762 60.2776 60.4066 60.5097 60.6074 60.7068 60.7789 60.8254
 60.8499 60.948  61.0175 61.0371 61.0793 61.1005 61.1257 61.1896 61.2055
 61.2225 61.3392 61.3817 61.5014 67.4793 69.5709 69.6705 69.7646 69.7871
 69.8119 69.8574 69.8806 69.9026 69.9379

