14.4354 14.4892 14.6003 14.622  14.6586 14.6764 14.7075 14.8178 14.8812
 14.9028 14.9405 14.9731 14.9891 15.0083 15.0293 15.0493 15.0707 15.0911
 15.1132 15.1289 15.1454 15.1665 15.1898 15.21   15.2298 15.2568 15.2801
 15.3031 15.3249 15.3485 15.3812 15.4117 15.4381 15.4516 15.4687 15.4835
 15.5041 15.5255 15.6063 15.6542 15.6704 15.7092 15.7753
23.611  23.6947 23.7448 23.7812 23.8732 23.9514 23.9988 24.0493 24.0707
 24.1125 24.1314 24.187  24.2027 24.2309 24.2514 24.2791 24.2941 24.3137
 24.3303 24.3538 24.3699 24.3865 24.4074 24.4423 24.4566 24.4782 24.4955
 24.5203 24.5376 24.5613 24.5831 24.6118 24.6343 24.6512 24.684  24.7069
 24.7346 24.7559 24.7751 24.7927 24.8119 24.832  24.8501 24.8696 24.9479
 24.9642 25.0652 25.0868 25.1116
32.4928 33.0728 33.1832 33.2689 33.3913 33.4176 33.4604 33.4911 33.637
 33.6631 33.6957 33.7496 33.7896 33.8345 33.8659 33.8859 33.907  33.9623
 33.9865 34.053  34.082  34.1155 34.1324 34.1639 34.1874 34.2133 34.2526
 34.2709 34.312  34.3244 34.4008
40.9355 41.3514 42.1555 42.4339 42.5094 42.5376 42.7257 42.7669 42.7864
 42.8153 42.8375 42.8582 42.883  42.9019 42.9298 42.9512 43.0028 43.0398
 43.0659 43.0841 43.1006 43.1587 43.1787 43.2177 43.2475 43.2698 43.2831
 43.3046 43.3273 43.3526 43.3866 43.4225 43.4434 43.4568 43.5005 43.5664
 43.5963 43.6191 43.6455 43.6748 43.7047 43.7278 49.2413 49.4189 49.8216
50.7349 50.7668 50.9946 51.0422 51.1226 51.1538 51.1835 51.2566 51.3363
 51.3665 51.4268 51.4623 51.4919 51.5075 51.5223 51.5369 51.5563 51.5923
 51.61   51.6246 51.643  51.6556 51.6723 51.6898 51.7047 51.7259 51.7403
 51.7549 51.7667 51.7885 51.8032 51.8173 51.8328 51.8531 51.8658 51.8759
 51.8872 51.9089 51.9176 51.9317 51.9426 51.9615 51.974  51.9992 52.0168
 52.034  52.0464 52.0824 52.1021 52.1166 52.1284 52.1404 52.1569 52.1758
 52.1997 52.2264 52.2394 52.254  52.2674 52.2803 52.2986 52.3406 52.3521
 52.3646 52.3872 52.4097 52.4321 52.446  52.4703 52.5773 52.5982 59.6048
60.1159 60.1498 60.4929 60.5373 60.6354 60.8015 60.8291 60.8606 60.9764
 60.9971 61.0139 61.0442 61.0667 61.0815 61.1019 61.1387 61.1923 61.2177
 61.2396 61.2669 61.3011 61.3154 61.3385 61.3513 61.3743 61.395  61.4426
 61.4586 61.4874 61.5047 61.517  61.529  61.5476 61.5722 61.5898 61.6164
 61.6383 61.6677 61.6908 61.7473 61.7791 61.7941 61.93   61.9635 68.9029
 69.3138 69.8515 69.8858 69.9318

