13.8463 13.9334 14.0034 14.0945 14.1761 14.3056 14.3386 14.3833 14.4661
 14.5262 14.5485 14.5791 14.6071 14.6746 14.6966 14.7291 14.7714 14.7907
 14.8127 14.8342 14.8574 14.8855 14.8996 14.9191 14.9348 14.9481 14.9648
 14.9797 14.9966 15.0095 15.0216 15.0349 15.0617 15.0774 15.0898 15.1022
 15.115  15.128  15.1443 15.1588 15.178  15.1927 15.2041 15.2157 15.2273
 15.2378 15.2512 15.2676 15.2796 15.2892 15.3    15.3101 15.3244 15.3347
 15.3488 15.364  15.3763 15.3895 15.4025 15.4126 15.4243 15.4409 15.4579
 15.4679 15.4811 15.4921 15.5055 15.5183 15.529  15.5429 15.5547 15.5655
 15.5774 15.5883 15.5982 15.6088 15.6201 15.6299 15.6399 15.6532 15.6649
 15.6767 15.6871 15.6965 15.7069 15.7166 15.7275 15.7372 15.7502 15.761
 15.7709 15.7812 15.7914 15.8064 15.8201 15.833  15.8448 15.8552 15.8691
 15.8804 15.8942 15.9067 15.9177 15.9321 15.9445 15.9548 15.9637 15.9759
 15.9865 15.9981 16.0086 16.022  16.0348 16.0448 16.0583 16.0725 16.0856
 16.0975 16.1084 16.1201 16.1312 16.1427 16.1554 16.1674 16.1814 16.1924
 16.2078 16.2211 16.2336 16.2453 16.2579 16.2716 16.2818 16.2961 16.3131
 16.3265 16.3425 16.3587 16.3729 16.3921 16.4086 16.4255 16.4396 16.4585
 16.4778 16.4965 16.5135 16.5288 16.5498 16.5667 16.5814 16.6135 16.6361
 16.6511 16.6659 16.6937 16.7173 16.7534 16.7828 16.8053 16.8207 16.8449
 16.8749 16.9168 16.9489 16.9679 17.002  17.0653 17.1378 17.182  17.2252
 17.3425 17.4177
21.7023 21.792  22.0623 22.7313 23.0474 23.3807 23.5049 23.612  23.6472
 23.6895 23.7132 23.7367 23.7533 23.892  23.9063 23.9299 23.9755 23.9964
 24.0134 24.0336 24.0585 24.0745 24.1095 24.126  24.1526 24.1685 24.183
 24.1992 24.2192 24.2403 24.2607 24.2728 24.2854 24.3059 24.3185 24.3289
 24.3471 24.359  24.3713 24.3857 24.4004 24.4139 24.4269 24.4437 24.4589
 24.4717 24.4858 24.4994 24.5109 24.5223 24.5391 24.5517 24.5655 24.5765
 24.5908 24.6035 24.6176 24.6313 24.6451 24.6567 24.669  24.6837 24.694
 24.709  24.7231 24.7344 24.7473 24.7604 24.7726 24.7871 24.7983 24.8101
 24.823  24.8363 24.847  24.856  24.8682 24.879  24.8897 24.9005 24.9112
 24.9231 24.9355 24.9457 24.9576 24.9684 24.9801 24.9934 25.0059 25.0174
 25.0285 25.0397 25.0505 25.0643 25.0768 25.0887 25.1012 25.1133 25.1281
 25.1401 25.1518 25.1607 25.1718 25.1822 25.1943 25.2055 25.219  25.2299
 25.2428 25.2529 25.2649 25.2778 25.293  25.3054 25.3188 25.3317 25.3428
 25.3547 25.3665 25.3811 25.3942 25.4069 25.4192 25.4314 25.443  25.4556
 25.4682 25.4807 25.4933 25.5062 25.5197 25.5344 25.5477 25.5608 25.5759
 25.5947 25.6113 25.6304 25.6551 25.6713 25.6963 25.7111 25.7264 25.7424
 25.7624 25.7888 25.8092 25.8343 25.8531 25.8702 25.8846 25.9071 25.926
 25.9398 25.9548 25.9721 25.9961 26.0135 26.0436 26.062  26.0854 26.1199
 26.1404 26.1693 26.1916 26.2259 26.2614 26.3034 26.343  26.3915 26.4272
 26.4797 26.5382 26.5768 26.6615 26.8403 27.0525 27.2175
32.6749 32.9608 33.0849 33.1355 33.1986 33.2374 33.2705 33.2868 33.303
 33.4281 33.4725 33.5197 33.5544 33.604  33.6227 33.6911 33.7338 33.7777
 33.7918 33.8142 33.8308 33.8698 33.8892 33.9079 33.9255 33.9468 33.9681
 33.9908 34.0063 34.0195 34.0424 34.0739 34.0926 34.1113 34.1283 34.143
 34.161  34.1813 34.2045 34.2223 34.2357 34.2485 34.263  34.2814 34.2985
 34.3109 34.3223 34.3341 34.3498 34.3627 34.3769 34.391  34.4125 34.427
 34.4418 34.4608 34.4765 34.4936 34.5179 34.5305 34.5509 34.5758 34.5981
 34.616  34.6309 34.6463 34.6605 34.6738 34.6896 34.7067 34.7234 34.7542
 34.7789 34.8001 34.8165 34.8344 34.8516 34.8662 34.8868 34.9018 34.9192
 34.9446 34.9682 34.9853 35.0072 35.0276 35.0461 35.0732 35.099  35.1212
 35.1514 35.1829 35.2047 35.2262 35.266  35.2864 35.3073 35.3256 35.3662
 35.3961 35.4386 35.4653 35.5308 35.5514 35.6026 35.6459 35.7268 35.7624
 35.8081 35.9999
40.6927 41.9338 42.3715 42.4195 42.4824 42.5177 42.6027 42.6302 42.6801
 42.7343 42.7654 42.7936 42.9147 42.9334 42.9843 43.0106 43.0287 43.0513
 43.0723 43.0876 43.1034 43.1181 43.1363 43.1629 43.188  43.2074 43.2334
 43.2497 43.2635 43.2803 43.3085 43.324  43.3374 43.3598 43.3741 43.3887
 43.4045 43.4281 43.4569 43.4706 43.4949 43.5147 43.5295 43.5444 43.5591
 43.5767 43.5891 43.6046 43.6189 43.6311 43.6481 43.6659 43.6796 43.7037
 43.7176 43.7343 43.7465 43.7579 43.7716 43.7865 43.7992 43.8155 43.8309
 43.8486 43.8655 43.8775 43.8922 43.9067 43.9202 43.9335 43.9458 43.9607
 43.9712 43.9849 43.9977 44.012  44.0269 44.0435 44.0591 44.0715 44.0848
 44.097  44.1084 44.1276 44.1505 44.1643 44.1795 44.2053 44.2191 44.2315
 44.2507 44.2683 44.2834 44.3116 44.3426 44.357  44.3734 44.3894 44.4162
 44.4417 44.4693 44.4935 44.5275 44.5474 44.5634 44.5997 44.6193 44.6416
 44.664  44.6937 44.7198 44.7418 44.8122 44.8777 44.9659 44.9839 45.0119
 45.0365 45.0946 45.1714 45.4126
50.7428 50.7669 50.8577 50.9241 51.0266 51.0563 51.1627 51.1868 51.2266
 51.2783 51.3113 51.3398 51.3662 51.3797 51.4075 51.432  51.4493 51.4662
 51.4895 51.5053 51.5334 51.5502 51.5748 51.6054 51.6211 51.6313 51.6437
 51.6626 51.6818 51.6966 51.7099 51.7221 51.7346 51.7568 51.7849 51.8027
 51.8193 51.8318 51.8484 51.8705 51.8843 51.8986 51.9167 51.9328 51.9479
 51.9577 51.968  51.9782 51.9921 52.0091 52.0212 52.0405 52.0561 52.0691
 52.0805 52.0924 52.1043 52.1194 52.1288 52.1397 52.1511 52.1655 52.1793
 52.1911 52.2067 52.2181 52.2296 52.2417 52.2535 52.2649 52.2755 52.288
 52.2998 52.3108 52.3232 52.3356 52.3466 52.3568 52.3671 52.3791 52.3942
 52.4107 52.4243 52.4348 52.4469 52.4566 52.4675 52.4792 52.4924 52.5032
 52.5153 52.527  52.5403 52.5501 52.562  52.5718 52.5805 52.5897 52.6001
 52.6103 52.6206 52.6304 52.6398 52.6488 52.658  52.6684 52.6797 52.6901
 52.7023 52.712  52.7235 52.7356 52.7454 52.7552 52.7644 52.7738 52.7843
 52.7943 52.8061 52.817  52.8268 52.8371 52.8473 52.8568 52.8681 52.8777
 52.8874 52.8975 52.9098 52.9219 52.9312 52.9396 52.9505 52.961  52.9716
 52.9821 52.9921 53.0018 53.0121 53.0214 53.0326 53.048  53.0588 53.0715
 53.0811 53.0914 53.1024 53.1134 53.1257 53.136  53.1483 53.1613 53.1712
 53.1847 53.2016 53.2153 53.2269 53.2452 53.2577 53.2713 53.2835 53.2951
 53.3072 53.3192 53.3331 53.3494 53.3645 53.3842 53.3976 53.4123 53.4281
 53.4458 53.4631 53.4771 53.4956 53.5128 53.5361 53.5691 53.5887 53.6031
 53.6211 53.6392 53.6559 53.6706 53.6937 53.7228 53.745  53.7611 53.7827
 53.7986 53.8212 53.8499 53.8745 53.8919 53.9234 53.9866 54.011  54.06
 54.0967 54.2664 54.4406 59.0979 59.2663 59.6034 59.8647
60.0686 60.1378 60.1869 60.2517 60.3362 60.4446 60.5153 60.5491 60.6117
 60.6628 60.6989 60.7855 60.8271 60.8455 60.8699 60.8874 60.9201 60.9406
 60.9785 61.0064 61.0357 61.0515 61.0666 61.0858 61.1052 61.1237 61.152
 61.1699 61.1844 61.1998 61.2184 61.2372 61.2523 61.2897 61.3017 61.3193
 61.3367 61.3488 61.3648 61.3826 61.3963 61.4088 61.4239 61.435  61.4483
 61.4604 61.4763 61.4966 61.5175 61.5329 61.5505 61.5653 61.5809 61.5973
 61.6117 61.6231 61.6361 61.6471 61.664  61.681  61.6928 61.7033 61.7164
 61.7307 61.7438 61.7571 61.7694 61.7844 61.7996 61.8148 61.8291 61.8411
 61.8543 61.8656 61.8876 61.9078 61.9192 61.9363 61.9469 61.9583 61.9746
 61.9871 62.0031 62.0164 62.0285 62.04   62.0498 62.061  62.0743 62.0879
 62.0996 62.1138 62.1274 62.1384 62.1502 62.1648 62.1748 62.1864 62.1969
 62.2091 62.2242 62.2386 62.2503 62.2642 62.2797 62.292  62.3063 62.3186
 62.3303 62.3432 62.3548 62.3685 62.3822 62.3939 62.4072 62.4182 62.4305
 62.443  62.4544 62.4664 62.4783 62.4914 62.5073 62.5241 62.5503 62.5624
 62.5784 62.6026 62.6222 62.6546 62.6934 62.7173 62.7382 62.7655 62.7986
 62.8299 62.8505 62.8683 62.9015 62.936  63.029  63.0479 63.0831 63.1044
 63.1395 63.2068 63.3117 63.4656 68.1944 68.2384 68.6479 69.8063 69.8259
 69.8779 69.9516 69.992

