12.0179 13.6772 14.2676 14.4136 14.5188 14.5781 14.6752 14.7633 14.8083
 14.8658 14.8877 14.9446 14.9735 14.9943 15.0163 15.0517 15.0712 15.0926
 15.1313 15.1598 15.2017 15.2237 15.2496 15.2625 15.2881 15.322  15.3374
 15.3578 15.3716 15.3877 15.4134 15.428  15.4445 15.4737 15.4886 15.5138
 15.5363 15.5557 15.5733 15.5893 15.6093 15.6235 15.6429 15.6625 15.6826
 15.6993 15.7178 15.743  15.7573 15.7761 15.7932 15.8098 15.8316 15.857
 15.8947 15.9137 15.938  15.9573 15.9733 16.0023 16.0202 16.0417 16.062
 16.0999 16.1195 16.1543 16.1743 16.1951 16.2226 16.2517 16.2734 16.2924
 16.3123 16.3418 16.3768 16.457  16.4905 16.5189 16.5426 16.5717 16.5936
 16.6293 16.6842 16.7213 16.8066 16.8405 16.9623 16.9989 17.0792 17.2879
23.1495 23.2508 23.6778 23.7078 23.8791 24.1649 24.181  24.1983 24.2289
 24.284  24.3145 24.3434 24.3624 24.3868 24.4245 24.4636 24.4836 24.5007
 24.5183 24.5593 24.5779 24.6017 24.6169 24.6393 24.6644 24.692  24.7104
 24.7268 24.7455 24.7694 24.7869 24.8053 24.8218 24.8432 24.8617 24.878
 24.8921 24.9073 24.9235 24.9366 24.9502 24.9634 24.9863 25.0038 25.0165
 25.0317 25.0491 25.0665 25.0851 25.103  25.1264 25.156  25.1803 25.1956
 25.2071 25.2245 25.2393 25.2565 25.2751 25.2903 25.3059 25.3211 25.3345
 25.3541 25.3749 25.39   25.4087 25.4264 25.4488 25.4681 25.4919 25.5098
 25.527  25.5448 25.5608 25.6054 25.6222 25.6376 25.6556 25.6776 25.696
 25.7091 25.739  25.7588 25.7794 25.8022 25.8229 25.8514 25.8739 25.8924
 25.9117 25.9317 25.9492 25.9681 25.9942 26.0204 26.0546 26.1032 26.1185
 26.134  26.1548 26.2035 26.2503 26.2774 26.3093 26.3506 26.4593 26.498
 26.5334 26.6628
31.1649 32.7787 32.9315 32.9646 33.0357 33.1306 33.1599 33.1808 33.2222
 33.2474 33.2678 33.2917 33.3154 33.3439 33.3706 33.388  33.4094 33.4356
 33.4541 33.4695 33.4949 33.5092 33.5293 33.5429 33.5615 33.5769 33.5899
 33.6101 33.6227 33.6397 33.6584 33.6784 33.7036 33.718  33.7297 33.7428
 33.7649 33.7815 33.7956 33.8089 33.8239 33.8414 33.8544 33.8652 33.8779
 33.895  33.917  33.9318 33.9465 33.9592 33.9731 33.9882 34.0039 34.0198
 34.0321 34.0463 34.0582 34.0697 34.0817 34.1001 34.1173 34.128  34.1405
 34.1538 34.1643 34.1774 34.1955 34.2095 34.2215 34.2367 34.2493 34.263
 34.279  34.2898 34.3043 34.3153 34.3269 34.3392 34.3543 34.3672 34.3811
 34.3941 34.4052 34.4204 34.4328 34.4481 34.4623 34.4772 34.4885 34.4997
 34.5144 34.5291 34.5442 34.5588 34.5725 34.5885 34.6012 34.6144 34.6266
 34.6407 34.6538 34.6674 34.6827 34.6961 34.7149 34.7294 34.7435 34.7564
 34.7716 34.7826 34.7945 34.8119 34.8266 34.8471 34.8644 34.8788 34.8945
 34.9085 34.9242 34.9403 34.9589 34.9747 34.9927 35.0132 35.0348 35.0539
 35.084  35.1114 35.1302 35.1505 35.1699 35.1849 35.2011 35.2202 35.2363
 35.2672 35.2849 35.3165 35.3422 35.3812 35.4367 35.4772 35.5064 35.5387
 35.6105 35.6709 35.7095 35.7481 35.7816 35.9473 36.6623
41.4558 41.7854 42.1821 42.2119 42.4039 42.5932 42.6079 42.6444 42.7443
 42.777  42.8045 42.831  42.8461 42.8677 42.8827 42.9178 42.9334 42.9534
 42.9667 42.9855 42.9971 43.0183 43.0307 43.0502 43.0669 43.0838 43.0995
 43.115  43.1294 43.1412 43.1542 43.1678 43.1813 43.194  43.2052 43.2192
 43.2345 43.2479 43.2605 43.278  43.2973 43.3133 43.3255 43.3382 43.3532
 43.3717 43.3892 43.4022 43.4162 43.4274 43.4393 43.4562 43.4666 43.4815
 43.5026 43.5139 43.5299 43.5405 43.5542 43.566  43.5791 43.5924 43.6042
 43.6175 43.6288 43.6434 43.6555 43.6682 43.6817 43.6929 43.7093 43.7301
 43.7485 43.7675 43.7812 43.794  43.8064 43.8235 43.8357 43.8494 43.869
 43.8841 43.8973 43.9104 43.9236 43.9404 43.9576 43.9748 43.9896 44.0041
 44.0186 44.0331 44.046  44.0604 44.0818 44.0967 44.1126 44.1289 44.1455
 44.162  44.1776 44.19   44.2165 44.2376 44.2564 44.2706 44.2885 44.306
 44.3263 44.3482 44.3778 44.3963 44.4104 44.4266 44.4413 44.4562 44.4761
 44.4909 44.5104 44.5367 44.5589 44.5853 44.6191 44.6541 44.6762 44.7134
 44.7444 44.7637 44.7871 44.8129 44.8949 44.9977 45.0428 45.0767 45.121
 45.1967 46.1079
50.1738 50.7314 51.0115 51.1127 51.199  51.4258 51.4649 51.5179 51.5453
 51.5738 51.6337 51.6573 51.6818 51.7027 51.7406 51.7685 51.7862 51.7981
 51.8112 51.8249 51.8414 51.8561 51.8715 51.8889 51.9065 51.9201 51.9309
 51.9449 51.9683 51.9888 52.0031 52.0193 52.0313 52.0483 52.0623 52.0756
 52.0919 52.1071 52.1237 52.1419 52.1555 52.1701 52.187  52.2015 52.2197
 52.2337 52.2457 52.2589 52.2715 52.2867 52.3035 52.3174 52.3311 52.3468
 52.3651 52.3788 52.3928 52.4099 52.4229 52.4352 52.4477 52.4648 52.4794
 52.4915 52.506  52.5184 52.5352 52.5479 52.5627 52.576  52.5884 52.6054
 52.617  52.6292 52.6449 52.6568 52.6693 52.6837 52.6968 52.7158 52.7317
 52.7455 52.7609 52.7767 52.7942 52.8155 52.8352 52.851  52.8665 52.8813
 52.8963 52.9126 52.9257 52.9428 52.9557 52.9741 52.9972 53.0175 53.0353
 53.0567 53.0842 53.098  53.1116 53.1323 53.1518 53.1867 53.2005 53.2129
 53.2273 53.2504 53.2664 53.2861 53.3016 53.3177 53.333  53.3569 53.3783
 53.3956 53.4162 53.4309 53.4483 53.4676 53.4926 53.52   53.5489 53.5775
 53.5992 53.6709 53.7303 53.7576 53.7882 53.9526 54.2375
60.0641 60.0896 60.4016 60.4408 60.4608 60.4836 60.5219 60.5416 60.5996
 60.6388 60.6721 60.7053 60.7378 60.7606 60.79   60.813  60.8274 60.8427
 60.8747 60.8949 60.9357 60.9657 60.9895 61.0055 61.0268 61.0445 61.0654
 61.0856 61.1019 61.1193 61.1399 61.1576 61.1819 61.2001 61.2192 61.2335
 61.2463 61.2605 61.2833 61.2942 61.3062 61.3171 61.3287 61.3414 61.3601
 61.3749 61.3891 61.4078 61.4216 61.4348 61.4501 61.4639 61.4853 61.5027
 61.519  61.5343 61.5475 61.5661 61.5863 61.6042 61.6178 61.6346 61.6486
 61.6601 61.6729 61.6865 61.7076 61.7246 61.7404 61.7528 61.7666 61.7796
 61.7919 61.8156 61.8321 61.8469 61.8632 61.8764 61.8906 61.9013 61.9131
 61.9253 61.9489 61.9662 61.9795 61.9935 62.0075 62.0197 62.0341 62.0553
 62.0699 62.0865 62.1023 62.1268 62.1426 62.1638 62.1832 62.2013 62.2167
 62.232  62.2488 62.2632 62.2796 62.2994 62.3481 62.3695 62.388  62.4069
 62.4251 62.446  62.4628 62.4764 62.4954 62.5095 62.5313 62.5536 62.5803
 62.6025 62.6535 62.696  62.7221 62.7497 62.7945 62.8696 62.9096 62.9338
 63.0463 63.0983 64.4969 67.7513 68.4489 68.7727 68.9476 69.1329 69.1631
 69.374  69.4079 69.4268 69.4725 69.5756 69.6607 69.697  69.7269 69.7485
 69.7918 69.8246 69.8564 69.8785 69.9014 69.9472 69.9705

