13.7915 14.3318 14.4043 14.4926 14.7774 14.8117
20.3489 23.3608 23.4875 23.6775 23.7129 23.8286 23.9928 24.0998 24.1936
 24.2637 24.5417 24.6393
32.212  32.5955 32.6981 32.7425 32.7683 32.9418 33.0059 33.2269 33.375
 33.4428 33.4859 33.5228
41.7103 41.7975 42.1656 42.1936 42.2531 42.3426 42.3885 42.442  42.5333
 42.5738 42.598  42.7485 42.8598
50.2743 50.8796 50.9449 50.9889 51.0486 51.1009 51.3675 51.4281 51.4645
 51.6656 51.7168 51.7506 58.6255
60.1755 60.2592 60.4875 60.5758 60.8171 60.8643 61.0644 67.2709 68.6457
 69.2127 69.3627 69.3928 69.4426 69.7269 69.9354

