14.4406 14.4826 14.5027 14.5595 14.7627 14.8774 14.8927 14.9171 14.9449
 15.0032 15.0318 15.0655 15.1929 15.3913
22.7419 23.3866 23.4924 23.6054 23.7039 23.8919 24.0952 24.1131 24.1766
 24.2665 24.3139 24.3803 24.4059 24.46   24.5448 24.6804 24.7112 24.8163
 29.6628
32.1101 32.4859 32.5176 32.6597 32.7899 33.0194 33.0482 33.0846 33.1474
 33.1906 33.2143 33.2375 33.2583 33.2903 33.3252 33.3517 33.375  33.3924
 33.4073 33.4207 33.4488 33.4671 33.493  33.5157 33.5366 33.5516 33.5881
 33.6135 33.6307 33.6808 33.7113 33.7324 33.7544 33.7812 33.8082 33.8192
 33.8921 33.9254 33.9774
40.1998 40.2489 40.5603 41.0916 41.8967 42.0686 42.185  42.312  42.3434
 42.4366 42.4761 42.5585 42.5832 42.6476 42.7183 42.7798 42.8598 42.8963
 42.9721 42.9875 43.0122 43.0493 43.0971 43.1266 43.1649 43.2274 43.2537
 43.3249 49.9069
50.1319 50.4221 50.9286 50.9713 51.0335 51.0783 51.1463 51.2159 51.3506
 51.4195 51.4625 51.4899 51.5144 51.5362 51.5582 51.5869 51.6237 51.6421
 51.6631 51.7112 51.7388 51.7717 51.7867 51.8276 51.8579 51.8846 51.9452
 51.9719 51.9843 52.1418 58.1495 59.2704 59.4146
60.0439 60.1113 60.3462 60.3988 60.4838 60.5135 60.5359 60.6017 60.625
 60.6651 60.7737 60.8182 60.8449 60.8599 60.8795 60.9057 60.9202 60.9376
 60.9752 61.0004 61.0572 61.0821 61.1094 61.1316 61.1658 61.1883 61.2202
 61.2601 61.311  61.3622 61.4039 61.4562 68.203  69.0785 69.1114 69.2477
 69.4506 69.571  69.616  69.6465 69.6747 69.6937 69.71   69.7296 69.7628
 69.7936 69.8156 69.8338 69.8584 69.8877 69.9175 69.9627

