14.2252 14.3662 14.5633 14.7213 14.8673 15.0459 15.1708 15.2282 15.2612
22.7431 24.1162 24.1417 24.2526 24.6888 24.7643
33.0962 33.1986 33.4544 33.4951 33.629  33.7447 33.8189 33.9455 33.9696
 34.0457 34.232  34.2895 34.3064
42.1929 42.3665 42.9244 43.0741 43.165  43.2791 49.4843
50.8538 51.0817 51.3065 51.4688 51.5272 51.5591 51.6739 51.7605 51.8654
 51.9176 51.9617 51.9883 52.038  52.0619 52.0797 52.1191 52.2196 52.2509
 52.2646 52.2824 52.3055 52.3211 52.3795 52.3991 52.4292 52.4919 52.585
 52.659
60.5707 60.6293 60.8149 60.9225 61.0446 61.1706 61.3582 61.3858 61.8754
 69.328  69.7347 69.8015 69.8547 69.8985 69.9665

