14.2077 14.2455 14.6366 14.6988 14.7426 14.7858 14.8442 14.9521 14.9666
 15.0174 15.0744 15.1065 15.1241 15.1448 15.1676 15.183  15.212  15.2513
 15.29   15.3253 15.3435 15.3607 15.3862 15.4106 15.4344 15.4522 15.4729
 15.4923 15.5094 15.5333 15.5483 15.5625 15.5756 15.5967 15.6097 15.6258
 15.6475 15.6621 15.6832 15.7079 15.7254 15.7447 15.7754 15.7947 15.813
 15.826  15.8403 15.8592 15.8807 15.9028 15.9229 15.9491 15.9851 16.0024
 16.0178 16.0357 16.0519 16.0748 16.1088 16.1406 16.1622 16.1857 16.2129
 16.2409 16.2565 16.2735 16.3006 16.3218 16.3468 16.3994 16.4246 16.4446
 16.4911 16.5171 16.5465 16.5879 16.6219 16.6758 16.697  16.7433 16.8627
 17.3808 17.5057
20.4026 22.5449 23.8047 23.8924 23.9338 24.0516 24.0696 24.1097 24.2264
 24.2448 24.2884 24.3485 24.3975 24.4145 24.4383 24.4963 24.5183 24.5361
 24.5546 24.5824 24.6071 24.6262 24.6667 24.6971 24.7126 24.7303 24.7511
 24.7734 24.8016 24.8156 24.833  24.8474 24.8611 24.8799 24.8953 24.9257
 24.9484 24.9745 24.9903 25.0157 25.0316 25.0636 25.0888 25.1099 25.1247
 25.1417 25.1568 25.1728 25.1898 25.206  25.2273 25.2405 25.256  25.269
 25.2853 25.3008 25.3166 25.3343 25.3579 25.374  25.3876 25.4063 25.4271
 25.4555 25.4699 25.4909 25.5088 25.5334 25.5536 25.578  25.6025 25.642
 25.6709 25.6929 25.7351 25.7771 25.8145 25.8628 25.9041 25.9608 25.9912
 26.0483 26.1056 26.216  26.4028 26.4363
31.9682 33.1219 33.1778 33.3024 33.3215 33.3994 33.4493 33.4755 33.5121
 33.5646 33.6099 33.6345 33.7182 33.7358 33.7487 33.7655 33.8005 33.8198
 33.8386 33.8571 33.8969 33.9243 33.9497 33.9681 33.9866 34.0094 34.0246
 34.0393 34.0552 34.0705 34.0902 34.1095 34.1344 34.1531 34.1715 34.1841
 34.1977 34.2155 34.229  34.2478 34.268  34.3011 34.3191 34.3342 34.3455
 34.3657 34.3808 34.3978 34.4105 34.4226 34.4344 34.447  34.461  34.4749
 34.4918 34.5065 34.5236 34.5413 34.558  34.57   34.5953 34.6163 34.6296
 34.6475 34.6661 34.6785 34.6944 34.7105 34.7222 34.7379 34.755  34.7731
 34.7979 34.8162 34.8519 34.8734 34.8897 34.91   34.9302 34.9452 34.9594
 34.9982 35.0163 35.0376 35.0543 35.0699 35.0871 35.1097 35.1347 35.1662
 35.1999 35.2184 35.2368 35.2553 35.2792 35.2952 35.3145 35.3419 35.3741
 35.3957 35.4276 35.4447 35.4729 35.4997 35.5255 35.5456 35.5826 35.6165
 35.6417 35.6707 35.6972 35.7401 35.8128 35.8602 35.9018 35.9339 36.1206
 36.2813
41.1523 42.5625 42.6673 42.7267 42.7827 42.926  42.9879 43.0359 43.1625
 43.2166 43.2376 43.2637 43.2794 43.2995 43.3216 43.3414 43.3645 43.3949
 43.4154 43.4397 43.4619 43.4849 43.5063 43.5457 43.5607 43.5795 43.6074
 43.6287 43.6614 43.691  43.7112 43.7394 43.8009 43.847  43.8652 43.8928
 43.9205 43.9402 43.9727 44.0015 44.0285 44.092  44.1242 44.1472 44.262
 44.2944 44.3324 44.4157 44.5401 44.5922 44.73
50.7326 50.7747 50.9846 51.2347 51.3935 51.5612 51.6167 51.6439 51.6776
 51.698  51.7182 51.7627 51.7826 51.8065 51.8268 51.8613 51.878  51.8971
 51.9217 51.9398 51.9586 51.9729 51.9861 51.9986 52.0118 52.0301 52.0407
 52.0548 52.0711 52.0855 52.0989 52.1098 52.1249 52.1399 52.1548 52.1679
 52.186  52.1997 52.2153 52.2302 52.2434 52.2544 52.2685 52.2796 52.2912
 52.3107 52.3251 52.3371 52.3487 52.3612 52.3737 52.3866 52.3984 52.4107
 52.4233 52.4362 52.4489 52.4616 52.4714 52.4823 52.4943 52.5092 52.5216
 52.5353 52.5518 52.5657 52.5771 52.5877 52.6001 52.6167 52.6307 52.6425
 52.6561 52.6688 52.683  52.6939 52.7096 52.7216 52.7356 52.7472 52.7601
 52.7707 52.7827 52.7942 52.8123 52.8298 52.8469 52.86   52.8735 52.8865
 52.8988 52.9111 52.9244 52.9376 52.9537 52.9671 52.9851 53.0031 53.0192
 53.036  53.0566 53.0743 53.0894 53.1102 53.1225 53.1379 53.1521 53.1664
 53.183  53.2003 53.2159 53.2318 53.2496 53.275  53.2891 53.3033 53.3172
 53.3352 53.3505 53.3661 53.3806 53.403  53.4218 53.4355 53.4543 53.4727
 53.4918 53.5123 53.5334 53.5501 53.5729 53.5888 53.6064 53.6279 53.6491
 53.6722 53.6866 53.7038 53.7214 53.7441 53.7638 53.798  53.8159 53.8513
 53.8711 53.8978 53.9298 53.9616 53.9913 54.0188 54.0399 54.1365 54.1683
 54.2628 54.4187 54.4478 54.5025 54.5358 54.5646 54.6053 54.6752 54.7039
 54.7766 59.9652
60.3029 60.7096 60.8175 60.8865 60.9601 61.0816 61.1324 61.1953 61.2323
 61.2705 61.2931 61.3257 61.3506 61.3825 61.3998 61.4156 61.4339 61.4626
 61.4773 61.5001 61.5381 61.5681 61.5945 61.624  61.6733 61.6911 61.7118
 61.7326 61.7464 61.7656 61.7783 61.7951 61.8196 61.8426 61.8595 61.8813
 61.9035 61.9232 61.9369 61.9549 61.976  61.9919 62.0123 62.0316 62.0484
 62.0598 62.0715 62.086  62.1072 62.1244 62.1401 62.1561 62.1767 62.1937
 62.2139 62.2299 62.2483 62.2718 62.2876 62.3047 62.3271 62.3481 62.4001
 62.4201 62.4477 62.4677 62.4861 62.5135 62.5307 62.5687 62.6072 62.6296
 62.6678 62.6841 62.7005 62.7209 62.7459 62.7769 62.8008 62.8274 62.8672
 62.8889 62.9295 62.9654 62.9902 63.0111 63.0328 63.0594 63.0887 63.1186
 63.155  63.2139 63.2686 63.3521 63.4538 64.0313 66.3506 67.1008 67.1762
 69.5465 69.6739 69.7091 69.7934 69.9028 69.9598 69.9792

