14.4309 14.5656 14.5952 14.7207 14.7982 14.8183 14.9003 14.9319 15.0136
 15.0389 15.0663 15.105  15.1848 15.2313 15.3312 15.3559 15.3931 15.43
 15.5888
23.0601 23.585  23.7068 23.878  24.13   24.1652 24.264  24.3279 24.4232
 24.4562 24.5135 24.5341 24.5917 24.7388 24.7665 24.7855 24.808  24.8343
 24.9198 25.0397 25.1795
32.6239 33.2426 33.309  33.4236 33.4495 33.561  33.5914 33.6176 33.6566
 33.6747 33.6966 33.7454 33.7651 33.8239 33.8961 33.9604 33.9898 34.0128
 34.0891 34.1188 34.2129 34.2618 34.2807 34.3133 34.4151 34.4601 34.5178
 34.5422 34.5712 34.6205 39.4775
42.796  42.8357 42.9786 43.0036 43.0202 43.2225 43.2502 43.2785 43.3896
 43.5133 43.5433 43.8294
50.4228 50.5581 51.3707 51.4098 51.5134 51.5316 51.5733 51.6249 51.6543
 51.6859 51.7025 51.7257 51.7459 51.7704 51.7958 51.8167 51.8684 51.8912
 51.9214 51.9485 51.9647 51.9805 51.9967 52.0259 52.0799 52.0924 52.1161
 52.1324 52.1588 52.1755 52.1903 52.2074 52.2505 52.266  52.3161 52.3546
 52.4203 52.4353 52.4885 52.5467 52.5821 52.6404 52.6635
60.6402 60.8133 61.0057 61.0766 61.1037 61.2619 61.3153 61.4058 61.436
 61.4736 61.5049 61.5513 61.6387 61.7135 61.7395 61.7665 61.7976 61.8289
 61.9056 61.977  62.0084 62.0607 62.1335 62.1842 69.4822 69.5886 69.7123
 69.9237 69.9484 69.9792

