13.4219 13.7816 13.8045 14.5821 14.8139 14.8337 14.9815 15.0375 15.1681
 15.1956 15.2671 15.2969 15.338  15.4708 15.4854
21.7813 23.0626 23.631  23.7699 23.8029 23.9246 23.9471 24.0088 24.0646
 24.1194 24.1504 24.2615 24.3267 24.4207 24.4416 24.5198 29.0647
32.0598 32.9799 33.1239 33.275  33.3528 33.3793 33.4247 33.4788 33.529
 33.5709 33.6058 33.6343 33.6585 33.6926 33.7736 33.8366 33.9126 33.9447
 34.0739 34.1006
41.9348 41.9978 42.0292 42.0761 42.1043 42.1689 42.2435 42.3119 42.3401
 42.3803 42.4352 42.4864 42.5387 42.5724 42.6093 42.6375 42.6831 42.7065
 42.7403 42.7771 42.8185 42.8682 42.885  42.9187 42.9416 42.964  43.0312
 43.0464 43.0798 43.1142 43.1303 43.2467 43.314
51.1786 51.3047 51.3972 51.4262 51.5002 51.5421 51.5838 51.6405 51.6727
 51.7009 51.7237 51.7661 51.7993 51.8272 51.8449 51.9185 51.9497 51.9733
 51.9915 52.0375 52.1384 52.1946 52.2105 52.2356 52.2567 52.299  52.3328
 52.3809 52.4246
60.9006 60.9258 61.0428 61.1024 61.2154 61.2398 61.2655 61.3204 61.341
 61.3786 61.3992 61.4448 61.4628 61.5115 61.5834 61.6577 61.6766 61.7284
 61.756  61.8725 69.7257

