12.2308 12.4747 14.413  14.4383 14.5557 14.5954 14.6188 14.7248 14.8375
 14.8589 14.8974 14.9865 15.1129 15.1354
22.037  22.7357 23.1673 23.2589 23.3094 23.4023 23.4935 23.6767 23.6927
 23.7303 23.7787 23.7956 23.8697 23.9315 23.9539 23.9789 24.0031 24.0199
 24.0447 24.0627 24.1044 24.1185 24.1719 24.1873 24.1998 24.2926 24.3168
 24.4634
30.3209 31.857  32.3194 32.5386 32.7585 32.7896 32.8336 32.9328 32.9731
 33.0197 33.0475 33.1047 33.1551 33.1833 33.2218 33.3449 33.3755 33.3928
 33.5145 33.5833 33.6233 33.7755 33.8397 33.9268
41.4333 41.609  41.7528 41.8444 42.0552 42.0772 42.1508 42.2186 42.2365
 42.2669 42.2967 42.3332 42.3643 42.4246 42.4767 42.5949 42.6661 42.7073
 42.7258 49.7227
50.4395 50.7554 50.7972 50.8414 50.9427 50.9747 51.1654 51.2284 51.2932
 51.3356 51.3799 51.4306 51.4738 51.5138 51.6076 51.654  51.6647 51.7054
 51.7348 51.8412 51.8735 51.8975 51.9386 51.9566 52.0904 59.8289
60.3403 60.4789 60.5604 60.6851 60.7277 60.7551 60.7802 60.8158 60.9039
 60.9452 61.0077 61.0421 61.0595 61.1589 61.2275 61.2747 61.3049 61.3955
 61.4191 61.4776 61.5496 69.2844 69.5089 69.6632 69.7266 69.7877 69.9067
 69.9338

