13.8472 14.4369 14.486  14.5737 14.7571 14.7863 14.8196 14.9498 14.9969
 15.171  15.4256
22.8386 23.7253 23.7579 24.023  24.046  24.0756 24.1215 24.1875 24.2095
 24.2517 24.3144 24.3477 24.3683 24.4251 24.5442 24.5724 24.6613 24.6961
32.4189 32.8308 32.8857 33.0424 33.2139 33.2959 33.3179 33.4401 33.4611
 33.4867 33.564  33.6045 33.6237 33.6794 33.7272 33.7778 33.8192 33.8464
 33.8922 33.9335 33.981  34.0419 34.1405
41.2094 41.7989 41.8656 41.9628 42.0769 42.2295 42.2782 42.3331 42.3708
 42.44   42.4719 42.4986 42.5137 42.5398 42.5769 42.6026 42.637  42.6831
 42.7162 42.755  42.78   42.8128 42.8469 42.8842 42.9149 42.9379 42.9544
 42.9851 43.0498 43.067  43.0981 43.1738 43.1883 43.2718 43.3431 43.3809
51.0358 51.1245 51.2427 51.2949 51.3445 51.3679 51.4241 51.5959 51.7041
 51.7338 51.7584 51.8755 51.9119 51.9432 51.9623 51.9923 52.0497 52.0774
 52.1099 52.1352 52.2018 52.3247 52.3581 52.3737 58.5756
60.7358 60.7966 61.1504 61.1742 61.3621 61.5373 61.5647 61.5947 61.6597
 61.6827 61.7199 61.7644 61.7939 61.8142 67.9401 68.9389 69.8331

