14.1695 14.4491 14.5478 14.7565 14.775  14.8858 14.9152 14.9675 15.0719
 15.1498 15.1789
22.7657 23.4251 23.684  23.7775 23.8076 23.8797 23.9957 24.0518 24.1401
 24.1916 24.2836 24.309  24.3269 24.5259
31.5112 32.8178 32.8953 32.9826 33.0147 33.1377 33.1785 33.217  33.2487
 33.2884 33.3635 33.3849 33.4278 33.4558 33.4892 33.5814 33.6368 33.6685
 33.7018 33.7499 34.0097
41.4547 42.0371 42.1236 42.2424 42.3365 42.4329 42.4824 42.5346 42.576
 42.6227 42.6946 42.7467 42.7664 42.7865 42.8099 42.8364 42.9402 42.9559
 42.9758 43.0072 43.1113 43.1436 43.1761
51.2087 51.2756 51.2947 51.3274 51.3617 51.5049 51.6476 51.7266 51.7409
 51.7777 51.8204 51.8513 51.8901 51.9317 52.1858 52.331
60.2402 61.0075 61.1684 61.237  61.3212 61.4643 61.5093 61.5286 61.6367
 69.7418 69.9008

