11.1804 12.2267 13.5703 14.1518 14.251  14.4638 14.5807 15.0168 15.0485
23.0121 23.1442 23.4725 23.5525 23.5749 23.7018 23.825  23.8736 23.9006
 23.9256 24.0305 24.155  24.1896 24.3614
31.5247 32.7936 32.8508 32.9793 33.0219 33.0526 33.1321 33.2459 33.3652
 33.3919 33.5152 33.5287 33.5597 33.6224 33.6344 33.6613 33.7064 33.8082
 33.8246
41.1322 41.4906 41.791  41.9746 42.0005 42.0597 42.0899 42.1774 42.2261
 42.2432 42.2579 42.3029 42.3854 42.4048 42.4754 42.5079 42.5294 42.5707
 42.5967 42.6599 42.6798 42.7097 42.7218 42.7559 42.7712 42.7982 42.8206
 42.8752 42.9437 43.0463 49.5322
50.4003 50.4737 50.7623 51.1208 51.1627 51.2869 51.3196 51.3618 51.4872
 51.5813 51.6244 51.6515 51.6725 51.6933 51.705  51.7437 51.8113 51.8684
 51.8886 51.9137 51.9663 52.02   52.1424 59.5797 59.9466
60.2534 60.8663 61.0128 61.0338 61.0555 61.1814 61.204  61.3271 61.3487
 61.618  61.6556 61.7495 69.3014

