14.1581 14.2898 14.4383 14.4729 14.5423 14.6168 14.6456 14.6876 14.7157
 14.7574 14.7749 14.8213 14.8537 14.8694 14.8928 14.9186 14.9332 14.9445
 14.9629 14.984  15.0344 15.0577 15.079  15.097  15.1196 15.142  15.1562
 15.1705 15.1845 15.2039 15.2193 15.2378 15.2562 15.2775 15.2922 15.3113
 15.3265 15.3376 15.3508 15.3659 15.3791 15.3973 15.4181 15.4366 15.455
 15.4737 15.4869 15.4996 15.5124 15.531  15.5536 15.5747 15.6033 15.6226
 15.6389 15.6588 15.6745 15.6922 15.7049 15.7235 15.7427 15.7624 15.7867
 15.808  15.8334 15.8571 15.8803 15.9041 15.9233 15.9418 15.9727 15.9915
 16.0111 16.0287 16.0524 16.0834 16.1002 16.1223 16.1511 16.1736 16.1905
 16.2124 16.2365 16.2617 16.2928 16.3124 16.3449 16.3614 16.3919 16.4119
 16.5412 16.5952 16.6424 16.6812 16.7369 16.7578 16.7912 16.8261 16.8778
 16.9407 17.0223
23.1105 23.3774 23.5042 23.5397 23.641  23.7372 23.7595 23.7972 23.833
 23.89   23.9082 23.9314 23.9637 23.9815 24.0042 24.0212 24.0398 24.0628
 24.0839 24.0966 24.1131 24.1328 24.1585 24.1728 24.1953 24.2165 24.2295
 24.2458 24.2617 24.2767 24.2942 24.3076 24.3212 24.3377 24.3522 24.3686
 24.3812 24.3977 24.4092 24.4233 24.4441 24.4576 24.4766 24.4897 24.5039
 24.5166 24.53   24.546  24.5705 24.5965 24.6119 24.6276 24.6435 24.6598
 24.6754 24.6904 24.7109 24.7311 24.7466 24.7625 24.7815 24.7976 24.8123
 24.8308 24.8515 24.8662 24.8861 24.9087 24.9227 24.9434 24.9635 24.9836
 25.0079 25.0242 25.0404 25.054  25.0676 25.0822 25.0952 25.1131 25.1348
 25.1557 25.1713 25.1945 25.2148 25.2334 25.2497 25.2657 25.2846 25.3057
 25.3239 25.3546 25.3869 25.412  25.4377 25.4779 25.4963 25.5407 25.5628
 25.591  25.6259 25.6545 25.7019 25.7198 25.7531 25.7801 25.8256 25.8732
 25.8929 25.9828 26.0118 26.0404 26.063  26.1038 26.1516 26.2002 26.2433
 26.4083 26.7166
31.177  32.5715 32.7065 32.7875 32.8298 32.9199 32.9936 33.0357 33.056
 33.0773 33.1128 33.2069 33.2438 33.2743 33.3116 33.3283 33.3432 33.3667
 33.3955 33.409  33.4301 33.4439 33.458  33.4741 33.488  33.5084 33.5237
 33.543  33.5656 33.585  33.5992 33.617  33.6319 33.6452 33.659  33.6722
 33.6842 33.6963 33.7109 33.7257 33.7386 33.752  33.7667 33.7778 33.789
 33.8037 33.8157 33.8278 33.8504 33.8668 33.8799 33.8938 33.9078 33.9249
 33.9397 33.9512 33.9673 33.979  33.9925 34.0073 34.0217 34.0359 34.0486
 34.0684 34.0823 34.0981 34.1111 34.1263 34.1401 34.1598 34.1763 34.1947
 34.2056 34.2202 34.236  34.2513 34.2684 34.2844 34.2977 34.3111 34.3264
 34.3416 34.3598 34.3714 34.3863 34.4003 34.4169 34.439  34.4584 34.4809
 34.4984 34.5109 34.5253 34.539  34.5527 34.5704 34.5849 34.6065 34.6369
 34.6501 34.665  34.6823 34.7023 34.7326 34.7476 34.7626 34.792  34.8158
 34.8328 34.8512 34.8674 34.8867 34.9046 34.9224 34.9445 34.965  34.9842
 35.0167 35.0527 35.0855 35.1034 35.1342 35.1749 35.193  35.2167 35.2512
 35.267  35.2854 35.3112 35.3378 35.3915 35.4134 35.4406 35.4643 35.4872
 35.5402 35.5898 35.6487 35.7047 35.8305
40.7018 41.6926 41.8738 41.9624 41.9834 42.0021 42.0437 42.1202 42.1605
 42.2041 42.2258 42.2541 42.2761 42.3008 42.3222 42.3461 42.3683 42.3938
 42.4167 42.4345 42.4513 42.4692 42.4865 42.5023 42.5183 42.5342 42.5472
 42.5624 42.5782 42.5916 42.6105 42.6308 42.6425 42.6604 42.6778 42.6943
 42.7102 42.725  42.7357 42.7501 42.7609 42.7746 42.7904 42.8025 42.8156
 42.827  42.8433 42.8539 42.8652 42.8761 42.887  42.9008 42.911  42.9228
 42.9344 42.9471 42.9591 42.9734 42.9861 42.9977 43.009  43.0191 43.0318
 43.0433 43.0533 43.0659 43.0772 43.0897 43.1011 43.114  43.1309 43.1444
 43.158  43.1706 43.1823 43.1955 43.2099 43.228  43.2416 43.2537 43.2646
 43.2783 43.2941 43.309  43.3257 43.3407 43.3533 43.3691 43.3908 43.4029
 43.4167 43.4301 43.445  43.4602 43.4715 43.4877 43.5048 43.5179 43.5317
 43.5475 43.5592 43.5718 43.5845 43.6023 43.6182 43.6322 43.6569 43.6745
 43.6924 43.7044 43.7214 43.7353 43.751  43.7687 43.7815 43.796  43.8176
 43.8386 43.8558 43.8692 43.8863 43.9014 43.9306 43.9509 43.9685 43.9812
 43.9951 44.0085 44.0282 44.0455 44.0614 44.0863 44.1027 44.1213 44.1416
 44.1698 44.1928 44.2144 44.2352 44.2626 44.2853 44.3055 44.339  44.3853
 44.4112 44.429  44.4569 44.4954 44.5276 44.5754 44.5959 44.6289 44.6671
 44.7286 44.7817 44.8839 45.0285
50.8749 50.9434 51.0635 51.1207 51.1585 51.2497 51.3139 51.3758 51.4123
 51.4693 51.4907 51.5145 51.5479 51.5682 51.5881 51.603  51.6315 51.6445
 51.6598 51.6759 51.6917 51.7099 51.7244 51.7389 51.7562 51.7796 51.7939
 51.8072 51.8211 51.8332 51.8458 51.8585 51.8701 51.8832 51.8944 51.9074
 51.9222 51.9355 51.95   51.9624 51.9741 51.9866 51.9994 52.0117 52.0253
 52.0382 52.0499 52.0606 52.0738 52.089  52.1002 52.1137 52.1242 52.1345
 52.1437 52.1604 52.1729 52.1868 52.2011 52.214  52.2244 52.2345 52.2472
 52.2592 52.2756 52.2871 52.3001 52.3142 52.3252 52.3357 52.3472 52.3583
 52.3713 52.3847 52.3944 52.4075 52.4236 52.437  52.4478 52.4582 52.4697
 52.4828 52.4972 52.5102 52.5261 52.5431 52.5556 52.5724 52.5859 52.6015
 52.6199 52.6336 52.649  52.6623 52.678  52.693  52.7054 52.7289 52.7419
 52.7602 52.7776 52.7897 52.8021 52.819  52.8301 52.8515 52.8684 52.8823
 52.8964 52.9136 52.9288 52.9428 52.9666 52.986  53.0048 53.0214 53.0377
 53.0543 53.0685 53.0813 53.0978 53.1189 53.1351 53.1509 53.1707 53.2057
 53.2285 53.2501 53.2696 53.2949 53.3172 53.3464 53.3669 53.3872 53.4194
 53.4562 53.4811 53.5113 53.5377 53.5982 53.6179 53.677  53.7148 53.8051
 53.8784 53.9423 54.1367
60.4504 60.5446 60.6343 60.8077 60.8447 60.9054 60.9867 61.0083 61.0578
 61.0958 61.1096 61.1327 61.1642 61.2114 61.2444 61.2695 61.2934 61.3067
 61.3199 61.334  61.3578 61.3769 61.391  61.4092 61.4307 61.4507 61.4721
 61.4893 61.5087 61.524  61.5391 61.5591 61.5726 61.5874 61.6033 61.615
 61.6246 61.6362 61.6485 61.6621 61.6755 61.6887 61.7025 61.715  61.7266
 61.742  61.7538 61.7667 61.7841 61.7966 61.8092 61.8233 61.8393 61.8532
 61.8649 61.8788 61.8911 61.91   61.9219 61.936  61.95   61.9617 61.9815
 62.0027 62.0177 62.0314 62.0545 62.0752 62.0925 62.1143 62.1298 62.1466
 62.1689 62.1904 62.2136 62.2279 62.2408 62.276  62.2964 62.3137 62.3327
 62.3543 62.3787 62.4087 62.4347 62.4581 62.4784 62.5038 62.5327 62.5498
 62.5858 62.6044 62.6359 62.6743 62.6982 62.7391 62.7603 62.8028 62.8465
 62.8688 62.8968 62.9439 63.0097 63.0559 63.0815 63.1083 63.135  63.1783
 63.1946 63.2219 63.2466 63.3167 63.3401 63.5298 67.8308 68.5536 69.9342
 69.9679

