11.8737 12.055  13.7921 13.8399 14.1194 14.2256 14.2649 14.3329 14.4082
 14.4957 14.5337 14.5694 14.6783 14.701  14.7277 14.7688 14.8109 14.8689
 14.9024 14.9326
22.9926 23.6376 23.7257 23.7463 23.76   23.8043 23.9811 24.0918 24.1332
 24.3414 24.4696
30.5233 30.9001 32.6159 32.8586 32.9093 32.9582 33.0278 33.1143 33.1358
 33.2697 33.4389 33.4649 33.4796 33.5357 33.6455 33.6608 33.6951
40.8579 41.3528 41.5412 41.705  41.7585 41.8625 41.9673 42.0812 42.1447
 42.331  42.3498 42.3726 42.4183 42.5084 42.5442 42.5659 42.5908 42.6139
 42.6589 42.6939 42.7223 42.8456 49.0669
50.4644 50.9595 51.0359 51.1026 51.238  51.2873 51.4888 51.5516 51.5832
 51.6316 51.6685 51.7249 51.84   51.8807 51.9032 51.9599 51.9967 52.1236
 57.3509 58.8709 59.6531
60.1367 60.3188 60.5756 60.7478 60.9833 61.0337 61.1273 61.1517 61.2383
 61.3158 61.3817 61.5198 61.5737 66.9679 67.8089 69.3557 69.3945 69.4889
 69.6861 69.811  69.9405

