13.7768 14.1498 14.646  14.7914 14.9793
21.3011 22.7751 23.1693 23.2835 23.3545 23.7664 23.9119 23.9774 24.1735
 24.2421 24.4289
30.5147 32.4635 32.6885 32.7884 32.9647 33.1284 33.3679 33.4885 33.5339
 33.5654 33.5804 33.6148 33.6401 33.6873 33.7053 33.7248
41.4899 41.5389 41.5935 41.8142 42.0182 42.3123 42.3399 42.358  42.5009
 42.5535 42.6081 42.664  42.6902 42.7083 42.7278 47.6615
50.8379 50.9035 50.9268 51.0178 51.144  51.2099 51.3358 51.3825 51.4366
 51.4632 51.5051 51.6516 51.6654 51.7248 51.7683 52.0415 59.2298 59.4633
 59.532  59.5632
60.3447 60.6656 60.8769 60.9805 61.2759 61.3238 68.9419 69.9399 69.9988

