12.9455 13.6028 13.9517 14.0059 14.0323 14.0629 14.134  14.1747 14.2715
 14.3371 14.4068 14.4347 14.4626 14.4851 14.5163 14.7354 14.9168 15.025
21.3194 22.5748 22.7768 22.8356 23.3065 23.3994 23.5916 23.7086 23.8122
 23.8692 23.9651 24.0224 24.0381 24.0804 24.129  24.6974 29.806
30.7883 32.5589 32.8786 32.902  32.9777 33.0446 33.1373 33.3542 33.4141
 33.4811 33.6067 33.8198
41.9915 42.2769 42.3162 42.4358 42.5773 42.6065 42.6251 42.6589 42.6933
 42.7479 42.7839 42.8424 43.0136 43.0959
50.6496 50.7948 51.3378 51.4068 51.5223 51.5932 51.6343 51.6608 51.7189
 51.8177 51.866  52.1014 52.1205 52.2894 52.3467
60.1464 60.5034 60.569  60.6708 60.801  60.8385 60.9813 61.0127 61.5041
 69.7035 69.8798 69.9804

