12.2868 13.619  13.8148 13.8551 13.8959 13.9986 14.0878 14.1084 14.1694
 14.2013 14.2301 14.2555 14.2838 14.3338 14.3887 14.4485 14.4723 14.5078
 14.5603 14.5918 14.6124 14.6322 14.6456 14.6624 14.6774 14.7039 14.7299
 14.7474 14.7722 14.7923 14.8188 14.8382 14.8554 14.8728 14.8977 14.9118
 14.9289 14.945  14.9588 14.9875 15.0067 15.0241 15.039  15.0516 15.0679
 15.0853 15.1009 15.1241 15.14   15.1588 15.1726 15.1892 15.2055 15.2239
 15.243  15.258  15.2776 15.2935 15.3054 15.3216 15.3355 15.3546 15.3681
 15.3811 15.3952 15.4067 15.4207 15.4357 15.4536 15.4701 15.4894 15.5058
 15.5208 15.5331 15.5456 15.5588 15.5748 15.5978 15.6189 15.6365 15.6517
 15.6655 15.6888 15.705  15.7189 15.7332 15.7563 15.7759 15.81   15.8402
 15.8621 15.8841 15.911  15.9603 15.9864 16.0209 16.0629 16.0886 16.1133
 16.1379 16.1977 16.2886
23.0969 23.2649 23.2996 23.4975 23.5851 23.6581 23.7228 23.7553 23.871
 23.8898 23.9081 23.99   24.0185 24.0811 24.1388 24.2141 24.2378 24.2709
 24.3166 24.357  24.3805 24.4079 24.4424 24.4766 24.5042 24.5285 24.5438
 24.5617 24.5798 24.5952 24.6124 24.6272 24.6409 24.6558 24.674  24.6943
 24.7169 24.7319 24.7478 24.7623 24.7954 24.8127 24.8357 24.8516 24.8767
 24.9014 24.9138 24.9263 24.9422 24.9721 25.0003 25.0235 25.0358 25.0682
 25.0926 25.1187 25.1406 25.1599 25.1777 25.195  25.2076 25.2252 25.2542
 25.2878 25.3207 25.3359 25.3539 25.3828 25.4064 25.4217 25.4463 25.4786
 25.5022 25.5218 25.5377 25.5616 25.59   25.6227 25.6417 25.7152 25.7426
 25.7745 25.8337 25.8716 26.0291
32.2669 32.7183 32.7929 32.8335 33.0332 33.2536 33.3419 33.4707 33.5048
 33.5294 33.5499 33.5959 33.6111 33.6512 33.6689 33.6978 33.7149 33.7343
 33.769  33.7993 33.8499 33.8685 33.8848 33.908  33.9276 33.9453 33.9788
 34.0015 34.0384 34.0683 34.1041 34.1265 34.1446 34.1609 34.1913 34.2128
 34.2279 34.2637 34.2839 34.3153 34.3362 34.3768 34.3942 34.418  34.4339
 34.4469 34.4707 34.5072 34.5249 34.5608 34.5865 34.6043 34.6321 34.6619
 34.6869 34.7068 34.7306 34.7545 34.8007 34.8322 34.8854 34.9105 34.9437
 34.9767 34.998  35.1587 35.2078 36.9204
41.8052 42.1168 42.1899 42.234  42.2747 42.4813 42.5054 42.5532 42.5719
 42.6333 42.6665 42.7026 42.7385 42.7691 42.7839 42.8073 42.834  42.8754
 42.9218 42.9557 42.9762 43.0056 43.0234 43.0408 43.0563 43.0793 43.0959
 43.1306 43.1481 43.1712 43.2068 43.2216 43.2417 43.2595 43.2791 43.2989
 43.3209 43.3373 43.3724 43.3997 43.4127 43.4319 43.4477 43.4782 43.4987
 43.5228 43.5395 43.5568 43.5728 43.5917 43.6041 43.6173 43.6318 43.6642
 43.6842 43.7088 43.7278 43.7495 43.7666 43.7876 43.8169 43.8343 43.8496
 43.8613 43.8826 43.9004 43.9438 43.9746 44.0066 44.0276 44.0581 44.0773
 44.1136 44.1381 44.1581 44.1946 44.2257 44.3099 44.3621 44.4422 44.5127
 48.2078
50.9043 51.3874 51.4457 51.478  51.5925 51.647  51.6939 51.7598 51.8842
 51.9606 52.0042 52.0406 52.0795 52.1098 52.1294 52.156  52.1784 52.2195
 52.2513 52.283  52.2966 52.3428 52.3732 52.3979 52.4172 52.4304 52.4445
 52.4563 52.4785 52.4994 52.5146 52.5358 52.5533 52.5716 52.5852 52.6036
 52.6361 52.6573 52.6867 52.7055 52.7399 52.7655 52.7827 52.8004 52.8189
 52.8322 52.8537 52.8725 52.8936 52.9222 52.9388 52.9538 52.9753 52.9952
 53.0186 53.0446 53.0637 53.0834 53.107  53.1289 53.1487 53.1647 53.188
 53.2104 53.2402 53.2686 53.3028 53.3355 53.3762 53.4035 53.4359 53.4595
 53.497  53.517  53.5758 53.6319 53.6845 53.7627 53.9836 58.5791
60.0517 60.3766 60.6397 60.7185 60.9338 60.9979 61.0666 61.1042 61.1438
 61.2857 61.3291 61.348  61.3753 61.3984 61.4198 61.442  61.4615 61.4844
 61.5191 61.5349 61.5574 61.5944 61.6336 61.6624 61.7065 61.7245 61.7397
 61.7589 61.772  61.798  61.8143 61.8337 61.8773 61.8998 61.9291 61.9441
 61.9603 61.9769 62.002  62.0193 62.0375 62.0549 62.0752 62.0907 62.1131
 62.1526 62.184  62.2163 62.2387 62.2566 62.2723 62.2989 62.3174 62.3341
 62.361  62.3865 62.4069 62.438  62.4779 62.5159 62.5447 62.5694 62.5863
 62.6133 62.6756 62.7161 62.7522 62.7798 62.7987 62.8236 62.8454 62.8787
 62.9255 62.9658 63.0334 63.9097 69.6748 69.873

