12.9354 13.5238 13.5631 13.9252 13.9863 14.0078 14.0338 14.0685 14.1225
 14.1587 14.2029 14.2397 14.2736 14.3265 14.3543 14.3746 14.3935 14.4118
 14.4469 14.4655 14.4856 14.5072 14.5212 14.5412 14.5557 14.5898 14.6192
 14.6409 14.6607 14.6757 14.6903 14.7037 14.718  14.7325 14.7464 14.7572
 14.7712 14.788  14.8057 14.8232 14.8412 14.8596 14.8735 14.8868 14.9003
 14.9138 14.9304 14.9443 14.9604 14.9762 14.9955 15.0078 15.0186 15.0329
 15.0458 15.0582 15.0708 15.084  15.1006 15.112  15.1236 15.1397 15.1574
 15.1703 15.192  15.2091 15.2232 15.236  15.2477 15.2636 15.283  15.2996
 15.3279 15.341  15.3559 15.3762 15.3941 15.4072 15.429  15.4447 15.4686
 15.4824 15.4976 15.5203 15.5416 15.5594 15.5798 15.5971 15.6103 15.6271
 15.6535 15.6733 15.6937 15.7272 15.7485 15.772  15.7977 15.8151 15.832
 15.8438 15.8619 15.8755 15.8968 15.9097 15.9297 15.9506 15.9836 16.009
 16.0449 16.0799 16.1188 16.145  16.1725 16.2038 16.2248 16.2527 16.2734
 16.3062 16.3547 16.3768 16.4051 16.4375 16.4788 16.5735 16.5938
22.7227 23.2116 23.4076 23.7347 23.7649 23.8781 23.9188 23.9509 23.9889
 24.0494 24.0811 24.1066 24.14   24.1855 24.2202 24.2379 24.2637 24.2887
 24.3042 24.3229 24.3426 24.3621 24.4007 24.4258 24.4577 24.4775 24.5187
 24.5391 24.5551 24.5696 24.587  24.6017 24.6195 24.6369 24.6607 24.6944
 24.7244 24.7425 24.7564 24.7751 24.7918 24.8034 24.8172 24.837  24.8568
 24.8716 24.8852 24.8994 24.935  24.9565 24.9709 24.9943 25.0075 25.0229
 25.0369 25.0505 25.0633 25.0746 25.0955 25.122  25.141  25.1559 25.173
 25.1871 25.205  25.2247 25.2404 25.2583 25.2804 25.3046 25.3371 25.352
 25.3781 25.4007 25.4229 25.4461 25.4669 25.4885 25.5052 25.5316 25.5622
 25.5792 25.5977 25.6241 25.6393 25.6614 25.6863 25.7272 25.7457 25.7969
 25.8319 25.8666 25.8998 25.9229 25.9584 26.0017 26.0574 26.1161 26.1948
 26.2183 26.2793 26.413  26.7331
31.621  32.1953 32.6005 32.7005 32.8723 33.0382 33.0713 33.1867 33.4162
 33.441  33.4854 33.5507 33.5979 33.6247 33.6487 33.6714 33.7019 33.747
 33.7685 33.7859 33.8009 33.838  33.8598 33.8862 33.9009 33.9167 33.9446
 33.9618 33.9861 34.0034 34.0269 34.049  34.0667 34.0875 34.1015 34.115
 34.1292 34.1415 34.1544 34.1672 34.1836 34.2028 34.216  34.2322 34.252
 34.2695 34.2833 34.3002 34.3338 34.3548 34.3743 34.4009 34.4169 34.4385
 34.4609 34.4806 34.4986 34.5178 34.5405 34.5626 34.5857 34.6081 34.6246
 34.646  34.6692 34.6977 34.7281 34.7463 34.7727 34.795  34.8122 34.8351
 34.8517 34.8806 34.921  34.9478 34.9879 35.0105 35.0503 35.0734 35.098
 35.118  35.1531 35.1898 35.2193 35.2624 35.2952 35.3537 35.424  35.4496
 35.5255 35.5657
42.0738 42.2305 42.3598 42.4367 42.4919 42.5339 42.5644 42.5916 42.6287
 42.6532 42.6709 42.6877 42.7597 42.7848 42.8239 42.849  42.9022 42.9277
 42.9464 42.9825 43.0073 43.0211 43.0413 43.0726 43.1065 43.1239 43.1409
 43.1743 43.191  43.2053 43.2268 43.2473 43.2692 43.2915 43.3188 43.3371
 43.3497 43.3656 43.381  43.3957 43.409  43.4247 43.4514 43.4773 43.5061
 43.5204 43.5342 43.5458 43.5599 43.5781 43.5937 43.6156 43.6328 43.6462
 43.6635 43.6812 43.695  43.7107 43.7287 43.7406 43.7593 43.7773 43.7951
 43.8255 43.8592 43.8744 43.8922 43.9071 43.9281 43.9451 43.9629 43.9925
 44.0202 44.0395 44.0559 44.0823 44.1019 44.1295 44.146  44.1715 44.1939
 44.2229 44.2579 44.2885 44.3234 44.3415 44.37   44.4226 44.4641 44.4979
 44.5239 44.5744 44.6261 44.7049 44.7578 44.8732 45.0479 45.8358
50.5138 51.5849 51.6165 51.8708 51.9482 51.987  52.0017 52.0337 52.0538
 52.0703 52.0868 52.1167 52.14   52.1694 52.1928 52.2185 52.2374 52.2677
 52.2837 52.3111 52.3286 52.3504 52.3655 52.3807 52.4009 52.4213 52.4352
 52.4537 52.4766 52.4943 52.5102 52.5314 52.5432 52.5594 52.5831 52.6016
 52.6192 52.6454 52.6604 52.6773 52.6924 52.7183 52.7455 52.7669 52.7837
 52.7987 52.8139 52.8483 52.8662 52.8809 52.9035 52.917  52.9343 52.9489
 52.9649 52.9792 53.0025 53.0507 53.0727 53.0885 53.1066 53.1439 53.1686
 53.1819 53.2014 53.2298 53.2477 53.2698 53.2886 53.3083 53.3252 53.3399
 53.3592 53.3846 53.4125 53.4418 53.4673 53.4885 53.5249 53.5896 53.622
 53.6369 53.6647 53.6865 53.7139 53.8266 53.8554 53.9123 53.9496 54.109
 54.1722 59.4828
60.0382 60.5518 60.8485 60.9199 61.0914 61.1597 61.2115 61.3081 61.3299
 61.3699 61.3885 61.4121 61.5255 61.5518 61.5677 61.5915 61.6256 61.6584
 61.6864 61.7069 61.7598 61.7883 61.8137 61.8281 61.8535 61.8831 61.8973
 61.9145 61.9312 61.9459 61.9699 61.9829 62.0057 62.0215 62.0436 62.06
 62.0721 62.0939 62.1257 62.1532 62.1696 62.1948 62.2167 62.2343 62.2547
 62.2738 62.2921 62.3201 62.3605 62.3857 62.4358 62.4727 62.5083 62.5365
 62.5789 62.6766 62.7018 62.7587 62.7763 62.8293 62.8621 62.8828 62.9036
 63.0091 63.0567 63.0841 63.1206 63.1547 63.2893 63.3995 63.434  63.5145
 64.6285 66.9377 68.5298 69.8939 69.9834

