12.1928 12.7719 12.9144 13.0026 13.299  13.3301 13.3702 13.4185 13.4971
 13.6202 13.6624 13.7062 13.729  13.7561 13.7809 13.8279 13.8563 13.8728
 13.9214 13.9481 13.9887 14.0078 14.0436 14.0706 14.0865 14.1011 14.1189
 14.135  14.1496 14.1706 14.2015 14.2228 14.2784 14.292  14.3081 14.3235
 14.3407 14.3576 14.3796 14.3919 14.4074 14.427  14.4432 14.4631 14.4788
 14.4933 14.507  14.5205 14.5334 14.5492 14.5639 14.578  14.5949 14.6082
 14.633  14.6452 14.6576 14.6689 14.6829 14.6981 14.7098 14.7216 14.7315
 14.7447 14.756  14.7713 14.7825 14.7962 14.8074 14.8226 14.8356 14.848
 14.8615 14.8789 14.8902 14.9022 14.9152 14.9291 14.9438 14.9566 14.9716
 14.9831 14.9946 15.0065 15.0197 15.0352 15.0495 15.0637 15.0793 15.0906
 15.1025 15.1158 15.128  15.1391 15.1535 15.1691 15.1808 15.1951 15.2106
 15.2255 15.2385 15.2515 15.2633 15.2782 15.2909 15.3018 15.3131 15.3247
 15.3375 15.3515 15.3641 15.3772 15.3949 15.4095 15.4284 15.4423 15.462
 15.4779 15.4889 15.502  15.5164 15.5311 15.5443 15.5607 15.5776 15.5957
 15.6138 15.631  15.6491 15.6649 15.6788 15.6919 15.7074 15.7226 15.7393
 15.7585 15.7781 15.793  15.8188 15.8348 15.8593 15.8781 15.9053 15.9201
 15.9388 15.9821 16.0682 16.1018 16.1646 16.1859 16.2258 16.2684 16.3291
 16.4632 16.529  17.2499
22.1996 22.9039 23.231  23.2609 23.5409 23.5655 23.6633 23.7008 23.727
 23.8302 23.8828 23.9048 23.935  23.9544 23.9896 24.0202 24.0384 24.0556
 24.0739 24.1031 24.1177 24.1348 24.1525 24.1707 24.2037 24.2333 24.2466
 24.2592 24.2728 24.2915 24.3047 24.3222 24.3371 24.3573 24.3937 24.4085
 24.425  24.4544 24.4692 24.4863 24.5057 24.5173 24.5316 24.5478 24.5664
 24.5805 24.5977 24.614  24.6344 24.6487 24.6707 24.6879 24.7074 24.7211
 24.7427 24.761  24.7757 24.7926 24.8053 24.8241 24.8503 24.8699 24.8917
 24.9133 24.9292 24.9423 24.9568 24.9768 24.991  25.0104 25.0282 25.0424
 25.0605 25.0743 25.0886 25.1164 25.1367 25.1547 25.1715 25.1854 25.2018
 25.2314 25.2558 25.2711 25.2876 25.3092 25.3289 25.3469 25.3959 25.4183
 25.4815 25.4969 25.529  25.5477 25.5713 25.5949 25.6351 25.6684 25.7069
 25.7294 25.7586 25.8062 25.823  25.863  25.8917 25.989  26.0256 26.0962
32.4515 32.4838 32.601  32.6677 32.7065 32.7594 32.7819 32.8281 32.9386
 32.9712 32.9851 33.025  33.0611 33.0863 33.1241 33.1623 33.2008 33.2411
 33.2617 33.3018 33.3275 33.3422 33.3609 33.379  33.3947 33.4103 33.4258
 33.4474 33.4661 33.4861 33.4997 33.5241 33.5419 33.5647 33.5866 33.6032
 33.6228 33.6395 33.6534 33.6671 33.6845 33.7096 33.7472 33.7661 33.7806
 33.7955 33.8104 33.8287 33.8495 33.8687 33.8862 33.9026 33.9211 33.9327
 33.947  33.9622 33.982  33.9955 34.0105 34.0283 34.0394 34.0528 34.0667
 34.0779 34.0898 34.1051 34.1246 34.1436 34.1735 34.191  34.2075 34.2234
 34.2442 34.2631 34.2784 34.3002 34.3167 34.331  34.3495 34.3669 34.3814
 34.3935 34.4098 34.43   34.4552 34.4701 34.4895 34.507  34.5244 34.5477
 34.5626 34.5778 34.5945 34.6116 34.6299 34.6444 34.6624 34.6939 34.7154
 34.7381 34.7581 34.7927 34.8125 34.8383 34.9247 34.946  34.9885 35.0206
 35.0444 35.1079 35.1437 35.168  35.2064 35.3489
41.5709 41.6188 41.8395 42.0241 42.1122 42.1794 42.2209 42.2669 42.2903
 42.3239 42.3577 42.4284 42.4466 42.474  42.494  42.5234 42.5492 42.569
 42.5822 42.6137 42.6357 42.6554 42.6763 42.6949 42.7124 42.7294 42.7452
 42.7639 42.7769 42.7937 42.81   42.8285 42.8532 42.8664 42.8838 42.9048
 42.9215 42.9378 42.9525 42.9693 42.983  42.9967 43.0106 43.0211 43.0321
 43.0496 43.0631 43.0856 43.1087 43.1208 43.1332 43.1445 43.1578 43.1693
 43.1859 43.2012 43.2138 43.2246 43.2377 43.2499 43.2632 43.2745 43.2913
 43.3074 43.3198 43.3306 43.3436 43.3608 43.3817 43.3973 43.4131 43.4246
 43.4393 43.4608 43.4784 43.4948 43.5092 43.5286 43.5411 43.5586 43.5716
 43.5842 43.6057 43.6272 43.64   43.6512 43.6634 43.6766 43.6923 43.7039
 43.7206 43.7409 43.7541 43.7735 43.7932 43.8097 43.8217 43.8377 43.8538
 43.8665 43.8825 43.9001 43.9222 43.9366 43.9501 43.9618 43.9798 43.9971
 44.0164 44.0676 44.1082 44.1367 44.1654 44.2275 44.243  44.2628 44.2966
 44.3143 44.4806 45.0218
50.6658 50.8021 50.8224 50.9178 51.1013 51.1215 51.1527 51.2458 51.3225
 51.3729 51.4346 51.4528 51.5483 51.6297 51.6785 51.7236 51.7794 51.8088
 51.8331 51.8629 51.8788 51.9048 51.9267 51.954  51.9741 51.9894 51.9997
 52.0275 52.0484 52.0653 52.0834 52.1024 52.1286 52.1468 52.1589 52.1723
 52.1912 52.2059 52.2333 52.2525 52.2773 52.2993 52.3127 52.3271 52.3413
 52.3582 52.3722 52.3901 52.4056 52.4184 52.4334 52.4476 52.4645 52.4788
 52.491  52.506  52.5209 52.5389 52.5533 52.5668 52.5815 52.5945 52.6145
 52.6292 52.6503 52.6651 52.6782 52.6897 52.7034 52.7198 52.734  52.749
 52.7642 52.7806 52.7954 52.8125 52.8311 52.8486 52.868  52.8846 52.9029
 52.9214 52.9421 52.9574 52.9746 52.9935 53.0112 53.0294 53.0545 53.0798
 53.096  53.1206 53.1349 53.1609 53.1792 53.1969 53.2135 53.2444 53.2641
 53.2888 53.3117 53.3392 53.3767 53.3997 53.4474 53.4738 53.5202 53.5676
 53.5951 53.665  53.7403 53.8143 53.8446 53.9366 59.1991
60.3334 60.391  60.7458 60.8275 60.8534 60.9015 60.9289 60.9799 61.0187
 61.0626 61.0969 61.1218 61.1444 61.1635 61.1913 61.2199 61.2377 61.2609
 61.277  61.3082 61.3253 61.3416 61.3579 61.3713 61.3852 61.4088 61.4258
 61.4452 61.4614 61.4893 61.5057 61.5193 61.5314 61.5623 61.5753 61.5888
 61.6176 61.6328 61.6491 61.6666 61.6809 61.696  61.7103 61.7266 61.7554
 61.7784 61.7956 61.8199 61.855  61.8711 61.891  61.9075 61.9304 61.9492
 61.9648 61.9816 62.0009 62.0171 62.0336 62.0595 62.0918 62.1131 62.126
 62.1418 62.1562 62.1746 62.2072 62.2303 62.2474 62.2647 62.2822 62.2976
 62.3109 62.3286 62.3457 62.3631 62.3879 62.4094 62.4283 62.4628 62.4948
 62.5166 62.5374 62.5551 62.5977 62.6206 62.6579 62.6985 62.7257 62.7551
 62.7744 62.7965 62.8314 62.8498 62.9646 62.9982 63.1084 63.165  68.3109
 68.6528 69.1983 69.5324 69.8924 69.9634 69.9915

