12.9208 13.2798 13.6513 13.7714 13.8746 13.9073 13.9891 14.0299 14.0536
 14.0943 14.2533 14.2789 14.3007 14.3212 14.3995 14.423  14.4567 14.476
 14.5187 14.7369 14.8181 19.9751
23.3385 23.4276 23.5187 23.5533 23.6696 23.6931 23.7898 23.8148 23.9727
 23.9955 24.0533 24.0715 24.2782 24.4061 24.5856 24.608
32.1979 32.7306 32.7985 32.8356 33.0386 33.1527 33.2324 33.3497 33.5927
40.3216 41.2372 41.6659 41.9382 42.0737 42.1984 42.2285 42.2662 42.3548
 42.3957 42.4826 42.5131 42.5993 42.6328 42.7395 42.8327 42.955  43.0295
 43.0704 43.1452 43.1783
50.8888 51.0405 51.1129 51.4376 51.5887 51.6563 51.8046 51.8205 51.8819
 51.9786 52.0758
60.1229 60.1644 60.2272 60.5552 60.5802 60.6552 60.8059 61.0555 61.1802
 61.2418 61.3137 61.4116 61.5659 69.2518 69.4535 69.6864 69.7219 69.7799

