14.5116 14.6317 14.6782 14.7355 14.7903 14.8205 14.8643 14.8921 14.9258
 14.9546 15.0429 15.0768 15.1116 15.1428 15.1625 15.4052 15.4257 15.4431
 15.4748 15.555
23.0995 23.2246 23.7087 24.2812 24.3242 24.3573 24.509  24.5632 24.8596
 24.8752 24.9116 24.9291 24.9526 25.1167 25.2453
33.4114 33.4507 33.5155 33.6748 33.7098 33.7977 34.0164 34.0768 34.0926
 34.1341
42.245  42.3055 43.0006 43.0608 43.1284 43.1713 43.2775 43.3746 43.394
 43.4264 43.6514 43.6884 43.7522 48.4898
51.9502 52.0055 52.083  52.198  52.2635 52.311  52.3735 52.6837 52.7708
60.0953 60.7299 60.9214 60.9765 61.1408 61.2556 61.4237 61.5633 61.7319
 62.1005 62.2542 62.2988 69.6535 69.8789

