14.5771 14.6113 14.6938 14.7233 14.8036 14.8471 14.9069 14.9662 14.9989
 15.0211 15.0408 15.0649 15.1335 15.1567 15.1763 15.3418 15.3693 15.5078
22.7919 23.4639 23.5735 23.744  23.7848 23.97   24.1494 24.1646 24.2429
 24.3869 24.4294 24.5602 24.608  24.7477 24.7791 24.802  24.8659 24.8944
 25.1408 25.1564
32.9491 33.206  33.7352 33.7517 33.7949 33.9364 33.9698 34.0756 34.1212
 34.2135 34.2998 34.3829 34.4199 34.4553 34.6471
42.7698 43.017  43.0819 43.1217 43.1613 43.2155 43.2388 43.2734 43.3262
 43.3997 43.4191 43.4425
51.4161 51.7817 51.9177 52.0566 52.1333 52.17   52.441  52.4999
61.043  61.1878 61.2564 61.3712 61.4248 61.4452 61.5753 61.6145 61.6985
 61.763  61.8053 61.8397 61.8719 61.9044 62.1489 69.6198

