13.5714 14.198  14.2387 14.282  14.3489 14.4193 14.4917 14.5283 14.6334
 14.6543 14.6729 14.6887 14.7075 14.7264 14.7413 14.7614 14.7762 14.7929
 14.8098 14.8254 14.8373 14.849  14.8638 14.8819 14.8977 14.9103 14.9267
 14.9411 14.9556 14.9717 14.9828 14.9987 15.0121 15.0322 15.0494 15.0607
 15.074  15.086  15.1021 15.1152 15.1323 15.1456 15.1582 15.171  15.1831
 15.1947 15.2054 15.2218 15.2346 15.2468 15.257  15.2772 15.2917 15.3038
 15.3157 15.3278 15.3448 15.3573 15.3714 15.3845 15.3939 15.4047 15.4151
 15.4314 15.4414 15.4549 15.4669 15.4779 15.4914 15.5048 15.5152 15.5276
 15.5396 15.5501 15.5589 15.5692 15.5803 15.5928 15.6047 15.6166 15.6283
 15.6413 15.6512 15.6609 15.6721 15.6838 15.6942 15.7038 15.7153 15.7315
 15.7411 15.7511 15.7607 15.7717 15.784  15.7968 15.8117 15.8238 15.8347
 15.8466 15.8618 15.8734 15.8849 15.898  15.9108 15.9259 15.9391 15.9489
 15.9593 15.971  15.9816 15.9923 16.0048 16.0167 16.0272 16.0425 16.0544
 16.0672 16.0822 16.0954 16.1113 16.1275 16.1403 16.1521 16.1648 16.1786
 16.2001 16.2139 16.2252 16.24   16.2532 16.2656 16.2846 16.3069 16.3248
 16.3438 16.3614 16.3877 16.4174 16.4359 16.4732 16.4963 16.5154 16.5369
 16.5899 16.6101 16.6367 16.6532 16.6743 16.7269 16.7722 16.7989 16.8653
 16.8984 16.9415 17.1239
21.4409 23.7756 23.8305 23.8501 23.8774 23.9619 24.0388 24.0817 24.1133
 24.1471 24.1667 24.184  24.201  24.2175 24.2395 24.2589 24.2816 24.2964
 24.3138 24.3245 24.3366 24.3479 24.3621 24.3805 24.3917 24.4051 24.417
 24.436  24.4602 24.4755 24.4877 24.5049 24.518  24.5304 24.5434 24.5546
 24.5693 24.5822 24.5963 24.6098 24.6286 24.6392 24.6498 24.6633 24.677
 24.6917 24.703  24.7144 24.727  24.7404 24.7539 24.7661 24.7785 24.793
 24.8072 24.8186 24.8292 24.8406 24.8525 24.8644 24.8753 24.8844 24.8958
 24.9078 24.9199 24.9295 24.9423 24.9534 24.9634 24.9729 24.9836 24.9937
 25.006  25.0182 25.0302 25.0413 25.0513 25.062  25.0738 25.0852 25.0965
 25.1071 25.1183 25.1296 25.144  25.1557 25.1679 25.1774 25.1878 25.1993
 25.2106 25.2222 25.2321 25.2428 25.2544 25.2671 25.28   25.2907 25.306
 25.3205 25.3378 25.3534 25.3677 25.3826 25.3948 25.4077 25.4218 25.4377
 25.4522 25.467  25.4792 25.4973 25.5187 25.5326 25.5483 25.5656 25.5815
 25.5931 25.6105 25.6302 25.6459 25.6628 25.6817 25.7018 25.7201 25.7416
 25.768  25.7973 25.8168 25.831  25.8483 25.8716 25.9074 25.9246 25.9506
 25.9723 25.9927 26.0115 26.0383 26.0642 26.0861 26.1121 26.1448 26.1715
 26.1974 26.5313
33.2354 33.3273 33.4838 33.5167 33.5805 33.6107 33.6396 33.6628 33.7158
 33.7796 33.8117 33.8531 33.8692 33.8896 33.9125 33.928  33.9487 33.9695
 33.9858 34.0018 34.0162 34.0309 34.0494 34.0628 34.0754 34.0908 34.1044
 34.1162 34.1307 34.1429 34.1529 34.1639 34.176  34.1913 34.2064 34.2194
 34.2397 34.2538 34.2649 34.2788 34.2951 34.3135 34.3297 34.3425 34.356
 34.3708 34.3817 34.3941 34.4044 34.418  34.4331 34.4467 34.4573 34.4679
 34.4801 34.4962 34.513  34.5234 34.5335 34.5468 34.5587 34.5721 34.5835
 34.5978 34.6123 34.624  34.638  34.6497 34.6613 34.6739 34.6849 34.6959
 34.7071 34.7202 34.7323 34.7441 34.7543 34.7681 34.7818 34.7955 34.8074
 34.8218 34.8321 34.8503 34.8705 34.8838 34.8957 34.9086 34.9238 34.9369
 34.9558 34.9732 35.005  35.0176 35.0337 35.0572 35.0726 35.0899 35.1058
 35.1272 35.1411 35.1638 35.1864 35.2046 35.2199 35.2358 35.2626 35.2858
 35.3151 35.3578 35.4104 35.4346 35.4563 35.4772 35.5368 35.5678 35.5988
 35.6673 35.7134
42.1877 42.4954 42.5515 42.5968 42.6197 42.645  42.6697 42.6958 42.7475
 42.79   42.8062 42.8244 42.8528 42.8667 42.882  42.9265 42.9584 42.9973
 43.0187 43.0377 43.0606 43.0763 43.0912 43.1042 43.1164 43.1314 43.1465
 43.1658 43.1796 43.1945 43.2078 43.2225 43.2376 43.2488 43.2603 43.2716
 43.2855 43.3029 43.3177 43.3323 43.3486 43.3622 43.3779 43.4014 43.4249
 43.4376 43.4513 43.4628 43.4733 43.4855 43.4956 43.513  43.5301 43.5488
 43.5612 43.5736 43.5852 43.5973 43.6111 43.6278 43.644  43.6557 43.6679
 43.6794 43.6911 43.7039 43.7161 43.7268 43.7368 43.7477 43.7621 43.7754
 43.7884 43.8034 43.8166 43.8275 43.8414 43.8544 43.8715 43.8844 43.8977
 43.9113 43.9271 43.9407 43.955  43.9688 43.9807 43.9963 44.0083 44.0231
 44.0387 44.0533 44.0658 44.0825 44.0962 44.111  44.1241 44.136  44.148
 44.161  44.1759 44.1937 44.2133 44.2307 44.2515 44.2651 44.2796 44.3041
 44.3255 44.3396 44.3575 44.374  44.3906 44.4069 44.4268 44.4402 44.4724
 44.4986 44.5391 44.5619 44.5901 44.6558 44.6812 44.7668 44.8311 45.1628
50.8847 51.3695 51.6123 51.6907 51.7239 51.7532 51.7985 51.8381 51.8843
 51.9261 51.9416 51.9695 52.0303 52.0502 52.0699 52.1063 52.1352 52.1687
 52.1898 52.2133 52.2325 52.2507 52.2669 52.2888 52.307  52.3348 52.3619
 52.3763 52.3904 52.405  52.4165 52.4346 52.4549 52.469  52.4829 52.4996
 52.5177 52.5348 52.5498 52.5653 52.5779 52.5919 52.6052 52.6169 52.6286
 52.6402 52.6541 52.6672 52.6823 52.6944 52.71   52.7345 52.75   52.7669
 52.7817 52.7996 52.8116 52.8246 52.8401 52.8509 52.8621 52.8787 52.8936
 52.9062 52.9171 52.9306 52.9413 52.9534 52.9719 52.987  52.9984 53.0094
 53.0226 53.0352 53.0484 53.0622 53.0741 53.0922 53.1054 53.118  53.1305
 53.144  53.1558 53.1729 53.1875 53.2002 53.216  53.228  53.2452 53.2672
 53.2788 53.2992 53.3176 53.3459 53.3596 53.3754 53.3942 53.4089 53.4368
 53.4601 53.4809 53.4968 53.5212 53.5425 53.567  53.6138 53.6416 53.6804
 53.7313 53.7674 53.8169 53.8649 53.9906 54.0348 59.9525
60.4716 60.8267 61.0056 61.1387 61.1924 61.2139 61.2541 61.2993 61.3219
 61.3437 61.3564 61.3728 61.3953 61.4123 61.4303 61.4485 61.4661 61.4777
 61.4916 61.5082 61.527  61.5418 61.5561 61.574  61.5904 61.6057 61.6183
 61.6327 61.6473 61.6608 61.6722 61.6869 61.7003 61.7134 61.728  61.7402
 61.7528 61.7661 61.7778 61.7894 61.802  61.8142 61.8326 61.8443 61.861
 61.8708 61.884  61.8957 61.9064 61.9195 61.9314 61.9437 61.959  61.9706
 61.9837 62.0001 62.0113 62.0225 62.0342 62.0458 62.0558 62.0654 62.0764
 62.0883 62.1008 62.1109 62.1206 62.1339 62.1464 62.1579 62.1688 62.183
 62.1943 62.2086 62.2224 62.2338 62.2458 62.2571 62.268  62.2797 62.2905
 62.3007 62.3112 62.3218 62.3348 62.3503 62.3651 62.3792 62.3913 62.406
 62.418  62.4295 62.4404 62.4518 62.4646 62.4769 62.4883 62.4999 62.5135
 62.5288 62.5407 62.5534 62.5714 62.585  62.5981 62.6171 62.6368 62.6516
 62.6645 62.6857 62.6984 62.7139 62.7273 62.7427 62.7582 62.788  62.8046
 62.8215 62.8417 62.8603 62.8782 62.8983 62.9181 62.9308 62.9594 62.9783
 62.998  63.0159 63.0286 63.0483 63.071  63.1287 63.1478 63.1686 63.256
 63.302  63.4155 63.4506 63.5039 69.1173 69.4177 69.8118 69.8886 69.9927

