13.4839 13.5225 13.9447 14.0217 14.0635 14.2804 14.3357 14.3728 14.4016
 14.4601 14.5114 14.5376 14.6132 14.7154 14.742  14.7657 14.7771 14.7956
 14.8107 14.8305 14.852  14.8768 14.9087 14.9343 14.9598 14.973  14.9904
 15.0083 15.0237 15.0363 15.0486 15.0678 15.085  15.099  15.1148 15.129
 15.1408 15.1666 15.1792 15.1937 15.2139 15.2312 15.249  15.2605 15.277
 15.2912 15.3072 15.3244 15.3453 15.3568 15.3686 15.3803 15.3972 15.4125
 15.4296 15.4406 15.4825 15.5017 15.5139 15.5294 15.5602 15.5715 15.6193
 15.6405 15.6736 15.7264
23.0354 23.1022 23.3399 23.5419 23.8504 23.8849 23.9419 24.05   24.1624
 24.1914 24.2283 24.2451 24.2729 24.3038 24.3357 24.3482 24.3802 24.3965
 24.428  24.4487 24.462  24.4747 24.4978 24.5146 24.5285 24.5438 24.5608
 24.5774 24.5874 24.5996 24.6128 24.6238 24.6346 24.6477 24.6599 24.6702
 24.6878 24.6985 24.7094 24.7273 24.7403 24.7538 24.7701 24.7862 24.8013
 24.8184 24.8327 24.8469 24.8616 24.8735 24.8841 24.8988 24.9138 24.9398
 24.977  24.9928 25.0085 25.0202 25.0373 25.0487 25.0685 25.0813 25.1026
 25.1182 25.1381 25.1611
32.4635 33.1269 33.1863 33.2721 33.3026 33.4919 33.5698 33.6085 33.6778
 33.7196 33.7359 33.7597 33.7936 33.8137 33.83   33.8433 33.8631 33.8864
 33.9262 33.9463 33.9627 33.9797 34.0043 34.022  34.0401 34.0545 34.0652
 34.0795 34.0956 34.1174 34.1308 34.1434 34.1595 34.1806 34.1966 34.212
 34.2295 34.2531 34.2806 34.3193 34.3359 34.349  34.3638 34.38   34.4041
 34.4163 34.4306 34.4775 34.4981 34.5247 34.5497 34.5794 34.602  34.6474
 34.664  34.6835
42.1378 42.2306 42.4255 42.5145 42.6467 42.6797 42.7261 42.7987 42.8242
 42.8454 42.9095 42.9477 42.9724 42.9901 43.014  43.0416 43.0726 43.0928
 43.1101 43.1724 43.1884 43.2027 43.2375 43.2716 43.2831 43.3068 43.321
 43.3366 43.3567 43.404  43.4331 43.4495 43.4644 43.4789 43.4942 43.5098
 43.5313 43.5522 43.5718 43.5964 43.6363 43.6568 43.6804 43.6958 43.7311
 43.7891 43.8373 43.886  49.2416 49.6099 49.8674
51.2885 51.5213 51.7605 51.8768 51.9226 51.9559 51.9829 52.0178 52.0366
 52.0739 52.0981 52.1225 52.1583 52.1783 52.1991 52.2144 52.2293 52.2458
 52.2688 52.2828 52.3023 52.3163 52.3375 52.3513 52.3787 52.3969 52.4108
 52.4298 52.4463 52.4623 52.4837 52.5031 52.5281 52.5508 52.5625 52.579
 52.6029 52.6202 52.6392 52.6685 52.7323 52.7585 52.7756 52.8011 52.8895
 52.9211
60.3745 60.5242 60.5568 60.7344 60.8844 60.9856 61.039  61.0703 61.1337
 61.1545 61.1976 61.2408 61.28   61.3603 61.379  61.4004 61.4164 61.4328
 61.4619 61.4815 61.4972 61.5131 61.5294 61.5414 61.5593 61.5724 61.5851
 61.5972 61.611  61.6276 61.6453 61.6723 61.6911 61.7048 61.7189 61.7415
 61.7571 61.775  61.7902 61.8025 61.8185 61.8328 61.8459 61.8572 61.8734
 61.9051 61.9248 61.9343 61.9527 61.9774 61.9883 62.0015 62.0199 62.0411
 62.0605 62.0771 62.0881 62.1004 62.117  62.1279 62.1405 62.1629 62.1759
 62.2085 62.2251 62.2625 62.2811 62.3253 68.6741 69.4169 69.7256

