12.8315 13.6649 14.2831 14.4634 14.4996 14.5853 14.6018 14.6419 14.6808
 14.7085 14.7278 14.7462 14.7635 14.7909 14.8094 14.8286 14.8628 14.8902
 14.9095 14.9257 14.9398 14.9575 14.9697 14.9875 15.0093 15.0346 15.0486
 15.0681 15.0896 15.103  15.1338 15.15   15.1701 15.1856 15.2023 15.2172
 15.2283 15.2395 15.2579 15.2785 15.2965 15.3185 15.3389 15.3584 15.3711
 15.3834 15.3993 15.4148 15.4318 15.4489 15.4636 15.4793 15.4985 15.5136
 15.525  15.5393 15.5527 15.5655 15.5757 15.5866 15.597  15.6079 15.6193
 15.6293 15.6429 15.6558 15.6672 15.6806 15.6938 15.7066 15.7241 15.7367
 15.7487 15.7638 15.7754 15.7874 15.8075 15.8204 15.831  15.8419 15.8537
 15.8661 15.8797 15.8927 15.9072 15.9248 15.9385 15.9515 15.9619 15.9727
 15.9856 15.9981 16.01   16.0265 16.0399 16.0548 16.0688 16.0843 16.0981
 16.1103 16.1244 16.1351 16.1488 16.1701 16.1936 16.2126 16.2307 16.2496
 16.2673 16.2807 16.2973 16.3121 16.3281 16.3435 16.3647 16.3844 16.4099
 16.4289 16.4524 16.4769 16.5068 16.5295 16.5456 16.5619 16.5815 16.6065
 16.6391 16.6539 16.6787 16.7007 16.7224 16.7606 16.7808 16.8093 16.8936
23.4469 23.5814 23.7386 23.8052 23.8918 23.9247 23.9701 24.0345 24.0546
 24.1112 24.1436 24.1805 24.2017 24.2245 24.2386 24.2535 24.2776 24.2997
 24.3252 24.3447 24.3634 24.3821 24.4    24.4158 24.433  24.447  24.4671
 24.4844 24.506  24.5226 24.5416 24.5581 24.5702 24.5806 24.5972 24.6077
 24.6211 24.6356 24.6542 24.6728 24.6892 24.7013 24.7135 24.7267 24.7408
 24.7529 24.7655 24.7777 24.7976 24.8144 24.8289 24.8425 24.8573 24.8763
 24.8927 24.9096 24.9308 24.9493 24.9642 24.9789 24.9923 25.0073 25.0218
 25.0337 25.049  25.062  25.0808 25.0987 25.1137 25.1262 25.1395 25.1546
 25.1737 25.1894 25.2149 25.2288 25.2448 25.2566 25.2731 25.2902 25.3086
 25.331  25.3462 25.3627 25.3757 25.3892 25.4085 25.4211 25.4361 25.4519
 25.4751 25.4953 25.5152 25.5314 25.55   25.5668 25.5805 25.5979 25.6213
 25.6516 25.6747 25.6879 25.7085 25.7309 25.7477 25.7649 25.7787 25.7955
 25.8086 25.8277 25.8501 25.8743 25.895  25.9194 25.9361 25.95   25.9686
 25.9938 26.0095 26.036  26.0559 26.0702 26.0903 26.1069 26.1272 26.1531
 26.1713 26.1884 26.2079 26.2376 26.2634 26.2839 26.3162 26.3382 26.3659
32.1409 32.4686 32.4998 33.0101 33.0417 33.2645 33.3614 33.4239 33.4657
 33.5476 33.6019 33.6754 33.7001 33.7479 33.7723 33.8083 33.8248 33.8431
 33.8636 33.8894 33.9055 33.9199 33.9381 33.9536 33.9711 33.9858 34.0012
 34.0216 34.0361 34.0499 34.0627 34.0802 34.0926 34.1099 34.1358 34.1517
 34.1648 34.185  34.2063 34.2232 34.2337 34.2469 34.2626 34.2751 34.2875
 34.3024 34.3221 34.3362 34.3486 34.3619 34.3757 34.3892 34.4051 34.4204
 34.4373 34.4589 34.4789 34.4967 34.5134 34.5387 34.5584 34.5706 34.5866
 34.6035 34.6252 34.6416 34.6557 34.6718 34.6843 34.7024 34.7186 34.7328
 34.747  34.7618 34.7895 34.807  34.8209 34.835  34.8515 34.8845 34.9066
 34.9207 34.9387 34.9558 34.9721 34.9898 35.0025 35.0173 35.0316 35.0615
 35.0761 35.0899 35.1081 35.1386 35.1568 35.1772 35.1909 35.2069 35.2226
 35.242  35.2586 35.2755 35.2938 35.315  35.3386 35.3527 35.3781 35.4104
 35.4242 35.44   35.4527 35.468  35.481  35.5018 35.5181 35.5369 35.5553
 35.5753 35.5981 35.634  35.6574 35.7738 35.7962 35.8374 35.8586 35.9122
 36.0364 36.081
41.3455 41.5836 41.7507 41.8739 42.1867 42.2195 42.3409 42.4094 42.4572
 42.4968 42.6399 42.6669 42.7012 42.7185 42.7644 42.8003 42.8279 42.8603
 42.9238 42.9457 42.9721 42.9876 43.0033 43.0185 43.0365 43.0607 43.0807
 43.1012 43.1187 43.1363 43.1519 43.1683 43.1848 43.2011 43.2248 43.2421
 43.2691 43.291  43.3158 43.3292 43.3418 43.3584 43.3721 43.3877 43.4034
 43.4168 43.4328 43.4467 43.4725 43.4885 43.5051 43.5233 43.5362 43.5543
 43.5735 43.5916 43.607  43.6252 43.6432 43.6606 43.6844 43.6987 43.7264
 43.748  43.7689 43.7868 43.8054 43.8247 43.8382 43.8515 43.8695 43.8975
 43.912  43.9257 43.9398 43.9681 43.987  44.0028 44.0235 44.0356 44.0477
 44.0672 44.0796 44.093  44.1066 44.1202 44.1384 44.1536 44.1735 44.1978
 44.2327 44.2611 44.2764 44.2959 44.3199 44.3397 44.3583 44.3734 44.3913
 44.4138 44.4446 44.4676 44.4826 44.4962 44.5235 44.5487 44.5701 44.5901
 44.6237 44.6613 44.6855 44.7179 44.7418 44.7906 44.8428 44.8821 44.9247
 44.9928 45.1808 45.2156 48.4126
50.537  50.9853 51.3476 51.5984 51.6283 51.8244 51.862  51.8983 51.9397
 52.0148 52.0506 52.0793 52.0934 52.1167 52.1397 52.1664 52.1973 52.2154
 52.2632 52.3056 52.3328 52.3705 52.3938 52.411  52.4258 52.4475 52.4773
 52.496  52.5167 52.5299 52.5474 52.5651 52.5842 52.6137 52.636  52.656
 52.671  52.6894 52.7081 52.7285 52.749  52.7648 52.7863 52.8151 52.8463
 52.8657 52.8803 52.9015 52.9148 52.9328 52.9503 52.9669 52.9832 52.9998
 53.0154 53.033  53.0503 53.064  53.075  53.0889 53.1047 53.1226 53.1409
 53.1585 53.1769 53.1936 53.2063 53.2195 53.2359 53.2559 53.2738 53.2906
 53.3074 53.3241 53.3482 53.3631 53.3777 53.3998 53.4135 53.4328 53.452
 53.4671 53.4856 53.5284 53.5479 53.5701 53.5868 53.6049 53.6353 53.6538
 53.6838 53.7035 53.7301 53.7452 53.7708 53.7885 53.8125 53.8342 53.8523
 53.8775 53.9174 53.9394 53.9688 53.9904 54.1383 54.2429 54.3142 54.4596
60.5349 60.8255 60.8857 60.9859 61.0263 61.0948 61.1183 61.1398 61.1657
 61.2007 61.2431 61.2647 61.3381 61.3554 61.3732 61.3889 61.4101 61.4372
 61.4561 61.4816 61.5053 61.5257 61.5423 61.5623 61.5805 61.5927 61.6091
 61.6276 61.6422 61.6662 61.6968 61.7145 61.7341 61.7507 61.7689 61.7921
 61.8264 61.8441 61.8644 61.8916 61.9175 61.9334 61.9567 61.9847 62.0046
 62.017  62.0343 62.0528 62.0758 62.0932 62.1128 62.1276 62.1425 62.1547
 62.1697 62.1946 62.2181 62.2404 62.2579 62.2756 62.2919 62.3075 62.3233
 62.3371 62.3652 62.3855 62.4007 62.4127 62.4263 62.4398 62.4535 62.4682
 62.4811 62.4954 62.5104 62.524  62.5371 62.5466 62.5641 62.5903 62.6065
 62.6195 62.6357 62.6506 62.6659 62.6791 62.697  62.7116 62.7272 62.7404
 62.7519 62.7676 62.7801 62.7933 62.8076 62.8243 62.8415 62.858  62.8767
 62.8972 62.9173 62.9349 62.9515 62.9676 62.9879 63.0053 63.0205 63.0536
 63.0689 63.084  63.1042 63.1237 63.1426 63.1786 63.1918 63.2123 63.2321
 63.2604 63.2818 63.3159 63.34   63.3923 63.4219 63.4619 63.4998 69.4736
 69.6984 69.8433 69.8884

