11.5919 11.9926 12.0638 12.1846 12.3124 12.3884 12.4239 12.4429 12.4604
 12.482  12.5023 12.5303 12.5729 12.5993 12.6131 12.6302 12.6493 12.6674
 12.6822 12.7058 12.7356 12.7596 12.7953 12.8125 12.8303 12.8483 12.8635
 12.879  12.8937 12.9215 12.9359 12.9556 12.9722 12.9904 13.005  13.0196
 13.0344 13.0448 13.0666 13.094  13.1107 13.1328 13.1497 13.1617 13.1758
 13.1943 13.2088 13.221  13.2351 13.2517 13.263  13.2826 13.2919 13.3028
 13.3154 13.3278 13.3375 13.3495 13.3593 13.3699 13.3822 13.3975 13.4133
 13.424  13.4364 13.4513 13.4649 13.4783 13.4909 13.5072 13.52   13.5331
 13.5481 13.5635 13.5759 13.5855 13.5997 13.6119 13.6223 13.6329 13.6438
 13.6572 13.6727 13.6881 13.7051 13.7202 13.7358 13.7489 13.7642 13.781
 13.7919 13.8016 13.8121 13.8246 13.8366 13.8521 13.867  13.8812 13.8992
 13.9116 13.9235 13.9369 13.9489 13.9623 13.9756 13.991  14.0023 14.0154
 14.0271 14.0422 14.0566 14.0719 14.0857 14.1036 14.117  14.131  14.1442
 14.1591 14.1704 14.1867 14.2024 14.2183 14.2383 14.2527 14.2737 14.2968
 14.314  14.3343 14.3551 14.3772 14.4014 14.4483 14.5515 14.5829 14.604
 14.7804 19.6446
20.4029 20.6549 20.7675 20.8263 20.8998 20.9995 21.0299 21.0639 21.0874
 21.1132 21.1702 21.2284 21.2658 21.3142 21.344  21.3619 21.3763 21.4004
 21.4246 21.4535 21.4754 21.4957 21.5099 21.5223 21.54   21.5601 21.579
 21.5966 21.6146 21.6303 21.6463 21.6639 21.681  21.696  21.7093 21.7292
 21.7404 21.7514 21.7618 21.7732 21.7885 21.8012 21.8151 21.8295 21.8427
 21.8592 21.8756 21.8954 21.909  21.9282 21.9401 21.953  21.966  21.9786
 21.9897 22.0018 22.019  22.0314 22.042  22.0562 22.0701 22.0815 22.0932
 22.1052 22.1181 22.1324 22.1446 22.1547 22.1646 22.1753 22.1892 22.2041
 22.214  22.2249 22.2393 22.2501 22.2614 22.2713 22.281  22.2917 22.3039
 22.3154 22.3271 22.3411 22.3544 22.3663 22.3782 22.3883 22.3974 22.408
 22.4175 22.4266 22.4357 22.4462 22.4579 22.469  22.4803 22.4919 22.5025
 22.515  22.526  22.5369 22.5483 22.5592 22.5703 22.5812 22.5937 22.6052
 22.6159 22.6294 22.6392 22.6515 22.6616 22.6722 22.6828 22.6935 22.7044
 22.715  22.7257 22.7354 22.7485 22.7616 22.773  22.7868 22.8008 22.8159
 22.8291 22.8404 22.8535 22.8637 22.8757 22.889  22.9    22.9097 22.9207
 22.9349 22.9482 22.9615 22.9739 22.9909 23.003  23.0142 23.0276 23.0453
 23.0593 23.0779 23.0949 23.1247 23.1496 23.1656 23.1831 23.2072 23.2433
 23.2664 23.2856 23.3104 23.3308 23.3946 23.4266 23.4739 23.5499 24.0473
 27.7163 28.3193 28.3921 29.0347 29.1988 29.2986 29.3852 29.4176 29.4912
 29.6001 29.6598 29.7163 29.7435 29.7897 29.8791 29.897  29.9292 29.954
 29.973  29.9913
30.0078 30.0248 30.0438 30.0583 30.0723 30.0863 30.1032 30.1187 30.1404
 30.1633 30.1779 30.1921 30.2094 30.2209 30.2336 30.2461 30.2602 30.2817
 30.3012 30.3155 30.3344 30.3469 30.3622 30.3779 30.3931 30.4043 30.4196
 30.4331 30.4467 30.4588 30.4688 30.4806 30.4905 30.5027 30.5144 30.5263
 30.5388 30.5508 30.5677 30.5812 30.6006 30.6145 30.6253 30.6379 30.6516
 30.6624 30.6733 30.6883 30.6999 30.7116 30.7248 30.7368 30.7512 30.7637
 30.7766 30.7879 30.7993 30.8106 30.8204 30.8303 30.8414 30.8514 30.8633
 30.8742 30.8904 30.9018 30.9124 30.9244 30.9372 30.952  30.963  30.9751
 30.9852 30.9994 31.0129 31.0246 31.0344 31.0445 31.0556 31.0707 31.082
 31.0956 31.1068 31.1163 31.1254 31.1362 31.1468 31.158  31.1699 31.1799
 31.1898 31.1996 31.2107 31.221  31.2343 31.245  31.2552 31.2663 31.2822
 31.293  31.3061 31.32   31.3325 31.3438 31.3535 31.3634 31.3742 31.3851
 31.3968 31.4069 31.4196 31.4331 31.4466 31.4595 31.4764 31.4886 31.5004
 31.5145 31.528  31.5442 31.5608 31.574  31.5852 31.5977 31.6151 31.6274
 31.6416 31.6529 31.6682 31.6844 31.7043 31.7198 31.7357 31.7606 31.7897
 31.8164 31.8358 31.8584 31.8878 31.9154 32.021  32.0517 32.1589 37.4105
 37.9635 38.3708 38.4101 38.5276 38.5655 38.6244 38.7164 38.7432 38.7948
 38.8445 38.8781 38.9077 38.9253 38.9491 38.9644 38.9853 39.0006 39.0271
 39.0569 39.089  39.113  39.131  39.1484 39.1631 39.2011 39.217  39.2379
 39.2549 39.2729 39.2886 39.3055 39.3225 39.3454 39.3596 39.3724 39.3872
 39.4004 39.4142 39.4415 39.4568 39.4744 39.4856 39.4968 39.5107 39.5218
 39.5353 39.5515 39.5633 39.5759 39.5881 39.6022 39.6137 39.6247 39.6351
 39.6515 39.6673 39.6796 39.6944 39.705  39.7178 39.729  39.7406 39.7523
 39.7639 39.7797 39.7909 39.8014 39.8131 39.8249 39.8386 39.8497 39.8623
 39.8735 39.8854 39.8957 39.9068 39.9171 39.927  39.9364 39.9466 39.9584
 39.9676 39.9776 39.9888
40.002  40.0113 40.0226 40.0344 40.049  40.06   40.0712 40.0816 40.0941
 40.1028 40.114  40.1238 40.1348 40.1443 40.1533 40.1617 40.1712 40.18
 40.189  40.1992 40.2099 40.221  40.2321 40.2426 40.2518 40.2627 40.2744
 40.2851 40.2956 40.3066 40.3167 40.3285 40.3409 40.3514 40.3618 40.3754
 40.3869 40.3985 40.4099 40.4193 40.4321 40.442  40.4552 40.4665 40.4775
 40.4892 40.5005 40.511  40.5231 40.5321 40.5426 40.5535 40.5668 40.5782
 40.591  40.6031 40.6148 40.6321 40.6501 40.6659 40.6789 40.6949 40.7075
 40.7235 40.7397 40.7555 40.7693 40.7832 40.7978 40.8115 40.8265 40.8481
 40.8643 40.8824 40.9111 40.9421 40.9725 40.9979 41.0296 41.0869 41.1374
 46.0788 46.4507 46.4841 46.5831 46.6938 46.7683 46.8844 46.9252 46.9589
 47.0698 47.0856 47.1186 47.1418 47.1715 47.2051 47.2371 47.2788 47.3162
 47.3414 47.3606 47.377  47.3978 47.4135 47.4291 47.4464 47.4624 47.4799
 47.4948 47.5135 47.5247 47.5356 47.5484 47.5665 47.5789 47.5932 47.6072
 47.6213 47.6368 47.6506 47.6688 47.6877 47.7008 47.7174 47.7312 47.7464
 47.7578 47.7703 47.7806 47.7945 47.8069 47.8297 47.8404 47.8528 47.8685
 47.8822 47.8969 47.9103 47.9211 47.9352 47.9488 47.9653 47.9796 47.998
 48.0131 48.0264 48.0395 48.05   48.0647 48.0759 48.0869 48.0982 48.1101
 48.1199 48.1298 48.1389 48.1488 48.1595 48.1696 48.1819 48.1939 48.2047
 48.2152 48.2265 48.2391 48.2522 48.2666 48.2772 48.2883 48.2986 48.3111
 48.3248 48.3364 48.3476 48.3581 48.3676 48.3777 48.389  48.4006 48.4109
 48.4266 48.4375 48.4467 48.4577 48.4665 48.478  48.4888 48.4982 48.5108
 48.5241 48.5361 48.5475 48.5579 48.5676 48.5805 48.5901 48.6018 48.6146
 48.6265 48.6378 48.6512 48.6618 48.672  48.6843 48.6964 48.7062 48.7172
 48.7288 48.7403 48.7544 48.7689 48.7818 48.7949 48.8062 48.8172 48.832
 48.8437 48.8561 48.8665 48.8808 48.892  48.9064 48.9225 48.9378 48.9505
 48.9631 48.9814 48.9909 49.0025 49.0146 49.0288 49.0442 49.0648 49.0778
 49.0902 49.1042 49.1215 49.1355 49.1537 49.1714 49.1867 49.2118 49.2448
 49.2682 49.3116 49.3327
53.4511 54.2403 54.9347 55.1768 55.2696 55.3955 55.4972 55.5989 55.6375
 55.6791 55.7409 55.7627 55.8398 55.8613 55.8886 55.9266 55.9466 55.9607
 55.9793 56.0043 56.0515 56.0807 56.1278 56.1486 56.1711 56.1845 56.2003
 56.229  56.2499 56.2654 56.2788 56.2933 56.3167 56.3293 56.3534 56.3783
 56.3913 56.4067 56.4249 56.4409 56.4559 56.471  56.4836 56.497  56.5146
 56.5269 56.5405 56.5575 56.5733 56.588  56.6039 56.6241 56.6416 56.654
 56.6659 56.6777 56.6951 56.7096 56.7236 56.7451 56.7575 56.7699 56.7815
 56.7946 56.8091 56.8203 56.8318 56.8464 56.8654 56.8804 56.8945 56.9088
 56.9234 56.9374 56.9504 56.9677 56.981  56.9923 57.0066 57.0202 57.0425
 57.0628 57.0768 57.0953 57.1117 57.1297 57.1433 57.1547 57.1647 57.1774
 57.1894 57.2055 57.2202 57.2333 57.2457 57.2637 57.2873 57.3002 57.3136
 57.3286 57.3419 57.358  57.3768 57.3976 57.4128 57.429  57.4431 57.4685
 57.4844 57.5026 57.5276 57.5422 57.5655 57.5805 57.6178 57.6333 57.6509
 57.6668 57.6928 57.7208 57.7387 57.7888 57.8749 57.9188
63.9557 64.4247 64.4872 64.5618 64.6456 64.7305 64.7981 64.8318 64.8728
 64.9096 64.9534 65.0094 65.0361 65.0578 65.117  65.1319 65.1475 65.1701
 65.1954 65.2164 65.2425 65.2587 65.2735 65.2885 65.3089 65.3272 65.3445
 65.3719 65.3945 65.4105 65.4374 65.4558 65.4705 65.4869 65.5017 65.5186
 65.534  65.5527 65.5708 65.5871 65.6108 65.6273 65.6443 65.6596 65.6728
 65.6876 65.7006 65.7136 65.7283 65.7407 65.754  65.7642 65.7782 65.7923
 65.8018 65.8177 65.8305 65.8491 65.8709 65.8845 65.8975 65.9106 65.9274
 65.9472 65.9606 65.9799 65.9906 66.0024 66.0153 66.0299 66.0428 66.0577
 66.0678 66.0796 66.0917 66.1039 66.1154 66.127  66.138  66.1488 66.1601
 66.1722 66.1831 66.1933 66.2048 66.2168 66.2283 66.2395 66.2509 66.2628
 66.2747 66.2871 66.3052 66.3264 66.3393 66.3532 66.3657 66.379  66.3907
 66.4048 66.4236 66.4373 66.4513 66.4623 66.4729 66.4863 66.5009 66.5141
 66.5299 66.5414 66.5549 66.5727 66.5862 66.6013 66.6187 66.649  66.664
 66.6803 66.6991 66.7301 66.7531 66.7712 66.8119 66.8379 66.8751 66.9068
 66.9328

