11.7276 12.0945 12.2185 12.2597 12.2828 12.3125 12.3638 12.3861 12.4043
 12.4449 12.4981 12.5665 12.5859 12.6069 12.623  12.6437 12.6618 12.6836
 12.6977 12.7203 12.7472 12.7654 12.7864 12.8137 12.8327 12.8539 12.8674
 12.8924 12.906  12.9212 12.9338 12.9487 12.9607 12.9753 12.9888 13.0037
 13.0163 13.0308 13.0439 13.0613 13.0841 13.1054 13.1181 13.1359 13.15
 13.162  13.1721 13.185  13.1983 13.2158 13.229  13.2481 13.2604 13.2746
 13.2916 13.3034 13.3144 13.3255 13.337  13.3506 13.3635 13.3796 13.3903
 13.4013 13.414  13.4255 13.4376 13.4501 13.4598 13.4707 13.4824 13.4964
 13.5134 13.528  13.5409 13.5511 13.5667 13.5784 13.5904 13.6055 13.6169
 13.6287 13.6408 13.6551 13.6694 13.6872 13.699  13.7097 13.7257 13.7369
 13.7505 13.7676 13.7799 13.7925 13.8058 13.8174 13.8305 13.8463 13.8599
 13.8767 13.8888 13.9005 13.9162 13.9311 13.9491 13.9685 13.9896 14.0052
 14.0215 14.0448 14.0587 14.0719 14.0887 14.1067 14.1225 14.148  14.1634
 14.1786 14.1948 14.2128 14.2525 14.2754 14.2956 14.3129 14.3338 14.3568
 14.3782 14.4002 14.4459 14.5051 14.5915 14.6409 14.7025 14.7371 19.1353
 19.971
20.6392 20.7438 20.9098 20.9875 21.0258 21.0515 21.0953 21.1673 21.211
 21.273  21.3249 21.3541 21.3684 21.3885 21.443  21.459  21.4785 21.4908
 21.5119 21.533  21.5464 21.5639 21.5847 21.6005 21.6178 21.6322 21.6495
 21.6621 21.6761 21.6898 21.7032 21.7163 21.7304 21.7424 21.7623 21.784
 21.7974 21.8082 21.8185 21.8291 21.8429 21.8566 21.8689 21.8816 21.8979
 21.911  21.9223 21.933  21.9449 21.9574 21.9675 21.9775 21.9893 22.0002
 22.0121 22.0242 22.0357 22.0485 22.0593 22.07   22.0819 22.097  22.1086
 22.1228 22.1347 22.1481 22.1642 22.1742 22.1855 22.1981 22.2077 22.217
 22.2273 22.2376 22.2485 22.2597 22.2712 22.283  22.2932 22.3053 22.3179
 22.3283 22.3379 22.3483 22.3592 22.3702 22.3818 22.3936 22.4052 22.4171
 22.4272 22.44   22.4512 22.4617 22.4718 22.4836 22.4939 22.5074 22.5168
 22.5294 22.5444 22.557  22.5677 22.5781 22.5897 22.604  22.6153 22.6293
 22.6412 22.6513 22.6643 22.6765 22.6878 22.7007 22.7119 22.7248 22.7401
 22.753  22.767  22.7826 22.7968 22.8085 22.8199 22.8381 22.8528 22.8675
 22.8863 22.8994 22.9157 22.9292 22.9449 22.9609 22.9771 22.9993 23.0169
 23.0456 23.0595 23.0734 23.0931 23.112  23.1304 23.1454 23.1604 23.1844
 23.2106 23.2347 23.2547 23.3159 23.3448 23.3839 23.4201 23.463  23.5648
 23.6079 23.6476 28.4107 29.3269 29.4996 29.5708 29.5922 29.6107 29.7293
 29.7469 29.7909 29.8309 29.8591 29.8888 29.9154 29.9373 29.9588 29.9738
 29.9944
30.0218 30.0416 30.0566 30.0776 30.0911 30.1064 30.1208 30.1456 30.1716
 30.1877 30.2004 30.2227 30.2358 30.2552 30.2723 30.29   30.3063 30.3211
 30.3373 30.3497 30.3624 30.3733 30.3876 30.4024 30.4169 30.4316 30.4446
 30.4569 30.4684 30.4792 30.4907 30.5029 30.5139 30.5286 30.542  30.5525
 30.5685 30.5817 30.593  30.6045 30.6161 30.6279 30.6403 30.6521 30.6618
 30.6726 30.6852 30.6982 30.7097 30.7191 30.7305 30.7403 30.7502 30.7623
 30.7728 30.7829 30.7934 30.804  30.8158 30.8265 30.8366 30.8473 30.8588
 30.8705 30.8835 30.8974 30.9081 30.9187 30.929  30.9404 30.9504 30.9618
 30.9723 30.9835 30.9933 31.0033 31.0115 31.0205 31.0313 31.0417 31.0539
 31.0646 31.0756 31.0871 31.097  31.1094 31.1199 31.1317 31.1425 31.1531
 31.164  31.176  31.1902 31.2005 31.2114 31.2218 31.2338 31.2464 31.2578
 31.2689 31.2798 31.2909 31.3001 31.3107 31.3254 31.3412 31.3561 31.37
 31.3819 31.3925 31.4023 31.4171 31.4332 31.4495 31.4652 31.4817 31.495
 31.5073 31.5248 31.5378 31.5527 31.5663 31.5824 31.6098 31.6238 31.6384
 31.6514 31.6747 31.6925 31.711  31.728  31.7503 31.7889 31.8096 31.8291
 31.8551 31.8889 31.9166 31.9366 31.9803 32.0186 32.0435 32.1236 32.1798
 37.0862 37.8446 38.4057 38.4504 38.5582 38.5895 38.6215 38.691  38.7358
 38.7634 38.7831 38.7986 38.8173 38.8523 38.8847 38.9126 38.9324 38.9458
 38.9653 38.9837 39.0072 39.022  39.0393 39.0597 39.0738 39.0878 39.1022
 39.1144 39.1312 39.1448 39.1703 39.1815 39.194  39.2054 39.2206 39.234
 39.2524 39.2677 39.2839 39.3015 39.3154 39.3355 39.3526 39.3682 39.3824
 39.3937 39.4078 39.4248 39.4389 39.4531 39.4697 39.4824 39.4976 39.5078
 39.5192 39.5325 39.5442 39.5547 39.5677 39.5795 39.5929 39.6033 39.6137
 39.6249 39.6399 39.6527 39.6683 39.6838 39.6959 39.7073 39.7176 39.728
 39.7403 39.7537 39.7648 39.7753 39.7863 39.7953 39.8054 39.8145 39.8263
 39.8374 39.8485 39.8604 39.8705 39.8803 39.8914 39.9016 39.9102 39.9201
 39.9302 39.94   39.9509 39.9632 39.9749 39.9855 39.9961
40.0064 40.0177 40.0314 40.0409 40.0509 40.0622 40.0735 40.0838 40.0943
 40.1047 40.1157 40.1249 40.138  40.1469 40.1579 40.1677 40.1794 40.1899
 40.2    40.2113 40.2226 40.2326 40.2429 40.2528 40.2656 40.2766 40.288
 40.2997 40.3114 40.3237 40.3332 40.3453 40.3568 40.3663 40.3788 40.389
 40.4008 40.4104 40.422  40.4382 40.4506 40.4655 40.4818 40.495  40.5103
 40.5215 40.5319 40.5439 40.5617 40.5777 40.5892 40.6026 40.6218 40.6347
 40.6496 40.6765 40.6919 40.7108 40.7327 40.7574 40.7822 40.8046 40.8256
 40.8459 40.8648 40.9027 40.9246 40.9464 40.9954 41.0846 41.1286 41.1555
 43.4079 46.5791 46.9077 46.9815 47.0137 47.0563 47.0786 47.1022 47.1492
 47.19   47.2223 47.2427 47.2798 47.3145 47.3365 47.3508 47.3675 47.3859
 47.4007 47.4136 47.4271 47.4435 47.4574 47.4737 47.4881 47.502  47.5158
 47.533  47.5509 47.5676 47.5823 47.5982 47.611  47.6292 47.643  47.6675
 47.6886 47.7066 47.7174 47.7291 47.7404 47.7521 47.763  47.7795 47.7908
 47.8038 47.8161 47.8293 47.8404 47.8502 47.862  47.8757 47.8897 47.9012
 47.9123 47.9231 47.9344 47.9453 47.9558 47.9667 47.9799 47.9917 48.0033
 48.0154 48.027  48.0376 48.0499 48.0592 48.0687 48.0789 48.0898 48.1026
 48.1154 48.1269 48.1383 48.1525 48.1626 48.1725 48.1828 48.194  48.2037
 48.2164 48.2265 48.2375 48.2482 48.2596 48.2716 48.2818 48.2937 48.3041
 48.3159 48.3277 48.3387 48.3494 48.3588 48.3694 48.3796 48.3891 48.3992
 48.4123 48.4226 48.4361 48.4515 48.4624 48.4727 48.483  48.495  48.5043
 48.5144 48.5247 48.5367 48.5484 48.5604 48.5738 48.585  48.595  48.6073
 48.6212 48.6326 48.6449 48.6547 48.6675 48.6795 48.6919 48.7039 48.7171
 48.7291 48.7388 48.7496 48.762  48.7743 48.787  48.7982 48.8094 48.8192
 48.8313 48.8428 48.8591 48.8726 48.886  48.8981 48.9127 48.9299 48.9447
 48.9643 48.9821 49.0007 49.0162 49.0373 49.0606 49.0762 49.1007 49.1234
 49.1406 49.1643 49.1886 49.2088 49.2357 49.2556 49.2753 49.2957 49.3277
 49.3863 49.4598
52.7786 54.8677 55.0699 55.1743 55.3856 55.4333 55.5066 55.5382 55.5614
 55.5898 55.6095 55.7309 55.7779 55.8039 55.8546 55.9019 55.9217 55.9534
 56.0264 56.0487 56.0687 56.0855 56.1127 56.1358 56.156  56.1727 56.1926
 56.2116 56.2264 56.2444 56.267  56.2789 56.2918 56.3078 56.3268 56.3435
 56.3629 56.3761 56.3908 56.4149 56.4312 56.4493 56.4619 56.4742 56.4974
 56.5217 56.5363 56.5496 56.5647 56.5804 56.5943 56.6132 56.6259 56.6385
 56.6576 56.673  56.6848 56.6966 56.7186 56.7335 56.7512 56.7646 56.7755
 56.7868 56.801  56.8126 56.8267 56.8453 56.8572 56.869  56.8802 56.8889
 56.9041 56.9192 56.9385 56.9486 56.9614 56.9769 56.9922 57.0081 57.0231
 57.0466 57.0584 57.0698 57.0805 57.0931 57.1038 57.1151 57.1302 57.1486
 57.1682 57.1812 57.1917 57.2053 57.2339 57.2517 57.2723 57.2842 57.2992
 57.3146 57.3312 57.3461 57.3589 57.3741 57.3898 57.4049 57.4187 57.4359
 57.4552 57.4717 57.4871 57.5036 57.5195 57.5339 57.5496 57.5675 57.5875
 57.6098 57.6278 57.6528 57.6776 57.7396 57.7749 57.8352 57.8595 58.0106
 58.0504
63.8563 64.0229 64.3591 64.5868 64.6549 64.6954 64.7872 64.8157 64.8823
 64.9094 64.9284 64.9655 65.018  65.0346 65.0516 65.0673 65.0906 65.1207
 65.1377 65.1578 65.1799 65.2055 65.2321 65.2486 65.2625 65.279  65.2931
 65.3191 65.3333 65.3481 65.3595 65.3756 65.3865 65.4009 65.415  65.4289
 65.4432 65.4577 65.4709 65.4848 65.5014 65.5154 65.5276 65.5405 65.5541
 65.565  65.5751 65.5884 65.5997 65.6113 65.6238 65.6358 65.6485 65.6642
 65.6795 65.7013 65.7145 65.7268 65.7394 65.7497 65.7599 65.775  65.7855
 65.7981 65.8113 65.8229 65.8339 65.849  65.8621 65.8767 65.8887 65.9014
 65.9125 65.9266 65.9394 65.9527 65.965  65.9825 65.9936 66.0041 66.0151
 66.0303 66.0417 66.056  66.067  66.0774 66.088  66.1014 66.1156 66.1306
 66.1532 66.1682 66.1836 66.1951 66.2089 66.2244 66.2387 66.252  66.2658
 66.2805 66.2923 66.3044 66.3168 66.3293 66.3489 66.382  66.3987 66.4202
 66.4389 66.4642 66.4979 66.5136 66.5287 66.5407 66.5567 66.5768 66.5929
 66.6085 66.6276 66.6507 66.6697 66.6875 66.7294 66.7522 66.7796 66.8027
 66.8274 66.8674 66.9601 66.9868

