11.4272 12.082  12.1029 12.1947 12.2555 12.3176 12.3435 12.4068 12.4511
 12.4777 12.4965 12.5162 12.5527 12.5885 12.6131 12.647  12.6637 12.6869
 12.7041 12.7274 12.7432 12.7687 12.7957 12.8129 12.8321 12.8578 12.874
 12.8873 12.9107 12.9366 12.9487 12.9611 12.9757 12.9884 13.003  13.0184
 13.033  13.0499 13.0711 13.0907 13.1047 13.1178 13.1297 13.1413 13.1539
 13.1661 13.1821 13.1954 13.21   13.2225 13.2355 13.2519 13.269  13.2854
 13.3057 13.3157 13.3347 13.3475 13.3722 13.3861 13.4036 13.4179 13.4302
 13.4419 13.4531 13.4731 13.4904 13.5036 13.5154 13.528  13.5452 13.5585
 13.5735 13.5853 13.5961 13.6065 13.6179 13.6296 13.6413 13.6562 13.6708
 13.685  13.7075 13.7289 13.745  13.7711 13.7923 13.8077 13.8218 13.8362
 13.8515 13.8627 13.8748 13.887  13.897  13.9149 13.9337 13.9518 13.9667
 13.9838 14.0002 14.0138 14.0293 14.0432 14.057  14.0711 14.0894 14.1075
 14.1271 14.1538 14.1702 14.1873 14.2009 14.2196 14.2334 14.2644 14.2968
 14.3428 14.3623 14.3889 14.4041 14.4617 14.4797 14.4985 14.522  14.5393
 14.6043 14.6328 14.6635 14.7235 14.9106
20.5734 20.6748 20.8153 20.9509 21.0829 21.1601 21.2244 21.2573 21.3132
 21.3299 21.3468 21.3651 21.3828 21.4    21.4181 21.4369 21.4596 21.4815
 21.5011 21.515  21.5278 21.5411 21.562  21.5888 21.6097 21.631  21.6563
 21.6693 21.6813 21.6921 21.7155 21.7295 21.7432 21.7654 21.7778 21.7875
 21.7985 21.8121 21.8316 21.8431 21.8659 21.8846 21.9082 21.9197 21.9326
 21.945  21.9545 21.9648 21.9776 21.9885 22.0001 22.0121 22.0251 22.0368
 22.0495 22.0603 22.0707 22.0802 22.0896 22.0988 22.1109 22.1224 22.1322
 22.1421 22.1532 22.1642 22.1756 22.1881 22.198  22.2087 22.22   22.2311
 22.2418 22.2557 22.2661 22.279  22.291  22.3017 22.3152 22.3284 22.3433
 22.3522 22.3608 22.3702 22.3792 22.3912 22.4035 22.414  22.4255 22.4388
 22.4507 22.4615 22.4742 22.4864 22.5022 22.5195 22.5332 22.5436 22.5567
 22.5774 22.5899 22.6005 22.6109 22.623  22.6377 22.6504 22.6639 22.6745
 22.6873 22.7019 22.7146 22.7268 22.7393 22.7538 22.767  22.7796 22.7919
 22.8044 22.8193 22.8325 22.8476 22.8584 22.8713 22.8858 22.8989 22.9111
 22.9252 22.9397 22.9551 22.9678 22.9817 23.     23.013  23.0266 23.0412
 23.0596 23.0905 23.1095 23.1256 23.1408 23.1618 23.1848 23.2059 23.2255
 23.258  23.2749 23.2909 23.311  23.336  23.3805 23.4154 23.4507 23.4939
 23.5816 23.6237 23.664  23.7297 24.0834 29.1913 29.2268 29.4732 29.5506
 29.5889 29.6505 29.6954 29.76   29.8089 29.8322 29.8515 29.8718 29.8944
 29.9168 29.9642 29.9798 29.9981
30.0179 30.0318 30.0488 30.0665 30.0854 30.1118 30.1375 30.1516 30.1678
 30.1808 30.1949 30.2079 30.2226 30.2362 30.246  30.2578 30.2701 30.2797
 30.2931 30.3052 30.3179 30.3318 30.3451 30.3572 30.3658 30.377  30.391
 30.4048 30.4177 30.4292 30.4401 30.4522 30.4627 30.4748 30.4858 30.4977
 30.5135 30.5262 30.5358 30.5482 30.5575 30.5729 30.584  30.5959 30.6056
 30.6162 30.6342 30.65   30.6638 30.6748 30.6878 30.6998 30.7098 30.7225
 30.7341 30.7452 30.7564 30.7673 30.7795 30.789  30.7995 30.8092 30.8189
 30.8288 30.8388 30.8492 30.8588 30.8677 30.8773 30.8894 30.9014 30.9106
 30.9206 30.9306 30.94   30.9515 30.9608 30.9726 30.9834 30.9941 31.0064
 31.0179 31.0282 31.0394 31.0497 31.0647 31.0766 31.09   31.102  31.1163
 31.1288 31.1441 31.1558 31.1705 31.1809 31.1947 31.2055 31.2179 31.2306
 31.242  31.2556 31.2693 31.2859 31.3036 31.3158 31.3279 31.346  31.3714
 31.3838 31.3983 31.4105 31.4289 31.4425 31.4576 31.472  31.482  31.4985
 31.5124 31.5276 31.5431 31.5579 31.5735 31.5918 31.6075 31.6418 31.6592
 31.6774 31.6979 31.7145 31.7352 31.7545 31.7753 31.7902 31.8026 31.8196
 31.849  31.8805 31.9253 31.952  31.9769 32.0006 32.0323 32.0762 32.1233
 32.2673 37.6776 38.469  38.5567 38.5869 38.6124 38.6899 38.7625 38.7958
 38.822  38.9434 38.9825 39.0391 39.066  39.1123 39.1334 39.1494 39.1786
 39.1973 39.2205 39.2344 39.2465 39.26   39.2783 39.3023 39.3267 39.3399
 39.3517 39.3762 39.3893 39.4046 39.4217 39.4339 39.4471 39.4592 39.4711
 39.4865 39.4977 39.51   39.5217 39.5334 39.5449 39.5593 39.5703 39.58
 39.592  39.6027 39.6139 39.6254 39.6389 39.651  39.6606 39.6727 39.6838
 39.6943 39.7047 39.7156 39.729  39.7389 39.7485 39.7585 39.7703 39.7798
 39.7911 39.8008 39.8113 39.8227 39.8322 39.8419 39.8548 39.8645 39.8736
 39.8834 39.8932 39.9037 39.9136 39.9255 39.9354 39.945  39.9546 39.9647
 39.9753 39.9862 39.9981
40.0106 40.0204 40.0291 40.0386 40.0499 40.0597 40.0703 40.0814 40.0953
 40.1089 40.124  40.1355 40.147  40.1571 40.1665 40.1773 40.188  40.1974
 40.2086 40.2231 40.2342 40.245  40.2572 40.2686 40.2783 40.2906 40.3056
 40.3165 40.328  40.3425 40.3583 40.3702 40.3845 40.3943 40.4098 40.4244
 40.4361 40.4518 40.4635 40.4781 40.4882 40.5008 40.5128 40.5265 40.5392
 40.5547 40.5696 40.5812 40.5945 40.6063 40.6181 40.6326 40.6471 40.661
 40.684  40.6997 40.7163 40.7326 40.7488 40.7619 40.7777 40.7973 40.8175
 40.842  40.8658 40.8867 40.9147 40.9529 40.9798 41.0306 41.0636 41.1467
 41.2001 41.2444 41.2995 41.4178 41.4597 45.5243 46.0151 46.7693 46.8337
 46.8936 46.9202 46.964  47.0089 47.0317 47.1353 47.1937 47.214  47.2324
 47.2508 47.2759 47.29   47.3132 47.3334 47.3535 47.3688 47.3814 47.3947
 47.4139 47.4271 47.4512 47.4643 47.4856 47.5025 47.5158 47.5347 47.5522
 47.5675 47.5789 47.5934 47.6141 47.6296 47.6445 47.6627 47.673  47.6837
 47.696  47.7099 47.7245 47.7376 47.7534 47.7709 47.7842 47.8046 47.8169
 47.8309 47.8439 47.855  47.8665 47.8773 47.8904 47.9018 47.9123 47.9249
 47.9374 47.9473 47.9609 47.9702 47.982  47.992  48.0066 48.0163 48.0283
 48.0386 48.0494 48.0617 48.072  48.0856 48.0974 48.1105 48.128  48.1403
 48.153  48.163  48.1744 48.1867 48.1986 48.2088 48.2182 48.2286 48.2409
 48.2508 48.2592 48.2702 48.2812 48.2929 48.3054 48.3235 48.3394 48.3496
 48.3614 48.3751 48.384  48.3945 48.4059 48.4193 48.4307 48.4431 48.4552
 48.4689 48.479  48.4895 48.5017 48.5144 48.5283 48.5421 48.5536 48.5662
 48.5819 48.5956 48.6148 48.6264 48.6379 48.6486 48.6631 48.6743 48.6848
 48.6989 48.7107 48.7246 48.7362 48.7468 48.7585 48.7707 48.7826 48.7983
 48.8174 48.8406 48.8543 48.871  48.8893 48.9132 48.9284 48.9407 48.9593
 48.9767 48.9907 49.0029 49.0156 49.0301 49.0457 49.0583 49.0756 49.0919
 49.1085 49.1309 49.1523 49.1733 49.1947 49.218  49.2408 49.2678 49.2922
 49.3156 49.3698 49.4099 49.4522 49.5143 49.6814 49.9685
54.0544 54.5668 55.3034 55.4441 55.4915 55.5698 55.6263 55.69   55.7288
 55.7909 55.8466 55.8649 55.8811 55.9175 55.9684 55.9914 56.0079 56.0247
 56.0465 56.0605 56.0791 56.094  56.1121 56.1326 56.1599 56.1848 56.2035
 56.2234 56.2522 56.2716 56.2886 56.3057 56.3216 56.3345 56.3486 56.3651
 56.3814 56.3949 56.4067 56.4235 56.4368 56.4522 56.4626 56.4735 56.4871
 56.5088 56.5253 56.5405 56.553  56.5737 56.5835 56.6011 56.6142 56.6317
 56.6438 56.657  56.6685 56.687  56.701  56.7163 56.726  56.7366 56.7517
 56.7629 56.7746 56.784  56.7978 56.8087 56.8211 56.8343 56.8487 56.8656
 56.8772 56.8888 56.9011 56.9174 56.9376 56.9634 56.9803 56.9949 57.017
 57.0308 57.0445 57.0576 57.0759 57.0892 57.1066 57.1215 57.1392 57.1614
 57.1757 57.1879 57.2027 57.216  57.2353 57.2505 57.2704 57.2827 57.2987
 57.3187 57.3368 57.3572 57.3708 57.3873 57.3986 57.4116 57.4355 57.4498
 57.4668 57.4798 57.495  57.5096 57.5315 57.5472 57.5837 57.6007 57.6166
 57.6312 57.6617 57.7077 57.7255 57.7517 57.7892 57.8085 57.8505 57.9597
63.8066 64.1418 64.2988 64.6668 64.6915 64.7585 64.8153 64.932  64.9633
 65.0154 65.1022 65.1198 65.1378 65.159  65.187  65.2083 65.2266 65.2389
 65.2645 65.2779 65.2955 65.3092 65.324  65.3495 65.3609 65.3889 65.4124
 65.4257 65.4419 65.4559 65.4712 65.4837 65.4985 65.5143 65.5308 65.5453
 65.5561 65.5728 65.5872 65.6017 65.6178 65.6315 65.6427 65.6594 65.6749
 65.689  65.7025 65.7172 65.7301 65.7461 65.7687 65.7824 65.798  65.8081
 65.8205 65.8327 65.8445 65.8551 65.8683 65.8818 65.8937 65.9091 65.9264
 65.9395 65.9512 65.9616 65.973  65.9849 66.0041 66.0171 66.03   66.0432
 66.0545 66.0662 66.0791 66.0922 66.105  66.1185 66.1365 66.1485 66.1649
 66.1771 66.1964 66.215  66.2298 66.2492 66.2657 66.2781 66.3033 66.3286
 66.3468 66.3613 66.3785 66.3963 66.4088 66.4284 66.4456 66.4606 66.476
 66.4904 66.5046 66.5188 66.5339 66.5517 66.5791 66.6018 66.6214 66.6355
 66.6512 66.6677 66.6846 66.7015 66.7156 66.7345 66.7884 66.812  66.8573
 66.8891 66.9223 66.9828 67.0737 67.1394 67.2906 67.626

