11.3631 12.0399 12.1325 12.2073 12.3149 12.4933 12.5377 12.6167 12.674
 12.7053 12.8518 12.9141 13.036  13.0977 13.1263 13.1476 13.1758 13.216
 13.34   13.4162 13.4772 13.5801
20.2338 20.4641 20.9644 21.0139 21.1963 21.3333 21.3965 21.4705 21.5622
 21.5908 21.6113 21.6462 21.685  21.7109 21.7734 21.7977 21.841  21.8792
 21.9007 21.947  22.0057 22.0453 22.0744 22.1183 22.1543 22.3519 22.4287
 28.8404 29.8799 29.9939
30.0758 30.1703 30.1877 30.2229 30.2397 30.2673 30.29   30.3047 30.3393
 30.4253 30.4588 30.4761 30.4976 30.5096 30.5313 30.5995 30.6112 30.633
 30.6496 30.6715 30.7259 30.7563 30.8936 30.9282 38.3311 38.5795 38.7758
 38.8657 38.9449 39.0144 39.0411 39.0914 39.1381 39.1746 39.3142 39.3448
 39.3806 39.4781 39.5205 39.5401 39.5695 39.5877 39.6261 39.6493 39.6721
 39.6905 39.7103 39.7373 39.7708 39.8987 39.9679 39.9925
46.4086 47.0776 47.2668 47.3087 47.3353 47.4176 47.4433 47.4635 47.5227
 47.5451 47.5784 47.6026 47.6252 47.6504 47.6795 47.6981 47.7174 47.7311
 47.7483 47.7704 47.8467 47.8609 47.8767 47.8934 47.9528 47.9709 47.9895
 48.0082 48.027  48.0481 48.0933 48.1572 48.1859 48.2471
55.6697 55.7819 55.8796 56.0698 56.1168 56.2137 56.2831 56.2999 56.3517
 56.4145 56.4489 56.4724 56.5278 56.6184 56.6537 56.6883
61.9387 62.7114 63.3386 64.1349 64.673  64.7505 64.8679 64.9618 64.9836
 65.0242 65.0699 65.089  65.1374 65.2431 65.2759 65.3629 65.4125 65.4406
 65.4678 65.5175 65.5526 65.5795 65.6057 65.6286 65.6732 65.7289 65.7507

