10.8919 11.7672 12.1678 12.295  12.5091 12.7698 12.9088 19.9716
20.7947 20.8226 20.9983 21.2281 21.4266 21.5354 21.7119 21.7522 21.7981
 21.8336 22.0163 28.6196 28.9482 29.5045 29.6998 29.7529 29.8355 29.9305
30.2186 30.2794 30.4044 30.4733 30.5411 38.6409 38.7752 38.8903 38.99
 39.1717 39.3165 39.3449 39.3802 39.6654 39.7164
46.5106 47.1504 47.1841 47.2266 47.2679 47.3035 47.3796 47.4774 47.5612
 47.5898 47.6431 47.7139 47.7291 47.7567 47.865  48.105
53.9308 54.9862 55.2231 55.4216 55.6576 55.7586 56.0013 56.2003
63.3071 63.9795 64.9529 65.0149 65.3778 65.4201 65.5207

