11.4522 12.5854 13.5007 13.6716 13.8247 13.9521 13.9732 14.2435
20.6962 21.0232 21.2008 21.4812 21.5163 21.5609 21.6644 21.7347 21.7706
 21.824  21.8446 21.8778 21.9307 21.9685 22.0045 22.0342 22.0695 22.0825
 22.1428 22.1669 22.1972 22.2183 22.2644 22.3012 22.3166 22.3307 22.3557
 22.3716 22.3916 22.4769 29.5755 29.8396 29.9008 29.9741
30.129  30.1853 30.2455 30.2689 30.3337 30.4145 30.4935 30.5655 30.5805
 30.6017 30.6352 30.7021 30.7214 30.7556 30.8225 30.846  30.8717 30.9853
 31.0529 31.1296 31.1558 31.2238 38.5096 38.6004 38.9339 39.0168 39.1912
 39.2408 39.2906 39.3231 39.3897 39.4697 39.5104 39.536  39.5532 39.5691
 39.5926 39.6587 39.6765 39.7001 39.7199 39.7355 39.7548 39.7711 39.8521
 39.8955 39.9456 39.9664
46.5671 47.0798 47.316  47.3925 47.5199 47.6624 47.6917 47.8501 47.8873
 47.9381 47.9795 48.0266 48.0666 48.1683 48.212  48.2608 48.3204 48.341
 48.3542 48.4403
54.7369 55.3858 55.4749 55.7059 55.7389 55.7757 55.8485 55.9006 55.9526
 56.0955 56.1224 56.2065 56.2231 56.2453 56.3409 56.3765 56.3953 56.4259
 56.4546 56.4863 56.5034 56.5291 56.5429 56.555  56.5829 56.5987 56.6161
 56.6332 56.6476 56.6629 56.675  56.6865 56.7058 56.7433 56.7722 56.7862
 56.8063 56.8207 56.8423 56.8553 56.8738 56.9089 56.9222 56.9343 56.9554
 56.9669 57.0058 57.0349 57.0632 57.0751
63.6029 64.1712 64.4668 64.5079 64.5351 64.7145 64.8264 64.8714 65.0059
 65.0805 65.1063 65.1233 65.169  65.1926 65.2146 65.2446 65.2635 65.2755
 65.2873 65.3053 65.3295 65.3764 65.3909 65.4172 65.4424 65.4612 65.4778
 65.5067 65.5312 65.5534 65.5702 65.5861 65.6239 65.6361 65.6806 65.6902
 65.7008 65.7164 65.7398 65.7587

