11.8451 12.0198 12.7236 13.1218 13.2068 13.3096 13.3849 13.4168 13.9037
 19.6683
20.4027 20.7897 20.9845 21.1835 21.2709 21.3487 21.5104 21.6597 21.7017
 21.7586 21.8386 21.9654 21.9908 27.7864 29.8735 29.9198 29.9508
30.0293 30.6439 30.6639 30.7494 30.7736 30.8509 30.8926 30.9439 38.0286
 38.6398 39.1474 39.1781 39.2048 39.2634 39.3444 39.4556 39.5858
46.7708 46.8198 47.2198 47.2841 47.3018 47.808  47.8819 47.9327 47.9803
 48.0406 48.1213
53.2146 53.9706 54.5855 55.8465 55.9663 56.0533 56.0782 56.1375 56.221
 56.254  56.3059 56.3428 56.3925 56.4398 56.4799 56.5162 56.5301 56.5472
 56.5658 56.6654
63.9599 64.088  64.1879 64.3299 64.4496 64.481  64.7116 64.8351 64.9545
 64.9806 65.025  65.0584 65.092  65.1182 65.1465 65.1794 65.2287 65.248
 65.2714 65.3575

