11.8926 12.5643 12.7756 12.9223 13.0281 13.2057 13.2962 13.3419 13.428
 13.4935 13.5316 13.5874 13.6242 13.6581 13.7261 13.7918 13.8299 13.8515
 13.8824 13.9044 13.9329 13.9969 14.0202 14.0484 14.0995 14.1447 14.168
 14.1865 14.2283 14.2513 14.2735 14.2905 14.3151 14.3352 14.3733 14.3915
 14.4071 14.4306 14.4827 14.51   14.5385 14.5706 14.6023 14.6294 14.6472
 14.7125 14.7604 14.7836 14.8012 14.8189 14.8331 14.8525 14.9153 14.9372
 14.9546 15.0136 15.058  15.0933 15.1546 15.2123 15.4968
20.5545 20.7008 21.0119 21.2304 21.3221 21.3632 21.4023 21.4435 21.4624
 21.4862 21.5121 21.5644 21.5814 21.5981 21.6185 21.6306 21.6453 21.6727
 21.6975 21.7265 21.749  21.7637 21.7806 21.7976 21.8126 21.824  21.8488
 21.8627 21.8748 21.9012 21.9131 21.9293 21.9464 21.9599 21.9772 21.9934
 22.0072 22.0275 22.0448 22.0559 22.0686 22.0828 22.1004 22.1143 22.1271
 22.1384 22.1491 22.1592 22.1706 22.1838 22.1949 22.2059 22.2192 22.2316
 22.244  22.2553 22.2684 22.2796 22.292  22.3049 22.3181 22.3313 22.3443
 22.3576 22.3735 22.3901 22.4071 22.4227 22.4359 22.4494 22.4615 22.4783
 22.4916 22.503  22.5138 22.5293 22.5419 22.5559 22.5685 22.5838 22.5975
 22.6116 22.6233 22.6352 22.647  22.6591 22.6717 22.6857 22.6984 22.7135
 22.7292 22.7433 22.7568 22.7685 22.7786 22.7897 22.7999 22.8124 22.8346
 22.8495 22.8597 22.8716 22.8852 22.8969 22.9141 22.9246 22.9356 22.9453
 22.9548 22.967  22.9789 22.9924 23.0085 23.0207 23.0321 23.0454 23.0606
 23.077  23.0883 23.099  23.1086 23.1225 23.1368 23.1512 23.1621 23.1741
 23.1877 23.2012 23.2167 23.23   23.2407 23.2556 23.2697 23.2839 23.2977
 23.3099 23.3229 23.3378 23.3606 23.3769 23.3915 23.405  23.4199 23.4347
 23.4506 23.464  23.4861 23.5016 23.5187 23.5371 23.5548 23.5952 23.6376
 23.6588 23.7026 23.7319 23.7603 23.8539 23.8947 23.9376 24.0137
30.0656 30.1887 30.2976 30.3554 30.4364 30.4517 30.4775 30.4995 30.536
 30.5579 30.597  30.613  30.6319 30.6492 30.668  30.697  30.7145 30.7342
 30.7471 30.7647 30.7787 30.7932 30.8168 30.833  30.8457 30.868  30.8891
 30.9061 30.9192 30.9325 30.9573 30.9796 30.9912 31.0054 31.0292 31.0512
 31.0674 31.082  31.0975 31.1112 31.1357 31.1501 31.1638 31.1763 31.1914
 31.2122 31.2287 31.2419 31.2582 31.2727 31.2906 31.315  31.3352 31.3565
 31.3717 31.3857 31.3989 31.4124 31.425  31.4403 31.4544 31.472  31.4874
 31.5002 31.5136 31.527  31.543  31.5616 31.5796 31.6004 31.614  31.6263
 31.6439 31.6647 31.6768 31.69   31.7088 31.7281 31.741  31.7609 31.7823
 31.796  31.8116 31.8317 31.8473 31.8646 31.8791 31.8982 31.9166 31.9269
 31.9424 31.9584 31.9755 31.9876 31.9992 32.0128 32.0302 32.0424 32.0579
 32.0739 32.0869 32.1007 32.1138 32.1294 32.1419 32.1588 32.1705 32.1826
 32.2055 32.2239 32.2487 32.2702 32.2905 32.3087 32.3301 32.3607 32.3869
 32.4075 32.4247 32.4421 32.4624 32.4874 32.5108 32.5297 32.5486 32.5717
 32.6068 32.7295 33.0655 34.6198 38.6318 38.6778 38.773  38.8898 39.0091
 39.0768 39.1148 39.1504 39.1834 39.204  39.2277 39.2811 39.3134 39.3407
 39.3566 39.3723 39.3962 39.4217 39.4431 39.4686 39.4838 39.5056 39.5232
 39.5576 39.5855 39.5981 39.63   39.6561 39.675  39.7107 39.7315 39.7459
 39.7603 39.7772 39.7942 39.8182 39.8318 39.8448 39.8584 39.8699 39.8857
 39.9034 39.9162 39.9296 39.9412 39.9547 39.9688 39.9824 39.9968
40.0196 40.0381 40.0562 40.0709 40.0908 40.1055 40.1184 40.1306 40.1456
 40.1604 40.1836 40.1995 40.2126 40.2257 40.2386 40.2498 40.2669 40.2882
 40.3057 40.3201 40.334  40.3484 40.3617 40.3836 40.4036 40.4167 40.4304
 40.4484 40.4648 40.4833 40.4983 40.5119 40.5266 40.5394 40.5546 40.5649
 40.5804 40.5931 40.6073 40.6241 40.6376 40.6519 40.6677 40.6818 40.6939
 40.7066 40.7185 40.7314 40.7487 40.7639 40.7789 40.8021 40.8275 40.8461
 40.8614 40.878  40.8999 40.9187 40.9372 40.9569 40.9757 40.9914 41.0114
 41.029  41.0464 41.0667 41.0828 41.1099 41.127  41.1778 41.2024 41.2248
 41.2714 41.3429 41.3608 41.4186 41.4573 41.5375 41.5842 46.5712 46.9088
 46.9264 47.0134 47.1713 47.2389 47.2927 47.3987 47.4941 47.5157 47.5476
 47.6224 47.657  47.6949 47.7832 47.8196 47.8405 47.8584 47.8756 47.8976
 47.9222 47.9403 47.9792 48.0055 48.0325 48.0557 48.0753 48.0879 48.1101
 48.1226 48.1408 48.161  48.1762 48.1916 48.2071 48.223  48.2347 48.2506
 48.2648 48.2785 48.2927 48.3086 48.3235 48.335  48.3493 48.3662 48.3832
 48.404  48.4211 48.4402 48.4549 48.4677 48.4869 48.4997 48.5131 48.5266
 48.5389 48.5488 48.563  48.5836 48.5977 48.6126 48.6368 48.6532 48.6664
 48.6823 48.696  48.7095 48.7194 48.7331 48.7463 48.7639 48.7801 48.7913
 48.8105 48.8229 48.8355 48.8525 48.8689 48.8851 48.901  48.9187 48.932
 48.9513 48.9687 48.9829 48.9938 49.0062 49.0191 49.0378 49.0498 49.0657
 49.0775 49.0914 49.1045 49.1157 49.1295 49.1489 49.17   49.195  49.2082
 49.2267 49.2417 49.2561 49.2749 49.2884 49.3027 49.3288 49.3468 49.3611
 49.377  49.391  49.4019 49.4191 49.4404 49.4552 49.4672 49.4852 49.5016
 49.5198 49.5357 49.5533 49.5675 49.5849 49.6152 49.646  49.6813 49.7221
 49.7665 49.7943 49.8263 49.8738 49.9544
50.0601 54.4007 55.5147 55.5966 55.6625 55.6899 55.7777 55.9698 55.9989
 56.021  56.0741 56.1216 56.1553 56.1705 56.1885 56.2063 56.2256 56.2505
 56.2669 56.2939 56.3083 56.3216 56.3469 56.3575 56.3753 56.3901 56.4096
 56.4206 56.4359 56.4511 56.4638 56.4825 56.5043 56.517  56.5371 56.5559
 56.5675 56.5806 56.5917 56.6027 56.6129 56.6236 56.6358 56.6465 56.655
 56.6648 56.675  56.6844 56.695  56.7057 56.7177 56.7288 56.739  56.7493
 56.7607 56.7709 56.7813 56.7933 56.8025 56.812  56.8214 56.8319 56.8407
 56.8494 56.8611 56.871  56.8814 56.8905 56.8999 56.9089 56.9178 56.9283
 56.9402 56.9501 56.9611 56.9705 56.9802 56.9904 56.9991 57.01   57.0196
 57.0293 57.039  57.0489 57.0583 57.0697 57.0817 57.0915 57.1014 57.112
 57.1215 57.1328 57.143  57.1523 57.1611 57.1697 57.1788 57.1892 57.1995
 57.209  57.2199 57.2293 57.2396 57.2512 57.2617 57.2719 57.2824 57.2971
 57.3075 57.3183 57.3292 57.3393 57.3498 57.3602 57.3713 57.3813 57.3915
 57.4004 57.4099 57.4187 57.4276 57.4376 57.4481 57.4607 57.4708 57.4799
 57.4884 57.4973 57.5062 57.5164 57.5272 57.5366 57.545  57.5541 57.5635
 57.5724 57.5814 57.5911 57.6011 57.611  57.6205 57.6302 57.639  57.6483
 57.6578 57.6678 57.6777 57.6876 57.6987 57.7078 57.7196 57.7289 57.7391
 57.75   57.7612 57.7743 57.7862 57.7973 57.807  57.8157 57.8267 57.8369
 57.8499 57.8596 57.8689 57.8785 57.8919 57.903  57.9152 57.9267 57.9388
 57.9494 57.9583 57.9697 57.9819 57.9937 58.0049 58.0166 58.0294 58.0424
 58.052  58.0662 58.0775 58.0885 58.1016 58.1133 58.1281 58.1405 58.1525
 58.1659 58.1785 58.1918 58.2095 58.2266 58.2459 58.2576 58.2736 58.2916
 58.3109 58.3288 58.3496 58.3657 58.394  58.4382 58.4599 58.4875 58.5215
 58.5545 58.5964 58.6361 58.6896 58.7461 58.8126 58.8968
64.1156 64.2611 64.2857 64.3308 64.5803 64.7143 64.7297 64.769  64.7832
 64.8008 64.8153 64.8334 64.8619 64.8757 64.8967 64.9104 64.9315 64.9528
 64.9757 64.9887 65.0003 65.0216 65.0383 65.0525 65.0733 65.0864 65.1001
 65.1133 65.1264 65.1394 65.162  65.1758 65.192  65.2066 65.2243 65.2372
 65.2489 65.2633 65.2749 65.2918 65.3092 65.3232 65.3349 65.3491 65.3589
 65.368  65.3778 65.3899 65.4054 65.4205 65.4333 65.4438 65.454  65.4667
 65.4798 65.4935 65.5047 65.5157 65.5267 65.5387 65.5497 65.5601 65.5731
 65.5833 65.5939 65.6065 65.6186 65.633  65.6488 65.6609 65.6726 65.6839
 65.6925 65.7024 65.7122 65.7214 65.7308 65.7399 65.7512 65.7613 65.7715
 65.7822 65.7933 65.8042 65.8145 65.8253 65.8371 65.8502 65.8598 65.8694
 65.879  65.8882 65.8975 65.9092 65.918  65.9266 65.9362 65.9451 65.955
 65.9658 65.9756 65.9857 65.995  66.0045 66.0156 66.0259 66.0363 66.0458
 66.0558 66.0667 66.0789 66.0885 66.0998 66.1101 66.1192 66.1284 66.1404
 66.1505 66.1611 66.1714 66.1819 66.1927 66.2057 66.2176 66.2297 66.2419
 66.2525 66.2629 66.2751 66.2862 66.301  66.3112 66.322  66.3332 66.3493
 66.3595 66.3719 66.3826 66.3928 66.4027 66.4139 66.4256 66.437  66.4481
 66.4595 66.4687 66.479  66.4904 66.5022 66.5138 66.5253 66.5408 66.5515
 66.5639 66.5754 66.5875 66.5993 66.61   66.6226 66.6341 66.6457 66.659
 66.6697 66.6824 66.6936 66.7041 66.7166 66.7286 66.7441 66.7562 66.7713
 66.7835 66.7945 66.8067 66.8199 66.8323 66.8434 66.8555 66.8714 66.8869
 66.9015 66.9148 66.9277 66.9508 66.9704 66.9938 67.0136 67.0279 67.0501
 67.0873 67.1238 67.1538 67.1791 67.3279 67.4372

