11.508  12.0983 12.2157 12.5415 12.6064 12.6768 12.806  12.9582 12.9965
 13.0607 13.0994 13.1533 13.1708 13.2206 13.2413 13.278  13.3276 13.354
 13.3712 13.3934 13.4134 13.4315 13.4488 13.4676 13.5135 13.5263 13.5637
 13.5935 13.6113 13.6688 13.6919 13.7044 13.7208 13.74   13.7521 13.7679
 13.8028 13.8196 13.8775 14.0349
20.6859 20.8998 21.1128 21.5219 21.6574 21.7018 21.7487 21.8835 21.912
 21.9809 22.1357 22.1958 22.2363 22.2594 22.2763 22.2977 22.3087 22.3238
 22.3452 22.3574 22.397  22.4314 22.481  22.4999 22.5507 22.5972 22.6204
 22.6367 22.663  22.6957 22.7391 22.8343 22.8589 29.6587 29.8117
30.2668 30.3892 30.4107 30.4281 30.4666 30.4989 30.5171 30.5628 30.585
 30.6237 30.6684 30.6967 30.7363 30.7816 30.8115 30.8315 30.8511 30.8775
 30.8953 30.9157 30.9364 30.9594 30.9928 31.0305 31.0477 31.0939 31.1078
 31.1566 31.1714 31.1899 31.2051 31.2242 31.2532 31.3144 31.3474 37.5405
 37.7636 38.6147 38.8608 38.9028 39.0266 39.0943 39.1472 39.1591 39.1897
 39.2241 39.2768 39.2995 39.3139 39.3394 39.3608 39.3877 39.4236 39.4534
 39.481  39.5297 39.5556 39.5886 39.6    39.6136 39.6384 39.6534 39.6965
 39.7146 39.7304 39.782  39.8393 39.8601 39.8733 39.9057 39.9428 39.9666
40.0578 40.1609 46.7041 46.8606 47.1208 47.2009 47.354  47.4412 47.4951
 47.5346 47.5845 47.6103 47.6379 47.6934 47.7062 47.7377 47.7789 47.7936
 47.8131 47.8453 47.8606 47.8757 47.8904 47.9049 47.9301 47.9459 47.962
 47.9892 48.0029 48.0645 48.0845 48.1033 48.12   48.1586 48.1791 48.2076
 48.2615 48.2866 48.3917 48.4214 48.4385 48.5109
54.9735 55.6718 55.7832 55.8388 56.0755 56.1675 56.2577 56.3481 56.4011
 56.4317 56.4673 56.4907 56.5187 56.5339 56.5845 56.6033 56.6285 56.6546
 56.6855 56.6977 56.7153 56.7328 56.7467 56.7605 56.7744 56.803  56.8333
 56.8536 56.8715 56.8965 56.9234 56.953  56.9818 56.9948 57.0086 57.0198
 57.0391 57.0521 57.0632 57.0744 57.0943 57.1165 57.1319 57.1445 57.1592
 57.1696 57.1889 57.2003 57.2122 57.2306 57.2554 57.2757 57.3226 57.3415
 57.3822 57.4095 57.4473
64.1188 64.3324 64.5131 64.5794 64.757  64.9432 64.9814 65.0211 65.058
 65.1439 65.1691 65.1842 65.2033 65.2254 65.242  65.2556 65.2962 65.3219
 65.3411 65.3651 65.3963 65.4155 65.4339 65.4582 65.4735 65.4858 65.4989
 65.5177 65.5348 65.5625 65.5796 65.5934 65.6172 65.6373 65.6535 65.6643
 65.6767 65.6909 65.7131 65.7264 65.7448 65.7657 65.7807 65.7986 65.825
 65.8435 65.8987 65.9176 65.9583 65.9797 66.0379 66.0652 66.0987 66.1698
 66.1971 66.276

