11.1466 11.9884 12.3018 12.5934 12.7698 12.9088 12.9465 12.9815 13.1028
 13.206  13.2351 13.2593 13.2874 13.3456 13.3666 13.3947 13.4191 13.4792
 13.4964 13.5146 13.5394 13.5577 13.5946 13.61   13.6279 13.6605 13.6918
 13.7177 13.7315 13.7562 13.7762 13.7949 13.8067 13.8257 13.8445 13.8637
 13.8843 13.901  13.9169 13.9312 13.9442 13.9632 13.9887 14.0111 14.0285
 14.0428 14.0588 14.0701 14.0839 14.0982 14.1111 14.1322 14.1496 14.1677
 14.1817 14.2204 14.2334 14.2475 14.2745 14.2906 14.3051 14.3443 14.3693
 14.3896 14.4149 14.4313 14.4471 14.4636 14.4906 14.5112 14.5296 14.5641
 14.5783 14.5992 14.6171 14.6307 14.6454 14.669  14.6861 14.7093 14.7278
 14.7568 14.7757 14.8048 14.846  14.877  14.9059 14.9265 14.9509 14.965
 14.998  15.0362 15.0558 15.0815 15.1035 15.1509 15.1805 15.2011 15.2174
 15.2838 15.3293 15.3779 15.4869 15.5201 15.5847 19.2841
21.2655 21.7156 21.757  21.7838 21.8318 21.9298 21.9564 21.9996 22.0459
 22.077  22.1007 22.2029 22.2669 22.2978 22.3193 22.3554 22.3703 22.4241
 22.4498 22.4819 22.5152 22.5432 22.5819 22.6113 22.6398 22.6551 22.6714
 22.6866 22.7124 22.7299 22.7537 22.7752 22.7902 22.8079 22.8227 22.8345
 22.8494 22.87   22.8951 22.9166 22.9449 22.9572 22.9716 22.9888 23.0037
 23.0181 23.0354 23.05   23.0634 23.0788 23.1024 23.1141 23.1253 23.1441
 23.1635 23.1757 23.1888 23.2109 23.2373 23.256  23.2714 23.2868 23.3065
 23.3274 23.3518 23.3851 23.414  23.4257 23.4424 23.4562 23.4823 23.5038
 23.5294 23.5516 23.5802 23.6099 23.6365 23.6604 23.6808 23.736  23.755
 23.7906 23.8285 23.8665 23.886  23.9053 23.9302 23.9613 23.9899 24.0114
 24.0612 27.4665 29.2274 29.5374
30.0999 30.1388 30.1668 30.2088 30.4155 30.4397 30.4861 30.5766 30.6543
 30.6742 30.7183 30.7657 30.8061 30.8266 30.86   30.9317 30.9658 30.9855
 31.003  31.0282 31.0449 31.0599 31.0815 31.0998 31.1286 31.1452 31.1607
 31.1724 31.1852 31.2057 31.2214 31.238  31.2593 31.2837 31.3067 31.3247
 31.3373 31.3499 31.3613 31.3743 31.3882 31.4012 31.4122 31.4267 31.4405
 31.4572 31.4698 31.4833 31.4969 31.5116 31.5305 31.5482 31.566  31.5839
 31.5956 31.6092 31.6259 31.653  31.6688 31.6868 31.7023 31.7182 31.7366
 31.7531 31.7739 31.7928 31.8115 31.8298 31.8471 31.8622 31.8836 31.8977
 31.919  31.9342 31.9521 31.9667 31.9816 31.9949 32.0099 32.0289 32.0776
 32.0918 32.1066 32.1333 32.1549 32.1756 32.2014 32.2396 32.2563 32.272
 32.2965 32.321  32.3575 32.3894 32.4119 32.4318 32.4514 32.4782 32.4996
 32.532  32.5556 32.6051 32.6386 32.6909 32.7402 32.7686 32.864  36.7511
 37.3909 38.3456 38.6601 38.931  39.1329 39.1988 39.3386 39.3556 39.3964
 39.446  39.4666 39.4808 39.5259 39.5525 39.5697 39.5851 39.6386 39.6611
 39.6855 39.7232 39.7426 39.7645 39.7797 39.7954 39.8123 39.8358 39.8565
 39.8755 39.8953 39.915  39.9298 39.9602 39.9802
40.0023 40.0227 40.039  40.0534 40.0715 40.0857 40.1111 40.1275 40.142
 40.1584 40.1702 40.1851 40.2003 40.2148 40.2312 40.251  40.2648 40.2763
 40.2884 40.3051 40.3213 40.3351 40.3473 40.3593 40.3756 40.3866 40.4048
 40.4217 40.4367 40.4509 40.4738 40.4867 40.4996 40.5163 40.5382 40.5545
 40.5743 40.5908 40.6055 40.6248 40.6409 40.6579 40.6844 40.6995 40.7193
 40.7329 40.7493 40.7676 40.7974 40.813  40.8314 40.8436 40.8591 40.8751
 40.8937 40.9145 40.9323 40.9448 40.9672 40.9905 41.0135 41.0411 41.0671
 41.0894 41.1101 41.1336 41.1474 41.1673 41.2122 41.2392 41.2825 41.3171
 41.3453 41.369  41.4544 41.4927 41.5486 45.0926 46.4407 46.8874 47.0318
 47.1857 47.2677 47.3091 47.3456 47.3819 47.4611 47.5552 47.6243 47.6939
 47.7166 47.7462 47.7938 47.8383 47.8582 47.8836 47.918  47.9341 47.9511
 47.9882 48.0065 48.0341 48.0546 48.0816 48.0987 48.1138 48.1296 48.1466
 48.1619 48.1907 48.2074 48.234  48.2576 48.2742 48.2893 48.3126 48.3274
 48.345  48.3609 48.3774 48.3931 48.4152 48.4268 48.4461 48.4662 48.477
 48.4926 48.5031 48.5198 48.5419 48.5565 48.5767 48.6067 48.6216 48.6332
 48.6504 48.6737 48.6864 48.7014 48.7159 48.7323 48.7434 48.7651 48.7803
 48.7984 48.8125 48.8243 48.8369 48.8511 48.8717 48.8859 48.9097 48.9249
 48.9428 48.9641 48.9812 48.9993 49.0178 49.0404 49.0579 49.075  49.0901
 49.1089 49.1339 49.1581 49.1713 49.1944 49.2108 49.2263 49.2404 49.2564
 49.2774 49.2979 49.3199 49.3518 49.3805 49.4005 49.4209 49.4846 49.5076
 49.5259 49.5466 49.5821 49.6096 49.6355 49.6513 49.6728 49.6967 49.7229
 49.7849 49.8286 49.9199
55.3661 55.7289 56.0656 56.1089 56.1423 56.3119 56.3489 56.3794 56.4446
 56.5147 56.5496 56.6189 56.6485 56.678  56.7007 56.7206 56.7473 56.7826
 56.8014 56.8168 56.8326 56.8534 56.8743 56.8935 56.9402 56.9589 56.9761
 56.9904 57.0255 57.047  57.063  57.0796 57.0983 57.117  57.1388 57.1615
 57.1765 57.1901 57.203  57.2144 57.226  57.2407 57.2517 57.2633 57.2753
 57.2868 57.3053 57.3224 57.339  57.3507 57.3688 57.3845 57.402  57.4147
 57.4274 57.4407 57.4537 57.4703 57.484  57.502  57.5148 57.5284 57.5439
 57.558  57.5691 57.5864 57.5973 57.6125 57.6261 57.6409 57.6531 57.6659
 57.6783 57.6907 57.703  57.7154 57.7281 57.7421 57.7545 57.7659 57.7785
 57.7927 57.8076 57.8197 57.8329 57.8473 57.8593 57.8739 57.8874 57.8996
 57.915  57.929  57.9453 57.9631 57.9766 57.9901 58.0071 58.0197 58.0308
 58.0425 58.0556 58.0695 58.0842 58.1022 58.1139 58.133  58.147  58.1637
 58.1798 58.1956 58.2142 58.2307 58.243  58.2588 58.2717 58.2901 58.3052
 58.3194 58.3394 58.3613 58.377  58.395  58.4122 58.4353 58.454  58.48
 58.5024 58.5212 58.5419 58.5785 58.6017 58.6203 58.6414 58.6779 58.695
 58.73   58.7482 58.7708 58.7924 58.8231 58.8772 58.9935
60.3186 64.7312 65.024  65.0517 65.1033 65.2057 65.2753 65.2999 65.3199
 65.4167 65.4336 65.4475 65.4724 65.4987 65.5358 65.5665 65.5983 65.6187
 65.6356 65.6518 65.669  65.6859 65.7047 65.719  65.741  65.7537 65.7729
 65.7884 65.8061 65.8269 65.8567 65.8733 65.9088 65.9316 65.9478 65.9648
 65.9809 65.9953 66.0128 66.0306 66.0486 66.0604 66.0782 66.0921 66.1069
 66.1214 66.1383 66.1571 66.1688 66.1839 66.1965 66.2131 66.23   66.2461
 66.2606 66.2786 66.2932 66.3174 66.3341 66.3466 66.3571 66.3693 66.3878
 66.4022 66.4188 66.4361 66.4511 66.4703 66.4857 66.5011 66.5189 66.5355
 66.5483 66.559  66.5769 66.5958 66.6118 66.6242 66.6384 66.654  66.6691
 66.689  66.7061 66.7214 66.7428 66.7594 66.7739 66.7903 66.8044 66.8242
 66.8443 66.8622 66.8832 66.8987 66.931  66.9589 66.9733 66.9898 67.0171
 67.0359 67.0517 67.0734 67.094  67.1158 67.1389 67.1648 67.1887 67.2096
 67.2334 67.2482 67.2734 67.2927 67.3178 67.3458 67.3819 67.4448 67.5533
 67.5858 67.6877 67.7917

