12.4619 12.7666 12.9064 12.976  13.0068 13.0386 13.0863 13.1372 13.1952
 13.2316 13.2532 13.2893 13.3993
21.0879 21.2437 21.3397 21.3759 21.5012 21.5236 21.7008 21.935  22.0931
 22.2017 22.2709 29.1169 29.8838 29.9648 29.9842
30.014  30.0994 30.2865 30.3788 30.3992 30.4145 30.4939 30.6083 30.8641
 37.8799 38.1357 38.7901 38.8349 39.0229 39.1476 39.1754 39.2379 39.4108
 39.4722 39.7643
46.6699 46.9853 47.0425 47.0923 47.3032 47.3777 47.4035 47.4638 47.554
 47.6316 47.6801 47.7513 47.8732 47.9472
55.2146 55.5798 55.8859 55.9609 56.1896 56.2616 56.3475 56.3814 56.5317
 56.5518 56.7537 56.8825
62.5175 64.7567 65.045  65.1434 65.1675 65.2377 65.3284 65.4934 65.5825
 65.6705

