11.0056 11.7006 12.3758 12.4018 12.4575 12.6087 12.682  12.7313 12.7512
 12.7921 12.847  12.8751 12.899  12.9723 13.0047 13.0477 13.0879 13.1081
 13.1364 13.1581 13.1883 13.2209 13.2451 13.2606 13.286  13.3199 13.3502
 13.3622 13.3789 13.4033 13.4244 13.4457 13.4603 13.4742 13.4891 13.5083
 13.5259 13.5449 13.5606 13.5768 13.5931 13.6041 13.6181 13.6307 13.643
 13.6564 13.6729 13.686  13.6973 13.7109 13.7249 13.7556 13.7687 13.7814
 13.794  13.8076 13.8203 13.8317 13.8428 13.8573 13.8692 13.8812 13.8941
 13.9058 13.9189 13.9371 13.9504 13.9651 13.9803 13.998  14.01   14.0271
 14.0397 14.0517 14.0647 14.0791 14.0968 14.109  14.1231 14.1393 14.1531
 14.1644 14.1772 14.1879 14.2    14.2131 14.2285 14.2436 14.2571 14.2715
 14.2918 14.3065 14.3173 14.3291 14.3417 14.358  14.389  14.4035 14.416
 14.4261 14.4387 14.4523 14.4661 14.479  14.4968 14.5077 14.522  14.5388
 14.5522 14.5644 14.5765 14.5905 14.6057 14.6207 14.6394 14.6594 14.6807
 14.6958 14.7094 14.7251 14.7485 14.7752 14.8004 14.8175 14.8348 14.8583
 14.8861 14.9076 14.927  14.9458 14.9869 15.0124 15.0373 15.0567 15.1153
 15.1453 15.1679 15.2226 19.8286
20.9166 21.2024 21.4136 21.5155 21.5562 21.6719 21.69   21.7147 21.8495
 21.9024 21.9216 21.9659 21.9915 22.0162 22.0576 22.08   22.1025 22.1299
 22.1555 22.1851 22.2141 22.26   22.2765 22.291  22.3117 22.3224 22.3408
 22.3635 22.3788 22.3986 22.4269 22.4432 22.4542 22.4659 22.4818 22.4951
 22.5072 22.5219 22.5374 22.5508 22.5746 22.5879 22.6014 22.6179 22.6334
 22.6518 22.6656 22.6798 22.6995 22.7136 22.7302 22.7444 22.7563 22.7677
 22.7805 22.7923 22.8065 22.8162 22.8268 22.8438 22.8636 22.8767 22.888
 22.9025 22.9173 22.9295 22.9447 22.9606 22.9736 22.9853 22.9982 23.0104
 23.0238 23.036  23.054  23.0678 23.0816 23.0946 23.1114 23.1291 23.141
 23.1529 23.1662 23.1783 23.1927 23.2148 23.2264 23.2421 23.2659 23.2798
 23.3017 23.3167 23.3386 23.3564 23.3681 23.381  23.4058 23.4234 23.4376
 23.454  23.4692 23.4987 23.5149 23.5418 23.5609 23.5768 23.598  23.6179
 23.6386 23.6604 23.706  23.7269 23.7571 23.7793 23.8096 23.9138 29.6645
30.0114 30.2349 30.2643 30.384  30.4161 30.4408 30.5057 30.5299 30.5509
 30.6118 30.6548 30.7087 30.7362 30.7484 30.7661 30.7878 30.8049 30.8272
 30.8468 30.8645 30.8786 30.902  30.9163 30.9298 30.9463 30.96   30.9778
 30.9941 31.0075 31.0245 31.0382 31.055  31.0711 31.0838 31.0997 31.1109
 31.1228 31.1373 31.1561 31.1673 31.1803 31.1925 31.2092 31.223  31.235
 31.2447 31.2579 31.2726 31.2864 31.3035 31.3158 31.3291 31.3415 31.3547
 31.3664 31.3818 31.3946 31.4079 31.4179 31.4282 31.4404 31.4538 31.4667
 31.48   31.4947 31.5091 31.5237 31.544  31.5577 31.5737 31.5955 31.6146
 31.6298 31.6442 31.6578 31.6684 31.6837 31.6969 31.7101 31.7276 31.7392
 31.7499 31.7644 31.7757 31.7876 31.8034 31.8163 31.8305 31.8501 31.8633
 31.876  31.8918 31.9167 31.9311 31.9534 31.9755 31.9881 32.0029 32.0218
 32.0382 32.0538 32.0708 32.0902 32.1087 32.1244 32.1404 32.1587 32.1771
 32.2026 32.2333 32.2533 32.276  32.3002 32.3284 32.348  32.3938 32.4354
 32.5547 32.7196 34.6024 37.6235 37.8096 37.9234 38.1449 38.6043 38.7267
 39.0471 39.1106 39.1442 39.1643 39.1848 39.221  39.2419 39.2657 39.2923
 39.3093 39.3609 39.4052 39.4267 39.4442 39.4661 39.5005 39.5176 39.5298
 39.5467 39.5726 39.5906 39.6104 39.6262 39.6414 39.6611 39.6807 39.6948
 39.7082 39.7243 39.7392 39.7548 39.7668 39.7804 39.793  39.8081 39.823
 39.8411 39.8578 39.8701 39.8843 39.8993 39.9111 39.9233 39.9394 39.9527
 39.9677 39.9821 39.9961
40.0113 40.0245 40.0379 40.0501 40.0624 40.0788 40.0942 40.1071 40.1287
 40.1399 40.1545 40.1711 40.1853 40.1981 40.2083 40.2202 40.2338 40.2445
 40.2555 40.271  40.2937 40.31   40.324  40.3383 40.3517 40.3667 40.3805
 40.3926 40.4043 40.4176 40.4308 40.4439 40.4553 40.4697 40.4821 40.4941
 40.5079 40.5199 40.532  40.5469 40.5602 40.5738 40.5895 40.6126 40.6323
 40.6516 40.6668 40.6837 40.701  40.7231 40.7377 40.7554 40.7743 40.7929
 40.8082 40.8247 40.8381 40.8515 40.8641 40.8806 40.8994 40.9159 40.9318
 40.9602 40.9918 41.0236 41.0447 41.0623 41.0898 41.1089 41.1305 41.1602
 41.18   41.2324 41.4435 41.4747 46.9361 47.004  47.0426 47.1169 47.2486
 47.2823 47.3653 47.4364 47.5307 47.62   47.6608 47.7011 47.7207 47.7487
 47.7831 47.8036 47.8388 47.8608 47.8769 47.8919 47.9054 47.9242 47.9397
 47.9558 47.9731 47.9865 48.0004 48.0145 48.0355 48.0499 48.0756 48.089
 48.1044 48.1202 48.1325 48.1461 48.1607 48.1744 48.1928 48.2053 48.222
 48.2374 48.2476 48.2613 48.2777 48.2911 48.3014 48.3137 48.3339 48.3474
 48.3583 48.3741 48.3868 48.3971 48.4093 48.4218 48.4369 48.4518 48.465
 48.4806 48.4985 48.5109 48.5248 48.5399 48.5521 48.5667 48.5822 48.5993
 48.6127 48.6268 48.6449 48.66   48.6728 48.6898 48.7027 48.713  48.7262
 48.7395 48.7515 48.7639 48.7755 48.7864 48.7981 48.8095 48.8267 48.8365
 48.8478 48.8608 48.8751 48.8868 48.8988 48.9128 48.9299 48.9421 48.9566
 48.9726 48.9914 49.0044 49.0175 49.0317 49.0463 49.062  49.0757 49.0926
 49.1105 49.127  49.1407 49.1616 49.1792 49.1996 49.2184 49.2356 49.2578
 49.2731 49.2986 49.3275 49.3503 49.3776 49.3923 49.4135 49.4385 49.465
 49.5058 49.5884 49.608  49.6497 49.7651 49.8105
54.0516 54.807  55.6501 55.8236 56.0663 56.189  56.2355 56.2805 56.3239
 56.3561 56.3915 56.4129 56.4326 56.4593 56.4821 56.5029 56.536  56.5681
 56.5897 56.6049 56.6238 56.6404 56.653  56.6697 56.6866 56.7042 56.7158
 56.7279 56.7467 56.7602 56.7728 56.7824 56.7956 56.8188 56.83   56.8413
 56.8578 56.8757 56.8854 56.8981 56.9126 56.9263 56.9379 56.9509 56.9636
 56.9738 56.9844 57.001  57.013  57.0246 57.0363 57.0476 57.0588 57.0703
 57.0825 57.0932 57.1033 57.1152 57.1254 57.1371 57.1493 57.1599 57.1723
 57.1847 57.1956 57.2068 57.2173 57.2273 57.2371 57.2485 57.2582 57.2733
 57.2863 57.2972 57.31   57.3197 57.3302 57.3394 57.3492 57.3607 57.3697
 57.3797 57.3927 57.4082 57.4216 57.4335 57.444  57.4568 57.4686 57.4814
 57.494  57.5038 57.5142 57.525  57.5357 57.5478 57.5595 57.5712 57.5846
 57.5967 57.6078 57.6249 57.6373 57.6483 57.6579 57.6692 57.6814 57.6939
 57.7056 57.7158 57.7277 57.7405 57.7507 57.7627 57.7764 57.788  57.7983
 57.8088 57.8198 57.8305 57.8421 57.8522 57.8639 57.8751 57.887  57.8969
 57.9103 57.9282 57.9437 57.9544 57.9685 57.9853 57.998  58.0134 58.0265
 58.0388 58.0504 58.0603 58.0704 58.0837 58.0971 58.1099 58.1223 58.1394
 58.153  58.1676 58.1826 58.201  58.2154 58.2326 58.2496 58.281  58.3003
 58.3177 58.3363 58.3584 58.3849 58.4052 58.4267 58.4442 58.4661 58.4876
 58.5112 58.5426 58.5817 58.6129
64.0464 64.2056 64.7317 64.7615 64.9678 65.0148 65.0422 65.0616 65.0799
 65.1023 65.1238 65.1538 65.1804 65.2552 65.2787 65.2956 65.3368 65.3521
 65.372  65.3934 65.4068 65.4243 65.4415 65.4537 65.4727 65.4868 65.5032
 65.5287 65.5424 65.5534 65.5685 65.5833 65.5969 65.613  65.6294 65.6528
 65.6674 65.6829 65.7007 65.7134 65.7252 65.7525 65.7712 65.7903 65.803
 65.8174 65.8361 65.8502 65.8623 65.874  65.8856 65.8981 65.9083 65.9178
 65.9284 65.9408 65.951  65.9627 65.9721 65.9837 65.9947 66.0041 66.0178
 66.0309 66.0474 66.0599 66.0753 66.0866 66.0968 66.1135 66.1273 66.1389
 66.1519 66.1647 66.1755 66.187  66.1994 66.2099 66.2195 66.2313 66.2451
 66.2552 66.2671 66.2818 66.2946 66.3072 66.3182 66.3304 66.3442 66.3585
 66.3685 66.3805 66.3937 66.4093 66.4225 66.446  66.4578 66.4694 66.4822
 66.5032 66.5141 66.5267 66.5438 66.5561 66.5753 66.5911 66.6069 66.6173
 66.6307 66.6439 66.6657 66.6765 66.6873 66.7031 66.7174 66.7281 66.7411
 66.7654 66.7845 66.7982 66.8163 66.8288 66.8426 66.8612 66.8824 66.8996
 66.9168 66.9335 66.9585 66.9777 66.9995 67.0352 67.0652 67.0865 67.111
 67.1561 67.1917 67.362  67.5039

