11.7462 12.1916 12.2416 12.3365 12.3863 12.4107 12.4658 12.5025 12.5476
 12.5765 12.6066 12.6218 12.6816 12.7345 12.7689 12.7954 12.8133 12.8304
 12.8469 12.8728 12.8925 12.9067 12.9398 12.9737 12.9972 13.0165 13.0339
 13.0509 13.073  13.1063 13.1291 13.1463 13.1719 13.1889 13.2123 13.227
 13.2443 13.2583 13.2716 13.2851 13.2969 13.3093 13.3232 13.3402 13.356
 13.3672 13.3802 13.3915 13.4026 13.4152 13.4325 13.4457 13.4595 13.4718
 13.4826 13.4977 13.5103 13.523  13.5361 13.5518 13.5675 13.5809 13.5947
 13.6052 13.6185 13.6298 13.641  13.6615 13.675  13.6868 13.6989 13.7125
 13.7318 13.7449 13.7596 13.7702 13.7848 13.7976 13.8071 13.8185 13.8309
 13.844  13.8555 13.8703 13.8827 13.8952 13.9075 13.9185 13.9289 13.9396
 13.9509 13.9645 13.9778 13.9913 14.0023 14.0139 14.0275 14.0368 14.0485
 14.0647 14.0792 14.0919 14.1079 14.1199 14.1343 14.145  14.1644 14.1774
 14.1911 14.2055 14.2198 14.2303 14.2503 14.2723 14.2911 14.3093 14.325
 14.3392 14.3571 14.3718 14.3838 14.3981 14.4155 14.4327 14.4458 14.4637
 14.4777 14.493  14.5052 14.5237 14.5417 14.5642 14.5816 14.5988 14.6176
 14.6404 14.6689 14.6896 14.7297 14.7617 14.7803 14.8309 14.8891 14.9327
 16.7317
20.3076 21.1158 21.1755 21.2907 21.3554 21.3869 21.5335 21.5673 21.6167
 21.6589 21.7067 21.7558 21.7787 21.8026 21.8215 21.8511 21.8773 21.9036
 21.9189 21.9406 21.9651 21.9819 21.9982 22.0142 22.0262 22.0473 22.0638
 22.0777 22.0909 22.1044 22.1279 22.1409 22.1596 22.1738 22.1885 22.201
 22.2126 22.2277 22.2422 22.2544 22.2712 22.285  22.3057 22.3277 22.3408
 22.3573 22.372  22.3835 22.4004 22.416  22.4278 22.4419 22.4583 22.4694
 22.4829 22.4963 22.5102 22.5236 22.5375 22.5524 22.5639 22.5771 22.5906
 22.6026 22.6142 22.6249 22.6348 22.6466 22.6622 22.6792 22.6926 22.7035
 22.7148 22.7286 22.7421 22.7532 22.7671 22.7791 22.7913 22.8018 22.8137
 22.8272 22.8383 22.8557 22.8679 22.8816 22.8944 22.9123 22.9249 22.9384
 22.952  22.9721 22.9857 22.999  23.0099 23.0251 23.0392 23.0542 23.0719
 23.0864 23.1017 23.1207 23.137  23.1513 23.1679 23.1864 23.2048 23.2194
 23.2399 23.2566 23.273  23.2871 23.3156 23.3506 23.369  23.4101 23.5064
 23.5506 23.5968 23.6505 23.7017 23.8077 23.9118 28.0919 29.4662 29.7001
 29.7494 29.8877 29.9169 29.9828
30.0034 30.0252 30.1022 30.1427 30.1633 30.2127 30.2608 30.3038 30.3259
 30.4217 30.439  30.4659 30.4858 30.5037 30.5228 30.5464 30.5588 30.5717
 30.5852 30.6086 30.6238 30.6381 30.6688 30.687  30.7016 30.7156 30.7291
 30.7441 30.7599 30.7744 30.7875 30.8092 30.8317 30.851  30.863  30.8751
 30.8919 30.9021 30.9119 30.9253 30.9392 30.9519 30.9642 30.9788 30.9963
 31.0091 31.0237 31.0372 31.0483 31.0608 31.0731 31.0854 31.0947 31.1118
 31.1239 31.1377 31.1561 31.1683 31.1814 31.1948 31.2074 31.2228 31.2369
 31.2495 31.2602 31.2752 31.2864 31.2986 31.3098 31.322  31.3334 31.349
 31.3597 31.3738 31.3945 31.4053 31.4189 31.4328 31.4447 31.4544 31.4699
 31.4832 31.4947 31.5052 31.5174 31.5334 31.5465 31.5597 31.5733 31.5866
 31.6027 31.6174 31.6315 31.6559 31.6692 31.6987 31.7178 31.7324 31.7544
 31.7665 31.7834 31.7935 31.8079 31.8346 31.8583 31.8906 31.9097 31.9358
 31.9583 31.9779 31.9955 32.0297 32.0659 32.0907 32.1176 32.2208 32.2454
 32.2898 32.3788 37.8465 37.9197 38.2875 38.3775 38.5056 38.5518 38.6723
 38.7726 38.8434 38.863  38.8934 38.9257 38.9643 38.9862 39.027  39.073
 39.1057 39.1254 39.1422 39.1984 39.2224 39.2678 39.2804 39.2985 39.3172
 39.3344 39.3481 39.3627 39.3818 39.3981 39.4154 39.4368 39.4502 39.4645
 39.4765 39.4911 39.5037 39.5157 39.5274 39.5536 39.5761 39.591  39.6048
 39.6217 39.6389 39.6557 39.6692 39.6841 39.6958 39.7071 39.7216 39.7456
 39.7623 39.7741 39.7869 39.7986 39.8123 39.8276 39.8439 39.8596 39.8733
 39.8848 39.8961 39.9074 39.9189 39.9306 39.942  39.9554 39.9715 39.9829
 39.9967
40.0087 40.0237 40.0355 40.0464 40.0643 40.0758 40.0883 40.1002 40.1111
 40.1253 40.1399 40.1533 40.1653 40.1776 40.1908 40.206  40.2209 40.233
 40.2455 40.2657 40.2777 40.2943 40.3074 40.3214 40.3332 40.3495 40.3625
 40.3792 40.3974 40.4122 40.4307 40.4435 40.4587 40.4743 40.4896 40.5071
 40.5198 40.5383 40.55   40.5636 40.5811 40.5982 40.614  40.6322 40.6631
 40.6841 40.7129 40.7667 40.7892 40.8357 40.8925 40.948  40.9972 41.0662
 45.8882 46.2964 46.5621 46.723  46.8103 46.9087 47.0106 47.0659 47.1072
 47.1759 47.2012 47.2229 47.2575 47.2782 47.2941 47.3552 47.3917 47.4107
 47.4496 47.4705 47.486  47.509  47.5216 47.5356 47.5554 47.5791 47.5928
 47.6062 47.6297 47.6449 47.6614 47.6761 47.6959 47.7221 47.7454 47.7604
 47.7719 47.7887 47.8037 47.8195 47.838  47.8581 47.8815 47.9013 47.9156
 47.9305 47.9457 47.9648 47.9772 48.005  48.0154 48.0277 48.0406 48.0523
 48.0644 48.0768 48.0889 48.1065 48.1179 48.1288 48.1412 48.1528 48.1654
 48.178  48.1907 48.2047 48.2183 48.229  48.2391 48.2523 48.2688 48.2809
 48.2923 48.3038 48.3209 48.3343 48.349  48.363  48.3756 48.3884 48.4007
 48.4116 48.4213 48.4309 48.4415 48.4503 48.4597 48.473  48.4843 48.4972
 48.5097 48.5229 48.534  48.5537 48.5651 48.5768 48.59   48.6109 48.6267
 48.6403 48.6585 48.6739 48.6939 48.7089 48.7272 48.7395 48.7509 48.7761
 48.7888 48.8009 48.8138 48.8269 48.8413 48.8565 48.8705 48.8823 48.8977
 48.9117 48.9304 48.949  48.9735 48.9889 49.0078 49.0265 49.0504 49.0768
 49.1055 49.1292 49.1534 49.1867 49.2142 49.2342 49.2597 49.3144 49.3766
 49.4228
55.4963 55.6731 55.8833 55.9357 55.996  56.0447 56.0903 56.1527 56.1843
 56.2337 56.2805 56.3244 56.3434 56.3698 56.384  56.4014 56.429  56.4488
 56.4639 56.4911 56.509  56.5263 56.541  56.5663 56.5793 56.5957 56.6129
 56.626  56.6434 56.6565 56.6697 56.6819 56.6938 56.7057 56.7177 56.73
 56.7405 56.7521 56.7686 56.7835 56.7951 56.8055 56.8157 56.8284 56.8403
 56.8509 56.8619 56.8754 56.8866 56.9001 56.911  56.9218 56.9353 56.9485
 56.9599 56.9709 56.9809 56.9911 57.0008 57.0106 57.0205 57.0299 57.0418
 57.0534 57.0634 57.0719 57.0819 57.0904 57.0997 57.1094 57.1207 57.1337
 57.1445 57.1547 57.1643 57.1756 57.1853 57.1951 57.2049 57.2146 57.2249
 57.235  57.244  57.2546 57.2649 57.2731 57.2827 57.2923 57.3016 57.311
 57.3215 57.3308 57.3398 57.3482 57.3587 57.3685 57.3781 57.3876 57.397
 57.4065 57.4192 57.432  57.4427 57.453  57.4639 57.4729 57.483  57.4942
 57.5032 57.5142 57.525  57.5386 57.5487 57.559  57.5707 57.5834 57.5919
 57.6029 57.6147 57.6255 57.6394 57.6558 57.6699 57.6813 57.6929 57.7035
 57.7149 57.7259 57.7381 57.7528 57.768  57.7807 57.8025 57.8163 57.8289
 57.8402 57.8505 57.8661 57.8776 57.8932 57.9088 57.9258 57.9373 57.949
 57.9655 57.9784 57.9927 58.01   58.033  58.0483 58.0619 58.0768 58.1009
 58.1231 58.1464 58.1651 58.1825 58.2196 58.2476 58.3065 58.3809 58.4419
62.7303 63.4323 64.4155 64.4476 64.5511 64.5913 64.6412 64.7214 64.7589
 64.7799 64.8133 64.8463 64.8922 64.938  64.9843 65.0304 65.0572 65.0779
 65.0966 65.1144 65.1543 65.1715 65.1886 65.2032 65.2192 65.2415 65.2668
 65.2821 65.2989 65.3122 65.3277 65.3406 65.3536 65.373  65.3887 65.4188
 65.4339 65.4618 65.4767 65.4945 65.5092 65.5206 65.5328 65.5465 65.5596
 65.5719 65.5856 65.6006 65.6145 65.6292 65.6482 65.6607 65.6733 65.684
 65.6962 65.71   65.7198 65.7308 65.7432 65.7555 65.7671 65.7796 65.7902
 65.8017 65.8149 65.8253 65.8363 65.8476 65.859  65.8722 65.8852 65.8966
 65.9086 65.9194 65.9337 65.9451 65.9587 65.9708 65.9841 65.9971 66.0151
 66.0285 66.0396 66.05   66.0626 66.0751 66.0875 66.0999 66.113  66.1259
 66.137  66.1481 66.1595 66.1689 66.1814 66.194  66.2043 66.2167 66.2269
 66.2391 66.2547 66.2649 66.2771 66.2884 66.3006 66.3124 66.3287 66.3422
 66.3547 66.3655 66.3783 66.3921 66.4086 66.4205 66.4333 66.4461 66.4609
 66.4749 66.4888 66.5013 66.5129 66.5251 66.5357 66.549  66.5621 66.5769
 66.5942 66.6112 66.6257 66.643  66.6553 66.6723 66.6841 66.7002 66.714
 66.7378 66.7529 66.7788 66.7985 66.8175 66.8406 66.8773 66.9088 66.9251
 66.9608 67.004  67.0283 67.0608

