11.4667 11.6307 12.5596 12.6212 12.6776 12.7327 12.8292 13.0374 13.061
 13.1901 13.3294
20.917  21.3565 21.5678 21.7441 21.844  22.0267 22.0424 27.9802 29.7158
 29.9909
30.1036 30.2348 30.3284 30.3732 30.4151 30.4333 30.4612 30.4766 30.4964
 30.5639 30.6796 30.7352 37.7835 38.0553 38.31   38.7558 38.7893 38.8634
 39.1054 39.2363 39.3162 39.3567 39.4118 39.4532 39.4969 39.5965
46.5076 46.6079 47.0705 47.1465 47.1977 47.5882 47.6132 47.7304 47.7637
 47.784  47.8193 47.9293 47.9684 48.0903
55.4889 55.7586 56.0869 56.1887 56.2243 56.3353 56.4122 56.4491 56.5371
 56.5717 56.5848 56.6179 56.6727 56.7289 56.7413 56.7519 56.7739 56.7971
 56.8415 56.8604 56.9395 56.9585 57.0157 57.0347
63.5766 63.777  64.5037 64.7198 64.7736 64.8764 64.9851 65.1712 65.1912
 65.2134 65.2307 65.2657 65.3042 65.3358 65.394  65.4627 65.493  65.5082
 65.5286 65.5714 65.5936 65.6565 65.759

