10.4535 12.5421 12.8233 13.0156 13.0383 13.2095 13.2504 13.3167 13.3382
 13.3981 13.4616 13.5042 13.5219 13.5483 13.5839 13.6142 13.6378 13.6924
 13.7405 13.8814 13.8973 13.9678 18.6928
20.1938 21.4069 21.4456 21.496  21.5294 21.5794 21.6343 21.6868 21.7099
 21.7256 21.7422 21.79   21.809  21.8852 21.9136 21.9347 21.9571 21.9699
 22.0003 22.0157 22.0767 22.1177 22.1356 22.1516 22.1645 22.1821 22.1946
 22.2104 22.2395 22.3955 22.5066 29.0736 29.4548 29.6116 29.6699 29.7909
 29.8728
30.084  30.1936 30.2138 30.2525 30.2912 30.3148 30.4058 30.4489 30.4727
 30.4966 30.5316 30.5776 30.5923 30.6101 30.6244 30.6574 30.6871 30.7121
 30.7316 30.7523 30.7712 30.7959 30.8899 30.9892 36.5113 37.9359 38.2205
 38.2853 38.4415 38.4646 38.494  38.5743 38.6228 38.7604 38.7902 38.8073
 38.8231 38.8504 38.878  38.958  38.9748 38.9985 39.0313 39.0878 39.158
 39.2086 39.222  39.2441 39.266  39.3103 39.3342 39.3587 39.3992 39.4132
 39.4438 39.4583 39.5422 39.5876 39.6113 39.6404 39.6584 39.6865
44.0072 47.3501 47.5854 47.6258 47.6653 47.7069 47.7423 47.8148 47.8786
 47.9417 47.9581 47.9835 48.0556 48.0927 48.171  48.2707 48.3999 48.4374
55.4313 55.9127 56.0295 56.4097 56.4691 56.5438 56.6204 56.6977 56.7255
 56.7414 56.7619 56.8034 56.8308 56.9078 56.9361 56.9826 57.0051 57.0237
 57.0753 57.1586 57.2866 57.3297
63.0405 63.6044 64.3482 64.4937 64.5211 64.6304 64.7223 64.8653 64.9363
 65.0484 65.1229 65.1789 65.1982 65.2145 65.255  65.2694 65.3079 65.3353
 65.3912 65.4044 65.4199 65.4506 65.4897 65.5147 65.538  65.554  65.5837
 65.6031 65.6244 65.6498 65.6775 65.7074 65.7317 65.7512 65.7753 65.8025
 65.8354 65.9622

