12.9484 13.1421 13.2387 13.2874 13.3648 13.4509 13.4839 13.5141 13.5334
 13.5507 13.579  13.6387 13.661  13.6864 13.7164 13.7468 13.7682 13.7857
 13.8041 13.8314 13.8615 13.8763 13.9043 13.9284 13.9471 13.9619 13.9877
 14.005  14.0298 14.0643 14.0874 14.1062 14.123  14.1443 14.1628 14.1802
 14.1978 14.2176 14.2391 14.2579 14.2746 14.2927 14.3134 14.3414 14.3599
 14.393  14.4257 14.4421 14.4679 14.4845 14.5049 14.5266 14.5415 14.5657
 14.5907 14.6639 14.7065 14.7364 14.7905 14.8171 14.871  14.9119 14.9382
 14.9714 15.0039 15.0509 15.0775 15.1426 15.2223 15.2892 15.4029 15.4364
 15.4716 15.5533 15.5829 15.9759 19.3579 19.5059 19.665
20.8857 21.0558 21.2658 21.3231 21.3533 21.3734 21.4147 21.4498 21.4774
 21.5732 21.5965 21.642  21.6654 21.6975 21.7115 21.7326 21.7614 21.7808
 21.8041 21.8217 21.8555 21.869  21.8959 21.9153 21.9303 21.9475 21.9601
 21.9729 21.9849 21.9984 22.012  22.0259 22.0392 22.0514 22.0688 22.0846
 22.1016 22.1181 22.1343 22.1503 22.1681 22.1835 22.1965 22.2078 22.2173
 22.2302 22.2405 22.2565 22.2712 22.2827 22.2963 22.3095 22.3199 22.3343
 22.35   22.3669 22.3793 22.3949 22.4075 22.4211 22.4323 22.4443 22.4586
 22.4701 22.4834 22.4948 22.5076 22.5189 22.5295 22.5436 22.555  22.5678
 22.5822 22.6009 22.6147 22.6324 22.6469 22.6655 22.6968 22.7138 22.7263
 22.7453 22.7681 22.7801 22.8005 22.8333 22.8581 22.8757 22.8957 22.9086
 22.928  22.9524 22.9693 22.9842 23.0118 23.0396 23.0564 23.0718 23.0851
 23.11   23.1284 23.1456 23.1712 23.198  23.2416 23.2801 23.2987 23.3549
 23.3705 23.4122 23.4476 23.4811 23.5074 23.5932 23.6143 23.6446 23.7125
 23.7493 23.8104 23.8496 23.9339 24.0091 24.0513 24.0763 24.11   24.2071
 24.24   27.5094 29.3026 29.6558 29.7046 29.8257 29.869  29.9647
30.0128 30.0509 30.1103 30.1335 30.1511 30.2055 30.2843 30.3024 30.327
 30.3511 30.3663 30.3818 30.3938 30.406  30.4198 30.4367 30.4518 30.4681
 30.4839 30.5008 30.5137 30.527  30.5505 30.565  30.5767 30.5972 30.6194
 30.6313 30.6476 30.6732 30.6912 30.708  30.7234 30.7368 30.7505 30.7661
 30.7816 30.7951 30.8126 30.8345 30.8518 30.8637 30.8753 30.8904 30.9042
 30.9186 30.9304 30.9463 30.9605 30.9728 30.9841 30.9985 31.013  31.0266
 31.0399 31.0543 31.0686 31.0838 31.0994 31.1212 31.1498 31.179  31.1999
 31.2365 31.2598 31.2921 31.3169 31.3339 31.3515 31.3784 31.4044 31.4276
 31.4481 31.4914 31.5296 31.5433 31.5666 31.5944 31.6801 31.7129 31.7675
 31.791  31.8258 31.8499 31.8772 31.9021 31.9335 31.9671 32.0399 32.1162
 32.1828 32.2136 32.3073 32.3924 32.4459 32.4811 32.5536 32.5893 32.6312
 32.672  32.7166 37.4769 38.2438 38.3547 38.5601 38.5861 38.6141 38.6876
 38.7137 38.7362 38.7847 38.8611 38.9123 38.946  38.998  39.036  39.0802
 39.1112 39.1327 39.1498 39.1759 39.195  39.2122 39.2272 39.2495 39.2689
 39.2947 39.308  39.3202 39.3356 39.3517 39.3637 39.3781 39.3963 39.4117
 39.4313 39.4474 39.4596 39.4711 39.4831 39.4952 39.5075 39.5204 39.5355
 39.5477 39.5656 39.5799 39.5929 39.6087 39.6225 39.639  39.6526 39.6658
 39.6842 39.6973 39.7092 39.7234 39.7397 39.7653 39.7856 39.7987 39.8154
 39.8283 39.8402 39.8539 39.8703 39.8895 39.9116 39.9268 39.9421 39.9534
 39.9683 39.9876
40.0191 40.0334 40.0536 40.0723 40.0887 40.1096 40.1258 40.1501 40.1766
 40.1959 40.2153 40.2497 40.2796 40.2983 40.333  40.364  40.3822 40.4161
 40.4457 40.466  40.4956 40.5143 40.5379 40.5558 40.5911 40.6152 40.639
 40.7144 40.7486 40.7695 40.8169 40.8616 40.8899 40.9726 41.0199 41.0759
 41.1084 41.1338 41.156  41.1883 41.2367 41.2718 41.4306 41.4617 41.4957
 41.5366 41.5958 41.7008 46.4974 46.9557 47.1558 47.3588 47.4606 47.6498
 47.6794 47.7136 47.7376 47.7587 47.794  47.8222 47.8916 47.9412 47.9892
 48.0185 48.0413 48.0624 48.1058 48.1296 48.1616 48.1772 48.1985 48.219
 48.2504 48.2718 48.2929 48.3113 48.326  48.3368 48.3559 48.3708 48.385
 48.398  48.4165 48.4355 48.4577 48.4695 48.4846 48.4973 48.5168 48.5327
 48.5547 48.5681 48.5828 48.5996 48.6184 48.6332 48.6452 48.6638 48.6796
 48.6977 48.7106 48.7338 48.7504 48.7671 48.8065 48.8473 48.9285 48.9807
 49.0158 49.079  49.1039 49.1488 49.1765 49.204  49.2388 49.2767 49.3074
 49.3436 49.3777 49.4176 49.4449 49.4989 49.5293 49.6207 49.6823 49.7318
 49.8032 49.8363 49.8649 49.8884 49.9341
50.0156 50.1883 50.4759 56.0488 56.3819 56.4126 56.5497 56.5952 56.6604
 56.6871 56.7253 56.7368 56.7523 56.774  56.7952 56.8202 56.8524 56.8709
 56.8916 56.9471 56.9697 56.9909 57.0255 57.0612 57.0766 57.0957 57.1116
 57.1238 57.1376 57.15   57.1643 57.1789 57.1975 57.2146 57.2313 57.2516
 57.2664 57.28   57.2982 57.3139 57.3361 57.3543 57.37   57.3815 57.395
 57.4133 57.431  57.4464 57.4619 57.4753 57.4886 57.5005 57.5137 57.5313
 57.5555 57.5735 57.5856 57.6024 57.6196 57.6349 57.6516 57.6688 57.6906
 57.7081 57.7259 57.7416 57.761  57.802  57.8276 57.8465 57.8798 57.9001
 57.9357 57.9599 57.9898 58.0143 58.0311 58.0498 58.0769 58.103  58.1231
 58.1718 58.2083 58.2315 58.3448 58.3679 58.3908 58.4248 58.4868 58.5623
 58.6507 58.6826 58.7337 58.8511 58.9576 59.0701 59.1249 59.1716 59.2169
 59.3288
63.8803 64.4664 64.5469 64.7254 64.8142 64.8696 64.8982 64.9529 65.0399
 65.0802 65.1197 65.1555 65.1858 65.2044 65.2303 65.2493 65.2729 65.2945
 65.3097 65.323  65.3427 65.3629 65.3766 65.3888 65.4035 65.4183 65.4346
 65.448  65.4653 65.4775 65.4898 65.5016 65.5162 65.5285 65.5493 65.5595
 65.5723 65.5923 65.6031 65.616  65.6303 65.6466 65.6579 65.6715 65.6821
 65.6955 65.7052 65.7182 65.7307 65.7412 65.7521 65.769  65.7814 65.7946
 65.8158 65.8289 65.8435 65.8539 65.8659 65.8795 65.891  65.9038 65.9163
 65.9309 65.9456 65.961  65.9746 65.9902 66.0043 66.0206 66.0357 66.0569
 66.0704 66.0829 66.0969 66.1126 66.1277 66.1411 66.1548 66.1693 66.1861
 66.2017 66.215  66.2298 66.2469 66.2702 66.2847 66.3071 66.3263 66.3407
 66.3711 66.3852 66.4024 66.4223 66.4386 66.4525 66.4681 66.4855 66.5098
 66.5295 66.5649 66.5886 66.6083 66.6251 66.6497 66.6755 66.7066 66.74
 66.7596 66.7786 66.8028 66.8293 66.8657 66.8836 66.9059 66.9281 66.9499
 66.9688 67.0222 67.0618 67.0934 67.1507 67.2098 67.2348 67.2592 67.2832
 67.3086 67.3481 67.3979 67.4178 67.4495 67.4859 67.5371 67.5598 67.6183
 67.6903 67.7201 67.7589 67.8786

