12.2102 12.2809 12.3342 12.5908 13.0213 13.2731 19.4729
20.2203 20.3957 20.7404 21.0619 21.2456 21.3796 21.4037 21.4759 21.4968
 21.5371 21.5623 21.6357 21.7123 29.1472 29.3828 29.4221 29.6177 29.6859
 29.8495 29.8788 29.9637
30.0752 36.4215 37.3442 37.7301 37.9618 38.4291 38.5173 38.6537 38.7237
 38.8351 38.8633 38.8928 39.0349 39.0979
46.5056 46.8464 47.2865 47.3222 47.5655 47.5826 47.6426 47.6685 47.6924
56.3959 56.5932 56.6352 56.6903 56.7084 56.7796 56.8623
63.1309 64.1707 64.2604 64.4359 64.5458 64.6448 64.7706 64.8283 64.856
 64.8758 64.9247

