11.6348 12.039  12.3997 12.4488 12.4749 12.5406 12.5939 12.621  12.7597
 12.7908 12.8626 12.8944 13.0938 13.15   13.2096 13.2425 13.2583 13.2766
 13.2978 13.3592 13.3798 13.3927 13.4172 13.4377 13.4497 13.4876 13.5062
 13.5239 13.5436 13.5841 13.6014 13.6132 13.6259 13.6405 13.7005 13.7233
 13.7447 13.7641 13.7875 13.8269 13.8424 13.9115 14.0195 14.1303
20.006  21.3073 21.7546 21.7789 21.8421 22.0953 22.2157 22.2545 22.2747
 22.3324 22.3683 22.3923 22.4435 22.5584 22.5868 22.6394 22.7237 22.7424
 22.763  22.7805 22.8063 22.8259 22.8379 22.8952 22.916  22.9361 22.9497
 22.992  23.0064 23.0197 23.0392 23.0576 23.0758 23.1034 23.1535 23.2008
 23.2317
30.1396 30.8767 31.0437 31.3501 31.414  31.6887 31.704  31.7478 31.8711
 31.8933 31.93   31.9631 31.9929 32.0313 32.0484 32.1169 32.1372 32.1671
 32.1831 32.2115 32.2572 32.2776 32.3108 32.343  32.3602 32.3819 32.4467
 32.4684 32.492  32.5786 32.642  32.7126 32.7865 32.8148 32.8637 38.9158
 39.2288
40.3593 40.5567 40.6245 40.6726 40.7408 40.7808 40.8205 40.8673 41.0365
 41.0938 41.1069 41.1245 41.1556 41.1712 41.1883 41.2029 41.2207 41.2397
 41.28   41.2939 41.3145 41.3476 41.3659 41.3943 41.4089 41.4257 41.4458
 41.4615 41.5007 41.5435 41.57   41.5831 41.599  41.6189 41.6421 41.676
 41.6974 41.7131 41.725  41.7442 41.7837 41.8018 41.8392 41.8594 41.8785
 41.8974 41.9309 41.9468 41.9658 41.9881 42.0033 42.0248 42.1227 42.139
 42.2732 47.6433 48.0707 49.3476 49.6543 49.7833 49.8224 49.9524 49.9739
50.0183 50.036  50.0592 50.0828 50.0996 50.1302 50.2281 50.3217 50.3484
 50.3691 50.4121 50.4537 50.4779 50.5597 50.5808 50.7873 57.9388 58.0408
 58.4117 58.5937 58.7039 58.7867 58.8453 58.9497 58.9658 59.0034 59.0296
 59.0681 59.1042 59.1303 59.1485 59.2274 59.2676 59.2969 59.3359 59.3838
 59.3979 59.4289 59.4423 59.4586 59.5345 59.565  59.5927 59.6222 59.6358
 59.6567 59.6685 59.6926 59.7684 59.8012 59.8264 59.8806 59.9247
60.1304 67.0201 67.1851 67.2408 67.3375 67.4636 67.5038 67.5974 67.7648
 67.848  67.9401 68.0819 68.1345 68.1677 68.1846 68.2117 68.2758 68.3169
 68.3394 68.383  68.4133 68.4389 68.4592 68.4764 68.4926 68.5248 68.5434
 68.5663 68.5967 68.638  68.6588 68.6815 68.7143 68.7304 68.7481 68.7856
 68.8058 68.8206 68.8364 68.8512 68.8709 68.8923

