10.5155 12.8328 12.9208 12.9796 13.1614 13.2042 13.254  13.2785 13.2946
 13.3431 13.3573 13.3761 13.3933 13.4084 13.4211 13.4393 13.4511 13.4646
 13.4837 13.5076 13.5216 13.5357 13.5491 13.5659 13.5792 13.5923 13.6177
 13.6308 13.6459 13.6605 13.6736 13.6878 13.7002 13.7121 13.7276 13.745
 13.7562 13.7695 13.7868 13.7982 13.8108 13.8202 13.8322 13.8461 13.8612
 13.8738 13.888  13.9049 13.9189 13.9297 13.94   13.9547 13.9661 13.9845
 13.9974 14.0164 14.0339 14.0492 14.0604 14.0749 14.0882 14.1007 14.1142
 14.1247 14.1351 14.1505 14.1642 14.1809 14.1928 14.2162 14.2398 14.2516
 14.2639 14.2788 14.2965 14.3166 14.3307 14.344  14.3606 14.3775 14.3912
 14.4039 14.4207 14.4372 14.4591 14.4752 14.4912 14.5087 14.5206 14.5398
 14.5721 14.5956 14.6127 14.6332 14.6496 14.665  14.6809 14.6947 14.7089
 14.7244 14.756  14.7742 14.7913 14.8071 14.8294 14.8435 14.8612 14.8807
 14.9034 14.9305 14.9607 14.9832 15.0149 15.032  15.0498 15.0669 15.0859
 15.1077 15.1217 15.1517 15.1748 15.2037 15.2204 15.234  15.2497 15.2648
 15.3014 15.3241 15.3409 15.3658 15.3953 15.4107 15.4523 15.4769 15.5009
 15.5234 15.5502 15.576  15.6455 15.6683 15.7049 15.7369 15.7727 15.7886
 15.822  15.8485 15.8776 15.9634 15.9957 16.1315 16.1626 16.1939
21.2793 22.0387 22.2089 22.2555 22.3579 22.3855 22.4148 22.4629 22.4911
 22.5119 22.5333 22.5578 22.5756 22.5973 22.6137 22.6393 22.6539 22.6666
 22.6805 22.696  22.7148 22.7341 22.7462 22.765  22.7812 22.7968 22.8091
 22.8285 22.8433 22.8588 22.8752 22.8889 22.9021 22.9137 22.9289 22.943
 22.9586 22.9757 22.9913 23.006  23.0183 23.0359 23.0538 23.0703 23.0866
 23.1068 23.1205 23.1427 23.1562 23.1707 23.1885 23.2033 23.2263 23.2469
 23.2606 23.2775 23.2939 23.3074 23.3222 23.3363 23.3519 23.3686 23.3819
 23.3948 23.4108 23.4311 23.4455 23.4575 23.4706 23.4825 23.4996 23.5197
 23.5386 23.5644 23.581  23.6035 23.619  23.6314 23.6464 23.6642 23.6793
 23.7094 23.7245 23.7476 23.7679 23.7895 23.8014 23.8175 23.8313 23.8496
 23.8651 23.8799 23.9017 23.9252 23.9456 23.9662 23.9873 24.01   24.0244
 24.0424 24.0637 24.0898 24.1107 24.1348 24.1524 24.171  24.1888 24.2049
 24.2196 24.25   24.2689 24.2833 24.2983 24.3166 24.3383 24.3597 24.3798
 24.3954 24.4147 24.4353 24.4556 24.4704 24.4879 24.5108 24.532  24.5484
 24.5671 24.5832 24.5986 24.6398 24.6657 24.6832 24.7045 24.7173 24.7387
 24.7642 24.7834 24.8167 24.862  24.8824 24.9148 24.9477 24.9843 25.0228
 25.0553 25.076  25.1692 25.1986 25.2363 25.2717 25.3038 25.5765
30.7443 31.221  31.4628 31.8197 31.8662 31.9436 32.0512 32.0781 32.1109
 32.1554 32.1945 32.215  32.2396 32.2794 32.3061 32.3368 32.3622 32.3836
 32.4015 32.436  32.4526 32.4666 32.483  32.4967 32.5096 32.5274 32.5401
 32.5545 32.5717 32.5861 32.6022 32.6158 32.6277 32.6417 32.6556 32.6697
 32.6826 32.695  32.7064 32.7174 32.7283 32.7417 32.7531 32.7637 32.7796
 32.7999 32.8154 32.8283 32.841  32.8523 32.8649 32.8757 32.8901 32.9024
 32.9158 32.9307 32.9432 32.9654 32.9817 32.9921 33.01   33.0264 33.0431
 33.0564 33.0722 33.0867 33.0993 33.1142 33.1305 33.148  33.1678 33.1837
 33.2062 33.2341 33.251  33.2673 33.2929 33.3062 33.3291 33.3649 33.3819
 33.3996 33.416  33.4355 33.4523 33.4681 33.4812 33.4986 33.5228 33.5368
 33.5496 33.5657 33.5941 33.6275 33.6559 33.6847 33.6979 33.7205 33.7667
 33.8052 33.8287 33.8514 33.8877 33.9264 33.9488 33.9765 34.0005 34.0209
 34.0488 34.0663 34.0919 34.1316 34.1541 34.1743 34.1987 34.2667 34.2888
 34.3123 34.3495 34.3818 34.4177 34.445  34.4882 34.533  34.5799 34.6604
 34.7497 34.9394 35.0194 36.324
40.7446 40.8061 40.8503 40.8857 40.9119 40.942  41.0399 41.0609 41.0789
 41.1137 41.1489 41.1749 41.2125 41.2374 41.2579 41.2806 41.2984 41.3152
 41.3362 41.3594 41.3825 41.4151 41.4366 41.4559 41.4814 41.4962 41.5099
 41.5234 41.5437 41.5582 41.5733 41.5881 41.6024 41.6184 41.6295 41.6419
 41.6549 41.6676 41.6853 41.6972 41.7318 41.7444 41.756  41.7697 41.783
 41.8027 41.8213 41.8395 41.8569 41.8709 41.885  41.9006 41.9144 41.9261
 41.9357 41.9526 41.9656 41.9779 41.994  42.0067 42.0182 42.0319 42.0447
 42.0585 42.0723 42.0842 42.0976 42.1104 42.127  42.1479 42.1606 42.1764
 42.1908 42.2065 42.2201 42.2323 42.2502 42.2625 42.2762 42.2892 42.3014
 42.3148 42.3265 42.339  42.3545 42.3702 42.3832 42.4011 42.4161 42.4323
 42.4484 42.4645 42.4797 42.5016 42.5237 42.5389 42.5577 42.5736 42.5986
 42.6131 42.6303 42.6531 42.6704 42.6888 42.7078 42.7278 42.7633 42.7832
 42.8029 42.8169 42.8323 42.8483 42.8671 42.8818 42.9012 42.9322 42.9451
 42.9605 42.973  42.9931 43.0154 43.0357 43.0593 43.0753 43.0922 43.1044
 43.1253 43.1413 43.166  43.181  43.193  43.2069 43.2281 43.2436 43.2554
 43.2698 43.2817 43.2995 43.3219 43.3343 43.3555 43.3724 43.3894 43.4066
 43.4238 43.4395 43.4564 43.4715 43.4882 43.5017 43.5223 43.5409 43.555
 43.5709 43.5863 43.6044 43.6271 43.6441 43.6628 43.683  43.6987 43.7188
 43.7402 43.7575 43.7831 43.8088 43.8556 43.8781 43.9161 43.9823 44.0091
 44.0345 44.0611 44.0939 44.1259 44.1747 44.2048 44.2579 49.4191 49.4855
 49.6986 49.7477 49.7824 49.8651 49.9769
50.0121 50.0419 50.0663 50.1025 50.1351 50.1514 50.1745 50.2075 50.2273
 50.2602 50.2976 50.3368 50.3593 50.379  50.4224 50.4442 50.4712 50.4877
 50.5144 50.5306 50.5482 50.5689 50.5836 50.6014 50.6175 50.6448 50.6597
 50.6778 50.7009 50.7358 50.7514 50.7768 50.7949 50.8118 50.8292 50.8488
 50.8645 50.8766 50.8896 50.9017 50.9199 50.9367 50.955  50.9708 50.9839
 51.0043 51.0212 51.0384 51.0739 51.098  51.1129 51.1528 51.173  51.1863
 51.2083 51.2229 51.2439 51.2669 51.282  51.3    51.3198 51.3349 51.3636
 51.4028 51.4275 51.4565 51.4812 51.5073 51.5371 51.5597 51.5808 51.6083
 51.6303 51.6449 51.6691 51.6868 51.7188 51.7443 51.8478 51.8661 51.9032
 51.926  51.9421 51.9545 52.0034 52.0338 52.0627 52.0898 52.1188 52.1844
 52.212  52.2387 52.26   52.2926 52.3378 52.4205 52.4581 52.4852 52.5074
 52.55   52.5744 52.6397 52.8789 57.4115 58.0531 58.2477 58.7173 58.864
 58.8877 58.911  58.9327 58.9506 58.9761 59.0212 59.0694 59.0915 59.1366
 59.1575 59.1815 59.2022 59.2355 59.2738 59.2992 59.3198 59.3399 59.3516
 59.3726 59.405  59.4187 59.4337 59.4541 59.4736 59.4996 59.5138 59.5274
 59.556  59.577  59.5923 59.6158 59.6272 59.6405 59.652  59.6646 59.6777
 59.6932 59.713  59.7329 59.7515 59.7697 59.7821 59.8047 59.8255 59.8419
 59.8584 59.8831 59.899  59.9125 59.9268 59.9387 59.9603 59.9775 59.9903
60.0046 60.0195 60.0402 60.0556 60.0751 60.0939 60.1127 60.1347 60.1578
 60.1717 60.1922 60.2125 60.2308 60.2505 60.2746 60.2987 60.3164 60.3431
 60.3601 60.3803 60.3962 60.4217 60.4436 60.4616 60.4806 60.4954 60.509
 60.5263 60.5421 60.5637 60.5835 60.6009 60.6199 60.6355 60.6612 60.6826
 60.7139 60.7331 60.7538 60.7768 60.7978 60.8169 60.8357 60.8778 60.9032
 60.938  60.9565 60.9778 61.0075 61.0326 61.0632 61.09   61.1221 61.1458
 61.1644 61.1852 61.2099 61.2259 61.2475 61.2835 61.3087 61.3425 61.3745
 61.3993 61.4207 61.4581 61.4822 61.4981 61.5427 61.5748 61.6152 61.6478
 61.6798 61.7207 61.7848 61.8207 62.0171 62.1172 67.0275 67.339  67.4625
 67.5825 67.833  67.9275 67.9804 67.9982 68.0843 68.1128 68.1418 68.1581
 68.175  68.2013 68.2282 68.2457 68.3011 68.3254 68.3659 68.3946 68.4346
 68.4538 68.4686 68.4843 68.4982 68.5109 68.543  68.5664 68.5913 68.6114
 68.6304 68.6493 68.6783 68.6958 68.708  68.7248 68.7386 68.7583 68.7781
 68.7955 68.8105 68.8269 68.8462 68.8568 68.8738 68.8945 68.9103 68.9457
 68.9612 68.9773 68.9945 69.012  69.0257 69.0451 69.0622 69.0823 69.103
 69.1168 69.1314 69.1485 69.163  69.1804 69.1939 69.2163 69.2394 69.2588
 69.2744 69.2925 69.3053 69.3239 69.3457 69.3599 69.3825 69.3965 69.4166
 69.4337 69.4575 69.4882 69.5018 69.5172 69.5381 69.5612 69.5895 69.6143
 69.6293 69.6443 69.6632 69.6777 69.7186 69.7473 69.7622 69.7901 69.809
 69.8292 69.8674 69.8888 69.9111 69.9326 69.9586 69.9815

