12.3407 12.7751 12.8618 13.0288 13.0511 13.0899 13.1417 13.313  13.3457
 13.3778 19.0832
21.7793 21.8299 21.9918 22.1323 22.4847 22.7059 22.7659
30.3459 31.4516 31.7976 31.8353 31.8561 31.9888 32.0418 32.2952 32.3235
 38.9167
40.2549 40.2898 40.5574 40.7424 40.7679 40.8322 41.1135 41.2053 41.2551
 41.2859 41.3174 41.3406 41.3804 49.0264 49.3648 49.412  49.4638 49.5492
50.0533 50.0947 50.1933 50.6099 57.731  57.9713 58.3228 58.4177 58.5356
 58.7288 58.9256 58.9915 59.0942 59.1513 59.168
66.3481 67.5049 67.5443 67.9758 68.1721 68.4757

