12.9079 12.9302 12.9736 13.0076 13.1087 13.1469 13.1766 13.2237 13.2579
 13.3009 13.3251 13.3449 13.3684 13.3963 13.4327 13.4775 13.5244 13.5405
 13.5555 13.575  13.5892 13.6067 13.6199 13.6386 13.6583 13.6727 13.6921
 13.7058 13.7203 13.7322 13.749  13.7616 13.7748 13.7904 13.8116 13.8296
 13.8436 13.854  13.869  13.8797 13.8932 13.9101 13.9238 13.9371 13.9516
 13.968  13.9785 13.9903 14.0015 14.0132 14.0258 14.0393 14.0511 14.0611
 14.074  14.0858 14.0959 14.1077 14.1184 14.1307 14.1417 14.1557 14.1684
 14.1787 14.1875 14.1991 14.2107 14.2227 14.2359 14.2465 14.2617 14.2743
 14.2896 14.3064 14.3225 14.3369 14.3466 14.3594 14.3706 14.3831 14.3957
 14.4103 14.4224 14.4357 14.4482 14.4605 14.4737 14.4856 14.502  14.5162
 14.5291 14.5417 14.5555 14.5756 14.588  14.6029 14.6155 14.6309 14.6426
 14.6543 14.6679 14.6819 14.6983 14.7128 14.7334 14.75   14.7609 14.7728
 14.7857 14.7985 14.8129 14.8294 14.8419 14.857  14.8697 14.8835 14.8969
 14.9161 14.9291 14.9467 14.9705 14.9837 15.0002 15.0179 15.0354 15.0505
 15.0641 15.0829 15.1032 15.122  15.1438 15.1783 15.196  15.2172 15.2445
 15.2733 15.2917 15.3163 15.3529 15.3819 15.4078 15.4319 15.4547 15.4828
 15.5134 15.5355 15.5767 15.6158 15.8499 15.9667
21.7625 21.9341 22.0408 22.2358 22.3416 22.4124 22.4859 22.5129 22.5354
 22.5537 22.5741 22.5965 22.6278 22.6456 22.661  22.6771 22.7093 22.7331
 22.7513 22.7737 22.7865 22.8025 22.8183 22.8312 22.8476 22.8745 22.9021
 22.9141 22.9362 22.9562 22.9708 22.9921 23.0081 23.0318 23.0515 23.0693
 23.0824 23.1015 23.1151 23.1297 23.142  23.1568 23.1689 23.1803 23.1931
 23.2134 23.2264 23.2384 23.2526 23.2687 23.2814 23.2937 23.3066 23.3193
 23.3336 23.3477 23.3617 23.3756 23.3929 23.4052 23.4175 23.4293 23.4421
 23.4524 23.4673 23.4781 23.4896 23.502  23.5149 23.5309 23.5449 23.5562
 23.5682 23.5804 23.5921 23.6038 23.6178 23.6282 23.6429 23.6568 23.6696
 23.6826 23.6933 23.7043 23.7163 23.7314 23.7428 23.7617 23.7782 23.7912
 23.8046 23.8169 23.8332 23.8531 23.8683 23.8883 23.902  23.9143 23.9286
 23.9425 23.9563 23.9702 23.9848 23.9968 24.0123 24.0246 24.0424 24.0589
 24.081  24.095  24.1128 24.1258 24.1386 24.1548 24.1738 24.1912 24.2106
 24.2291 24.2463 24.2692 24.287  24.3099 24.3356 24.3569 24.371  24.3897
 24.4188 24.4559 24.4801 24.5087 24.5265 24.5599 24.5938 24.6638 24.7131
 24.8328 24.9187 25.0585 25.4551
31.1552 31.6664 31.693  31.7448 31.926  31.981  32.0286 32.0745 32.1144
 32.1414 32.1668 32.2036 32.2437 32.2795 32.337  32.3708 32.3909 32.4038
 32.4256 32.4414 32.4646 32.4813 32.4996 32.5141 32.5269 32.541  32.5527
 32.5667 32.5865 32.6006 32.6191 32.6565 32.672  32.6934 32.7121 32.7268
 32.7478 32.7671 32.7819 32.7963 32.8123 32.8271 32.8394 32.8628 32.8858
 32.9009 32.915  32.9255 32.9376 32.9549 32.9743 32.9939 33.0102 33.0309
 33.0435 33.0564 33.0699 33.0838 33.0951 33.1075 33.1188 33.1336 33.1535
 33.1674 33.185  33.1976 33.2104 33.2267 33.2418 33.2583 33.269  33.2807
 33.2925 33.3071 33.3195 33.333  33.3516 33.3658 33.3872 33.4079 33.4195
 33.4319 33.4467 33.4641 33.4774 33.496  33.512  33.5261 33.5399 33.553
 33.5688 33.584  33.595  33.6072 33.6216 33.6379 33.6596 33.6782 33.6945
 33.7164 33.7331 33.753  33.769  33.7934 33.8075 33.8261 33.8446 33.8601
 33.8771 33.8943 33.9089 33.9319 33.9489 33.9727 33.9898 34.0094 34.0363
 34.0577 34.0852 34.1041 34.1228 34.1508 34.18   34.2158 34.2815 34.3102
 34.5518 34.5965 34.6568 38.1798
40.3676 40.816  40.9462 40.9675 41.0019 41.0206 41.0397 41.0738 41.102
 41.1387 41.1799 41.2033 41.2356 41.2636 41.2836 41.3281 41.3438 41.3598
 41.3766 41.3935 41.4073 41.425  41.4455 41.4629 41.4768 41.5005 41.5165
 41.5358 41.5484 41.5615 41.5795 41.5948 41.606  41.6248 41.6401 41.6636
 41.6783 41.6917 41.7052 41.7175 41.7288 41.7417 41.754  41.7667 41.779
 41.7933 41.8058 41.821  41.8331 41.844  41.8559 41.8685 41.8828 41.8935
 41.9042 41.9166 41.9287 41.9379 41.9478 41.9597 41.9711 41.9824 41.9921
 42.002  42.0137 42.023  42.0343 42.0443 42.0553 42.0651 42.0742 42.0838
 42.0942 42.1043 42.1164 42.1271 42.1387 42.1492 42.1636 42.1743 42.184
 42.1944 42.2043 42.2154 42.2252 42.2374 42.2484 42.2591 42.2696 42.2797
 42.2907 42.301  42.3149 42.3248 42.3336 42.3437 42.3548 42.3642 42.3749
 42.3846 42.3938 42.4051 42.4161 42.4255 42.4357 42.4454 42.4566 42.467
 42.478  42.4884 42.5018 42.5122 42.5232 42.5332 42.5448 42.5547 42.5646
 42.5742 42.5845 42.595  42.609  42.6214 42.6318 42.6435 42.6559 42.6665
 42.6782 42.6893 42.6997 42.7114 42.7212 42.7323 42.747  42.7588 42.7717
 42.7831 42.7964 42.808  42.8189 42.8295 42.841  42.8573 42.8716 42.8848
 42.8969 42.9102 42.9227 42.9347 42.9447 42.9551 42.9732 42.9875 43.0006
 43.0152 43.0299 43.0456 43.058  43.073  43.0881 43.0995 43.1133 43.1261
 43.15   43.1722 43.1905 43.2186 43.2388 43.2675 43.2923 43.3236 43.3448
 43.3653 43.399  43.4211 43.4934 43.5378 43.6719 43.7407 43.7684 48.6697
 49.2553 49.7329 49.7619 49.7906 49.8401 49.8682 49.8957 49.9204 49.9541
50.0555 50.1573 50.178  50.2125 50.2278 50.2458 50.2638 50.2868 50.3019
 50.3615 50.3973 50.4189 50.4358 50.4555 50.4733 50.4919 50.5099 50.5341
 50.5673 50.5825 50.6014 50.6198 50.6331 50.6472 50.668  50.6844 50.7067
 50.7304 50.7455 50.7664 50.7791 50.7927 50.8058 50.8186 50.8295 50.8419
 50.8539 50.8651 50.8785 50.8951 50.9071 50.9218 50.9382 50.9519 50.9701
 50.9875 51.0029 51.0182 51.0311 51.0514 51.0698 51.0873 51.109  51.1214
 51.1359 51.148  51.1623 51.1824 51.1974 51.2134 51.2356 51.2527 51.2749
 51.2888 51.3068 51.3257 51.3381 51.3523 51.3727 51.386  51.4005 51.4144
 51.4276 51.4418 51.4666 51.4876 51.5074 51.5395 51.5576 51.5713 51.5924
 51.6105 51.6289 51.6472 51.673  51.696  51.7251 51.7452 51.7583 51.7797
 51.7942 51.8267 51.8502 51.9682 52.0017 52.0355 52.1253 52.1746 52.2738
 52.3518 52.7847 58.0304 58.6775 58.8879 58.9113 58.9418 59.0503 59.0937
 59.1328 59.1555 59.1772 59.2095 59.2332 59.2516 59.2815 59.3208 59.3559
 59.3765 59.3925 59.4131 59.4279 59.4457 59.4667 59.4882 59.5051 59.5197
 59.5356 59.5491 59.5644 59.5811 59.5953 59.6055 59.6197 59.6326 59.6459
 59.6604 59.674  59.6919 59.705  59.7194 59.7352 59.7474 59.7584 59.7713
 59.7842 59.7965 59.8095 59.8231 59.8342 59.8498 59.8641 59.8777 59.892
 59.9083 59.9337 59.9508 59.9634 59.9737 59.9844 59.9979
60.0113 60.0247 60.0371 60.0498 60.0619 60.0735 60.0847 60.0964 60.115
 60.1314 60.1442 60.1556 60.1685 60.1804 60.1939 60.2072 60.219  60.2328
 60.2462 60.2593 60.2724 60.2844 60.2963 60.3135 60.3329 60.3497 60.3626
 60.3763 60.3903 60.4065 60.4195 60.4322 60.4448 60.4634 60.4778 60.4979
 60.5129 60.5278 60.541  60.5519 60.5653 60.5801 60.5947 60.6089 60.6221
 60.6364 60.6504 60.6724 60.6923 60.7054 60.7186 60.7331 60.7514 60.7659
 60.7822 60.808  60.8232 60.8361 60.8475 60.8686 60.8884 60.9201 60.9462
 60.9688 60.9834 61.0094 61.0457 61.0686 61.1069 61.1381 61.1839 61.2329
 61.2997 61.3992 68.0245 68.0906 68.1225 68.1689 68.1901 68.2487 68.2864
 68.3349 68.3546 68.3754 68.4033 68.4234 68.4562 68.4768 68.5051 68.5331
 68.5535 68.5761 68.5924 68.6098 68.6234 68.637  68.6498 68.6655 68.6813
 68.6945 68.7106 68.7295 68.7553 68.769  68.7852 68.7989 68.8192 68.8332
 68.851  68.8668 68.8875 68.901  68.9208 68.9323 68.9461 68.9622 68.9768
 68.9989 69.0132 69.0263 69.0404 69.0536 69.0706 69.086  69.1001 69.1111
 69.1298 69.1426 69.1555 69.1699 69.1824 69.1956 69.2099 69.2216 69.2368
 69.2509 69.2829 69.2977 69.3101 69.3242 69.3375 69.3508 69.3608 69.3725
 69.3828 69.3939 69.4072 69.4213 69.435  69.4454 69.4599 69.4706 69.4814
 69.4936 69.5054 69.5179 69.5317 69.5513 69.5811 69.6021 69.6149 69.6289
 69.6476 69.6667 69.6855 69.7052 69.7197 69.7331 69.7482 69.7644 69.7821
 69.7969 69.8203 69.8344 69.8672 69.8836 69.9058 69.9263 69.9488 69.9757

