12.1376 12.4023 12.4999 12.5452 12.6997 12.7738 12.8057 12.8276 12.9065
 12.9357 12.9522 12.9844 13.0163 13.0549 13.0897 13.1163 13.1331 13.1564
 13.1879 13.2107 13.236  13.2506 13.2753 13.2944 13.3101 13.3239 13.3379
 13.3493 13.3713 13.3859 13.4146 13.4279 13.4406 13.4527 13.4648 13.4817
 13.4998 13.5106 13.52   13.5317 13.5431 13.5544 13.5642 13.5751 13.5855
 13.5973 13.609  13.6192 13.6294 13.64   13.6516 13.6643 13.6749 13.6843
 13.6959 13.7076 13.721  13.731  13.7422 13.7536 13.7643 13.7732 13.7831
 13.7947 13.8053 13.8166 13.8267 13.8378 13.8472 13.8566 13.8677 13.8786
 13.8897 13.9005 13.9127 13.9237 13.9344 13.9463 13.9563 13.9658 13.976
 13.9853 13.9967 14.0054 14.0145 14.024  14.0355 14.0453 14.056  14.0671
 14.0768 14.0858 14.0952 14.1047 14.1147 14.1237 14.1348 14.145  14.1578
 14.1684 14.1785 14.1878 14.1968 14.2065 14.2166 14.2258 14.2347 14.2443
 14.2542 14.2646 14.2745 14.2838 14.2962 14.307  14.3174 14.3266 14.3364
 14.3448 14.3547 14.3656 14.3743 14.3835 14.3958 14.405  14.4155 14.427
 14.4367 14.4467 14.4561 14.4658 14.4749 14.4843 14.4937 14.5038 14.5131
 14.5236 14.5337 14.5444 14.5537 14.5632 14.574  14.5834 14.5941 14.6043
 14.6156 14.6268 14.637  14.6473 14.6629 14.6724 14.6832 14.6944 14.7038
 14.7153 14.727  14.7373 14.7506 14.7614 14.7711 14.7824 14.7948 14.8047
 14.8165 14.827  14.8404 14.8534 14.8666 14.8766 14.8876 14.9006 14.9122
 14.9223 14.9347 14.9484 14.9629 14.9761 14.9873 15.0008 15.0146 15.0281
 15.0411 15.06   15.0847 15.0987 15.1137 15.1299 15.1432 15.161  15.1785
 15.1985 15.2216 15.2394 15.2828 15.3033 15.326  15.3594 15.3856 15.4074
 15.4412 15.4772 15.6812 18.6036
20.9299 21.5948 21.6829 21.9175 21.9495 21.9734 22.046  22.0749 22.0995
 22.1469 22.1792 22.1954 22.2324 22.2666 22.2993 22.3342 22.3634 22.3896
 22.408  22.4315 22.4453 22.4613 22.4758 22.5031 22.5208 22.5479 22.5659
 22.5804 22.5923 22.6065 22.6207 22.6362 22.6495 22.6647 22.6778 22.6893
 22.7005 22.7224 22.7396 22.7525 22.7647 22.7784 22.7892 22.8032 22.8227
 22.8329 22.8437 22.8559 22.8662 22.8765 22.8872 22.8997 22.9092 22.9213
 22.932  22.9417 22.9515 22.9625 22.9731 22.9831 22.9942 23.0045 23.0139
 23.0236 23.0339 23.0452 23.0545 23.0658 23.075  23.0855 23.0959 23.1063
 23.1155 23.1248 23.1344 23.1443 23.1546 23.1643 23.1739 23.184  23.1937
 23.203  23.2129 23.2252 23.2352 23.2459 23.2554 23.265  23.2739 23.2835
 23.2938 23.3038 23.3135 23.3252 23.3351 23.3441 23.3542 23.3638 23.3748
 23.384  23.3937 23.4034 23.4143 23.424  23.4331 23.4417 23.4508 23.461
 23.4703 23.4806 23.491  23.5026 23.5146 23.5262 23.5359 23.5461 23.5571
 23.569  23.5791 23.588  23.5987 23.611  23.6233 23.6344 23.6455 23.6551
 23.6643 23.6746 23.6862 23.6979 23.7107 23.7222 23.7334 23.7437 23.7545
 23.7646 23.7772 23.7868 23.7972 23.8081 23.8178 23.83   23.8406 23.8517
 23.8625 23.8727 23.8821 23.894  23.9087 23.918  23.9284 23.9389 23.9497
 23.9597 23.9704 23.982  23.9969 24.01   24.0222 24.0352 24.0513 24.0614
 24.0737 24.0862 24.0977 24.1139 24.1284 24.1446 24.1595 24.1732 24.1895
 24.2062 24.2212 24.2355 24.2497 24.2692 24.2958 24.3185 24.3402 24.3578
 24.3917 24.4122 24.4404 24.4619 24.4863 24.5181 24.569  24.5867 24.6979
 24.774
31.1873 31.3196 31.5159 31.5598 31.5828 31.6134 31.6447 31.6681 31.7285
 31.7453 31.7847 31.8375 31.8529 31.8717 31.9015 31.9322 31.9563 31.9884
 32.0108 32.0322 32.0615 32.0799 32.0953 32.1066 32.1297 32.147  32.165
 32.1846 32.1999 32.2141 32.2362 32.2579 32.2741 32.2872 32.3026 32.3234
 32.3373 32.3583 32.3766 32.3913 32.4056 32.4206 32.4434 32.4573 32.4765
 32.4884 32.5029 32.5174 32.5271 32.5411 32.5513 32.5692 32.5802 32.5945
 32.6132 32.625  32.6354 32.6499 32.6629 32.6732 32.6844 32.6944 32.7059
 32.7159 32.7248 32.7352 32.7476 32.759  32.7687 32.778  32.7894 32.8005
 32.8093 32.8187 32.8313 32.8413 32.8504 32.8612 32.8705 32.8793 32.8895
 32.9002 32.9095 32.9188 32.9274 32.9369 32.9458 32.9574 32.9678 32.9816
 32.9935 33.0032 33.0146 33.025  33.0363 33.0475 33.0594 33.0699 33.0833
 33.0928 33.103  33.1132 33.1276 33.142  33.1543 33.1654 33.1789 33.1896
 33.1989 33.2111 33.2228 33.235  33.2479 33.2635 33.2731 33.2869 33.302
 33.3129 33.3277 33.3373 33.3489 33.3596 33.3739 33.3843 33.3979 33.4085
 33.4183 33.4286 33.4422 33.4571 33.4678 33.4796 33.4904 33.501  33.5114
 33.5231 33.5364 33.5484 33.5611 33.5741 33.5864 33.6007 33.6154 33.6329
 33.6485 33.6623 33.6785 33.6908 33.7047 33.7177 33.7326 33.7476 33.7592
 33.7736 33.7947 33.8156 33.8288 33.8481 33.8608 33.882  33.9004 33.9278
 33.9479 33.969  33.9948 34.0287 34.0469 34.0693 34.0981 34.1395 34.174
 34.2177 34.6968
40.4077 40.4529 40.5114 40.5478 40.7276 40.7558 40.8004 40.8289 40.8917
 40.9418 40.9685 40.9993 41.0289 41.0471 41.0674 41.0859 41.1142 41.1271
 41.1439 41.1618 41.1778 41.1888 41.2076 41.2299 41.257  41.2749 41.2931
 41.3108 41.327  41.3425 41.3564 41.3683 41.3797 41.3917 41.4035 41.4149
 41.4266 41.4399 41.4506 41.464  41.4764 41.4896 41.4993 41.5101 41.524
 41.5359 41.5464 41.5563 41.5664 41.577  41.5873 41.5967 41.6075 41.6179
 41.6271 41.6361 41.6465 41.6573 41.6668 41.6784 41.6888 41.6977 41.7071
 41.718  41.7275 41.7389 41.7499 41.7585 41.7676 41.7786 41.7907 41.8046
 41.8153 41.8267 41.8363 41.845  41.8543 41.8643 41.8731 41.883  41.891
 41.899  41.9089 41.9176 41.9272 41.9363 41.9462 41.9549 41.9652 41.9738
 41.9834 41.9913 41.9999 42.0089 42.0175 42.0266 42.0351 42.0442 42.0529
 42.0618 42.0704 42.0792 42.0901 42.0989 42.108  42.1159 42.1233 42.1319
 42.1423 42.1506 42.1588 42.1686 42.1777 42.1866 42.1954 42.2051 42.2141
 42.2238 42.2333 42.2425 42.2514 42.2603 42.2697 42.2791 42.2876 42.2961
 42.306  42.3146 42.323  42.3318 42.3406 42.3496 42.3603 42.3701 42.3798
 42.3901 42.4005 42.4107 42.4231 42.4312 42.4404 42.4496 42.4584 42.4681
 42.477  42.4854 42.4955 42.5045 42.5143 42.5238 42.5327 42.543  42.5515
 42.5611 42.5706 42.5812 42.5911 42.6017 42.6128 42.6242 42.6345 42.6441
 42.6526 42.6629 42.6717 42.6825 42.693  42.7016 42.7116 42.7221 42.7333
 42.7421 42.751  42.7606 42.7711 42.7807 42.7908 42.8008 42.8104 42.8204
 42.8293 42.8403 42.8519 42.8611 42.8713 42.8831 42.8942 42.9047 42.9152
 42.9254 42.9363 42.9479 42.959  42.9684 42.9789 42.9901 43.002  43.0137
 43.0244 43.035  43.0471 43.0618 43.0755 43.0872 43.1022 43.1183 43.1344
 43.1485 43.1625 43.1742 43.1893 43.208  43.2212 43.237  43.2611 43.2785
 43.2924 43.3111 43.3279 43.349  43.3737 43.4184 43.4403 43.4668 43.5269
 43.5724 49.4592 49.5013 49.5553 49.5836 49.6418 49.6854 49.7154 49.7499
 49.7801 49.7984 49.8388 49.8559 49.88   49.9007 49.922  49.9397 49.9664
 49.9968
50.0296 50.0449 50.0598 50.0847 50.1107 50.1313 50.1468 50.1683 50.1808
 50.199  50.2321 50.2543 50.2694 50.284  50.3026 50.3242 50.3409 50.3532
 50.3677 50.3814 50.3941 50.4057 50.4196 50.4389 50.4533 50.469  50.4853
 50.4987 50.512  50.5361 50.5488 50.5595 50.5729 50.584  50.5983 50.6117
 50.6281 50.6431 50.656  50.6709 50.6823 50.6958 50.708  50.7193 50.7311
 50.7416 50.7519 50.7666 50.7814 50.7927 50.8062 50.8172 50.8268 50.8356
 50.8459 50.8559 50.868  50.8801 50.8922 50.9029 50.9149 50.9307 50.9422
 50.9521 50.9654 50.9782 50.9898 51.0036 51.0159 51.0269 51.042  51.0589
 51.0731 51.0836 51.0967 51.108  51.1194 51.1332 51.145  51.1552 51.1649
 51.1749 51.1857 51.1967 51.2105 51.2211 51.2327 51.2459 51.2605 51.2725
 51.2836 51.297  51.3101 51.3212 51.3368 51.3487 51.3635 51.3768 51.3883
 51.4001 51.4117 51.4217 51.4355 51.4482 51.4673 51.4805 51.497  51.5078
 51.5181 51.5295 51.5475 51.5663 51.5789 51.5972 51.6097 51.627  51.6435
 51.6618 51.6813 51.6969 51.711  51.7352 51.7568 51.7741 51.8001 51.8245
 51.8396 51.8579 51.8723 51.8944 51.9147 51.9579 51.9974 52.0347 52.0645
 52.3394 58.0801 58.1377 58.1928 58.251  58.3933 58.5846 58.6309 58.6815
 58.729  58.8096 58.8258 58.8791 58.9152 58.9381 58.9683 59.0033 59.0243
 59.0444 59.0585 59.076  59.0912 59.1059 59.1244 59.1433 59.1765 59.1906
 59.2076 59.2408 59.2547 59.2707 59.2835 59.2965 59.3085 59.3195 59.3323
 59.3515 59.3666 59.391  59.4098 59.426  59.4398 59.4523 59.464  59.4749
 59.4857 59.4955 59.5061 59.525  59.5363 59.5459 59.5563 59.5676 59.5775
 59.588  59.5999 59.617  59.6297 59.6433 59.6559 59.6667 59.6757 59.6862
 59.6988 59.7092 59.7205 59.7321 59.7431 59.7519 59.7621 59.7735 59.7851
 59.7945 59.8041 59.8141 59.822  59.8326 59.8441 59.8568 59.8665 59.8783
 59.8886 59.8998 59.9123 59.9222 59.9331 59.9454 59.9562 59.9666 59.9785
 59.9901 59.9983
60.0089 60.0198 60.0301 60.0435 60.0565 60.0684 60.0787 60.0891 60.0982
 60.1072 60.1158 60.126  60.1366 60.1477 60.1591 60.1682 60.182  60.194
 60.2035 60.2144 60.2266 60.2399 60.2503 60.2609 60.2717 60.2827 60.2936
 60.3029 60.3124 60.3214 60.3309 60.3409 60.3527 60.3642 60.3762 60.3904
 60.4034 60.414  60.4258 60.4397 60.4506 60.4616 60.4741 60.4884 60.4995
 60.5099 60.5215 60.5346 60.5467 60.5617 60.5773 60.5879 60.6006 60.6122
 60.6228 60.6363 60.6506 60.6625 60.6746 60.6862 60.7015 60.7169 60.732
 60.744  60.7553 60.767  60.7818 60.8056 60.8269 60.8478 60.8684 60.8824
 60.9009 60.9131 60.9255 60.9416 60.9662 60.9933 61.0224 61.0608 61.0986
 61.1338 61.2955 67.3298 67.544  67.6339 67.6776 67.74   67.8185 67.8522
 67.8889 67.9151 67.9522 67.97   67.9956 68.0278 68.0471 68.0677 68.0874
 68.1199 68.1489 68.1692 68.188  68.2232 68.2392 68.2733 68.2941 68.3077
 68.3291 68.3438 68.3617 68.3747 68.3929 68.4194 68.4312 68.4436 68.4552
 68.4663 68.4805 68.4956 68.5086 68.5275 68.5436 68.5561 68.5666 68.578
 68.5889 68.6042 68.6173 68.6288 68.6452 68.6579 68.6699 68.6829 68.6994
 68.7167 68.7315 68.7459 68.7563 68.769  68.7786 68.7906 68.8009 68.8104
 68.8231 68.836  68.8464 68.8563 68.8689 68.8833 68.8959 68.9104 68.9235
 68.9351 68.9495 68.9624 68.9737 68.9872 68.9991 69.0087 69.0202 69.0323
 69.045  69.0571 69.067  69.0789 69.0899 69.1018 69.1157 69.1258 69.1362
 69.148  69.1591 69.1695 69.1792 69.1895 69.2016 69.2132 69.2234 69.2339
 69.2453 69.257  69.2686 69.2811 69.2935 69.3086 69.3249 69.3366 69.3466
 69.3582 69.3683 69.3803 69.3903 69.402  69.417  69.4305 69.4424 69.4539
 69.4655 69.476  69.4871 69.4995 69.5119 69.5261 69.5401 69.5576 69.5707
 69.5869 69.6014 69.6156 69.6271 69.6399 69.6535 69.6687 69.6792 69.6912
 69.703  69.716  69.7288 69.7409 69.7557 69.7695 69.7908 69.8073 69.8203
 69.8331 69.8472 69.8628 69.8836 69.9026 69.921  69.9409 69.9591 69.9826
 69.9986

