12.0983 13.7136 14.1087 14.2309 14.3898 14.4286 14.577  14.6306 14.6781
 14.7362 14.8088 14.8623 14.8966 14.9261 14.9582 15.0105 15.0317 15.0763
 15.1049 15.131  15.1885 15.2351 15.2619 15.3033 15.3312 15.3605 15.4195
 15.4926 15.5254 15.5588 15.6918 15.7396 15.7694 15.8749 15.9206 16.1865
 16.2809 16.5423
21.616  22.3649 22.493  22.7157 22.7888 22.8428 22.9153 22.9665 22.9855
 23.0065 23.0583 23.0803 23.1087 23.1542 23.1786 23.2081 23.2234 23.2616
 23.2799 23.3026 23.3164 23.3333 23.347  23.37   23.3865 23.4081 23.4247
 23.4457 23.4667 23.4825 23.5116 23.5293 23.5434 23.5569 23.5707 23.5867
 23.5992 23.6194 23.638  23.6512 23.6641 23.68   23.694  23.7082 23.7194
 23.7318 23.7477 23.7669 23.7817 23.7973 23.8172 23.8314 23.8437 23.8604
 23.8748 23.8884 23.9036 23.9176 23.9294 23.9443 23.9664 23.9832 23.9963
 24.0144 24.0273 24.0381 24.0523 24.0677 24.0814 24.0979 24.1089 24.1251
 24.1399 24.1521 24.1672 24.1774 24.1919 24.2078 24.2216 24.2424 24.2578
 24.2782 24.2944 24.3146 24.3448 24.3631 24.3876 24.4086 24.424  24.4506
 24.4686 24.4857 24.502  24.5258 24.5504 24.5726 24.5934 24.6144 24.6414
 24.6726 24.695  24.7205 24.7525 24.7723 24.7988 24.8141 24.8443 24.8787
 24.9017 24.9503 24.9789 25.0226 25.0767 25.1474 25.2869 25.4339
31.2463 31.5378 31.6657 32.1587 32.2004 32.225  32.2723 32.3281 32.366
 32.4641 32.5151 32.5401 32.5691 32.6896 32.7064 32.7203 32.7439 32.7674
 32.8007 32.8249 32.8408 32.8772 32.8938 32.9164 32.9338 32.9475 32.9837
 33.0143 33.0339 33.0513 33.0637 33.0837 33.102  33.1181 33.1316 33.145
 33.1584 33.1751 33.1904 33.2041 33.217  33.2309 33.2468 33.2652 33.2827
 33.2968 33.315  33.3313 33.3479 33.3592 33.374  33.3954 33.4121 33.4264
 33.4402 33.4563 33.4762 33.4925 33.5119 33.5256 33.5402 33.5591 33.5753
 33.5924 33.6102 33.6285 33.6435 33.6567 33.6749 33.6955 33.7106 33.7245
 33.7392 33.7598 33.7748 33.7976 33.814  33.8415 33.8554 33.8696 33.8915
 33.9154 33.9425 33.9587 33.9757 33.9909 34.0242 34.0406 34.0671 34.0944
 34.1316 34.1565 34.1765 34.2006 34.2208 34.2474 34.2891 34.3125 34.3499
 34.3865 34.4125 34.475  34.5038 34.5361 34.6428 34.7308 34.8016 35.0457
 39.9129
41.0018 41.3863 41.5564 41.8233 41.8649 41.8838 41.9821 42.0183 42.0431
 42.0663 42.0877 42.1739 42.2187 42.25   42.2739 42.2889 42.3148 42.3441
 42.3712 42.3855 42.4004 42.4194 42.4392 42.4616 42.4868 42.5025 42.5186
 42.5372 42.5523 42.5829 42.6018 42.619  42.6404 42.6564 42.6688 42.6807
 42.7012 42.7198 42.7386 42.7535 42.7696 42.7844 42.7977 42.8143 42.8305
 42.8443 42.861  42.8809 42.8969 42.9156 42.9287 42.9464 42.9625 42.9778
 42.9893 43.0048 43.0219 43.0356 43.0516 43.0644 43.0896 43.1074 43.1253
 43.1395 43.163  43.1848 43.2039 43.2271 43.2438 43.2594 43.2809 43.3129
 43.3272 43.3551 43.3822 43.4038 43.4314 43.4549 43.4912 43.5235 43.5538
 43.5736 43.6334 43.663  43.6984 43.7999 43.8532 44.3493 44.4038 48.1017
50.6873 51.0903 51.1629 51.3424 51.3694 51.4023 51.436  51.4834 51.5159
 51.5698 51.6307 51.6717 51.7788 51.8269 51.8979 51.9174 51.943  51.9645
 52.0006 52.0586 52.0962 52.1193 52.1355 52.1749 52.2253 52.2808 52.3213
 52.3568 52.4538 52.5308 52.5685 52.6027 52.6289 52.7136 59.5484 59.9673
60.0086 60.0918 60.1751 60.2251 60.2584 60.3072 60.3411 60.3789 60.4319
 60.46   60.4769 60.5043 60.5419 60.5673 60.5965 60.6369 60.6671 60.6886
 60.7042 60.7263 60.7486 60.7989 60.819  60.8385 60.8548 60.8683 60.881
 60.9039 60.9233 60.9515 60.9785 60.9968 61.012  61.0394 61.0666 61.1407
 61.1611 61.2035 61.2785 61.3834 61.4141 61.4366 61.4534 61.506  61.5538
 61.6393 61.8076 61.8573 62.0057 67.3317 67.8925 67.9876 68.0769 68.4315
 68.6434 68.6724 68.7721 68.8217 68.8486 68.8804 68.9098 68.9344 68.9887
 69.0358 69.0828 69.1077 69.1642 69.1822 69.2014 69.2198 69.2447 69.2586
 69.2778 69.3044 69.3193 69.3354 69.3567 69.3716 69.3853 69.4048 69.4189
 69.4364 69.4522 69.4741 69.4883 69.5094 69.5309 69.553  69.5777 69.5941
 69.6141 69.6242 69.6391 69.6543 69.6691 69.6839 69.7054 69.722  69.7441
 69.7622 69.7767 69.7916 69.8046 69.8238 69.8361 69.8508 69.8646 69.8809
 69.899  69.9183 69.9328 69.9505 69.9677 69.9864

