11.5561 12.9599 13.4184 13.7117 14.206
22.1136 22.1342 22.1869 22.2628 22.2937 22.3385 22.3752 22.4395 22.54
 22.573  22.5978 22.6295 22.6649 22.6912 22.8419 22.8803 22.9966 23.0916
 23.2297
30.6645 31.3918 31.5191 31.8061 31.8341 31.8708 32.0071 32.0294 32.2066
 32.2574 32.2908 32.3164 32.3498 32.5648
40.9579 41.0218 41.2748 41.4449 41.7149 41.7557 49.6599
51.2448 51.3057 56.3813 58.7056 59.1148 59.4326 59.4761 59.7148 59.7844
 59.8115 59.9168
60.376  66.2223 67.1061 67.5474 68.2739 68.3946 68.5329 68.6531 68.8972
 69.0198

