12.3918 13.1263 13.2716 13.3532 13.3957 13.8106 13.9207 14.0786 14.108
 14.1353 14.1598 14.1826 14.2462 14.2747 14.3051 14.3331 14.3557 14.4277
 14.441  14.4729 14.5353 14.5518 14.6274 14.6486 14.6909 14.7129 14.7354
 14.7583 14.7917 14.9192 15.0692
20.8761 21.2548 22.184  22.3127 22.3489 22.3818 22.4114 22.4547 22.487
 22.5174 22.5315 22.5492 22.5668 22.6099 22.637  22.6576 22.6702 22.686
 22.7052 22.7185 22.7325 22.7542 22.7765 22.7916 22.8204 22.8347 22.8503
 22.8727 22.9021 22.9214 22.9336 22.9444 22.9579 22.9722 22.9868 23.0008
 23.0146 23.0247 23.0363 23.0487 23.0611 23.0834 23.1013 23.1146 23.1274
 23.1383 23.1512 23.1646 23.1793 23.1902 23.2041 23.2143 23.228  23.2418
 23.2534 23.2699 23.2809 23.2946 23.3053 23.3151 23.3267 23.3431 23.3629
 23.3782 23.3933 23.408  23.4202 23.4291 23.4432 23.4524 23.4635 23.4732
 23.4915 23.505  23.514  23.5277 23.5455 23.5608 23.5813 23.601  23.6158
 23.6309 23.6666 23.7052 23.8029
31.0788 31.3793 31.6496 31.8146 31.878  31.9007 31.938  31.9728 31.9886
 32.0042 32.0356 32.0632 32.0891 32.1129 32.1356 32.1653 32.1889 32.2188
 32.237  32.2727 32.2981 32.3185 32.3363 32.3495 32.3654 32.3865 32.4115
 32.4363 32.4505 32.4722 32.4883 32.504  32.5173 32.5508 32.5685 32.5945
 32.606  32.6193 32.6319 32.6457 32.6597 32.6744 32.6961 32.7054 32.7159
 32.7291 32.7407 32.7588 32.7717 32.7864 32.8023 32.819  32.8395 32.8563
 32.8695 32.8885 32.9087 32.9262 32.9425 32.9719 32.9859 33.0045 33.0168
 33.0303 33.0446 33.06   33.0814 33.0967 33.1203 33.1296 33.1419 33.1613
 33.1782 33.1911 33.2652
40.6799 40.7467 40.9587 40.9896 41.1652 41.2877 41.3508 41.3933 41.5204
 41.5605 41.6155 41.6428 41.6787 41.7114 41.7396 41.7588 41.7739 41.7975
 41.8186 41.8411 41.8547 41.8722 41.8886 41.9342 41.9469 41.9797 41.9942
 42.0114 42.0225 42.0567 42.0734 42.1025 42.1149 42.1316 42.1482 42.1612
 42.1919 42.215  42.2268 42.2416 42.2545 42.2778 42.3343 42.3593 42.3733
 42.3899 42.4251 42.4498 42.4714 42.508  42.5511 42.6208 42.7067 42.7521
 46.7127 49.5593 49.8264
50.5884 50.7059 50.8504 51.0318 51.0763 51.1425 51.3336 51.5396 58.4384
 58.7046 58.873  59.0765 59.1709 59.223  59.4058 59.5379 59.599  59.65
 59.6955 59.7217 59.7409 59.778  59.8221 59.8458 59.8806 59.9052 59.9312
 59.9557 59.9702
60.0077 60.0594 60.1012 60.1236 60.1546 60.1764 60.198  60.2408 60.2769
 60.2945 60.34   60.3753 60.4032 60.4365 60.4727 60.5941 60.6349 67.8311
 67.8815 67.9518 68.0066 68.0831 68.3425 68.363  68.3815 68.4071 68.4455
 68.4674 68.4952 68.5184 68.5617 68.6021 68.6428 68.6557 68.6829 68.6963
 68.7133 68.7402 68.7654 68.7868 68.808  68.8367 68.8526 68.8665 68.8816
 68.8949 68.9083 68.9266 68.9397 68.9527 68.9671 68.9802 68.9909 69.0056
 69.0216 69.0354 69.065  69.1124 69.1282 69.1449 69.1609 69.1762 69.1904
 69.203  69.2147 69.2294 69.2467 69.2569 69.2676 69.2778 69.2976 69.322
 69.3495 69.3634 69.3779 69.3929 69.4108 69.4294 69.4518 69.4878

