13.4393 13.7188 13.9157 13.964  14.1614 14.2519 14.4016 14.4534 14.5064
 14.5245 14.5628 14.6141 14.7162 14.7735 14.8294 14.8496 14.8783 14.9128
 15.0148 15.0334 15.0632 15.0958 15.1425 15.1578 15.1802 15.2198 15.2575
 15.279  15.3125 15.3292 15.3617 15.3794 15.4017 15.4951 15.53   15.569
 15.5981 15.6802 15.7158 15.9326 15.994  16.0898 16.2497 16.3219
20.5777 22.3858 22.5251 22.5929 22.62   22.6594 22.7061 22.7542 22.7814
 22.8254 22.8478 22.8825 22.9533 22.9731 23.0099 23.0266 23.0544 23.0736
 23.0895 23.1063 23.1317 23.1527 23.1714 23.1869 23.2013 23.2156 23.2305
 23.2434 23.2607 23.2738 23.2861 23.3018 23.3191 23.3331 23.3449 23.3578
 23.3735 23.384  23.3982 23.4126 23.4273 23.4405 23.4549 23.4649 23.4764
 23.4904 23.5086 23.5265 23.5446 23.5547 23.5649 23.5766 23.5941 23.6062
 23.6174 23.6291 23.6446 23.6599 23.6726 23.6823 23.6936 23.7069 23.7206
 23.7355 23.7453 23.7604 23.7742 23.7869 23.7992 23.8122 23.8261 23.8374
 23.8481 23.8615 23.8721 23.884  23.8956 23.9068 23.9213 23.9319 23.9435
 23.954  23.9648 23.9762 23.9864 23.9962 24.0081 24.0211 24.0333 24.0446
 24.0571 24.0684 24.0783 24.0904 24.1025 24.1152 24.1293 24.1399 24.1515
 24.1627 24.1737 24.1855 24.1971 24.2088 24.2192 24.2299 24.2427 24.2547
 24.266  24.2789 24.2915 24.3068 24.3191 24.3313 24.3444 24.3554 24.368
 24.3789 24.3897 24.4011 24.413  24.425  24.4383 24.4548 24.4653 24.4849
 24.5035 24.5205 24.5337 24.5462 24.5615 24.5749 24.5876 24.6053 24.6215
 24.6352 24.6537 24.6719 24.6918 24.7095 24.7356 24.7518 24.7868 24.8068
 24.8326 24.8659 24.8905 24.9365 25.0009 25.03   25.7277
30.1708 31.4222 32.1187 32.152  32.1735 32.3167 32.3868 32.4309 32.4572
 32.4786 32.5004 32.5572 32.5832 32.5978 32.6216 32.6437 32.6645 32.6823
 32.6969 32.7179 32.7386 32.7539 32.771  32.7984 32.8168 32.832  32.8642
 32.881  32.8968 32.9142 32.932  32.9455 32.9613 32.976  32.9869 32.9992
 33.0115 33.0233 33.0365 33.0507 33.0661 33.0797 33.0944 33.1077 33.1284
 33.1419 33.1546 33.1711 33.1843 33.1961 33.209  33.2201 33.2318 33.2428
 33.2562 33.2667 33.2777 33.2895 33.3031 33.3168 33.3297 33.3431 33.3589
 33.3713 33.381  33.3927 33.4027 33.4141 33.4255 33.4359 33.4477 33.4573
 33.4668 33.4782 33.4885 33.5025 33.5141 33.5287 33.5427 33.5545 33.5685
 33.5785 33.5891 33.5998 33.612  33.6239 33.6359 33.6486 33.6648 33.675
 33.6884 33.7004 33.7122 33.7226 33.7343 33.748  33.7603 33.774  33.7844
 33.796  33.807  33.8194 33.8345 33.8505 33.8652 33.8819 33.9006 33.9119
 33.9274 33.9407 33.9549 33.9683 33.9804 33.9919 34.0067 34.0196 34.0352
 34.0508 34.0635 34.0764 34.0908 34.1079 34.1203 34.1344 34.1516 34.1704
 34.1974 34.2157 34.2387 34.2734 34.2933 34.3212 34.3774 34.4033 34.4506
 34.4737 37.4637
40.5911 41.4784 41.6015 41.6826 41.7049 41.7346 41.8114 41.8509 41.8935
 41.9867 42.0134 42.0437 42.0632 42.0927 42.1244 42.1497 42.1778 42.1985
 42.2258 42.2649 42.2917 42.3172 42.3353 42.3568 42.3873 42.4133 42.4317
 42.4481 42.4604 42.4725 42.4909 42.5107 42.5261 42.5399 42.5545 42.5785
 42.5963 42.6121 42.6307 42.6602 42.6708 42.6819 42.6948 42.7117 42.7257
 42.7378 42.7496 42.7641 42.7819 42.7984 42.8185 42.831  42.8464 42.8605
 42.8707 42.8854 42.9004 42.9134 42.9265 42.9458 42.9615 42.9754 42.9895
 43.0018 43.0155 43.0274 43.0403 43.0551 43.0674 43.0804 43.0927 43.1088
 43.1274 43.1415 43.1547 43.1726 43.1863 43.1979 43.2125 43.2256 43.241
 43.2567 43.2699 43.285  43.3025 43.32   43.3345 43.3497 43.3662 43.3794
 43.3976 43.415  43.4385 43.4536 43.4698 43.4955 43.5189 43.5441 43.5749
 43.5896 43.6099 43.6718 43.7001 43.7343 43.7592 43.8333 43.8741 43.9706
 49.9843
50.2328 50.4887 50.8132 51.1246 51.1835 51.2186 51.2397 51.2773 51.431
 51.4538 51.5232 51.6243 51.6967 51.7561 51.8074 51.8335 51.8707 51.9074
 51.9318 51.9543 51.9926 52.0099 52.0322 52.1066 52.144  52.17   52.2051
 52.2248 52.2452 52.2653 52.3161 52.3344 52.3565 52.3829 52.4082 52.4462
 52.4714 52.5158 52.5974 52.621  52.6519 52.6706 52.7458 52.8289 52.8605
 52.9028 52.9515 57.7932 59.6514 59.6805 59.8299 59.851  59.8707 59.9674
60.0019 60.0553 60.0907 60.1826 60.2047 60.2257 60.2689 60.3197 60.3403
 60.3733 60.4006 60.4178 60.4392 60.4757 60.4961 60.5149 60.552  60.5809
 60.6001 60.6203 60.6424 60.6588 60.6768 60.7039 60.7273 60.7408 60.7531
 60.7696 60.7863 60.8058 60.832  60.8472 60.8831 60.9093 60.9264 60.9473
 60.9772 60.9919 61.0233 61.0501 61.0811 61.0955 61.1131 61.1465 61.1733
 61.1906 61.2157 61.2496 61.2673 61.2889 61.3103 61.3434 61.3955 61.4183
 61.4473 61.4667 61.4865 61.5016 61.535  61.5891 61.6356 61.6689 61.7004
 61.7319 61.7581 61.8278 61.8781 66.6259 67.0713 68.0215 68.228  68.4649
 68.5229 68.5866 68.7206 68.7424 68.7597 68.7856 68.8057 68.8371 68.8612
 68.8796 68.9099 68.9597 68.9729 69.0016 69.0504 69.0734 69.0984 69.1438
 69.1559 69.1751 69.1924 69.2094 69.2304 69.2542 69.2724 69.288  69.3047
 69.3233 69.343  69.3654 69.3812 69.3958 69.4126 69.4288 69.4579 69.4713
 69.484  69.4986 69.5127 69.5347 69.5516 69.5629 69.5794 69.5966 69.6139
 69.6279 69.642  69.6617 69.6738 69.6907 69.7036 69.7166 69.7298 69.7434
 69.7584 69.7717 69.7916 69.8019 69.8146 69.8265 69.8404 69.8566 69.8719
 69.8856 69.904  69.9161 69.9298 69.9419 69.952  69.9657 69.9777

