12.6135 14.7714 15.0009 15.034  15.0868
21.9156 22.5072 22.8389 22.9397 22.9754 23.0512 23.1609 23.2339 23.2548
 23.2887 23.3167 23.3429 23.3727 23.3952 23.4093 23.4291 23.4518 23.4724
 23.4887 23.5103 23.5308 23.5863 23.6079 23.6342 23.7189 23.7327 23.7855
 23.8192 23.8399 23.8625 23.8787 23.9308 23.9663 23.9875 24.0059 24.0251
 24.06   24.0895 24.172
32.4325 32.5443 32.577  32.6016 32.6753 32.7057 32.7925 32.8472 32.927
 33.0131 33.0471 33.0706 33.1074 33.1365 33.1513 33.1763 33.1894 33.2123
 33.2242 33.2589 33.2732 33.2888 33.3319 33.3515 33.3781 33.4073 33.4277
 33.4516 33.4657 33.4969 33.5296 33.5562 33.5876 33.6369 33.6644 33.6927
 33.7245 33.7432 33.7827 39.9751
40.4544 42.0179 42.0775 42.3201 42.4807 42.5091 42.6689 42.706
50.7722 51.0245 51.1149 51.2528 51.3227 51.3754 51.4974 51.5144 51.5926
 51.6149 51.8563 59.6027 59.7048 59.7505 59.9351 59.9556
60.0202 60.0647 60.1333 60.1563 60.1952 60.2244 60.291  60.3067 60.3864
 60.4455 60.4653 60.5078 60.5364 60.6444 60.7218 68.4178 68.7905 68.958
 68.9797 69.0356 69.0914 69.2679 69.3578 69.4178 69.4535 69.5555 69.5763
 69.6678 69.7377 69.7908

