11.6366 13.1069 13.7817 13.8455 14.33   14.4122 15.17   15.2625
20.5104 21.2807 21.4938 21.8725 22.4215 22.4995 22.6723 22.7524 22.7869
 22.8732 22.9087 22.9357 22.9541 22.9754 22.99   23.045  23.0676 23.0926
 23.1283 23.1608 23.185  23.2247 23.2384 23.2558 23.2722 23.2874 23.3228
 23.3385 23.3663 23.3855 23.4023 23.421  23.4333 23.4456 23.4631 23.4743
 23.4889 23.5057 23.5267 23.5514 23.5642 23.5836 23.609  23.6259 23.6658
 23.6994 23.7211 23.7342 23.7514 23.7647 23.7774 23.7947 23.8147 23.8317
 23.8468 23.8581 23.8978 23.9321 23.9823 24.1776
30.9808 31.4758 31.5656 31.6771 31.6966 31.8727 31.9668 32.0902 32.3184
 32.3465 32.3781 32.4348 32.5008 32.5511 32.5831 32.6024 32.6595 32.6732
 32.6926 32.7164 32.7296 32.7563 32.7779 32.801  32.8174 32.8388 32.8628
 32.8792 32.894  32.9168 32.9432 32.961  32.9811 33.0058 33.0188 33.0468
 33.0635 33.0909 33.1067 33.1228 33.1377 33.154  33.1981 33.2114 33.2263
 33.2399 33.2535 33.275  33.2874 33.3005 33.3113 33.3262 33.3457 33.3601
 33.3703 33.3851 33.4001 33.4141 33.4313 33.4515 33.4814 33.4967 33.52
 33.5498 33.6014 33.6532 33.6965 33.7476 33.821
40.3593 41.3687 41.6156 41.7181 41.7879 41.9307 42.0015 42.045  42.1068
 42.1263 42.4418 42.5308 42.7931 42.815  42.842  42.9574 42.9896 46.0551
 49.7316 49.7606
50.6199 50.6541 50.8717 50.9933 51.1318 51.2712 51.333  51.3692 51.5106
 51.636  51.9266 51.9763 52.0276 52.1392 52.1945 58.8383 59.212  59.3166
 59.3528 59.3888 59.5476 59.5865 59.6049 59.6278 59.6596 59.6897 59.7194
 59.7535 59.7925 59.8393 59.9228 59.9575
60.0007 60.2913 60.3418 60.3664 60.3922 60.4226 60.4595 60.496  60.5206
 60.8009 66.3469 67.1115 67.1613 68.7124 68.8007 68.9125 68.959  68.9857
 69.1716 69.2016 69.261  69.2845 69.3059 69.3227 69.343  69.3895 69.4421
 69.4837 69.5108 69.5524 69.662  69.7292 69.7662 69.8156 69.8419

