13.3133 14.0405 14.2017 14.4469 14.5697 15.0152 15.046
22.1099 22.4787 22.5056 22.5657 22.8837 22.915  22.9499 22.979  23.0667
 23.1295 23.1465 23.1984 23.2368 23.2814 23.3135 23.4028 23.4855 23.5127
 23.7571
31.753  31.9579 32.0946 32.3285 32.4174 32.4524 32.5    32.5212 32.5491
 32.5707 32.6296 32.6714 32.7234 32.7592 32.8144 32.8444 32.8611 32.8815
 32.9014 32.9529 32.9741 33.0056 33.0513 33.1296 33.1494 33.1701
40.8358 41.4141 41.4905 41.7907 41.871  42.0317 42.5986 48.5697 49.5979
50.0232 50.7093 50.7938 50.9875 51.3051 58.6633 59.2243 59.2968 59.4782
 59.6727 59.7017 59.7427
60.1316 60.1939 60.2214 60.3873 60.4598 68.1546 68.5254 68.7253 68.8226
 68.9169 68.9574 69.0077 69.0871 69.1582 69.1939 69.6021 69.6174

