13.9318 13.9627 14.1495 14.1676 14.2447 14.3354 14.4455 14.4733 14.5046
 14.6995 14.7201 14.7429 14.7675 14.7817 14.8756
22.0676 22.7027 22.7371 22.9777 23.2929 23.4139 23.4383 23.5444 23.6805
 23.9061 29.7978
31.6241 32.0225 32.0841 32.6355 32.6647 32.7249 32.8227 33.1259 33.3564
 33.4302 33.485  33.6487
40.7179 41.6356 41.9421 41.9856 42.2928 42.4528 42.6468 42.6763 42.7262
 42.7582 42.9603 43.0469
50.3935 50.8015 50.8555 50.9209 51.0304 51.1123 51.2034 51.6492 51.6985
 51.7157 51.8154 51.8525 51.9229 51.9849 52.0523 52.3027 59.8399
60.1725 60.4243 60.7415 61.3977 61.5479 67.8331 68.4416 69.3115 69.4797
 69.512  69.5479 69.5622 69.6138 69.703  69.7818 69.8743 69.9199 69.9738

