13.1001 13.3128 13.6199 13.9363 13.9762 13.9959 14.0664 14.1711 14.2006
 14.2226 14.2581 14.3284 14.5243 14.6246 14.7004 15.0163
21.3374 22.1851 22.9554 22.9907 23.2257 23.3096 23.3988 23.439  23.5614
 23.5877 23.6639 23.7754
30.7045 31.9601 32.4621 32.4849 32.5257 32.6216 32.8096 32.8292 33.0146
 33.0822 33.1859 33.3246 33.3584 33.4175 33.4438 33.4714
40.6407 40.7194 41.4116 41.7334 41.8739 42.0357 42.1614 42.1894 42.3273
 42.5874 42.6582 42.7132 42.909
50.5416 50.7007 50.7225 50.7547 50.7843 51.0873 51.1477 51.1788 51.2552
 51.2708 51.3699 51.5348 51.5607 51.5786 51.61   51.6398 51.7081 51.7307
 51.7506 51.7689 51.7859 51.8303 51.8984 59.3203
60.3751 60.5792 60.6359 60.7574 61.1399 61.3965 69.0115 69.2785 69.3418
 69.4169 69.7886

