13.685  13.7809 14.0335 14.1183 14.2106 14.3297 14.3631 14.3944 14.4436
 14.4985 14.5291 14.5463 14.5748 14.5936 14.6564 14.6703 14.7115 14.7395
 14.7501 14.7659 14.7974 14.8278 14.8406 14.8777 14.8946 14.914  14.9396
 14.9502 14.966  15.0038 15.0517 15.0711 15.0835 15.0995 15.117  15.1377
 15.1672 15.1879 15.2006 15.2153 15.2279 15.2508 15.2656
22.8514 23.0954 23.2514 23.3006 23.4444 23.4822 23.5187 23.5965 23.6157
 23.6418 23.6701 23.7275 23.8042 23.8285 23.8463 23.8607 23.9181 23.9446
 23.9913 24.0142 24.0269 24.0853 24.1219 24.1342 24.1464 24.1663 24.1971
 24.2233 24.2371 24.2497 24.2895 24.3117 24.3368 24.3525 24.3678 24.3931
 24.4247 24.442  24.4595 24.4724 24.5006
32.2712 32.347  32.6913 32.7347 32.7829 32.9305 32.9524 32.9886 33.0067
 33.0262 33.0485 33.0755 33.0923 33.1069 33.1357 33.1558 33.1731 33.1912
 33.2015 33.2251 33.2469 33.2608 33.2969 33.3176 33.338  33.3521 33.3888
 33.4006 33.4169 33.4428 33.4564 33.4792 33.5031 33.5162 33.5312 33.5477
 33.5675 33.5829 33.5952 33.6107 33.6276 33.6417 33.6644 33.6837 33.7206
 33.747  33.762  33.775  33.7954 33.8163 33.8638 33.8816 33.921  33.9473
 33.9662 33.9834 34.0075
41.4775 41.6784 41.8503 41.9098 42.0135 42.0463 42.1355 42.2886 42.349
 42.3709 42.4522 42.4719 42.6153 42.6401 42.6575 42.6864 42.7119 42.7477
 42.7836 42.8047 42.8248 42.8374 42.8488 42.8634 42.8887 42.9109 42.947
 42.9948 43.0264 43.0494 43.0663 43.1211 43.1366 43.1492 43.1714 43.1912
 43.2103 43.2221 43.2394 43.2975 47.639
50.1395 50.224  50.957  51.0881 51.1718 51.2006 51.2257 51.2538 51.272
 51.3103 51.3504 51.3828 51.4005 51.4169 51.4377 51.4602 51.4999 51.5185
 51.532  51.5686 51.5851 51.6033 51.6174 51.6498 51.6772 51.6947 51.7189
 51.7324 51.7453 51.7648 51.8045 51.8198 51.8327 51.8513 51.8666 51.8792
 51.8939 51.9128 51.9249 51.9351 51.9467 51.9596 51.9712 51.9826 51.9966
 52.0112 52.0393 52.0493 52.058  52.0684 52.0863 52.0965 52.1072 52.12
 52.1328 52.154  52.1658 52.1791 52.1904 52.2011 52.2118 52.2216 52.233
 52.2445 52.2544 52.2643 52.2751 52.2853 52.2967 52.3057 52.3146 52.3296
 52.3413 52.3539 52.3624 52.3744 52.3897 52.4033 52.4176 52.4451 52.4628
 52.4752 52.4872 52.5098 52.5299 52.5648 52.5801 52.5951 52.6097 52.6285
 52.6944 57.9258 59.5317 59.5987 59.7048
60.0076 60.4728 60.5643 60.7499 60.7773 60.8307 60.8836 60.9244 60.9612
 60.9872 61.0127 61.0314 61.0514 61.0644 61.0892 61.1063 61.1305 61.1848
 61.2289 61.2461 61.2689 61.2856 61.3387 61.3722 61.4492 61.4666 61.4931
 61.5127 61.5391 61.5665 61.6032 61.6268 68.1896 69.0247 69.1341 69.2683
 69.3213 69.3658 69.399  69.4471 69.4863 69.5385 69.555  69.603  69.6214
 69.6411 69.6617 69.6931 69.7299 69.7526 69.7644 69.7835 69.7988 69.8136
 69.8347 69.8514 69.8721 69.8874 69.9009 69.9234 69.9432 69.9679 69.979

