13.9149 14.4073 14.5086 14.5607 14.7397 14.8343 14.9595 15.0957 15.1247
21.8266 23.2893 23.3807 23.6166 23.6808 23.7523 23.7851 23.8251 23.8489
 23.9502 23.9778 24.0193 24.1016 24.1619 24.3946 24.6184 29.1577
33.0056 33.1567 33.2933 33.3744 33.4224 33.4591 33.5991 33.6439 33.6659
 33.7203 33.8027 33.8579 34.0085 34.0607 34.3407
41.3113 41.5826 41.8655 42.0841 42.1808 42.2044 42.2721 42.2993 42.3602
 42.4419 42.4969 42.5759 42.5963 42.6359 42.7138 42.7571 42.7873 42.8205
 42.8416 42.9119 42.9707 43.059  43.0892 43.1326 43.2732
51.541  51.7409 51.7922 52.0919 52.1768 59.6185
60.1326 60.7533 61.0819 61.251  61.5049 61.6427 61.6646 61.7052 61.7313
 61.7465 62.0309

