11.2454 13.     13.1013 13.7488 13.8298 13.9999 14.0287 14.0772 14.0981
 14.2088 14.3183 14.3374 14.3766 14.3956 14.4127 14.4908 14.5707 14.5943
 14.6357 14.6709 14.7047 14.75   14.7873 14.8138 14.8493 14.8879 14.9155
 14.9666 14.9949 15.0618 15.248
23.132  23.3017 23.3234 23.4956 23.5346 23.5765 23.6056 23.6405 23.6723
 23.7255 23.7432 23.7674 23.805  23.8707 23.9245 23.9725 23.9869 24.0169
 24.0758 24.0922 24.1639 24.202  24.2166 24.2432 24.2662 24.2958 24.3457
 24.4268
32.7219 33.0645 33.1234 33.2959 33.4318 33.4998 33.5505 33.5712 33.6335
 33.6527 33.6784 33.7014 33.7292 33.7756 33.8908 33.9325 34.0172 34.0351
 34.1328 34.2277 39.3136
40.4618 41.1535 41.5739 41.6679 41.9772 42.0908 42.1171 42.167  42.2274
 42.2481 42.2657 42.2858 42.3039 42.3535 42.4494 42.4863 42.5088 42.5379
 42.5612 42.5929 42.6143 42.6326 42.6871 42.7003 42.7228 42.7342 42.7784
 42.7944 42.8188 42.8366 42.8793 42.9097 42.938  42.9703 42.9895 43.0118
 43.0269 43.0765 43.0953 43.1068 43.1246 43.1394 43.3256 48.7388 49.8808
51.3699 51.5901 51.7045 51.8472 51.8911 52.0107 52.0452 52.0848 52.2014
 52.2189 52.2824 52.3265 52.4357 52.4588 52.5203 52.5732 52.6798 52.6986
60.1825 60.3579 60.5293 60.6426 60.7571 60.7903 60.8619 61.0014 61.1155
 61.1827 61.2404 61.2962 61.3319 61.3535 61.3876 61.409  61.4348 61.4612
 61.4903 61.5256 61.5656 61.5917 61.6163 61.6495 61.6754 61.7189 61.7762
 61.8017 61.8831 68.5407 69.6157 69.8592 69.9689 69.9962

