14.0616 14.1879 14.2229 14.3947 14.4445 14.4769 14.4958 14.5179 14.5607
 14.5791 14.6017 14.6226 14.6793 14.7061 14.7364 14.7535 14.7667 14.7806
 14.7964 14.8175 14.8357 14.8534 14.8681 14.8819 14.8981 14.9168 14.9398
 14.9537 14.9695 14.9877 15.0079 15.0207 15.0354 15.0495 15.0734 15.0881
 15.1014 15.1145 15.1289 15.1491 15.1591 15.1718 15.1861 15.1977 15.2103
 15.222  15.2321 15.2487 15.2614 15.2752 15.2867 15.3002 15.3131 15.325
 15.3371 15.3473 15.3591 15.3718 15.3847 15.4005 15.4115 15.4232 15.4336
 15.4436 15.4571 15.4734 15.4877 15.4996 15.5108 15.5238 15.5361 15.5482
 15.5613 15.5727 15.584  15.5953 15.607  15.6182 15.629  15.6396 15.6516
 15.6639 15.6748 15.6855 15.697  15.7096 15.7203 15.7325 15.7446 15.756
 15.7715 15.7856 15.7974 15.812  15.8242 15.8348 15.8454 15.8569 15.8678
 15.8815 15.8946 15.9061 15.9177 15.9306 15.9433 15.954  15.9686 15.9825
 15.9949 16.0059 16.02   16.0361 16.0553 16.0725 16.0923 16.1051 16.1261
 16.1459 16.1749 16.1897 16.2116 16.2391 16.2637 16.2995 16.3181 16.3426
 16.4342 16.4602 16.5318
22.2711 22.5653 22.8379 22.8828 23.0029 23.0374 23.2745 23.4117 23.4377
 23.4716 23.4938 23.5874 23.6056 23.6356 23.6655 23.7066 23.7279 23.7447
 23.7592 23.7766 23.7973 23.827  23.8507 23.8722 23.8906 23.9077 23.9263
 23.9413 23.9587 23.9728 23.9985 24.0156 24.0288 24.0459 24.0628 24.0776
 24.0906 24.105  24.1202 24.1316 24.1445 24.1562 24.166  24.1786 24.1916
 24.2027 24.2131 24.2221 24.2352 24.2467 24.2605 24.2733 24.2861 24.2992
 24.3108 24.3246 24.3359 24.3456 24.3583 24.372  24.3843 24.3947 24.4045
 24.418  24.4294 24.4403 24.4504 24.4632 24.4754 24.4869 24.4991 24.5097
 24.5232 24.5331 24.5466 24.5579 24.5706 24.5793 24.5898 24.6014 24.6126
 24.6236 24.6344 24.6465 24.6567 24.6679 24.6789 24.6895 24.6988 24.7089
 24.7195 24.7302 24.7404 24.7507 24.7605 24.7708 24.7803 24.7903 24.8003
 24.8091 24.819  24.8289 24.8396 24.8501 24.8634 24.8733 24.8832 24.8927
 24.9021 24.9115 24.9207 24.9307 24.9425 24.954  24.9637 24.9751 24.9858
 24.9956 25.0054 25.0156 25.0263 25.0349 25.0442 25.0545 25.0653 25.0762
 25.0853 25.0952 25.1067 25.1166 25.1258 25.1361 25.148  25.1601 25.1687
 25.1792 25.1894 25.2002 25.2104 25.2215 25.2344 25.2493 25.2625 25.2746
 25.2857 25.298  25.3108 25.3225 25.336  25.348  25.3605 25.3738 25.3944
 25.4097 25.4242 25.4392 25.4607 25.4782 25.497  25.5233 25.5399 25.5573
 25.5742 25.5922 25.6445 25.677  25.6946 25.7421 25.7592 25.7898 25.8206
 25.875  25.9969 26.0653
32.3557 32.9944 33.1677 33.5821 33.6479 33.71   33.7407 33.7916 33.8294
 33.889  33.9632 34.0017 34.0188 34.049  34.0702 34.1066 34.1333 34.154
 34.1748 34.1973 34.2389 34.2538 34.2706 34.2893 34.3218 34.3438 34.3627
 34.3824 34.4057 34.4286 34.4476 34.4598 34.4722 34.4896 34.5087 34.527
 34.545  34.5643 34.5785 34.5942 34.6089 34.6245 34.6376 34.6527 34.6671
 34.6792 34.691  34.7076 34.7212 34.7345 34.7449 34.7595 34.7709 34.7834
 34.7957 34.8079 34.8203 34.8327 34.8545 34.8714 34.8879 34.9043 34.9231
 34.9472 34.9643 34.981  34.9997 35.0174 35.0332 35.0517 35.0684 35.0811
 35.0976 35.114  35.1313 35.1441 35.1785 35.1954 35.2098 35.2288 35.2527
 35.2698 35.2933 35.3205 35.3867 35.4335 35.5931 35.6253 35.6628 39.3711
41.8433 42.5734 42.6142 42.6744 42.7165 42.7762 42.8258 42.8706 42.9296
 42.9761 42.9981 43.0334 43.0591 43.1527 43.1775 43.1945 43.2109 43.2262
 43.2443 43.2709 43.2864 43.3128 43.3394 43.3569 43.3726 43.3996 43.4167
 43.4306 43.447  43.4825 43.497  43.5206 43.5354 43.5521 43.5712 43.5812
 43.5949 43.6075 43.6229 43.6374 43.6548 43.6715 43.6864 43.7146 43.729
 43.7462 43.7604 43.7737 43.7909 43.8045 43.817  43.8348 43.8545 43.8698
 43.8826 43.8948 43.9107 43.9238 43.9473 43.962  43.9736 43.9916 44.0029
 44.013  44.0281 44.0424 44.0588 44.0721 44.092  44.1216 44.1394 44.1551
 44.1711 44.186  44.2076 44.2194 44.2373 44.2574 44.2746 44.3017 44.3289
 44.3573 44.382  44.3998 44.4197 44.4441 44.4635 44.4847 44.5408 44.5689
 44.603  44.6912 44.8486 48.9536 49.4055
50.5754 50.6469 51.0046 51.0522 51.1012 51.126  51.2405 51.2746 51.3392
 51.3624 51.4389 51.4623 51.5251 51.5586 51.5756 51.6235 51.6449 51.6731
 51.7075 51.7579 51.7801 51.8049 51.8299 51.8499 51.8727 51.9039 51.9369
 51.9532 51.9691 51.9822 51.9968 52.0095 52.021  52.0319 52.0457 52.0639
 52.0784 52.0954 52.1118 52.1225 52.1334 52.1447 52.1583 52.178  52.1901
 52.2017 52.2138 52.2248 52.2394 52.2517 52.2629 52.2737 52.2867 52.2978
 52.3105 52.3242 52.3388 52.3489 52.3607 52.3757 52.3906 52.4027 52.4148
 52.427  52.4367 52.4483 52.4589 52.4706 52.4821 52.4928 52.5045 52.5165
 52.5267 52.5383 52.5482 52.5589 52.5712 52.5836 52.5951 52.6057 52.6162
 52.6248 52.6354 52.6468 52.6605 52.6711 52.6809 52.6904 52.7016 52.7112
 52.7226 52.7332 52.7433 52.7556 52.7659 52.7754 52.7849 52.794  52.8049
 52.8148 52.8238 52.8336 52.8438 52.8547 52.8653 52.8752 52.8862 52.8958
 52.9062 52.9155 52.9249 52.9349 52.945  52.9549 52.9644 52.9733 52.9834
 52.9939 53.006  53.0148 53.0254 53.036  53.0459 53.0566 53.0659 53.076
 53.0854 53.0951 53.1063 53.1161 53.1255 53.1361 53.1469 53.1591 53.1704
 53.1835 53.1975 53.2095 53.2205 53.2321 53.243  53.2535 53.2663 53.2803
 53.2918 53.3051 53.3178 53.3327 53.3466 53.3621 53.3753 53.3901 53.4067
 53.4247 53.4362 53.4477 53.4625 53.4785 53.5006 53.5201 53.5531 53.5804
 53.6064 53.6316 53.6549 53.6788 53.7004 53.7269 53.7655 53.8489 53.8893
 53.9195 53.949  59.7076
60.401  60.7243 61.0448 61.2687 61.3039 61.3285 61.351  61.4149 61.4698
 61.5493 61.6433 61.6732 61.7023 61.7424 61.759  61.7993 61.8208 61.8495
 61.8653 61.8861 61.91   61.9546 61.9732 61.9966 62.0291 62.0477 62.0635
 62.085  62.1024 62.1162 62.1312 62.1575 62.1822 62.2016 62.2182 62.2434
 62.2591 62.2767 62.2955 62.3129 62.3294 62.3456 62.3599 62.3751 62.393
 62.4101 62.4283 62.446  62.4626 62.4763 62.4931 62.5196 62.5414 62.5559
 62.5714 62.5861 62.6031 62.6148 62.6311 62.6481 62.6674 62.6899 62.7273
 62.75   62.7665 62.7809 62.8006 62.8177 62.8502 62.8677 62.8902 62.9089
 62.9398 62.9937 63.0211 63.0723 63.1455 63.2039 63.2475 65.2568 67.8757
 68.5098 68.7491 69.8593

