14.3527 14.6969 14.7323 14.7576 14.888  14.9321 15.0013 15.0216 15.0567
 15.1064
22.4052 23.1327 23.1838 23.2358 23.3042 23.4406 23.4945 23.5305 23.5531
 23.8367 23.9202 23.9845 24.0021 24.1273 24.1639
32.4618 33.3808 33.5196 33.5492 34.0932 34.2959
41.9204 42.6603 42.8057 42.9782 43.223  49.3556
50.6548 50.6929 50.8494 51.0298 51.1357 51.1616 51.4638 51.6718 51.7709
 51.7917 51.8461 51.9606 51.9788 52.2771 52.3988
61.3945 61.4736 61.4975 61.5286 61.7239 61.7697 61.8048 61.8909 62.0427
 69.4904

