12.7059 12.9455 13.7161 13.9204 14.1187 14.1646 14.1833 14.2318 14.2678
 14.2923 14.3217 14.4154 14.4395 14.4782 14.5202 14.5476 14.6284 14.7191
 14.7523 14.7728 19.2218
21.3348 22.0847 22.5218 23.1169 23.1618 23.1898 23.2197 23.2578 23.2715
 23.3363 23.3896 23.4451 23.4716 23.4871 23.5639 23.622  23.7259 23.7615
 23.778  23.7958 23.8724
32.302  32.4059 32.7367 32.9688 32.998  33.182  33.2217 33.2633 33.3063
 33.3439 33.3729 33.4084 33.4668 33.5654 33.7004 33.7285 34.1034 34.135
41.7119 41.9158 42.0988 42.1495 42.5652 42.7464 42.7922 42.8311 43.1973
 48.5563 49.5802 49.9087
50.2429 50.7768 50.9442 50.9808 51.0125 51.1666 51.2777 51.2938 51.4655
 51.4823 51.5073 51.5755 51.5926 51.6173 51.6801 51.7079 51.7807 51.9227
 51.9606
60.8753 60.9127 60.9587 61.0515 61.1431 61.1674 61.2245 61.2455 61.2855
 61.3934 61.4244 61.5018 61.5985 68.7126 69.6653 69.8318

