14.0352 14.4129 14.567  14.5853 14.679  14.7239 14.8284 14.8584 14.8799
 14.9721 15.0878 15.1256 15.1852
22.624  23.1427 23.1741 23.2719 23.3198 23.3383 23.3585 23.3846 23.4146
 23.4342 23.5016 23.5289 23.5488 23.5717 23.5888 23.6275 23.6457 23.6746
 23.7017 23.724  23.7419 23.7605 23.7775 23.7898 23.8189 23.8347 23.8828
 23.894  23.9186 23.934  23.9527 23.9719 23.9848 24.0026 24.0192 24.0312
 24.0459 24.0637 24.0766 24.0913 24.1028 24.1215 24.134  24.1447 24.1596
 24.1701 24.1857 24.2034 24.2198 24.2347 24.244  24.2596 24.272  24.2814
 24.2915 24.3021 24.3146 24.3239 24.3339 24.3463 24.3573 24.3685 24.3818
 24.3934 24.4047 24.4158 24.4356 24.4468 24.4585 24.4713 24.4812 24.493
 24.5026 24.5154 24.5269 24.5393 24.5497 24.5593 24.5691 24.5811 24.5916
 24.6076 24.6199 24.629  24.6407 24.6519 24.6723 24.6875 24.6998 24.7112
 24.725  24.7369 24.7524 24.7638 24.777  24.7895 24.8015 24.8134 24.8243
 24.8441 24.8572 24.8733 24.8893 24.91   24.922  24.9578 24.9855 25.0526
 25.128
33.9183
42.0228 42.156  42.2806 42.3137 42.377  42.5462 42.634  42.7279 42.7638
 42.7923 42.8098 42.8547 42.8824 42.9091 42.9373 42.9755 42.9883 43.0308
 43.0473 43.0642 43.0759 43.0936 43.1309 43.1581 43.1841 43.2009 43.2371
 43.2503 43.2688 43.2988 43.3164 43.3625 43.3811 43.3919 43.4021 43.4161
 43.43   43.4402 43.4554 43.4747 43.4924 43.5078 43.5348 43.5951 43.6256
 43.668  43.6925
51.4264 51.7832 51.8796 51.9618 52.036  52.095  52.1145 52.1404 52.1756
 52.2418 52.2644 52.342  52.4186 52.6078 52.7452 52.7651 58.7074 59.6479
60.0156 60.1326 60.1716 60.1994 60.3649 60.3979 60.5085 60.5547 60.5702
 60.5964 60.6148 60.6307 60.6464 60.6616 60.6825 60.7719 60.7883 60.8079
 60.8233 60.8436 60.8636 60.8774 60.9033 60.9267 60.9523 60.9717 60.9873
 61.0012 61.0178 61.0341 61.0469 61.0616 61.0787 61.0921 61.1052 61.1246
 61.1401 61.1545 61.1647 61.1781 61.1932 61.213  61.23   61.2529 61.2691
 61.2816 61.3005 61.3352 61.3572 61.3705 61.3861 61.4198 61.4355 61.4522
 61.4676 61.4862 61.5076 61.5255 61.5356 61.5465 61.5632 61.581  61.5951
 61.6079 61.6226 61.6379 61.6549 61.6748 61.6857 61.7123 61.7359 61.7653
 61.7939 61.8133 61.8461 61.8604 61.9085 61.9494 69.5149 69.6211 69.6502

