12.0803 14.5872 14.6427 14.7055 14.7993 14.8281 14.8482 15.1291 15.214
 15.2978 15.3654 15.3857
22.7528 22.968  23.1624 23.2208 23.2505 23.3065 23.4138 23.4344 23.4642
 23.4984 23.5753 23.6016 23.6244 23.6613 23.6947 23.7555 23.7745 23.8023
 23.8305 23.8472 23.8588 23.8713 23.8877 23.8996 23.9244 23.9433 23.959
 23.9812 23.998  24.0274 24.0426 24.0619 24.0823 24.097  24.12   24.1331
 24.148  24.1637 24.1783 24.1905 24.2029 24.2158 24.2254 24.2398 24.2549
 24.2775 24.2937 24.3115 24.3227 24.3365 24.3519 24.3628 24.3728 24.3862
 24.4031 24.4197 24.4345 24.4488 24.4581 24.4689 24.4902 24.505  24.518
 24.5449 24.564  24.5766 24.5883 24.6011 24.615  24.6367 24.6494 24.668
 24.6791 24.6926 24.7112 24.7248 24.7376 24.775  24.7973 24.8449 24.894
 25.0552
33.3389 33.4259 33.9585
42.3518 42.3772 42.4661 42.4939 42.5331 42.5786 42.6483 42.7319 42.7864
 42.8662 42.9467 42.9788 43.0074 43.0275 43.0458 43.0725 43.0977 43.1127
 43.1307 43.1509 43.1765 43.2303 43.2548 43.2794 43.2951 43.3114 43.3284
 43.345  43.3625 43.3852 43.3977 43.4129 43.4638 43.4835 43.5069 43.5853
 43.6037 43.6188 43.6385
51.2235 51.5276 51.5967 51.6809 51.7638 51.7858 52.1156 52.2017 52.3289
 52.4761 52.5241 52.5591 52.5991 52.6847 59.3976 59.9129 59.9451
60.2262 60.2947 60.3784 60.4241 60.4649 60.5122 60.5305 60.5766 60.6123
 60.6915 60.7242 60.7505 60.7746 60.8071 60.8335 60.8507 60.8718 60.9013
 60.9212 60.9556 60.99   61.0058 61.0299 61.0521 61.0785 61.1033 61.1306
 61.1597 61.1862 61.2042 61.2291 61.2421 61.262  61.2794 61.3107 61.335
 61.3553 61.3697 61.3802 61.3974 61.4115 61.4354 61.4484 61.4857 61.5543
 61.5685 61.5829 61.6193 61.6926 61.7609 61.7757 61.8002 61.8165 61.8576
 68.8509

