14.3069 14.4798 14.5253 14.6566 14.7203 14.7474 14.8265 14.8466 14.8697
 14.9017 14.9336 14.9628 14.9994 15.0197 15.0577 15.0734 15.1027 15.1362
 15.1632 15.1842 15.2038 15.2229 15.2377 15.2614 15.2775 15.2952 15.3086
 15.3244 15.3423 15.3572 15.3746 15.3955 15.4174 15.4368 15.4549 15.4734
 15.4895 15.5031 15.5184 15.5312 15.5468 15.559  15.5751 15.5897 15.6021
 15.6132 15.625  15.6401 15.6528 15.6681 15.6835 15.6968 15.7204 15.7377
 15.7537 15.7685 15.7798 15.7911 15.8024 15.814  15.8252 15.8429 15.8619
 15.877  15.8949 15.9156 15.9291 15.9471 15.9622 15.9807 15.9997 16.0248
 16.0482 16.0625 16.083  16.0972 16.1181 16.1506 16.1743 16.2145 16.2537
 16.2803 16.3068 16.3522 16.4099 16.4798 16.5321 16.6536
22.2711 22.7553 22.9764 23.0994 23.1832 23.2886 23.3258 23.4099 23.4459
 23.4791 23.5311 23.5599 23.5749 23.5969 23.6254 23.6501 23.6782 23.6975
 23.7265 23.7414 23.7567 23.7688 23.7853 23.8023 23.8181 23.8451 23.8588
 23.8712 23.882  23.8961 23.9075 23.9238 23.9345 23.9448 23.962  23.9773
 23.9888 23.9982 24.0117 24.0236 24.0358 24.0495 24.0639 24.0759 24.0865
 24.0969 24.11   24.1215 24.1339 24.1454 24.1581 24.1721 24.1845 24.1938
 24.2037 24.2122 24.2207 24.2308 24.2399 24.25   24.2597 24.2685 24.2778
 24.2861 24.2948 24.303  24.3117 24.3203 24.3293 24.3398 24.3493 24.3579
 24.3662 24.3746 24.383  24.3914 24.4004 24.4085 24.4173 24.4257 24.4339
 24.4418 24.4507 24.4593 24.4679 24.4758 24.4843 24.4921 24.5006 24.5082
 24.5161 24.524  24.5319 24.5397 24.5473 24.5553 24.5628 24.5704 24.578
 24.5857 24.5932 24.6009 24.6081 24.6157 24.6232 24.6306 24.6383 24.6456
 24.6528 24.66   24.6675 24.6748 24.682  24.6892 24.6969 24.7046 24.7123
 24.7196 24.727  24.7348 24.7419 24.7495 24.7566 24.7636 24.771  24.7785
 24.7858 24.7929 24.7998 24.8071 24.8146 24.8219 24.829  24.8361 24.8432
 24.85   24.857  24.8639 24.8711 24.8781 24.8853 24.8924 24.8996 24.9064
 24.9135 24.9206 24.9279 24.9351 24.9423 24.9494 24.9567 24.9637 24.9707
 24.9774 24.9841 24.9911 24.9979 25.0048 25.0117 25.0188 25.0256 25.0328
 25.0399 25.0464 25.0531 25.0598 25.0665 25.073  25.0798 25.0868 25.0938
 25.1006 25.1076 25.1145 25.1216 25.1288 25.1357 25.1429 25.1496 25.1562
 25.163  25.1698 25.1767 25.1833 25.1902 25.1972 25.2044 25.2115 25.2189
 25.2255 25.2325 25.2397 25.2466 25.2536 25.2605 25.2676 25.2744 25.2815
 25.2885 25.2951 25.3025 25.3097 25.3164 25.3239 25.3311 25.3381 25.3454
 25.3525 25.3599 25.3673 25.3745 25.3818 25.3895 25.3974 25.4045 25.4121
 25.4198 25.4275 25.4349 25.4426 25.4502 25.4581 25.4654 25.4731 25.4808
 25.4886 25.4964 25.5043 25.5118 25.5197 25.5273 25.5349 25.5431 25.5505
 25.5583 25.5665 25.5744 25.5819 25.5901 25.5981 25.6062 25.6142 25.623
 25.6313 25.6399 25.6485 25.6561 25.6643 25.6727 25.6815 25.6899 25.6996
 25.7081 25.7169 25.7254 25.7354 25.7442 25.7525 25.7609 25.7695 25.7792
 25.7883 25.7972 25.8059 25.815  25.8252 25.835  25.844  25.8544 25.8652
 25.8753 25.8847 25.8932 25.9027 25.9125 25.9217 25.9319 25.9425 25.952
 25.961  25.971  25.9814 25.9902 26.0004 26.0094 26.0188 26.029  26.0394
 26.0495 26.0617 26.073  26.0836 26.0952 26.1078 26.1198 26.1304 26.1446
 26.1564 26.1715 26.1877 26.2005 26.2113 26.2243 26.2364 26.2506 26.2623
 26.2769 26.2906 26.3036 26.3153 26.3288 26.3434 26.362  26.3767 26.3908
 26.4041 26.4227 26.4393 26.4559 26.4695 26.4881 26.5057 26.5221 26.5386
 26.5543 26.5733 26.5972 26.6202 26.6479 26.6664 26.6872 26.7111 26.7429
 26.7676 26.8007 26.9767
33.9999 34.0327 34.0514 34.1695 34.1988 34.2293 34.2639 34.2899 34.3088
 34.3481 34.4132 34.4359 34.4895 34.5148 34.5362 34.5709 34.6064 34.6485
 34.6726 34.7248 34.7626 34.7855 34.8225 34.9686 34.9976 35.0435 35.0751
 35.1893 35.3719
40.3904 40.9761 41.6731 42.0418 42.2494 42.3235 42.4691 42.5394 42.5653
 42.6407 42.7068 42.729  42.7787 42.8131 42.8419 42.8562 42.8739 42.9047
 42.9317 42.9621 42.9806 42.9969 43.0133 43.0257 43.0392 43.051  43.068
 43.0814 43.0975 43.1115 43.1284 43.1394 43.1559 43.1689 43.1812 43.1938
 43.2077 43.2237 43.239  43.2513 43.2641 43.2773 43.2916 43.3036 43.3184
 43.3284 43.3403 43.3504 43.3625 43.376  43.3886 43.4028 43.4141 43.4243
 43.4347 43.4443 43.4541 43.4632 43.4721 43.4811 43.4901 43.499  43.5079
 43.517  43.5257 43.5349 43.5476 43.5578 43.5674 43.5787 43.5891 43.5995
 43.6099 43.6183 43.6278 43.6355 43.6438 43.6529 43.6619 43.6703 43.6791
 43.6875 43.697  43.7065 43.7159 43.7245 43.7334 43.7426 43.7505 43.7583
 43.7667 43.7746 43.7821 43.7896 43.7973 43.8055 43.8139 43.8233 43.8326
 43.8432 43.8513 43.8596 43.8676 43.8757 43.8843 43.8927 43.9007 43.9087
 43.9176 43.9255 43.9339 43.9437 43.9521 43.9611 43.9695 43.9775 43.9861
 43.9947 44.0041 44.0133 44.0221 44.0309 44.0399 44.0488 44.0586 44.0672
 44.0764 44.0858 44.0955 44.1049 44.1158 44.1245 44.1344 44.1437 44.1543
 44.1631 44.1726 44.1826 44.1926 44.2019 44.2104 44.2201 44.2294 44.2379
 44.2474 44.2566 44.2653 44.2752 44.2862 44.2969 44.3093 44.3189 44.3293
 44.3412 44.3541 44.3641 44.3743 44.3844 44.3948 44.407  44.4191 44.4301
 44.4414 44.4531 44.4655 44.4791 44.491  44.5027 44.5139 44.5289 44.5439
 44.5611 44.5737 44.5857 44.6001 44.6127 44.627  44.6398 44.6546 44.6677
 44.6836 44.7014 44.7198 44.7359 44.7549 44.7708 44.7855 44.8019 44.8246
 44.8388 44.8636 44.8847 44.9209 44.9438 44.9669 44.9909 45.0226 45.0674
 45.1186 45.14   45.1687 45.2696 45.3309 45.3707 45.4717 45.5814
51.7884 51.8594 52.0261 52.0486 52.0661 52.0917 52.1098 52.1478 52.1674
 52.189  52.2186 52.2362 52.2579 52.2739 52.2995 52.3367 52.3525 52.3779
 52.406  52.4258 52.4457 52.4667 52.4981 52.5154 52.5302 52.5455 52.561
 52.5734 52.601  52.6148 52.6315 52.6492 52.6631 52.6761 52.6878 52.7087
 52.7242 52.738  52.7502 52.7646 52.7766 52.7884 52.8017 52.8144 52.8314
 52.8474 52.8607 52.8732 52.8928 52.905  52.9248 52.9389 52.9543 52.9677
 52.986  53.0019 53.0163 53.0331 53.0512 53.0728 53.0882 53.1002 53.1122
 53.1249 53.1381 53.1513 53.166  53.1938 53.2119 53.2288 53.2451 53.259
 53.2756 53.298  53.3192 53.3353 53.3566 53.3742 53.3973 53.4149 53.4478
 53.4656 53.4858 53.5164 53.5347 53.6    53.6269 53.6467 53.6627 53.7888
 53.8232 53.9259 53.9789 54.0518 54.4917 58.048  59.3728 59.4438 59.8933
60.3658 60.4004 60.4292 60.498  60.6032 60.6267 60.6799 60.7109 60.7379
 60.7548 60.7693 60.7902 60.807  60.8204 60.848  60.8649 60.8832 60.9084
 60.9287 60.9551 60.9664 60.9841 60.9997 61.0145 61.0305 61.0455 61.0588
 61.0787 61.0907 61.1044 61.1179 61.1304 61.1451 61.1574 61.1701 61.1862
 61.1969 61.2075 61.2192 61.2317 61.2448 61.2571 61.2675 61.2769 61.2868
 61.2966 61.3069 61.318  61.3298 61.3402 61.3508 61.3606 61.3696 61.3814
 61.3916 61.4018 61.4127 61.4231 61.4323 61.441  61.4507 61.4603 61.47
 61.4794 61.4877 61.4963 61.5051 61.5152 61.5243 61.5329 61.5423 61.5511
 61.5594 61.5678 61.5764 61.5849 61.5935 61.6021 61.6104 61.6196 61.6286
 61.6362 61.6437 61.6521 61.6604 61.6682 61.6763 61.6842 61.6923 61.7002
 61.7078 61.7154 61.723  61.731  61.7392 61.7474 61.7555 61.7638 61.7718
 61.7807 61.7888 61.7965 61.8047 61.812  61.8196 61.8277 61.8351 61.8435
 61.8514 61.8591 61.8675 61.8752 61.8827 61.8901 61.8977 61.9049 61.9125
 61.9197 61.9273 61.9352 61.9431 61.9511 61.9587 61.9663 61.9742 61.982
 61.9892 61.9965 62.0038 62.0118 62.0194 62.027  62.0344 62.042  62.0495
 62.058  62.0653 62.0729 62.0801 62.0878 62.0955 62.1034 62.1117 62.1197
 62.1273 62.1349 62.1429 62.1505 62.1581 62.1663 62.1741 62.1821 62.1899
 62.1975 62.2056 62.2131 62.2206 62.2287 62.2358 62.2433 62.2512 62.2586
 62.2672 62.2752 62.2831 62.2905 62.2984 62.3058 62.3131 62.3201 62.3278
 62.3354 62.3434 62.3518 62.3602 62.3685 62.3762 62.3844 62.3923 62.4004
 62.4085 62.4175 62.4263 62.4349 62.4442 62.4528 62.4625 62.4715 62.4804
 62.4892 62.4995 62.5092 62.5182 62.5278 62.5358 62.5445 62.5534 62.562
 62.5711 62.5802 62.5896 62.5984 62.6082 62.6187 62.629  62.6393 62.6487
 62.6581 62.6678 62.6767 62.6866 62.6956 62.7052 62.715  62.7246 62.7354
 62.7444 62.7541 62.7646 62.7755 62.7851 62.7948 62.8064 62.8169 62.828
 62.8376 62.8476 62.8585 62.8695 62.8801 62.8904 62.9014 62.9117 62.9225
 62.9329 62.943  62.9556 62.9672 62.9781 62.9899 63.0035 63.019  63.0317
 63.0428 63.0569 63.0688 63.0833 63.098  63.1128 63.1267 63.1417 63.1586
 63.1709 63.185  63.2011 63.2195 63.2327 63.2502 63.2666 63.2805 63.296
 63.3102 63.3301 63.3464 63.3657 63.3835 63.3996 63.4188 63.4336 63.4489
 63.4646 63.4857 63.5172 63.5474 63.5684 63.5897 63.6134 63.6623 63.7205
 63.7726

