14.6738 14.9408 15.0358 15.0853 15.2434 15.2732 15.3039 15.321
22.4645 22.8685 23.0575 23.1904 23.3787 23.4397 23.4956 23.5626 23.6246
 23.6422 23.6612 23.6892 23.7424 23.7638 23.784  23.7993 23.8204 23.8455
 23.8623 23.8897 23.9107 23.9297 23.9451 23.9562 23.9699 23.9836 24.0073
 24.0474 24.0624 24.0798 24.1164 24.1364 24.1476 24.1643 24.1783 24.1956
 24.2111 24.2272 24.246  24.2657 24.2922 24.3058 24.3172 24.3285 24.3452
 24.3586 24.3703 24.3857 24.4012 24.4126 24.4331 24.4452 24.461  24.4774
 24.493  24.5111 24.524  24.5457 24.5572 24.5677 24.5866 24.6034 24.6151
 24.6274 24.6411 24.659  24.6767 24.6897 24.7147 24.7333 24.755  24.7796
 24.7959 24.8138 24.8273 24.846  24.8705 24.892  24.9114 24.9326 25.0082
33.5479 33.6242 33.9436 34.0525 34.1276
40.3982 41.1359 42.0689 42.1045 42.3841 42.6575 42.6997 42.7262 42.7697
 42.8878 42.9657 42.9977 43.0236 43.0807 43.1    43.13   43.173  43.1997
 43.2518 43.2859 43.3053 43.3184 43.3286 43.3556 43.3786 43.4056 43.4367
 43.4658 43.5027 43.5273 43.5567 43.6359 43.7476
50.878  51.577  51.7975 51.9307 51.9586 52.0507 52.0957 52.1492 52.2469
 52.5942 52.7302 52.8965
60.1618 60.2009 60.2849 60.4515 60.4968 60.6217 60.7089 60.7413 60.7775
 60.8087 60.8253 60.8383 60.8636 60.8826 60.8966 60.9239 60.9446 60.9615
 61.0256 61.0427 61.0617 61.079  61.1272 61.1405 61.1605 61.1875 61.2121
 61.2298 61.2439 61.2629 61.2809 61.3012 61.3415 61.3627 61.3774 61.3954
 61.4278 61.4424 61.4575 61.4759 61.4906 61.501  61.512  61.5222 61.5345
 61.5476 61.5613 61.581  61.5983 61.6094 61.6366 61.6592 61.6865 61.7038
 61.723  61.7371 61.7519 61.7675 61.8112 61.8282 61.8535 61.8739 61.8892
 61.9039 61.9339 61.9519 61.9817 62.0444 68.1848

