14.3114 14.4583 14.5336 14.5857 14.731  14.9657 15.0254 15.0672 15.1119
 15.1682 15.3199 15.3848 19.9208
23.1482 23.2678 23.3018 23.3518 23.4419 23.4808 23.5434 23.5622 23.5934
 23.6302 23.6608 23.6805 23.7345 23.7554 23.7664 23.7927 23.8051 23.8273
 23.8431 23.863  23.8742 23.8952 23.9124 23.9243 23.9355 23.9507 23.9649
 23.978  23.9909 24.0063 24.0192 24.0302 24.0416 24.052  24.0698 24.082
 24.0947 24.1081 24.1185 24.132  24.1484 24.1628 24.1773 24.1929 24.2024
 24.2125 24.2259 24.2379 24.2518 24.2707 24.2832 24.2958 24.3058 24.3218
 24.3348 24.3438 24.355  24.3677 24.3796 24.3915 24.4038 24.4155 24.4278
 24.4393 24.4484 24.4589 24.468  24.4764 24.4866 24.4983 24.5184 24.5313
 24.5408 24.5525 24.567  24.5767 24.5864 24.6013 24.6155 24.6344 24.6753
 24.6874 24.7033 24.7261 24.7513 24.7659 24.7888 24.8117 24.8288 24.8535
33.0217 34.2386
41.3078 42.3301 42.4846 42.5437 42.5743 42.6383 42.7341 42.8086 42.8387
 42.8597 42.9312 42.9454 42.9694 42.9834 43.0051 43.0204 43.0389 43.0532
 43.0685 43.0928 43.1286 43.1484 43.1661 43.183  43.1978 43.2162 43.2312
 43.245  43.2659 43.284  43.3068 43.3484 43.3713 43.3932 43.4147 43.4237
 43.4863 43.5069 43.5254 43.556  43.572  43.6076 43.6262 43.6924 43.7598
 43.8339
51.5514 51.6918 51.922  51.9742 52.007  52.0478 52.0873 52.1129 52.1308
 52.1807 52.2559 52.349  52.4059 52.433  52.4547 52.5446 52.5707 52.6121
 59.4105 59.9282
60.1507 60.2638 60.4363 60.4758 60.5368 60.6038 60.6645 60.6929 60.7138
 60.7393 60.7585 60.7816 60.8157 60.8327 60.8584 60.9035 60.9228 60.947
 60.9651 60.9803 60.998  61.0088 61.0197 61.0408 61.0549 61.0674 61.0994
 61.1169 61.1323 61.147  61.1592 61.1741 61.1958 61.2107 61.2298 61.2638
 61.2902 61.3064 61.3164 61.332  61.3499 61.3654 61.3783 61.3884 61.4002
 61.4122 61.4244 61.4386 61.4531 61.4636 61.4787 61.4895 61.5037 61.5155
 61.5363 61.5475 61.5643 61.5782 61.5927 61.6124 61.6271 61.6456 61.6676
 61.6833 61.7063 61.7283 61.7532 61.768  61.7815 61.8017 61.8209 61.9578

