14.1844 14.3155 14.5478 14.6311 14.6948 14.8112 14.8428 14.8852 14.9071
 14.9397 14.9907 15.0172 15.0424 15.0722 15.0887 15.1103 15.1312 15.1648
 15.1838 15.2096 15.2321 15.2502 15.262  15.2871 15.3189 15.3729 15.3857
 15.408  15.4278 15.4459 15.4695 15.4917 15.5169 15.5396 15.5549 15.5762
 15.5919 15.6133 15.6279 15.6406 15.6559 15.6684 15.6816 15.6947 15.7088
 15.7242 15.7367 15.7509 15.7639 15.7818 15.7984 15.8146 15.8266 15.8394
 15.8523 15.8625 15.8774 15.8932 15.9062 15.9178 15.9339 15.9508 15.9631
 15.9788 16.0088 16.0279 16.0416 16.0603 16.0739 16.0898 16.1049 16.1188
 16.1324 16.1462 16.1616 16.1733 16.1868 16.2025 16.2167 16.2364 16.2606
 16.2753 16.2902 16.3077 16.3334 16.3517 16.3656 16.3861 16.4066 16.4336
 16.4556 16.474  16.5034 16.5477 16.5655 16.5903 16.6135 16.6475 16.6736
 16.6969 16.7438 16.7761 16.9213 16.9863
22.339  22.6633 22.746  22.9958 23.1101 23.1393 23.1695 23.3606 23.3858
 23.4227 23.4493 23.5029 23.5257 23.5633 23.6032 23.6214 23.6391 23.6595
 23.6831 23.7159 23.7364 23.7578 23.7708 23.7834 23.7959 23.8123 23.8292
 23.8537 23.8649 23.8803 23.8919 23.9106 23.9257 23.937  23.9479 23.9579
 23.9692 23.9807 23.9915 24.0081 24.0207 24.0324 24.0474 24.0601 24.0731
 24.0848 24.0963 24.1082 24.1237 24.1342 24.1443 24.1556 24.1644 24.1735
 24.1841 24.194  24.2059 24.2165 24.2278 24.2366 24.2471 24.2593 24.2691
 24.2797 24.2886 24.2977 24.3075 24.3186 24.3295 24.3376 24.3469 24.3562
 24.3672 24.3756 24.3849 24.3937 24.4039 24.4125 24.4208 24.4295 24.439
 24.4478 24.4563 24.4658 24.4751 24.4842 24.4933 24.502  24.5119 24.521
 24.5292 24.5376 24.5458 24.554  24.5625 24.5708 24.5784 24.5862 24.594
 24.6023 24.6108 24.6185 24.6272 24.6351 24.6426 24.651  24.6596 24.6688
 24.6776 24.6848 24.6931 24.7016 24.7095 24.717  24.7249 24.7325 24.7401
 24.7483 24.7566 24.764  24.7719 24.7797 24.7879 24.7956 24.8031 24.8114
 24.8189 24.8264 24.834  24.8415 24.8493 24.8565 24.8642 24.8715 24.8793
 24.8871 24.8948 24.9024 24.9099 24.917  24.9245 24.932  24.9399 24.9472
 24.9548 24.9627 24.9699 24.9768 24.9845 24.9919 24.9995 25.0072 25.0143
 25.0215 25.0288 25.0361 25.0434 25.0508 25.0583 25.0659 25.073  25.0804
 25.0879 25.0953 25.1026 25.1097 25.1167 25.1239 25.131  25.1388 25.1459
 25.1536 25.1608 25.1679 25.1756 25.1828 25.1902 25.1975 25.2048 25.2127
 25.2198 25.2273 25.2345 25.2416 25.249  25.2559 25.2631 25.2701 25.2778
 25.2848 25.292  25.2989 25.3062 25.3138 25.3216 25.3293 25.3368 25.3443
 25.3517 25.3596 25.3667 25.3742 25.3817 25.3891 25.3967 25.4041 25.4119
 25.4196 25.4273 25.4348 25.4422 25.4496 25.4569 25.4642 25.4716 25.4788
 25.4862 25.4935 25.5011 25.5089 25.5165 25.5244 25.5318 25.5392 25.5473
 25.5549 25.5629 25.5702 25.5781 25.5859 25.5932 25.6004 25.6076 25.6152
 25.6227 25.6302 25.6378 25.6453 25.653  25.6608 25.6682 25.6763 25.6848
 25.6924 25.7005 25.709  25.717  25.7249 25.7327 25.7405 25.7486 25.7568
 25.7649 25.773  25.7804 25.7885 25.7967 25.8045 25.8128 25.8211 25.8293
 25.8383 25.8465 25.8545 25.8628 25.8722 25.8802 25.8884 25.8971 25.9057
 25.9141 25.9224 25.931  25.9402 25.949  25.9577 25.9669 25.9767 25.9853
 25.9933 26.0023 26.0117 26.0215 26.0312 26.0407 26.0507 26.0602 26.0705
 26.0807 26.091  26.1008 26.11   26.1204 26.1296 26.1387 26.1496 26.1596
 26.1692 26.1813 26.1917 26.2029 26.2144 26.2251 26.2353 26.2459 26.2585
 26.271  26.2844 26.2976 26.3113 26.3233 26.3336 26.3446 26.3574 26.371
 26.3855 26.4012 26.4139 26.4304 26.4477 26.4648 26.4823 26.5044 26.5287
 26.5474 26.5651 26.5934 26.6137 26.6489 26.6739 26.691  26.7212 26.7538
 26.7901 26.8199 26.8667 26.9066 27.1204 27.1685
33.0158 33.0863 33.6168 33.9326 33.9926 34.0404 34.2224 34.2586 34.3427
 34.4065 34.4445 34.4785 34.5104 34.5319 34.5614 34.5935 34.6353 34.6856
 34.7065 34.7215 34.7683 34.7871 34.8057 34.8438 34.8749 34.9046 34.9728
 35.0021 35.0419 35.081  35.1219 35.1556 35.2723 35.3021 35.3302 35.3715
41.8137 42.1601 42.2334 42.3266 42.4203 42.4827 42.5258 42.5654 42.6978
 42.7297 42.7571 42.8045 42.8403 42.8563 42.875  42.9022 42.925  42.9413
 42.9566 42.9869 43.018  43.0525 43.0712 43.085  43.097  43.113  43.1248
 43.1398 43.1529 43.1686 43.18   43.1945 43.2082 43.221  43.2362 43.2521
 43.2673 43.2818 43.2935 43.3074 43.3185 43.3307 43.3424 43.3541 43.3664
 43.3783 43.3911 43.4018 43.4103 43.4213 43.432  43.4443 43.4554 43.4671
 43.4787 43.4905 43.5006 43.512  43.5227 43.5318 43.5403 43.5495 43.563
 43.5766 43.5877 43.6019 43.6128 43.6231 43.6332 43.6424 43.6537 43.6622
 43.6717 43.6807 43.6894 43.6999 43.7091 43.7198 43.7289 43.7382 43.7474
 43.7562 43.7654 43.7745 43.7836 43.7932 43.8023 43.8104 43.8193 43.8282
 43.8375 43.8466 43.8557 43.8651 43.8748 43.8838 43.8924 43.902  43.9111
 43.9212 43.9311 43.9403 43.9499 43.9594 43.9685 43.9779 43.9879 43.9971
 44.0057 44.0145 44.0239 44.0322 44.0406 44.0497 44.0579 44.067  44.0755
 44.0849 44.0938 44.1026 44.1114 44.1201 44.1289 44.1378 44.1467 44.155
 44.1637 44.1731 44.1818 44.1904 44.1999 44.209  44.2189 44.2289 44.2385
 44.2491 44.2578 44.2676 44.2772 44.2857 44.2946 44.3036 44.3121 44.3217
 44.3307 44.3394 44.3483 44.3584 44.3679 44.3776 44.3875 44.3967 44.4056
 44.4156 44.4259 44.4364 44.4462 44.4565 44.4666 44.4761 44.4849 44.496
 44.5066 44.5163 44.5255 44.5369 44.5466 44.556  44.5677 44.5779 44.5877
 44.5968 44.6069 44.6166 44.6273 44.6377 44.648  44.6585 44.6686 44.6791
 44.6898 44.7011 44.7109 44.7214 44.7318 44.742  44.754  44.7668 44.7818
 44.7943 44.8062 44.8207 44.8355 44.848  44.8614 44.8749 44.8854 44.8978
 44.9106 44.9252 44.9442 44.9632 44.9745 44.9899 45.0125 45.0376 45.0568
 45.0749 45.0912 45.1173 45.1817 45.2107 45.2517 45.2929 45.3287
51.4078 51.4369 51.4856 51.5324 51.6334 51.7817 51.8974 51.9584 51.9883
 52.0479 52.0793 52.1254 52.1514 52.1777 52.2109 52.2518 52.2888 52.3208
 52.3583 52.4183 52.4328 52.4527 52.4692 52.4923 52.5083 52.5729 52.5892
 52.6062 52.6286 52.6448 52.6598 52.6724 52.6843 52.7007 52.7166 52.7391
 52.7583 52.7745 52.7912 52.8064 52.8208 52.8346 52.8482 52.8642 52.8823
 52.8942 52.9094 52.9275 52.9439 52.9604 52.9735 52.9884 53.0014 53.016
 53.0322 53.0463 53.057  53.0694 53.0829 53.0982 53.1154 53.1384 53.1533
 53.1668 53.1839 53.1992 53.2119 53.224  53.2366 53.2493 53.2628 53.2776
 53.2916 53.3031 53.3143 53.3294 53.3478 53.3698 53.3842 53.3965 53.4097
 53.4221 53.4379 53.4528 53.4682 53.4844 53.4996 53.5185 53.5349 53.555
 53.5705 53.5836 53.5995 53.6162 53.635  53.6524 53.6674 53.684  53.7038
 53.7218 53.7387 53.7627 53.7836 53.8105 53.8308 53.8499 53.8686 53.9035
 53.925  53.9527 53.9993 54.0386 54.0608 54.0859 54.1629 54.3209 59.251
 59.4983 59.8555
60.2259 60.3006 60.3167 60.3848 60.4175 60.4606 60.4859 60.5117 60.6085
 60.6309 60.6493 60.6687 60.6963 60.725  60.75   60.7658 60.8015 60.8416
 60.8561 60.8733 60.8914 60.9098 60.942  60.9668 60.982  60.9937 61.0193
 61.0328 61.0488 61.0711 61.084  61.0974 61.1166 61.1301 61.1476 61.1631
 61.175  61.197  61.2148 61.2323 61.2462 61.2616 61.2765 61.2895 61.3003
 61.3125 61.3226 61.3335 61.345  61.3582 61.3693 61.3803 61.3905 61.4008
 61.4153 61.4252 61.4352 61.4451 61.4546 61.4642 61.4744 61.4835 61.4933
 61.5032 61.5135 61.524  61.5338 61.5428 61.5528 61.563  61.5732 61.5838
 61.5933 61.6022 61.6103 61.6206 61.6295 61.6387 61.6484 61.6577 61.6664
 61.6757 61.6841 61.693  61.702  61.7117 61.7203 61.7295 61.7379 61.7464
 61.755  61.7644 61.7733 61.7828 61.7922 61.8019 61.8119 61.8207 61.8297
 61.8409 61.8498 61.8595 61.8687 61.8775 61.8855 61.8945 61.9028 61.9111
 61.9194 61.9283 61.9366 61.9456 61.9537 61.9639 61.9728 61.9818 61.9905
 61.9982 62.0062 62.0145 62.0228 62.0312 62.0393 62.0475 62.0559 62.0643
 62.0727 62.0808 62.0885 62.0967 62.1047 62.1124 62.1205 62.1288 62.1373
 62.1454 62.1533 62.161  62.1687 62.1769 62.1854 62.193  62.2013 62.2091
 62.2166 62.2243 62.232  62.2395 62.2473 62.2554 62.2632 62.2708 62.2788
 62.2869 62.2957 62.3033 62.3119 62.3196 62.3274 62.3354 62.3434 62.351
 62.3589 62.3676 62.3757 62.3837 62.3918 62.3999 62.4092 62.4177 62.4257
 62.4339 62.4424 62.4499 62.4582 62.4661 62.4738 62.4819 62.4904 62.4984
 62.5064 62.5145 62.5232 62.5313 62.5392 62.5479 62.5569 62.5654 62.5738
 62.5819 62.5903 62.5987 62.6069 62.6153 62.6233 62.6313 62.6404 62.6491
 62.6579 62.6663 62.6754 62.6836 62.6919 62.7002 62.7085 62.7168 62.7253
 62.7339 62.7427 62.7511 62.7608 62.7692 62.7778 62.7888 62.7987 62.8085
 62.8176 62.8272 62.8375 62.8464 62.855  62.8642 62.8739 62.8829 62.8921
 62.9015 62.9112 62.9208 62.9304 62.9397 62.9491 62.9586 62.9679 62.979
 62.9895 63.0003 63.0098 63.0208 63.0321 63.0432 63.0558 63.0653 63.0774
 63.0878 63.1007 63.1126 63.1237 63.1339 63.1454 63.1575 63.1698 63.1834
 63.1988 63.211  63.2227 63.2343 63.2457 63.2593 63.274  63.2876 63.2998
 63.3164 63.3393 63.3548 63.3758 63.3916 63.4073 63.4383 63.4623 63.4824
 63.5109 63.528  63.5433 63.5885 63.652  63.7096 63.7796 63.9329 64.0934
 68.7729

