13.6916 14.0006 14.2473 14.5715 14.6709 14.7982 14.8916 15.2394
22.9535 22.9857 23.0615 23.331  23.3508 23.3759 23.4271 23.5296 23.5487
 23.6013 23.679  23.7831 23.8101 23.9505 23.9755 23.9939 24.0097 24.0241
 24.0372 24.0536 24.066  24.0772 24.0886 24.1096 24.1277 24.1471 24.1708
 24.1935 24.2104 24.2313 24.2495 24.2633 24.2758 24.3224 24.3698 24.3988
 24.4179 24.4632 24.4923 24.513  24.5266 24.5704 24.6014 24.6289
33.5899 33.7037
41.8745 41.9547 42.0588 42.3834 42.4762 42.5206 42.6388 42.6915 42.7241
 42.7589 42.8597 42.9421 43.0845 43.1162 43.1292 43.4628
50.8163 51.5004 51.7356 51.9752 52.1232 52.5203 59.1843 59.6254
60.1895 60.2818 60.3533 60.401  60.4481 60.4854 60.509  60.5674 60.6008
 60.6294 60.6514 60.6783 60.7301 60.7453 60.841  60.9172 61.0499 61.0814
 61.1029 61.1165 61.1342 61.21   61.2272 61.2452 61.3003 61.3326 61.353
 61.3974 61.5947 69.5474

