14.1628 14.2628 14.3018 14.3259 14.3656 14.3996 14.5117 14.6144 14.6335
 14.7327 14.7505 14.776  14.7915 14.8393 14.8573 14.8999 14.9472 14.9836
 15.0556
20.7579 23.0499 23.4943 23.5953 23.6799 23.7241 23.8661 23.9923 24.2457
 24.316  24.4287 24.6369
30.6754 32.3867 32.7232 32.9356 33.0339 33.1137 33.2631 33.3992 33.4247
 33.4514 33.4768 33.5256 33.5477 33.5958 33.6902 33.7516 33.8145 33.874
 33.939  33.9816 39.9893
40.6918 40.9869 42.0528 42.1118 42.1823 42.2417 42.2779 42.3226 42.4926
 42.523  42.5465 42.5592 42.5924 42.6339 42.6683 42.6892 42.7248 42.7919
 42.8469 42.8754 42.9045 42.9568 42.981  43.0251 43.0535 43.1212 43.1718
50.5088 51.2769 51.4396 51.4886 51.565  51.6372 51.6817 51.7094 51.7557
 51.8853 51.9201 51.9862 52.0147 52.0456 52.0948 52.2066 52.2353 52.3052
 52.3513 52.4138 52.4407 52.4572
60.0775 60.3718 60.4623 60.8254 60.8938 60.9226 61.1719 61.1893 61.2525
 61.3037 61.4585

