13.2707 13.3868 13.7164 13.9232 14.0277 14.231  14.3614 14.3933 14.499
 14.6349 14.6821 14.8369 14.9517 15.1415
22.5279 23.1959 23.3894 23.7932 23.8678
32.3928 33.0206 33.0727 33.2903 33.3346 33.3926 33.4504 33.5796 33.6839
 33.8293 33.8424 33.8774
41.6032 42.0605 42.1553 42.2562 42.2813 42.3175 42.3541 42.503  42.5361
 42.5613 42.6056 42.6249 42.6578 42.7669 42.7976 42.8135 42.8991 42.9322
 42.962
51.0739 51.7564 51.8141 52.0138 52.1164 52.2759 52.3349 52.4347
60.5538 60.8039 60.8994 60.9885 61.2588 61.2787 61.5096 69.5706 69.7849

