13.898  13.957  14.1426 14.1747 14.1923 14.2105 14.3453 14.6797 14.7187
 14.786  14.8239 14.8662 14.8913 14.9874 15.0389 15.1308 15.1676 15.2692
21.6476 22.3719 22.7728 23.1563 23.2159 23.2718 23.3864 23.6232 23.6993
 23.8061 23.9047 23.9294 24.0494 24.1084 24.1567 24.2103 24.2264 24.3317
 24.4531 24.5638
31.3919 31.7214 33.132  33.2212 33.2609 33.3092 33.3796 33.4508 33.5212
 33.5503 33.6958 33.7616 33.8677 33.9984 34.0959
42.1136 42.1638 42.2706 42.3181 42.3577 42.4264 42.4379 42.5333 42.5614
 42.6175 42.6953 42.7212 42.8388 42.8666 42.9209 42.9379 43.0604 43.0777
 43.1116 43.1243 43.1394 43.1853 43.2312 43.2502 43.2994 43.3206
50.0788 50.4705 50.6385 50.6917 51.445  51.6155 51.64   52.0403 52.1892
 52.2336 52.2719 52.597  52.6502 59.4634
60.248  60.4839 60.6914 60.7297 60.7817 60.8217 60.9263 61.0125 61.0241
 61.0452 61.343  61.4171 61.5043 61.6719 61.7939 69.4247

