13.3486 13.43   13.4605 13.4872 13.5064 13.5636 13.6826 13.709  13.7433
 13.7846 13.7999 13.8399 13.8985 13.9529 13.9916 19.784
20.9439 21.5527 21.9986 22.0369 22.1325 22.1814 22.2405 22.5855 22.6486
 22.6759 22.7147 22.9689
30.8309 30.9691 31.2228 31.4002 31.5369 31.6334 31.9468 38.2856 38.7542
 38.8539 39.2579 39.3739 39.4324 39.4888 39.5154 39.548  39.623  39.7301
 39.7524 39.7704 39.789  39.8225 39.8504 39.8758 39.9014 39.9252 39.9543
 39.9745 39.9912
40.0103 40.0339 40.0534 40.0875 40.1123 40.1309 40.1523 40.2593 40.2811
 40.3542 40.3863 45.9214 47.4419 47.9158 48.1047 48.2914 48.5181 48.5493
 48.6341 48.7228 48.8418 48.8738 48.9506 49.0354 49.0591
56.9819 57.2938 57.6367
64.6311 65.0954 65.3898 65.4226 65.5843 65.7382 65.7837 65.8082 65.8508
 65.8649 65.8893 65.9103 66.0144 66.0482 66.0756 66.0971 66.1142 66.1289
 66.2696 66.2919 66.3288 66.4558

