11.7568 12.5095 12.9256 12.9568 13.0609 13.1126 13.2553 13.2794 13.3047
 13.3238 13.3767 13.4704 13.4878 13.5042 13.5198 13.5395 13.5575 13.5828
 13.5998 13.6236 13.6402 13.6604 13.6783 13.6947 13.7091 13.7293 13.7444
 13.7583 13.778  13.792  13.8048 13.8179 13.8323 13.848  13.8599 13.8739
 13.8876 13.8982 13.9141 13.9308 13.9444 13.9617 13.9752 13.9864 14.0009
 14.0164 14.03   14.0436 14.058  14.0723 14.0847 14.0991 14.1109 14.1217
 14.1336 14.1449 14.1602 14.1745 14.1902 14.2074 14.2218 14.2343 14.2457
 14.256  14.2658 14.2762 14.2891 14.2999 14.3121 14.3239 14.335  14.3459
 14.3557 14.3661 14.3769 14.3884 14.403  14.4161 14.4267 14.4371 14.4468
 14.4589 14.4696 14.4804 14.493  14.506  14.5178 14.5309 14.5418 14.552
 14.5645 14.5746 14.5871 14.5975 14.6074 14.6195 14.6305 14.6402 14.6519
 14.6647 14.6753 14.6881 14.699  14.713  14.7261 14.7367 14.7482 14.7623
 14.775  14.7905 14.8006 14.8131 14.8268 14.8385 14.8508 14.8611 14.8742
 14.8861 14.8975 14.9106 14.9237 14.943  14.9558 14.9668 14.9777 14.9899
 15.0024 15.0191 15.0301 15.0472 15.0703 15.0866 15.1004 15.1119 15.1259
 15.1436 15.1574 15.1685 15.1814 15.1943 15.2092 15.2223 15.2374 15.2519
 15.2677 15.2851 15.3073 15.3206 15.34   15.355  15.371  15.3866 15.4069
 15.4369 15.4549 15.4748 15.4898 15.5295 15.5499 15.5889 15.6369 15.6654
 15.7306 15.8139
21.6817 21.8242 21.9882 22.1688 22.3067 22.343  22.3776 22.4264 22.4407
 22.46   22.4871 22.5111 22.5334 22.55   22.5658 22.5852 22.6056 22.6239
 22.6529 22.6677 22.6854 22.7078 22.7205 22.7373 22.7521 22.7659 22.7817
 22.8003 22.8139 22.8302 22.8461 22.8628 22.8744 22.8892 22.9066 22.9331
 22.9547 22.9683 22.9807 22.9927 23.0052 23.0169 23.0278 23.0386 23.0502
 23.0619 23.0747 23.0867 23.1006 23.1132 23.1238 23.1393 23.1523 23.1641
 23.1751 23.1877 23.1997 23.2123 23.2262 23.2385 23.252  23.2626 23.2763
 23.2873 23.2998 23.315  23.3253 23.3352 23.347  23.358  23.3727 23.3894
 23.4023 23.4195 23.4348 23.4496 23.4651 23.4859 23.5    23.5196 23.5357
 23.549  23.5627 23.5724 23.5835 23.5961 23.6076 23.6209 23.6326 23.6469
 23.6587 23.6779 23.6914 23.7043 23.717  23.7302 23.7444 23.7569 23.7682
 23.7855 23.8025 23.8228 23.8343 23.8497 23.8676 23.8806 23.9002 23.9222
 23.936  23.9495 23.963  23.9797 23.9959 24.012  24.03   24.0448 24.0624
 24.0755 24.0895 24.1075 24.1219 24.1371 24.1536 24.1876 24.2049 24.223
 24.2479 24.281  24.3038 24.3373 24.3633 24.3948 24.4416 24.5076 24.5604
 24.5918 24.6688 29.2286
30.5156 31.1619 31.2453 31.3523 31.4258 31.5028 31.5371 31.5576 31.5865
 31.6051 31.6293 31.6914 31.7214 31.7708 31.7999 31.8511 31.8752 31.9049
 31.9172 31.9488 31.9624 31.9811 32.0061 32.0237 32.0354 32.0518 32.0668
 32.0885 32.1017 32.1418 32.1628 32.1852 32.2378 32.2723 32.289  32.3152
 32.3328 32.4011 32.4194 32.4994 32.523  32.5573 32.5725 32.5964 32.6898
 32.7138 32.7297 32.7465 32.7691 32.8109 32.8349 32.8956 32.9298 32.9657
 32.9977 33.0161 33.048  33.0943 33.1321 33.2056 33.2819 33.3676 39.0972
 39.1673 39.1859 39.2352 39.3288 39.3679 39.3869 39.4185 39.4364 39.454
 39.4773 39.5026 39.5153 39.5305 39.5477 39.5784 39.6063 39.6267 39.6433
 39.6572 39.6739 39.691  39.7098 39.7238 39.7376 39.752  39.7701 39.7832
 39.7984 39.8174 39.829  39.8397 39.8505 39.8679 39.8821 39.8977 39.9095
 39.9195 39.9307 39.9414 39.9512 39.9626 39.9745 39.9855 39.9978
40.0133 40.0243 40.0348 40.0472 40.0574 40.0693 40.0818 40.0947 40.1066
 40.1168 40.1286 40.1398 40.1512 40.1617 40.1751 40.1851 40.1957 40.207
 40.2184 40.2302 40.2404 40.2502 40.2609 40.2705 40.2806 40.2908 40.3006
 40.3097 40.3198 40.3295 40.3392 40.3483 40.3575 40.3664 40.3761 40.3855
 40.395  40.4069 40.4158 40.4248 40.4341 40.4432 40.4513 40.4603 40.4695
 40.4793 40.4888 40.4985 40.5081 40.5162 40.5262 40.5351 40.5447 40.5537
 40.5649 40.5752 40.586  40.5952 40.6053 40.6146 40.6236 40.6335 40.6432
 40.6534 40.6641 40.6735 40.6829 40.6922 40.7032 40.7129 40.7232 40.7348
 40.747  40.76   40.7693 40.779  40.7883 40.7975 40.8075 40.8168 40.8273
 40.836  40.8452 40.8537 40.8625 40.8723 40.8822 40.8917 40.9004 40.9113
 40.9202 40.9289 40.9393 40.9482 40.958  40.9686 40.9791 40.9896 40.9991
 41.0086 41.0184 41.0292 41.0392 41.0495 41.0591 41.0693 41.0783 41.0898
 41.099  41.1101 41.1214 41.1323 41.1413 41.1556 41.1672 41.1773 41.1879
 41.1995 41.2117 41.2227 41.2339 41.245  41.2583 41.2687 41.2797 41.2891
 41.2992 41.3105 41.3224 41.3332 41.3447 41.3563 41.3684 41.3792 41.3901
 41.3993 41.4096 41.4218 41.4348 41.4471 41.4577 41.4686 41.4812 41.4927
 41.5036 41.5157 41.5291 41.543  41.5571 41.5725 41.5917 41.6055 41.6209
 41.6352 41.6481 41.6605 41.6725 41.6879 41.7007 41.7147 41.7282 41.7448
 41.7667 41.7876 41.8172 41.8344 41.8593 41.8751 41.8908 41.9124 41.9333
 41.9663 41.9888 42.0275 42.0649 42.1293 43.216  46.9961 47.5029 48.0766
 48.1888 48.2842 48.348  48.4167 48.4662 48.4943 48.5137 48.5301 48.5548
 48.5829 48.6014 48.6305 48.6531 48.6726 48.7015 48.7164 48.732  48.7515
 48.7679 48.7831 48.7978 48.8197 48.8356 48.8509 48.8682 48.8855 48.8975
 48.9123 48.9241 48.9352 48.948  48.9615 48.9725 48.9837 48.9938 49.008
 49.0175 49.0313 49.0454 49.055  49.066  49.0768 49.0872 49.097  49.1146
 49.1257 49.1367 49.1504 49.1614 49.1724 49.1826 49.1943 49.2055 49.2156
 49.2241 49.2335 49.2452 49.2581 49.2713 49.2851 49.2951 49.3082 49.3189
 49.3279 49.3388 49.3477 49.358  49.3683 49.3796 49.3933 49.4048 49.4196
 49.4323 49.4454 49.4544 49.4644 49.4766 49.4868 49.5001 49.5151 49.5279
 49.5404 49.5516 49.5623 49.573  49.5888 49.6001 49.6114 49.6229 49.633
 49.6442 49.6556 49.6688 49.6825 49.694  49.7061 49.7153 49.7265 49.7383
 49.7505 49.7638 49.7776 49.7892 49.8012 49.8139 49.8251 49.8348 49.8491
 49.8607 49.8748 49.8866 49.8974 49.9088 49.9237 49.935  49.9497 49.9598
 49.9736 49.9881 49.9998
50.0116 50.024  50.0346 50.0481 50.0609 50.0742 50.086  50.1003 50.1133
 50.1264 50.1386 50.1502 50.1642 50.178  50.1948 50.21   50.2246 50.2386
 50.2529 50.2698 50.2841 50.2983 50.3193 50.3344 50.3511 50.3664 50.3831
 50.4113 50.4437 50.4617 50.4803 50.5097 50.5427 50.5657 50.6022 50.6744
 50.7481 50.8405 50.8832 51.0084 57.1755 57.3131 57.3812 57.4938 57.6144
 57.7649 57.9018 57.9325 58.0191 58.0339 58.0773 58.1049 58.1311 58.1907
 58.2186 58.2365 58.2526 58.274  58.3013 58.3284 58.3473 58.3724 58.3977
 58.412  58.428  58.449  58.4669 58.4898 58.5015 58.5203 58.5365 58.5523
 58.5716 58.5835 58.5988 58.6158 58.6376 58.6625 58.6769 58.697  58.7213
 58.7366 58.7507 58.7765 58.7911 58.808  58.8283 58.8586 58.8779 58.8959
 58.9131 58.9286 58.9673 58.9814 58.9992 59.0154 59.0352 59.0479 59.0605
 59.0761 59.0921 59.109  59.1392 59.1615 59.1874 59.206  59.2265 59.244
 59.2705 59.2914 59.3127 59.3329 59.3474 59.3652 59.3919 59.4233 59.4445
 59.4581 59.4799 59.5044 59.5336 59.5538 59.5723 59.5962 59.6286 59.6513
 59.6799 59.6991 59.7869 59.8275 59.8645 59.9303
60.1026 62.4214 64.6431 64.888  65.1332 65.4319 65.4557 65.4736 65.503
 65.5614 65.5963 65.6457 65.6764 65.6977 65.7327 65.7483 65.7776 65.7974
 65.8161 65.8374 65.8543 65.873  65.8994 65.9268 65.9726 65.9878 66.0056
 66.0188 66.034  66.0473 66.0607 66.0731 66.0881 66.0991 66.1142 66.1281
 66.144  66.1573 66.1722 66.1839 66.1984 66.2109 66.2209 66.231  66.2438
 66.2599 66.2709 66.2813 66.2914 66.3016 66.3118 66.323  66.3341 66.3449
 66.356  66.3667 66.3793 66.3902 66.4022 66.4124 66.424  66.4375 66.4501
 66.4631 66.4751 66.4854 66.4966 66.5064 66.5191 66.5287 66.5376 66.5476
 66.5569 66.5663 66.5764 66.5865 66.5957 66.605  66.6141 66.6236 66.6339
 66.6445 66.6555 66.6672 66.6782 66.6899 66.7013 66.7119 66.7213 66.731
 66.742  66.753  66.764  66.7761 66.787  66.7963 66.8052 66.8141 66.8263
 66.8359 66.8471 66.8587 66.8702 66.8811 66.8944 66.9038 66.9143 66.9233
 66.9334 66.9434 66.9543 66.9645 66.9754 66.9864 66.9977 67.009  67.0197
 67.0299 67.0395 67.0485 67.0579 67.0668 67.0763 67.0868 67.0962 67.1064
 67.1175 67.1285 67.1451 67.157  67.1668 67.1797 67.1907 67.2029 67.2133
 67.2236 67.2338 67.2462 67.257  67.2683 67.2786 67.2916 67.3036 67.3161
 67.3282 67.3378 67.3485 67.3599 67.3712 67.3843 67.3948 67.4057 67.4161
 67.43   67.4446 67.4567 67.471  67.4824 67.4987 67.5119 67.5228 67.5373
 67.5504 67.5614 67.574  67.589  67.6014 67.6123 67.6254 67.6378 67.6545
 67.6716 67.6853 67.703  67.7178 67.7381 67.7517 67.7687 67.7912 67.8116
 67.8307 67.852  67.8706 67.885  67.9289 67.9527 68.0055 68.0899 68.2187
 68.2679

