12.9798 13.1631 13.2509 13.2787 13.3271 13.3767 13.4168 13.4349 13.4676
 13.4847 13.5025 13.5204 13.5371 13.6723 13.7126 13.7444 13.9877 14.0746
20.6467 21.4045 21.5517 21.7736 21.7973 21.8205 22.111  22.1777 22.2048
 22.2806 22.3616 22.4659 22.4882 22.5025 22.5179 22.5312 22.6248 22.8237
 22.9088 23.0145
30.68   30.9385 31.089  31.2801 31.3138 31.3617 31.6667 31.7158 38.5017
 38.6691 38.9972 39.0862 39.1865 39.2214 39.2533 39.2769 39.3076 39.3489
 39.4037 39.423  39.4543 39.5474 39.5657 39.5853 39.6254 39.6393 39.6532
 39.6718 39.698  39.7269 39.7447 39.7627 39.7846 39.8264 39.8561 39.8916
 39.9403 39.9519 39.9969
40.0464 40.0688 40.087  40.1093 40.1308 40.1573 40.1816 40.2056 40.2303
 40.2923 47.4598 47.5348 47.8244 47.9684 48.1237 48.1496 48.2729 48.293
 48.3369 48.4572 48.5198 48.5844 48.6298 48.7334 48.7552 48.7717 48.7954
 48.8218 48.8653 48.9065 48.9552
56.1987 57.0896 57.491  57.5287 57.6276 57.6508 57.8794 57.8996 57.936
64.2591 64.7109 64.7534 64.8986 64.9663 65.1873 65.2456 65.3244 65.4409
 65.5576 65.5887 65.6263 65.6776 65.7356 65.7557 65.7792 65.81   65.8613
 65.9454 66.0194 66.0502 66.0749 66.0976 66.1407 66.166  66.1818 66.2168
 66.3709 66.4184

