12.4455 12.5393 12.9801 13.0543 13.1275 13.1821 13.3756 13.4167 13.4409
 13.4627 13.4746 13.4934 13.5204 13.5418 13.5653 13.5904 13.6193 13.6354
 13.6518 13.6761 13.6905 13.7046 13.7206 13.7339 13.7479 13.7628 13.7777
 13.7897 13.8051 13.8209 13.8394 13.8544 13.8644 13.8797 13.8914 13.9065
 13.9228 13.9361 13.9475 13.959  13.9716 13.9822 13.9925 14.0031 14.0154
 14.028  14.0413 14.0546 14.0642 14.0738 14.0874 14.0983 14.1113 14.1212
 14.1323 14.1428 14.1523 14.1611 14.1714 14.1813 14.19   14.2042 14.2149
 14.2261 14.2356 14.2463 14.2562 14.268  14.2797 14.2893 14.2996 14.3097
 14.319  14.33   14.3436 14.3564 14.3692 14.3793 14.3892 14.3998 14.4089
 14.4187 14.4272 14.4377 14.4481 14.4599 14.4707 14.482  14.492  14.5047
 14.5137 14.5244 14.5363 14.5487 14.5586 14.5682 14.5794 14.5887 14.5975
 14.6083 14.618  14.6291 14.639  14.65   14.661  14.6727 14.6839 14.6948
 14.7054 14.7155 14.7257 14.7358 14.7464 14.7583 14.7703 14.7837 14.7982
 14.8126 14.8248 14.8407 14.8568 14.8701 14.8814 14.8937 14.9094 14.9207
 14.9316 14.9443 14.9611 14.9794 14.997  15.0116 15.0257 15.0388 15.0565
 15.0693 15.0851 15.0989 15.1135 15.1247 15.1404 15.1619 15.1835 15.1975
 15.2158 15.2305 15.2519 15.2811 15.3118 15.3334 15.3544 15.3726 15.3888
 15.4097 15.4497 15.4738 15.4939 15.5696 15.651  15.6826 15.7286 15.7707
 17.5849
21.1046 22.0983 22.1254 22.1734 22.2296 22.2553 22.2702 22.2855 22.3081
 22.3361 22.3555 22.3782 22.3954 22.4236 22.4849 22.5001 22.5166 22.5341
 22.5472 22.5645 22.581  22.5936 22.6101 22.6281 22.6466 22.6601 22.6759
 22.6894 22.7    22.7132 22.7308 22.744  22.7616 22.7767 22.7898 22.8033
 22.8148 22.8269 22.8382 22.8479 22.8604 22.8728 22.8827 22.8932 22.905
 22.9163 22.9268 22.9389 22.9482 22.9621 22.9763 22.9873 22.9983 23.0144
 23.0274 23.039  23.0558 23.068  23.0771 23.0895 23.0991 23.1093 23.1195
 23.1303 23.1428 23.1541 23.1625 23.1732 23.1851 23.2002 23.214  23.2233
 23.233  23.2436 23.2555 23.2649 23.2755 23.2904 23.303  23.3127 23.3252
 23.3373 23.3474 23.3594 23.37   23.3819 23.3929 23.4046 23.418  23.4288
 23.4397 23.4501 23.4608 23.4725 23.4859 23.4961 23.5065 23.5169 23.5277
 23.5388 23.5492 23.5599 23.5699 23.5799 23.5902 23.6024 23.6152 23.6277
 23.6427 23.6591 23.6765 23.6916 23.7092 23.7206 23.7345 23.7469 23.7616
 23.7734 23.7884 23.8002 23.8234 23.8378 23.8533 23.867  23.8794 23.8942
 23.9084 23.9218 23.9374 23.9524 23.9667 23.9819 24.0154 24.037  24.054
 24.0734 24.0898 24.1223 24.1463 24.1679 24.1832 24.2099 24.2784 24.3111
 24.3856 24.4471 24.5263 24.5545 26.8339
31.0367 31.2216 31.2765 31.3094 31.3342 31.3939 31.4194 31.5625 31.6068
 31.6507 31.7022 31.7274 31.7529 31.7705 31.7913 31.8254 31.8551 31.8768
 31.9196 31.9365 31.9653 31.9934 32.0049 32.0194 32.0419 32.0704 32.1016
 32.1218 32.1421 32.1603 32.1742 32.1892 32.2072 32.2193 32.2403 32.2561
 32.2732 32.3038 32.3198 32.3375 32.3536 32.3661 32.3923 32.4102 32.4339
 32.4502 32.4712 32.4987 32.5171 32.5474 32.5647 32.6001 32.6257 32.6805
 32.7097 32.726  32.7707 32.8009 32.8622 32.9168 32.9871 33.0298 33.1841
 33.2404 33.2706 34.8244 38.4889 38.5689 38.6296 38.6681 38.828  38.9417
 39.0531 39.2169 39.2441 39.2612 39.3253 39.3452 39.4041 39.4205 39.4434
 39.4679 39.4905 39.5069 39.5373 39.5613 39.5815 39.5955 39.6129 39.6285
 39.6453 39.663  39.6756 39.6844 39.6954 39.7093 39.7244 39.7375 39.7515
 39.7654 39.778  39.7902 39.8027 39.8204 39.839  39.8517 39.8695 39.884
 39.8964 39.9114 39.9207 39.9313 39.9412 39.9515 39.9611 39.9719 39.9847
 39.9953
40.0035 40.0131 40.0224 40.0323 40.0406 40.051  40.0613 40.0719 40.082
 40.0925 40.1018 40.1105 40.1223 40.1315 40.1404 40.1488 40.1604 40.1688
 40.1782 40.1884 40.1972 40.2076 40.2169 40.2265 40.2362 40.2455 40.2548
 40.2652 40.2741 40.2826 40.2915 40.3002 40.3094 40.3177 40.3261 40.3346
 40.3445 40.3536 40.3617 40.3712 40.3798 40.3875 40.3956 40.4045 40.4132
 40.4226 40.4305 40.4385 40.4463 40.4552 40.4631 40.4711 40.4791 40.4873
 40.4951 40.5033 40.5133 40.5228 40.5312 40.5397 40.5477 40.5565 40.5645
 40.573  40.5819 40.5915 40.5996 40.609  40.6181 40.626  40.6348 40.6429
 40.6518 40.6623 40.6712 40.6792 40.6873 40.6955 40.7035 40.7118 40.7197
 40.7272 40.7361 40.7448 40.7536 40.7623 40.7716 40.781  40.7896 40.7988
 40.808  40.8169 40.826  40.835  40.8436 40.8528 40.8632 40.8729 40.885
 40.8942 40.9032 40.9131 40.9236 40.9324 40.9422 40.9514 40.9608 40.9705
 40.9802 40.9912 41.0011 41.0107 41.0214 41.0304 41.0403 41.0514 41.0623
 41.0728 41.0823 41.0919 41.1032 41.1132 41.124  41.1351 41.1455 41.1571
 41.1677 41.1772 41.189  41.2004 41.211  41.2245 41.2358 41.2477 41.2589
 41.2698 41.2813 41.2922 41.3051 41.3172 41.3314 41.3449 41.3619 41.3774
 41.3908 41.4029 41.4225 41.4393 41.4528 41.4668 41.491  41.5055 41.5294
 41.5487 41.5722 41.5967 41.6191 41.6408 41.6607 41.6994 41.7192 41.7386
 41.7706 41.7955 41.8282 41.8587 41.8947 41.9598 42.0007 46.2835 46.8187
 47.773  47.9144 48.071  48.1183 48.1509 48.1924 48.2125 48.2391 48.2871
 48.3532 48.3718 48.3955 48.4286 48.4676 48.4945 48.5325 48.5591 48.5825
 48.6038 48.6182 48.6367 48.6498 48.6643 48.68   48.7013 48.7158 48.7257
 48.7395 48.7546 48.7665 48.7848 48.8099 48.825  48.8443 48.8564 48.8671
 48.8795 48.8899 48.9011 48.9153 48.9292 48.943  48.953  48.9637 48.9746
 48.9875 49.0002 49.0095 49.0195 49.0293 49.0433 49.0539 49.0672 49.0777
 49.089  49.1015 49.1135 49.123  49.1322 49.1425 49.1528 49.1625 49.1723
 49.1843 49.1942 49.2044 49.2156 49.2274 49.2372 49.2505 49.2614 49.2705
 49.2822 49.2958 49.3058 49.3187 49.3299 49.3404 49.3511 49.3613 49.3759
 49.3853 49.3959 49.4057 49.417  49.4267 49.4382 49.4478 49.4578 49.4681
 49.4783 49.4893 49.4994 49.5104 49.5193 49.529  49.5388 49.5488 49.5581
 49.5671 49.5772 49.5886 49.5985 49.6083 49.6191 49.6293 49.6407 49.6517
 49.6627 49.6731 49.6834 49.6934 49.7029 49.7159 49.7285 49.7436 49.7553
 49.766  49.7763 49.7885 49.8007 49.8143 49.8259 49.8392 49.85   49.8623
 49.8742 49.8868 49.903  49.9142 49.9263 49.9409 49.9519 49.9652 49.9841
 49.9986
50.0111 50.0213 50.0305 50.0482 50.0631 50.0771 50.0926 50.1411 50.1625
 50.1774 50.198  50.2108 50.2242 50.2413 50.2666 50.2819 50.3361 50.3557
 50.3779 50.3969 50.4252 50.4483 50.4689 50.4879 50.5089 50.5368 50.5896
 50.6623 50.6992 50.8626 51.0007 57.0898 57.3177 57.4113 57.5565 57.6189
 57.6587 57.7196 57.7937 57.8817 57.9323 57.9966 58.0502 58.0651 58.0884
 58.1157 58.1383 58.158  58.1826 58.2525 58.2774 58.3079 58.3287 58.3444
 58.3594 58.3799 58.4045 58.4291 58.4434 58.4612 58.4914 58.5088 58.5228
 58.5497 58.5654 58.5805 58.602  58.6149 58.6307 58.6463 58.665  58.6785
 58.6975 58.7247 58.747  58.7623 58.7885 58.8074 58.8273 58.8422 58.859
 58.8752 58.8931 58.9073 58.9222 58.936  58.9553 58.9721 58.9855 59.0093
 59.0257 59.0435 59.0677 59.0847 59.0978 59.1212 59.1384 59.1581 59.1738
 59.1873 59.2111 59.2437 59.2629 59.3066 59.3336 59.3729 59.3938 59.4312
 59.4527 59.4983 59.5608 59.618  59.6376 59.7369 59.9131
60.0333 64.7286 65.3149 65.3641 65.4534 65.4849 65.5289 65.5836 65.671
 65.7228 65.7487 65.7605 65.7756 65.7977 65.8179 65.8428 65.8562 65.8807
 65.9067 65.9241 65.9424 65.9614 65.9894 66.0047 66.0202 66.0368 66.0551
 66.0704 66.0842 66.0955 66.1092 66.1213 66.1341 66.1471 66.1598 66.1704
 66.1795 66.1916 66.2031 66.2137 66.2257 66.2394 66.2521 66.2619 66.2732
 66.2826 66.2923 66.3048 66.3136 66.3236 66.3328 66.3444 66.3564 66.3683
 66.3801 66.3898 66.3993 66.4086 66.4197 66.4297 66.4387 66.4472 66.4573
 66.4677 66.4772 66.4859 66.495  66.5042 66.5133 66.5238 66.5336 66.5434
 66.5533 66.5641 66.5754 66.5857 66.5971 66.6069 66.6182 66.6278 66.6368
 66.6475 66.6581 66.6692 66.6795 66.6901 66.699  66.708  66.7185 66.728
 66.7363 66.7457 66.7545 66.7651 66.7747 66.7863 66.7982 66.8085 66.8173
 66.8269 66.8383 66.8494 66.8602 66.8691 66.8791 66.8883 66.8982 66.9076
 66.9181 66.9274 66.9363 66.9466 66.9556 66.9661 66.9766 66.9873 66.9985
 67.0084 67.0205 67.0306 67.0393 67.0493 67.0588 67.0696 67.079  67.0881
 67.0976 67.1077 67.1181 67.1301 67.1436 67.1543 67.1663 67.1814 67.1921
 67.2038 67.2143 67.226  67.236  67.2475 67.2604 67.2722 67.2839 67.299
 67.3121 67.3238 67.3425 67.3525 67.3627 67.387  67.4006 67.4169 67.4312
 67.4445 67.4591 67.4713 67.4843 67.4996 67.522  67.5362 67.5507 67.5653
 67.5839 67.6    67.6127 67.6357 67.6493 67.6704 67.6917 67.7089 67.7269
 67.7479 67.7606 67.7771 67.7955 67.8114 67.827  67.8456 67.8689 67.8919
 67.9109 67.9371 67.9567 68.0619 68.0928 68.1462

