10.2769 11.0393 12.1686 13.1875 13.2184 13.2372 13.2604 13.2941 13.3167
 13.3351 13.3559 13.3795 13.418  13.438  13.4529 13.4823 13.5358 13.548
 13.5732 13.5894 13.6031 13.6277 13.6521 13.6837 13.699  13.7252 13.7493
 13.7605 13.7781 13.794  13.8398 13.8536 13.873  13.8861 13.9018 13.9276
 13.9693 13.9905 14.0247 14.0479 14.175
20.2806 21.7258 21.8415 22.0079 22.1692 22.2146 22.2526 22.3157 22.3408
 22.3536 22.4316 22.4487 22.4826 22.5346 22.5655 22.5902 22.6125 22.627
 22.6459 22.6832 22.7109 22.7273 22.7437 22.7625 22.773  22.8131 22.8333
 22.8463 22.8991 22.9274 22.9646 22.9947
30.8014 31.1918 31.3063 31.4157 31.4895 31.5736 31.6162 32.0349 38.4668
 38.9375 38.9767 39.0075 39.0795 39.1953 39.2279 39.2628 39.2931 39.3175
 39.3435 39.4092 39.4439 39.4649 39.4805 39.4996 39.5173 39.5367 39.5555
 39.5755 39.6197 39.6437 39.6896 39.7072 39.7229 39.7393 39.7588 39.783
 39.8085 39.8407 39.8609 39.8804 39.8964 39.9103 39.9234 39.9364 39.9563
 39.9678 39.9829
40.0264 40.0421 40.066  40.117  40.1325 40.1483 40.1714 40.1853 40.1991
 40.2216 40.2531 40.265  40.2852 40.3069 40.3388 40.3738 47.8387 47.9566
 48.1324 48.1713 48.2092 48.2949 48.3446 48.3791 48.4104 48.435  48.4733
 48.5134 48.5324 48.5533 48.5739 48.5915 48.6311 48.69   48.7561 48.7705
 48.7924 48.8079 48.8285 48.8517 48.8713 48.8933 48.9185 48.9552 49.0064
 49.035  49.0521 49.0745 49.097  49.1194 49.1365 49.1696 49.2234 49.2837
52.9504 57.1166 57.3914 57.5577 57.6002 57.6953 57.7289 57.7756 57.8119
 57.8729 57.9006 57.922  57.9828 58.0138 58.0438 58.0626 58.0857 58.1226
 58.1404 58.159  58.1803 58.2294 58.2514 58.2696 58.3392 58.4302 58.4533
 58.5049
63.5904 64.2576 64.5655 65.1717 65.1992 65.2701 65.289  65.3357 65.3721
 65.5418 65.5652 65.5873 65.6165 65.6504 65.6687 65.6925 65.7307 65.7596
 65.7947 65.8262 65.8467 65.8601 65.8715 65.8847 65.8978 65.9109 65.9292
 65.9464 65.9576 65.9751 65.9924 66.0087 66.0218 66.0383 66.064  66.0809
 66.0961 66.1106 66.1446 66.1699 66.1844 66.198  66.2215 66.2416 66.2551
 66.2716 66.2898 66.308  66.3252 66.3385 66.355  66.3745 66.3929 66.4314
 66.447  66.482  66.5087 66.5247

