13.1319 13.1537 13.3112 13.4125 13.5483 13.5692 13.7396 13.8019 13.8144
 13.8342 13.8493 13.8761 13.9491 14.0026 14.0389 14.0794 14.1236 14.1693
 14.1894 14.2491 14.2949 19.6898
22.2728 22.3098 22.3648 22.394  22.4618 22.4826 22.5477 22.585  22.6711
 22.7    22.7404 22.7734 22.7918 22.8175 22.91   22.9458 22.9993 23.0644
 23.1736 23.2    23.322  29.3894
31.4531 31.471  31.5878 31.6311 31.8899 31.9036 37.6299 38.1278 38.3088
 39.1734 39.3236 39.3504 39.3678 39.446  39.4696 39.5013 39.5699 39.5984
 39.6616 39.7147 39.7329 39.7581 39.7756 39.7936 39.8159 39.8525 39.8861
 39.908  39.9383 39.9751 39.9929
40.0137 40.0314 40.0431 40.0591 40.0778 40.0996 40.1184 40.1353 40.1527
 40.1695 40.1898 40.2049 40.2164 40.2332 40.2555 40.2737 40.2892 40.3008
 40.3123 40.3296 40.36   40.3754 40.424  40.4625 40.4848 40.5169 40.5458
 40.5819 40.6227 47.8778 48.0595 48.0951 48.2123 48.2741 48.3629 48.3926
 48.4241 48.4487 48.4735 48.4907 48.51   48.5386 48.5937 48.6145 48.633
 48.651  48.6685 48.6986 48.7195 48.7553 48.8024 48.8315 48.8566 48.8724
 48.9136 48.9311 48.9491 48.9708 48.9879 49.0122 49.0369 49.0967 49.15
 49.1702 49.184  49.2241 49.3026
57.3323 57.5748 57.7705 57.7944 57.8963 58.1443 58.2153 58.2718 58.3096
 58.4072 58.4272 58.4655 58.5618
65.5695 65.5936 65.6801 65.7666 65.7883 65.8062 65.8335 65.8696 65.8875
 65.9119 65.9354 65.9625 66.0405 66.0671 66.0848 66.1085 66.1308 66.1655
 66.1898 66.2582 66.2709 66.2874 66.3131 66.3264 66.3496 66.3805 66.4045
 66.4239 66.4532 66.5137 66.5283 66.6156 66.6701

