12.8377 12.9364 13.1839 13.2198 13.2524 13.3389 13.4149 13.4424 13.4665
 13.7379
20.4601 21.2271 21.5578 21.783  21.8204 21.9552 21.9862 22.0219 22.0929
 22.5563 22.6265 22.6539 22.7055
31.0946 31.1168 31.3987 31.4301 38.469  38.6328 38.6765 38.8176 39.0369
 39.0831 39.2219 39.3796 39.4558 39.5406 39.5981 39.6585 39.6805 39.7087
 39.7227 39.8226
45.5315 46.1588 47.8544 48.1757 48.2369 48.3969 48.4449 48.4832 48.5787
 48.6433 48.6826 48.7697 48.8713
56.3597 56.7657 57.436  57.7811 57.8112 57.9946 58.0996 58.1266 58.1827
64.8135 65.0706 65.3323 65.4177 65.4593 65.4863 65.5134 65.5401 65.664
 65.6929 65.7907 65.862  65.9344 66.0127 66.0349 66.0713 66.1524 66.1894

