10.9948 12.0661 12.4255 12.4662 12.4996 12.5631 12.6028 12.632  12.7003
 12.7595 12.7843 12.8259 12.8938 12.9139 12.9522 12.968  12.9886 13.0088
 13.0276 13.0484 13.0633 13.0797 13.0925 13.1099 13.1287 13.1463 13.1602
 13.1773 13.1938 13.2097 13.2219 13.2331 13.2472 13.2622 13.279  13.2954
 13.3096 13.3237 13.3415 13.3554 13.37   13.3891 13.4003 13.4141 13.4271
 13.4395 13.451  13.4622 13.4747 13.4846 13.4951 13.5114 13.5244 13.5393
 13.5512 13.5663 13.5836 13.5961 13.6077 13.6187 13.6317 13.6433 13.6595
 13.6698 13.6829 13.693  13.7043 13.7158 13.7268 13.7363 13.7461 13.7589
 13.771  13.783  13.7948 13.8034 13.8138 13.8244 13.8349 13.8442 13.8552
 13.8695 13.8827 13.8972 13.9104 13.9211 13.9321 13.9467 13.9569 13.9692
 13.9805 13.9917 14.0041 14.0151 14.0287 14.0428 14.0535 14.0621 14.0754
 14.0877 14.0997 14.1159 14.1299 14.1433 14.1541 14.1648 14.1751 14.1853
 14.1964 14.2105 14.2256 14.2364 14.2479 14.2616 14.2713 14.2818 14.2967
 14.3112 14.3244 14.3367 14.3486 14.3609 14.3713 14.3841 14.3994 14.4191
 14.4323 14.4476 14.4601 14.4756 14.4932 14.5055 14.5181 14.5343 14.5653
 14.5862 14.6072 14.6259 14.6466 14.6632 14.6866 14.7048 14.7402 14.7701
 14.8027 14.8667 14.9426 15.013
20.7278 20.8008 21.22   21.3043 21.4052 21.4379 21.5278 21.5568 21.6058
 21.6314 21.6644 21.6848 21.7169 21.7603 21.8049 21.8352 21.8622 21.8806
 21.8971 21.9132 21.9367 21.9484 21.9695 21.9912 22.0151 22.0302 22.0451
 22.0571 22.0699 22.0837 22.0953 22.1099 22.1213 22.1362 22.1479 22.1624
 22.1789 22.1927 22.2104 22.2244 22.2419 22.26   22.2763 22.2891 22.3118
 22.3277 22.3391 22.3573 22.3783 22.3917 22.4071 22.4193 22.4342 22.4524
 22.4773 22.5033 22.5258 22.5376 22.5523 22.5684 22.5792 22.5984 22.6153
 22.6292 22.6435 22.6558 22.6706 22.6833 22.6977 22.7157 22.7273 22.7388
 22.7576 22.7754 22.7895 22.805  22.817  22.8319 22.8449 22.8618 22.8727
 22.8839 22.8971 22.9103 22.9243 22.9365 22.9489 22.9655 22.9761 22.9898
 23.0023 23.0145 23.0275 23.0404 23.0557 23.071  23.0848 23.0992 23.112
 23.1269 23.1522 23.1714 23.1857 23.1998 23.2155 23.2302 23.2542 23.2724
 23.2903 23.3175 23.3351 23.3517 23.3654 23.4123 23.4328 23.4558 23.4827
 23.8146 23.901  28.4929 29.5495 29.7699 29.8804 29.9182 29.9475 29.9743
30.0028 30.0689 30.1596 30.1798 30.2049 30.2407 30.261  30.2773 30.3009
 30.32   30.338  30.352  30.3911 30.4134 30.4247 30.4368 30.4561 30.4759
 30.489  30.5038 30.5221 30.5474 30.5585 30.5763 30.5881 30.5988 30.6116
 30.6253 30.6368 30.6494 30.6653 30.6774 30.6901 30.7039 30.7184 30.7298
 30.7422 30.7551 30.7674 30.7781 30.7904 30.8017 30.813  30.8245 30.8359
 30.8475 30.8596 30.8707 30.8842 30.8966 30.9109 30.9236 30.9409 30.9524
 30.965  30.9787 30.9878 30.9974 31.0069 31.0164 31.0265 31.0372 31.0494
 31.0589 31.0701 31.0801 31.0914 31.1012 31.1144 31.1271 31.1402 31.1524
 31.1667 31.1775 31.1881 31.1997 31.2141 31.225  31.2385 31.249  31.2578
 31.2671 31.2765 31.2897 31.302  31.3128 31.324  31.337  31.3496 31.3638
 31.3762 31.388  31.3977 31.4096 31.423  31.4367 31.4504 31.462  31.471
 31.4818 31.4934 31.5039 31.5157 31.5273 31.5385 31.5493 31.5621 31.5731
 31.5869 31.5987 31.6141 31.6282 31.6403 31.6528 31.665  31.6791 31.6939
 31.7039 31.715  31.7275 31.7452 31.7575 31.769  31.7821 31.7959 31.8164
 31.8318 31.8464 31.8637 31.8853 31.9115 31.9317 31.9484 31.9675 31.9938
 32.0155 32.0395 32.0667 32.1369 32.1676 32.2034 32.2251 32.3056 32.3511
 32.4426 32.4952 35.9196 36.6702 38.6356 38.6839 38.9034 39.0229 39.0689
 39.1588 39.2116 39.2613 39.2873 39.3192 39.3551 39.3707 39.422  39.4437
 39.4647 39.4844 39.5035 39.5457 39.5603 39.5828 39.6087 39.6242 39.6393
 39.6547 39.6757 39.6878 39.7019 39.7163 39.7274 39.7469 39.762  39.7766
 39.7906 39.8049 39.8184 39.8343 39.8473 39.8575 39.8696 39.8812 39.893
 39.9075 39.9221 39.9357 39.9469 39.9652 39.9767 39.9865 39.9987
40.0114 40.0223 40.0333 40.0462 40.0584 40.0719 40.0829 40.0944 40.1094
 40.1247 40.1368 40.1492 40.1637 40.1764 40.1881 40.1987 40.2086 40.2216
 40.2347 40.2483 40.264  40.2762 40.2867 40.298  40.3111 40.3219 40.3364
 40.3487 40.3615 40.3722 40.3836 40.397  40.4067 40.4179 40.4311 40.4428
 40.4599 40.4744 40.4892 40.506  40.5256 40.5373 40.5486 40.56   40.5725
 40.5876 40.6027 40.63   40.6478 40.6642 40.6792 40.6979 40.7099 40.728
 40.7408 40.7536 40.7735 40.7912 40.8077 40.8235 40.8467 40.8607 40.8756
 40.8917 40.9094 40.9251 40.9423 40.9768 40.9943 41.0097 41.0353 41.0591
 41.1078 41.1678 41.2506 41.3049 41.4764 41.7278 47.3304 47.8607 47.9274
 48.0651 48.1009 48.2492 48.293  48.3304 48.3588 48.3789 48.4057 48.4267
 48.4526 48.4708 48.4933 48.5273 48.5501 48.5654 48.5858 48.6011 48.6202
 48.6376 48.6683 48.6842 48.7045 48.725  48.7374 48.7499 48.7625 48.7783
 48.7909 48.8018 48.8132 48.8292 48.8407 48.8521 48.8652 48.8756 48.8853
 48.8948 48.9033 48.9155 48.9299 48.9459 48.9617 48.9729 48.9853 48.9956
 49.0089 49.0214 49.0337 49.0447 49.0572 49.0711 49.0836 49.0958 49.1065
 49.118  49.1284 49.138  49.1484 49.164  49.1773 49.1891 49.2    49.2093
 49.2184 49.2296 49.2421 49.252  49.2653 49.277  49.2882 49.3029 49.3138
 49.3264 49.3431 49.3582 49.3712 49.3824 49.3947 49.408  49.4208 49.4347
 49.4485 49.4606 49.4724 49.4847 49.496  49.5064 49.516  49.5257 49.5389
 49.5531 49.5653 49.5768 49.5923 49.6052 49.6182 49.6318 49.6428 49.6542
 49.6649 49.6762 49.6875 49.7026 49.7176 49.7315 49.7452 49.7605 49.7728
 49.7857 49.7994 49.8189 49.8373 49.8549 49.8717 49.8879 49.9131 49.9287
 49.9434 49.9562 49.97   49.9831
50.0042 50.016  50.0335 50.0867 50.1089 50.1269 50.154  50.1782 50.2598
 50.3399 50.3973 50.6933 53.4406 55.8562 56.3211 56.3684 56.464  56.522
 56.6166 56.6735 56.6916 56.7082 56.7525 56.7847 56.801  56.8384 56.8735
 56.8926 56.9209 56.9403 56.9585 56.9839 56.9965 57.0165 57.0434 57.0612
 57.0749 57.0908 57.107  57.1195 57.1316 57.1558 57.1813 57.1972 57.2184
 57.2328 57.2467 57.26   57.2745 57.2902 57.3102 57.3233 57.3369 57.3505
 57.363  57.3799 57.3912 57.4057 57.418  57.4289 57.4385 57.4481 57.4594
 57.4755 57.4966 57.5109 57.5231 57.535  57.5455 57.5626 57.574  57.5904
 57.6006 57.6119 57.6272 57.6402 57.6518 57.6622 57.6734 57.6852 57.6995
 57.7122 57.7255 57.7455 57.7581 57.7708 57.7831 57.798  57.8152 57.8321
 57.848  57.8637 57.8756 57.8889 57.906  57.9183 57.9309 57.944  57.9565
 57.9675 57.9788 57.9932 58.0039 58.0145 58.0258 58.039  58.0528 58.0676
 58.0855 58.0976 58.1162 58.1326 58.1504 58.168  58.183  58.2    58.2141
 58.2297 58.2507 58.2683 58.2808 58.2964 58.3109 58.3286 58.3498 58.3715
 58.3841 58.3992 58.4119 58.4316 58.4495 58.4641 58.4928 58.524  58.5473
 58.6316 58.6916 58.7264 58.7794 58.9813 59.0312 59.0537 59.0942 59.2022
63.0659 63.1943 63.7095 64.4717 64.5919 64.7505 64.7753 64.8897 64.9582
 65.0107 65.0691 65.09   65.1234 65.1557 65.1787 65.1952 65.2143 65.2319
 65.2468 65.2742 65.2944 65.3173 65.34   65.3596 65.3761 65.3882 65.4019
 65.4146 65.4268 65.4481 65.463  65.475  65.4888 65.5019 65.5177 65.5297
 65.5428 65.5602 65.5716 65.5842 65.599  65.617  65.6272 65.6474 65.659
 65.6704 65.6851 65.7004 65.7171 65.7313 65.7411 65.7556 65.7686 65.7802
 65.7952 65.8078 65.8198 65.8308 65.8423 65.8549 65.8716 65.8845 65.895
 65.9078 65.9258 65.9404 65.9505 65.9618 65.9734 65.9871 65.9994 66.0114
 66.023  66.0347 66.0467 66.0599 66.0761 66.0883 66.1027 66.113  66.1225
 66.1344 66.1456 66.1556 66.167  66.178  66.1892 66.1995 66.2129 66.227
 66.2378 66.2491 66.2608 66.2746 66.2873 66.3021 66.3129 66.329  66.3417
 66.3535 66.3631 66.378  66.3927 66.4033 66.427  66.4398 66.4516 66.4636
 66.4778 66.5012 66.522  66.5356 66.5492 66.5623 66.575  66.5905 66.6052
 66.6186 66.6352 66.6614 66.6799 66.695  66.7133 66.7276 66.7422 66.7637
 66.7879 66.8082 66.8309 66.848  66.8638 66.8945 66.9268 66.9535 67.1283
 67.3678 67.5349 67.5825

