12.3323 12.4688 12.5894 12.9395 13.02   13.0748 13.1404 13.1693 13.1856
 13.2164 13.2731 13.3394 13.3686 13.4547 13.4716 13.6042
20.5317 21.0299 21.2878 21.3886 21.5659 21.7533 21.8142 21.9427 22.0069
 22.104  22.1465 22.194  22.3055 22.3416
30.1726 30.2259 30.3159 30.3545 30.5872 30.8037 30.8503 30.8915 31.1111
 31.3293 36.0287 39.0476 39.3801 39.4316 39.5945 39.6513 39.689  39.9115
40.1407 47.7925 48.1278 48.3228 48.369  48.3976 48.4387 48.5659 48.7797
 48.8254 48.8506 48.9209 49.044  49.2497
55.8657 56.164  56.3017 56.411  56.8158 56.9711 56.9956 57.1757 57.2103
 57.25   57.2805 57.3119 57.4445 57.5687
64.5815 64.7525 64.8597 65.1436 65.1658 65.2722 65.3022 65.4619 65.509
 65.5282 65.5507 65.5972 65.6949 65.8421

