12.6379 12.6625 12.6846 12.7403 12.8271 12.8724 12.9138 12.9854 13.0161
 13.0507 13.0789 13.1043 13.1505 13.1744 13.1986 13.2186 13.2354 13.2491
 13.2629 13.28   13.2944 13.3114 13.3282 13.3459 13.3601 13.3745 13.3879
 13.4018 13.4135 13.4304 13.4469 13.4722 13.4877 13.502  13.5148 13.5296
 13.5399 13.5514 13.5655 13.5783 13.5907 13.604  13.6182 13.631  13.6454
 13.6575 13.6703 13.6827 13.6975 13.7096 13.7229 13.7342 13.7474 13.7653
 13.7768 13.7888 13.8023 13.8144 13.8309 13.8491 13.8615 13.873  13.8889
 13.9    13.9137 13.9253 13.9399 13.9522 13.967  13.9828 13.9957 14.0086
 14.022  14.0353 14.0466 14.0583 14.0692 14.0812 14.0915 14.1032 14.1151
 14.1264 14.1404 14.1551 14.1688 14.1816 14.1946 14.2108 14.2243 14.236
 14.2518 14.2677 14.2885 14.32   14.3491 14.363  14.3798 14.3951 14.4068
 14.4223 14.4395 14.4513 14.4646 14.4798 14.4988 14.5165 14.532  14.5481
 14.5634 14.5805 14.6053 14.6203 14.6383 14.6512 14.6665 14.6796 14.7228
 14.7423 14.7718 14.7955 14.813  14.8342 14.8595 14.8971 14.9252 14.9621
 14.9855 15.0368 15.1111 15.1388 15.1966 15.2728 15.3989
21.1139 21.3386 21.5944 21.6549 21.7302 21.7799 21.8208 21.8495 21.8723
 21.9027 21.9246 21.954  21.9727 21.9944 22.0218 22.0346 22.0576 22.0749
 22.0942 22.1103 22.1289 22.1607 22.1955 22.2209 22.2558 22.2748 22.2918
 22.3068 22.3222 22.3343 22.351  22.3626 22.3875 22.4128 22.4247 22.4425
 22.4573 22.4727 22.4929 22.5051 22.5245 22.5386 22.554  22.5692 22.5873
 22.6086 22.622  22.6378 22.6555 22.6733 22.702  22.7263 22.7515 22.7636
 22.7837 22.8019 22.8168 22.8302 22.8535 22.8686 22.8794 22.8977 22.9118
 22.9258 22.9476 22.9677 22.9835 23.0062 23.0316 23.0481 23.0665 23.0926
 23.1119 23.1288 23.1435 23.157  23.1949 23.2441 23.2623 23.2746 23.2944
 23.3196 23.3378 23.3578 23.3754 23.4075 23.4254 23.4434 23.478  23.4991
 23.5254 23.5518 23.5722 23.5949 23.6271 23.6494 23.7685 23.8195 23.8645
 23.9527 23.9866 29.3488 29.9192
30.2109 30.2517 30.2834 30.35   30.3663 30.4005 30.4282 30.4495 30.4808
 30.4984 30.5306 30.5545 30.5789 30.5991 30.6382 30.6627 30.7024 30.7192
 30.7427 30.7756 30.7958 30.8153 30.8387 30.8594 30.8752 30.8869 30.9062
 30.9169 30.9357 30.9493 30.9657 30.9791 30.9998 31.0127 31.032  31.0477
 31.0643 31.0827 31.1013 31.113  31.1346 31.1527 31.1628 31.1736 31.1882
 31.2024 31.2174 31.2322 31.247  31.2663 31.2794 31.2922 31.3082 31.322
 31.335  31.35   31.3627 31.3754 31.3905 31.4112 31.4245 31.4368 31.4524
 31.4631 31.4788 31.4958 31.5106 31.5238 31.5391 31.5513 31.5667 31.5854
 31.6144 31.628  31.6443 31.6608 31.6756 31.6972 31.7184 31.732  31.7461
 31.759  31.7809 31.7981 31.8141 31.8276 31.8398 31.8599 31.8732 31.8865
 31.8999 31.9167 31.9381 31.9556 31.9705 31.9847 32.0027 32.0236 32.0403
 32.0621 32.0869 32.1036 32.1203 32.1391 32.1594 32.1807 32.2055 32.242
 32.2694 32.307  32.3299 32.3586 32.394  32.4203 32.4538 32.4742 32.5823
 32.6655 32.753  34.0956 36.5133 38.4293 38.5372 38.7547 38.9195 39.0509
 39.0963 39.1851 39.2689 39.2995 39.3241 39.3687 39.3926 39.4609 39.4949
 39.5153 39.5459 39.5931 39.6534 39.6709 39.7004 39.7152 39.7359 39.7578
 39.7788 39.7961 39.8107 39.8288 39.841  39.8742 39.9026 39.9221 39.942
 39.9665 39.9878
40.0073 40.0213 40.0331 40.0451 40.0649 40.0805 40.0934 40.1086 40.1206
 40.1386 40.1509 40.1648 40.1777 40.1918 40.2043 40.2237 40.2383 40.2486
 40.263  40.2759 40.2882 40.3022 40.3152 40.3282 40.3409 40.3559 40.3709
 40.388  40.4032 40.4186 40.4409 40.4612 40.4756 40.4922 40.5096 40.5248
 40.5517 40.5686 40.5847 40.6023 40.6237 40.6404 40.6561 40.669  40.6828
 40.6985 40.7148 40.7304 40.7476 40.765  40.7889 40.8249 40.8541 40.8975
 40.9211 40.9391 40.961  40.9762 40.9977 41.0202 41.041  41.058  41.0808
 41.1007 41.126  41.1546 41.1909 41.2843 41.4797 41.6979 47.6236 48.1578
 48.1784 48.2728 48.4125 48.455  48.4727 48.5008 48.5166 48.5386 48.5674
 48.608  48.6359 48.6579 48.6868 48.7103 48.7333 48.7558 48.7737 48.7908
 48.8076 48.8259 48.8377 48.8493 48.8611 48.8878 48.9001 48.9279 48.9479
 48.9587 48.9714 48.9903 49.011  49.0344 49.0533 49.0715 49.0848 49.0972
 49.1092 49.133  49.1506 49.1754 49.19   49.2118 49.2304 49.2475 49.2646
 49.2767 49.2911 49.3039 49.3185 49.3311 49.3446 49.3634 49.3789 49.3925
 49.4091 49.4209 49.4343 49.4507 49.4659 49.4775 49.49   49.5067 49.5197
 49.5373 49.5651 49.5856 49.6019 49.6215 49.6368 49.6491 49.665  49.6837
 49.7019 49.7268 49.7494 49.7666 49.7848 49.7975 49.8249 49.8437 49.8641
 49.8818 49.8991 49.9166 49.9391 49.9612 49.9776 49.9976
50.0227 50.0425 50.0613 50.0854 50.1292 50.1489 50.1726 50.2045 50.2327
 50.2551 50.2758 50.3018 50.3301 50.3936 50.5214 50.5591 50.6279 55.5143
 55.8992 56.0533 56.3917 56.5145 56.614  56.6369 56.751  56.7853 56.8189
 56.8755 56.8995 56.9919 57.0219 57.0473 57.0648 57.0848 57.122  57.1462
 57.1678 57.1894 57.209  57.2224 57.2444 57.2635 57.285  57.3174 57.3442
 57.3608 57.3745 57.3916 57.4088 57.4237 57.4388 57.464  57.4964 57.5115
 57.5267 57.5458 57.5569 57.5776 57.6001 57.6164 57.639  57.6548 57.6737
 57.6902 57.7256 57.7451 57.7578 57.772  57.7954 57.8094 57.828  57.8427
 57.8548 57.8678 57.8823 57.9029 57.923  57.9442 57.9631 57.991  58.0087
 58.0231 58.0391 58.0522 58.0662 58.0903 58.1137 58.131  58.1457 58.1682
 58.1832 58.2043 58.2222 58.2375 58.2536 58.2705 58.2915 58.3094 58.3245
 58.3434 58.3688 58.3839 58.4315 58.4627 58.4775 58.4953 58.5185 58.5578
 58.5907 58.6138 58.6318 58.6517 58.6747 58.7    58.7166 58.7347 58.7487
 58.782  58.8051 58.8463 58.8697 58.8946 58.9228 58.9614 59.145  59.2019
62.9254 64.0691 64.6292 64.7257 64.8645 64.8896 64.9128 64.9509 65.043
 65.0789 65.1124 65.1372 65.1588 65.1916 65.2206 65.2597 65.2789 65.301
 65.3244 65.3657 65.3877 65.4122 65.4271 65.4509 65.4741 65.5    65.513
 65.5339 65.5513 65.5703 65.5968 65.6127 65.6269 65.6449 65.6648 65.6831
 65.6966 65.7082 65.7235 65.7374 65.7555 65.7849 65.8004 65.8123 65.8247
 65.8384 65.8521 65.8679 65.8783 65.8918 65.9055 65.9157 65.9262 65.9443
 65.9565 65.9688 65.9808 65.9939 66.0058 66.023  66.0402 66.0564 66.0687
 66.0815 66.0972 66.1152 66.1334 66.1495 66.1657 66.1832 66.2088 66.2232
 66.2417 66.2538 66.2657 66.2786 66.3007 66.3155 66.3298 66.3422 66.3604
 66.3733 66.389  66.4042 66.4171 66.4298 66.4546 66.4688 66.4876 66.501
 66.5151 66.5283 66.5397 66.5533 66.5721 66.5963 66.6126 66.6319 66.6569
 66.6726 66.6875 66.7048 66.7253 66.7485 66.7709 66.7937 66.814  66.8262
 66.8396 66.8612 66.8847 66.9017 66.9329 66.9496 66.9743 66.9935 67.0212
 67.0533 67.0797 67.1206 67.1509 67.1888 67.2326 67.2641 67.2975 67.3365

