12.5112 12.6678 12.7357 12.8669 12.8876 12.9054 12.943  13.0358 13.1251
 13.1591 13.1833 13.2201 13.2867 13.3508 13.4049 13.4265 13.4676 13.4839
 13.5439 13.5599 13.7386 13.7715 19.9544
20.7475 21.2248 21.436  21.6198 21.6428 21.72   21.7777 21.805  21.8477
 22.144  22.3556 22.4148 29.4908 29.9391 29.9849
30.1657 30.2533 30.3725 30.4097 30.4317 30.4585 30.5513 30.5676 30.6174
 30.7237 30.8385 30.9884 37.4026 39.0741 39.1889 39.3928 39.4455 39.508
 39.5993 39.6186 39.7621 39.8135 39.8292 39.9628
40.0045 48.1125 48.3466 48.4058 48.4922 48.5558 48.6347 48.7217 48.7405
 48.8214 48.9057 48.9581 49.0665 49.2576
54.7408 55.9824 56.4451 56.4895 56.5332 56.7243 56.7805 56.8015 57.0547
 57.0738 57.1243 57.1579 57.1846 57.2103 57.2756 57.2993 57.4052 57.4983
 57.5543
64.5841 64.9837 65.0607 65.0936 65.2259 65.2594 65.3481 65.3773 65.4057
 65.4448 65.4686 65.4881 65.8247 65.8481 65.9267

