12.5298 12.6456 12.7615 12.7847 12.8117 12.9049 12.9619 13.0975 13.2114
 13.2848
20.9708 21.0464 21.1554 21.2815 21.4771 21.6793 21.794  21.952  28.5375
 29.3793 29.7826 29.8535
30.2443 30.4331 30.4795 30.889  30.9146 38.2409 38.3868 38.5009 39.1769
 39.2385 39.4378 39.4737 39.6176 39.7747 39.7972
45.4418 46.5625 46.7918 47.4279 47.5906 48.525  48.6603 48.6918
53.1971 56.3294 56.43   56.4767 56.7608 56.806  56.9238 57.1962 57.5707
64.7246 64.9732 64.9956 65.2497 65.3146 65.4813 65.504  65.6479

