13.5236 13.7136 13.9521 14.012  14.0307 14.0633 14.1125 14.1435 14.2207
 14.3326 14.3744 14.4127 14.438  14.4765 14.4988 14.5566 14.5889 14.6586
 14.6896 14.7277 14.752  14.7681 14.7954 14.8124 14.9034 14.9166 14.9752
 19.9366
22.4412 22.6548 22.7018 22.8191 22.8468 22.9499 23.0203 23.1117 23.1758
 23.1974 23.2122 23.2798 23.3149 23.3375 23.3744 23.3961 23.4679 23.4837
 23.5218 23.5783 23.6015 23.6221 23.6371 23.6564 23.6959 23.7217 23.7909
 23.8059 23.8233 23.959  23.9781 24.0059 24.113  24.128  24.1458 24.2392
 24.3266
31.9419 32.0846 32.2717 32.3602 32.3877 32.4415 32.551  32.5719 32.5882
 32.6102 32.6974 32.7437 32.7676 32.8585 32.8861 32.9569 33.035  33.0583
 33.0923 33.1216 33.1537 33.1713 33.1862 33.1989 33.2424 33.2671 33.2964
 33.3184 33.3469 33.3699 39.5921
41.0874 41.5268 42.4435 42.5065 42.5688 42.6338 42.6498 42.7527 42.884
 42.978  43.1902 43.2198 43.2375 43.2937 43.3118 43.3349 43.5063 43.5216
 43.7024
51.2538 51.3155 51.6188 51.6651 51.7098 51.7719 51.8549 51.8794 52.0507
 52.2233 52.2752 52.2987 52.3605 52.3936 52.436  52.4502 52.4934 52.6873
 59.6028
60.3348 60.563  60.6933 60.7225 60.9009 61.0045 61.0245 61.0858 61.154
 61.1782 61.2624 61.3006 61.336  61.3527 61.3661 61.448  61.4609 61.4744
 61.488  61.5201 61.6384 61.6833 61.6999 61.8655 61.8993 68.9379 69.0797
 69.4512 69.5838 69.6538 69.6914 69.7584 69.7801 69.8559 69.9067 69.9636
 69.9982

