13.9    14.1114 14.1735 14.429  14.4903 14.6271 14.6701 14.7736 14.8839
 15.0549
21.7419 22.7348 23.5882 23.6154 23.6316 23.6943 23.7146 23.7363 23.8669
 23.9417 24.0036
31.6109 31.7553 32.3903 32.7271 32.7538 32.9454 32.9884 33.0565 33.0791
 33.1106 33.1631 33.2241 33.5262
40.3779 41.8225 42.0089 42.6704 43.0756 43.1035 43.2385 47.6113
51.4743 51.4979 51.5639 51.9343 52.257  52.2805 52.3927
60.5448 60.7713 60.9366 61.0579 61.1443 61.2736 61.2945 61.3902 61.4133
 61.4377 61.5042 61.7951 61.8598 68.0578 69.3783 69.4397 69.588  69.6581
 69.8337 69.8989 69.9995

