12.8897 13.1925 13.5298 13.9107 14.0167 14.1587 14.1976 14.2737 14.3626
 14.4783 14.5205 14.6182 14.6974 14.7329 14.755  14.7748 14.7891 14.8209
 14.8361 14.8488 14.8611 14.8948 14.9294 14.9401 14.9553 14.9753 15.0264
 15.066  15.1373 15.1737 15.2361 15.2693 15.3211 15.3385
20.8928 21.4035 21.7474 21.9195 22.6405 22.7017 22.8126 23.1608 23.3338
 23.3627 23.4015 23.4261 23.4418 23.4778 23.5374 23.5636 23.5899 23.6543
 23.6883 23.7099 23.7494 23.7694 23.7967 23.8351 23.8647 23.8825 23.9072
 23.9259 23.9839 24.0142 24.0319 24.0513 24.0695 24.1068 24.1409 24.1621
 24.1846 24.198  24.2093 24.2279 24.2769 24.2938 24.3142 24.3412 24.4258
 24.4492
31.6594 32.0874 32.3921 32.5097 32.5306 32.6415 32.6786 32.7504 32.8169
 33.0065 33.0407 33.1102 33.1546 33.1761 33.1969 33.2406 33.2675 33.2956
 33.3338 33.3488 33.3603 33.3796 33.4044 33.4418 33.4559 33.5256 33.5435
 33.5624 33.5905 33.6127 33.6278 33.6568 33.7028 33.7736
42.7097 42.9369 42.967  43.0448 43.0728 43.1429 43.2229 43.2528 43.3055
 43.3274 43.367  43.4099 43.5622 43.6162
51.4189 51.6095 51.8468 52.1149 52.1469 52.2244 52.2742 52.4425 52.5443
 52.5586 52.5785 52.6322 52.6632 52.7418 52.8773 52.8968 53.0586
60.3089 60.4409 60.5883 60.6161 60.8582 60.9456 61.1302 61.154  61.2206
 61.2416 61.3332 61.3471 61.3661 61.4687 61.5169 61.556  61.5901 61.6063
 61.6234 61.638  61.6556 61.6932 61.7161 61.7306 61.7993 61.8825 61.9388
 61.9584 62.0915 69.1207 69.1778 69.4835 69.5944 69.656  69.7319 69.9103
 69.9713

