14.0637 14.1694 14.4274 14.4701 14.5085 14.6291 14.6775 14.7432 14.809
 14.8539 14.9088 14.9323 14.9902 15.042  15.0715 15.112  15.1378 15.1911
 15.2124 15.2393 15.3103 15.3895 15.501  15.5291 15.7049 19.9465
23.0141 23.1857 23.6242 23.8253 23.8791 23.9698 24.1245 24.1825 24.3493
 24.3809 24.432  24.4559 24.6646
32.8369 33.0574 33.0723 33.1312 33.2181 33.2853 33.3315 33.3715 33.4153
 33.4536 33.568  33.6787 33.7582 33.7877 33.8198 33.868  33.9072 33.9553
 34.3976
42.9188 42.9398 43.2462 43.2669 43.3587 43.4109 43.4683 43.6415 43.6594
 43.6867 43.7078 43.7561 43.8048 43.8647 43.9635 44.053
51.8926 52.1868 52.448  52.6213 52.6493 52.7307 52.9387 53.0467 53.1682
 58.7981 59.9974
61.1636 61.3668 61.4948 61.6416 61.6652 61.6889 61.7485 61.8159 61.9373
 61.9613 62.0344 62.1434 62.3569 69.6598 69.8313 69.8976

