13.4347 13.6726 14.0006 14.2727 14.4344 14.5288 14.5611 14.6569 14.6924
 14.7558 14.8166 14.8886 15.0099 15.0673 15.1464 15.3862
23.1816 23.2997 23.788  23.8449 23.9006 23.9687 23.996  24.0995 24.1266
 24.1462 24.1805 24.2661 24.2893 24.3225 24.4251 24.4659 24.4872 24.5236
 24.5457 24.562  24.6099 24.7075 24.7881
32.6277 32.6894 32.8513 32.8914 32.9612 32.9796 33.0087 33.0438 33.0698
 33.0904 33.1572 33.2006 33.2329 33.2763 33.3075 33.3317 33.3639 33.3957
 33.4396 33.4758 33.5176 33.5759 33.5965 33.6431 33.6813 33.7184 33.7572
 33.7902 33.8197 33.8457 34.1055 39.913
41.4709 41.9277 42.1315 42.1685 42.4128 42.5662 42.6144 42.6497 42.7147
 42.7542 42.8359 42.8986 42.9259 42.9848 43.0489 43.0835 43.1408 43.2944
 43.5978 43.6759 49.6027
50.8147 51.0447 51.1713 51.378  51.4429 51.4681 51.6522 51.6819 51.7585
 52.1135 52.1426 52.3156 52.4093 52.4729 52.5017 52.5726 52.654  52.7139
 52.7809 52.8342 59.8168
60.3608 60.4036 60.4696 60.5576 60.7374 60.7697 60.8246 60.9268 60.9601
 60.9879 61.0231 61.1216 61.144  61.1639 61.19   61.2759 61.298  61.3474
 61.381  61.4304 61.4456 61.4786 61.5043 61.5364 61.5759 61.7112 69.0949

