12.8267 14.0486 14.2513 14.3642 14.6168 14.7399 14.9158 14.9716 14.9895
 15.0287 15.1646 15.2221 15.2476 15.2963 15.3192 15.4157 15.444  15.4937
 15.5331 15.6217 15.6457 15.6728 15.7078 15.7308 15.7581 15.7804 15.8191
 15.8542 15.8936 15.9207 15.9528 16.0065 16.0548 16.1028 16.1635 16.2038
 16.2309 16.3892 16.4429 16.6164 16.6895 16.8361 18.7328
23.3529 23.5344 23.843  24.0173 24.1554 24.2044 24.2475 24.2758 24.3049
 24.3394 24.3604 24.3763 24.4324 24.4508 24.4668 24.4892 24.5139 24.535
 24.5638 24.5843 24.6055 24.6277 24.6408 24.6557 24.6859 24.7017 24.7559
 24.7737 24.79   24.8089 24.8373 24.8656 24.8853 24.908  24.9219 24.9479
 24.9629 24.9796 24.9987 25.0297 25.0612 25.084  25.0997 25.1258 25.1537
 25.1855 25.2165 25.2342 25.2523 25.2689 25.2903 25.3215 25.3371 25.362
 25.3918 25.4085 25.434  25.4522 25.4704 25.4869 25.521  25.5442 25.5583
 25.5804 25.5964 25.6129 25.6326 25.6565 25.6856 25.7267 25.7527 25.7759
 25.8054 25.8527 25.8727 25.9017 25.9373 26.097  26.1626
30.5258 31.1329 32.0818 32.6814 32.8772 33.0477 33.0709 33.1235 33.2017
 33.2342 33.2628 33.2917 33.3305 33.3655 33.3878 33.408  33.4344 33.4576
 33.5023 33.5192 33.5422 33.5679 33.6126 33.6272 33.6528 33.6715 33.6879
 33.7098 33.7368 33.7543 33.771  33.7914 33.8101 33.8325 33.8554 33.8711
 33.8889 33.9087 33.9348 33.9653 33.9845 34.0065 34.0307 34.0453 34.0603
 34.0822 34.1044 34.1224 34.1473 34.1629 34.1816 34.1966 34.2131 34.2269
 34.2506 34.2783 34.301  34.3145 34.3299 34.3515 34.3696 34.3862 34.4027
 34.4143 34.4335 34.4465 34.4617 34.4794 34.4968 34.5109 34.5329 34.5453
 34.5597 34.5778 34.5954 34.6258 34.6518 34.6768 34.693  34.7124 34.7283
 34.7468 34.7646 34.7806 34.8082 34.8435 34.8659 34.8839 34.9038 34.9309
 34.9486 34.9687 34.9953 35.046  35.0937 35.2446 35.3305
40.5757 41.9636 42.0849 42.1396 42.1989 42.3273 42.5217 42.551  42.7934
 42.8775 42.9775 43.0078 43.0341 43.0567 43.0735 43.1034 43.125  43.1644
 43.2067 43.3435 43.3636 43.3896 43.4394 43.4574 43.4784 43.4943 43.5121
 43.5305 43.5474 43.5616 43.6001 43.6169 43.6377 43.6716 43.7146 43.7417
 43.7594 43.7757 43.7976 43.824  43.8367 43.8746 43.9082 43.9246 43.9578
 43.9915 44.0338 44.0748 44.1088 44.1512 44.243  44.2704 44.3225 44.3466
 44.3934 44.4528 44.6508
51.0299 51.4039 51.8602 51.9626 51.9803 52.0107 52.0623 52.0969 52.1548
 52.1987 52.2382 52.2908 52.3497 52.3749 52.4003 52.4274 52.4516 52.4689
 52.4925 52.526  52.5581 52.5952 52.6103 52.6463 52.6766 52.702  52.7332
 52.7511 52.7698 52.7862 52.8155 52.8342 52.8508 52.8718 52.8898 52.9119
 52.9554 52.9746 52.9904 53.0133 53.0279 53.0508 53.0855 53.1031 53.1282
 53.1468 53.1717 53.1988 53.2229 53.2458 53.2702 53.3145 53.3351 53.3506
 53.3675 53.3848 53.3991 53.4154 53.4304 53.4526 53.4676 53.4868 53.5167
 53.5377 53.5603 53.5792 53.5982 53.6295 53.6534 53.6916 53.7248 53.8379
 53.8707 53.916  53.9684 54.0597 54.1376 58.3872 59.1179 59.5162
60.0008 60.1364 60.4519 60.5125 60.5622 60.7937 60.9239 60.9559 60.9795
 61.0215 61.0569 61.0959 61.1362 61.1692 61.1906 61.2116 61.2315 61.2758
 61.3388 61.3646 61.3859 61.4012 61.4198 61.4439 61.4639 61.4846 61.5042
 61.5262 61.5471 61.5627 61.585  61.6012 61.6178 61.633  61.6489 61.6644
 61.6818 61.7005 61.716  61.7379 61.7524 61.7683 61.7835 61.7975 61.8154
 61.8365 61.8559 61.8664 61.8808 61.8989 61.9167 61.9308 61.9458 61.9611
 61.9803 61.9959 62.0087 62.0281 62.0427 62.058  62.0819 62.0949 62.1125
 62.1296 62.1518 62.1787 62.1998 62.2194 62.242  62.2578 62.2727 62.2944
 62.312  62.3324 62.3485 62.3638 62.3793 62.3937 62.4136 62.4353 62.4542
 62.4735 62.4921 62.5309 62.5547 62.5912 62.6109 62.6358 62.6571 62.6818
 62.7025 62.7237 62.7505 62.7693 62.7928 62.8197 62.8616 62.9016 62.9326
 63.0378 63.141  68.3539 69.7019 69.915

