12.7406 13.2025 13.2996 13.5227 13.7448 13.8196 13.8617 13.9236 13.989
 14.0547 14.0864 14.1307 14.1451 14.1652 14.1912 14.2092 14.2339 14.271
 14.2968 14.3211 14.3383 14.3586 14.3745 14.3913 14.4163 14.4359 14.4493
 14.4671 14.4871 14.5027 14.5192 14.534  14.5589 14.58   14.5961 14.6095
 14.6254 14.6387 14.6589 14.6782 14.6935 14.7144 14.7304 14.7491 14.7702
 14.7805 14.7987 14.8114 14.8286 14.8461 14.8627 14.883  14.8996 14.9204
 14.9348 14.9523 14.9731 14.9952 15.0094 15.0271 15.0428 15.0597 15.0755
 15.0909 15.1103 15.1267 15.1406 15.1521 15.1662 15.1805 15.1944 15.2107
 15.2227 15.2351 15.2482 15.2711 15.2881 15.3055 15.3338 15.3523 15.3702
 15.3873 15.4047 15.4285 15.4475 15.4655 15.4799 15.4991 15.5195 15.5362
 15.5487 15.5623 15.5836 15.5994 15.6178 15.6363 15.6622 15.6819 15.6998
 15.7275 15.7425 15.7667 15.7919 15.8105 15.8356 15.8573 15.8777 15.8909
 15.9174 15.9405 15.9655 15.9893 16.0126 16.0296 16.0521 16.0893 16.133
 16.1564 16.1784
22.3213 23.3943 23.5412 23.6184 23.6679 23.7046 23.7258 23.8237 23.9353
 23.969  23.9986 24.0198 24.0628 24.0903 24.1101 24.1367 24.1544 24.1735
 24.1896 24.2166 24.2328 24.248  24.2633 24.2813 24.2972 24.3136 24.3295
 24.3483 24.3651 24.3824 24.3976 24.4169 24.4278 24.4412 24.4536 24.4656
 24.4849 24.5012 24.5243 24.549  24.5642 24.5766 24.5894 24.6053 24.6182
 24.6306 24.645  24.6727 24.6865 24.7092 24.7285 24.7467 24.758  24.7688
 24.7841 24.7966 24.8093 24.8242 24.8357 24.8484 24.8685 24.8793 24.8951
 24.9068 24.9283 24.9433 24.9553 24.9682 24.981  24.9933 25.0067 25.0191
 25.0318 25.0437 25.0596 25.0748 25.0998 25.1126 25.1266 25.1383 25.1516
 25.1657 25.1808 25.1982 25.2097 25.222  25.2343 25.2481 25.2686 25.2805
 25.2971 25.3108 25.3298 25.3475 25.3649 25.3787 25.3984 25.4158 25.4328
 25.4455 25.4591 25.4771 25.4884 25.5006 25.5198 25.5383 25.5536 25.5659
 25.5862 25.6113 25.6359 25.6549 25.6854 25.706  25.7206 25.7359 25.7511
 25.7647 25.7811 25.7977 25.8196 25.8453 25.8611 25.8759 25.9189 25.9442
 25.9646 26.0007 26.0348 26.058  26.0972 26.1504 26.1826 26.2659 26.3002
 26.6439
31.3275 32.4312 32.4894 32.7903 33.3419 33.3817 33.4051 33.4297 33.4756
 33.5134 33.5573 33.6016 33.6209 33.6398 33.6846 33.7267 33.7784 33.8049
 33.8309 33.8735 33.903  33.9366 33.9538 33.9706 34.0098 34.0439 34.0687
 34.1095 34.1308 34.161  34.1828 34.2147 34.2395 34.2631 34.2837 34.3122
 34.3359 34.3527 34.3691 34.3888 34.4048 34.4244 34.442  34.4626 34.5062
 34.5337 34.5515 34.5696 34.5927 34.6376 34.6593 34.6937 34.7403 34.7768
 34.8487 34.8939 34.9085 34.9351 34.9687 35.0111 35.0397 35.0608 35.0845
 35.1082 35.1336 35.1949 35.264  35.2876 35.3172 35.3685 35.3853 35.4337
 35.6027 35.6907 38.2826
41.7689 42.1024 42.1862 42.3461 42.5599 42.6593 42.7034 42.7199 42.7366
 42.7921 42.8273 42.8668 42.8903 42.9122 42.9338 42.9488 42.9697 42.9834
 43.0103 43.0435 43.0749 43.094  43.1109 43.127  43.1442 43.1595 43.1738
 43.1865 43.2086 43.2214 43.2387 43.2596 43.2761 43.2933 43.3091 43.3218
 43.3319 43.3486 43.3651 43.3829 43.3951 43.4175 43.4306 43.4474 43.468
 43.4829 43.507  43.5241 43.5382 43.5553 43.5686 43.585  43.6015 43.617
 43.6361 43.6504 43.6653 43.6814 43.6949 43.7089 43.7265 43.7438 43.7579
 43.773  43.7905 43.806  43.8225 43.8336 43.8504 43.8811 43.9007 43.9151
 43.9273 43.9419 43.9621 43.974  43.9866 43.9999 44.0125 44.0258 44.0424
 44.0584 44.0719 44.0839 44.0995 44.1094 44.1227 44.1381 44.1486 44.163
 44.1808 44.1926 44.2085 44.2224 44.241  44.2582 44.272  44.2855 44.2996
 44.3145 44.3308 44.3464 44.3674 44.3864 44.404  44.4176 44.4336 44.4515
 44.4662 44.4806 44.4936 44.5255 44.544  44.5623 44.5814 44.5975 44.6125
 44.6512 44.6688 44.699  44.7268 44.7435 44.7655 44.7881 44.8401 44.8698
 44.8878 44.9185 44.9557 45.0339 45.0833 45.1139 45.235
51.0544 51.1285 51.4909 51.6405 51.6788 51.7507 51.9748 52.0466 52.1031
 52.1217 52.1797 52.2184 52.2385 52.2857 52.3075 52.336  52.4205 52.4415
 52.4711 52.5016 52.5246 52.5433 52.6291 52.6429 52.6797 52.6974 52.7174
 52.7576 52.7811 52.7985 52.8316 52.8543 52.8732 52.8904 52.9117 52.9276
 52.9426 52.9575 52.98   53.0096 53.0332 53.0527 53.0672 53.0825 53.1026
 53.1197 53.1344 53.1526 53.1839 53.2092 53.2346 53.2528 53.2717 53.2899
 53.32   53.3381 53.3568 53.3776 53.3968 53.4164 53.4359 53.455  53.4935
 53.5412 53.5868 53.629  53.6535 53.6766 53.6973 53.7398 53.7638 53.7907
 53.8201 53.8425 53.8939 53.9205 53.9474 53.9868 54.0263 54.0516 54.0883
 54.1499 54.2033 54.2256 54.2688 54.306
60.1266 60.7263 60.8402 60.9749 61.0097 61.0404 61.0758 61.105  61.1499
 61.1998 61.2232 61.2687 61.3134 61.3352 61.3893 61.4225 61.4443 61.4633
 61.4785 61.5034 61.5181 61.5364 61.5676 61.6318 61.6456 61.6607 61.6876
 61.712  61.7436 61.768  61.7902 61.8197 61.8421 61.8647 61.8836 61.898
 61.9205 61.9358 61.9481 61.9608 61.9726 61.9893 62.0137 62.0401 62.0563
 62.0691 62.0932 62.1077 62.1207 62.1403 62.1561 62.1785 62.1973 62.2279
 62.2448 62.2759 62.2989 62.3292 62.3623 62.3848 62.4237 62.4487 62.4684
 62.4964 62.5194 62.5365 62.5574 62.5785 62.6056 62.6208 62.6385 62.6713
 62.6917 62.718  62.7437 62.7752 62.8033 62.825  62.8464 62.8677 62.8945
 62.9378 62.9684 62.9871 63.014  63.038  63.0967 63.1918 63.2564 63.3135
 63.3572 63.3937 67.6329 68.8715 69.0019 69.0716 69.0975 69.3166 69.3544
 69.3891 69.4686 69.497  69.5481 69.5789 69.6044 69.6416 69.6682 69.6906
 69.7274 69.7627 69.7768 69.8029 69.8579 69.8859 69.9101 69.9359 69.9689

