10.2298 11.4184 12.0565 12.8397 12.9099 13.8171 13.92   14.0694 14.0983
 14.1462 14.1749 14.2567 14.2768 14.3579 14.3769 14.4224 14.4431 14.4937
 14.5527 14.9202
22.0789 23.0548 23.1556 23.1837 23.3736 23.9658 24.0292 24.0546 24.0686
 24.0955 24.16   24.1959 24.2149 24.2365 24.3774 24.589  24.6085 24.6545
 24.6832
31.6782 32.1994 32.5187 33.1013 33.1732 33.3795 33.4366 33.4583 33.6019
 33.6296 33.7903 34.1282
41.8601 41.9636 42.0759 42.1296 42.1675 42.4672 42.7234 42.7539 42.7895
 42.8107 42.8603 42.8895 42.9301 42.9906 43.0398 43.1089 43.1312 43.2009
 43.2238 43.2534 43.3184 43.3534 43.4221
51.5148 51.7692 51.9729 52.0002 52.0369 52.0824 52.1489 52.2209 52.246
 52.2786 52.3276 52.3937 52.4166 52.4589 52.4919 52.5122 52.6513 52.6991
 52.7319 52.9762
60.2998 60.4907 60.5556 60.9156 61.1909 61.3168 61.5229 61.5678 61.7291
 68.9783 69.2482 69.4685 69.4873 69.5918 69.6276 69.6828 69.7266 69.8237
 69.8794

