13.6475 13.746  13.7809 13.8266 13.8586 13.8741 13.9176 13.9667 14.0005
 14.0267 14.0464 14.065  14.138  14.16   14.189  14.2627 14.2895 14.3202
 14.3854 14.4423
22.8556 22.9587 23.0016 23.0438 23.0867 23.1532 23.2071 23.2322 23.253
 23.2929 23.3967 23.4863 23.5628
31.5279 32.1705 32.2488 32.4224 32.7023 32.7313 32.8719 33.0467 33.1292
 33.1658
41.0904 41.5148 41.6028 41.7671 49.1472 49.8853
50.0873 50.2074 50.3283 50.3685 50.4355 59.1306 59.2918 59.3238 59.496
 59.5787 59.6047 59.7549 59.8309 59.8571 59.9639
60.0512 66.1415 67.3088 67.5948 67.7744 67.9129 68.0056 68.0765 68.2715
 68.3303 68.4269 68.4426 68.4642 68.4988 68.5512 68.6323 68.6737 68.7288
 68.745

