12.9226 13.4493 13.5902 13.7307 13.8293 13.8634 13.9327 13.9818 14.0998
 14.1349 14.2111 14.2436 14.2668 14.3006 14.3375 14.3744 14.4075 14.4368
 14.4541 14.4981 14.8072
22.1778 22.7548 22.9499 23.1218 23.162  23.2053 23.2389 23.2847 23.3473
 23.4093 23.4248 23.4656 23.5148 23.5601 23.7552
30.6427 30.7725 32.0768 32.1491 32.3327 32.7143 32.8978 32.9429 32.9742
 33.187  33.2848
40.1386 41.4925 41.7952 41.8611 41.9127 49.512  49.9339
50.0829 50.1325 50.2688 50.4981 50.5795 50.6077 50.7835 50.9537 57.8784
 59.5059 59.7295 59.9677
60.0517 67.9047 68.2147 68.3575 68.4094 68.6441 68.668  68.8566

