12.3973 13.0922 13.1658 13.2626 13.2971 13.3902 13.4335 13.5634 13.601
 13.6632 13.7064 13.7633 13.8017 13.8288 13.8596 13.8836 13.9668 13.9855
 14.0274 14.0483 14.0765 14.1032 14.1209 14.1328 14.149  14.1592 14.1742
 14.1894 14.2042 14.2214 14.2382 14.2528 14.265  14.2746 14.2886 14.3032
 14.3178 14.3333 14.344  14.356  14.3663 14.3811 14.3938 14.4042 14.4235
 14.4463 14.4592 14.4723 14.4868 14.5    14.5117 14.5209 14.5317 14.5455
 14.5568 14.5697 14.582  14.5984 14.6085 14.6207 14.6322 14.6426 14.6619
 14.6863 14.7004 14.7151 14.7329 14.7482 14.7669 14.7865 14.8089 14.8324
 14.8571 14.872  14.8831 14.8976 14.9276 14.9699 14.9925 15.0113 15.0867
21.9365 22.0978 22.1292 22.2977 22.3953 22.4743 22.5791 22.6056 22.6557
 22.6821 22.7261 22.7553 22.8066 22.8379 22.8956 22.9312 22.9636 22.9988
 23.045  23.0689 23.0908 23.1078 23.1238 23.1441 23.1873 23.2088 23.2272
 23.2586 23.2773 23.2908 23.3098 23.3325 23.3494 23.3621 23.3826 23.3965
 23.4112 23.4238 23.4412 23.4552 23.469  23.4854 23.4998 23.514  23.5601
 23.571  23.5825 23.5956 23.6124 23.6308 23.6445 23.6579 23.6751 23.6882
 23.7076 23.7406 23.7583 23.777  23.8062 23.8233 23.8438 23.8659 23.9153
 23.9288 23.9584 24.0029 24.0547
31.1118 31.584  32.3178 32.4179 32.5376 32.5941 32.7992 32.8455 32.9172
 32.9348 32.9603 32.9892 33.0628 33.0902 33.1123 33.1509 33.1807 33.1998
 33.2585 33.293  33.3186 33.3538 33.3737 33.3974 33.4149 33.4308 33.45
 33.4652 33.4831 33.5048 33.5177 33.5511 33.5726 33.597  33.6763 33.6919
 33.7081 33.7401 33.7643 33.7784 33.7913 33.8689 33.9454 39.9559
40.2595 40.3335 40.9496 41.1093 41.2353 41.3126 41.3614 41.452  41.4873
 41.5319 41.5634 41.5906 41.6359 41.6786 41.703  41.7533 41.7742 41.8656
 41.8994 41.9161 41.9292 41.9616 42.0002 42.0329 42.0798 42.1169 42.1432
 42.1606 42.2079 42.2284 42.2553 42.2755 42.4099 42.5199 48.3677 49.0994
 49.6516 49.8207 49.8702 49.9141
50.0553 50.0968 50.3078 50.3338 50.3816 50.4176 50.4411 50.4616 50.4844
 50.5222 50.5403 50.5764 50.605  50.621  50.6327 50.6565 50.6874 50.7128
 50.726  50.739  50.808  50.8199 50.8396 50.8652 50.8793 50.8954 50.9125
 50.935  50.9554 50.9944 51.0084 51.0367 51.0652 51.141  51.1761 58.3085
 58.9017 59.0036 59.1126 59.2666 59.3077 59.4547 59.4959 59.5306 59.5986
 59.6334 59.6599 59.6856 59.7073 59.7578 59.7907 59.8117 59.8609 59.8794
 59.9032 59.9229 59.9403 59.9565 59.9773 59.9911
60.02   60.032  60.0475 60.0654 60.0815 60.1025 60.1216 60.143  60.1654
 60.1792 60.1937 60.2142 60.2325 60.2588 60.2693 60.2843 60.3198 60.3414
 60.3677 60.3955 60.4173 60.4323 60.4516 60.464  60.4841 60.4954 60.5521
 60.5623 60.7245 60.7634 64.7499 67.2044 67.8887 67.9986 68.0687 68.1244
 68.204  68.2359 68.2539 68.2777 68.3112 68.3556 68.3764 68.4007 68.4287
 68.4518 68.4691 68.4854 68.5268 68.5729 68.5967 68.6156 68.6446 68.6582
 68.6812 68.6992 68.7155 68.7287 68.7407 68.7569 68.7834 68.8009 68.8226
 68.8348 68.853  68.8667 68.8865 68.8986 68.925  68.9377 68.9515 68.9682
 68.9847 68.996  69.0136 69.0317 69.0491 69.0628 69.0759 69.0862 69.0978
 69.1088 69.1207 69.1417 69.1553 69.1668 69.1822 69.2027 69.2127 69.2248
 69.238  69.249  69.2646 69.2841 69.2979 69.3096 69.3248 69.3838 69.4062
 69.4415 69.5505

