12.8107 13.0804 13.2367 13.3472 13.4147 13.5836 13.6679 13.7314 13.8364
 13.8588 13.8767 13.9217 13.9449 13.9696 13.9875 13.9999 14.0382 14.0563
 14.0853 14.0973 14.118  14.1361 14.1708 14.2075 14.2226 14.251  14.2685
 14.2888 14.304  14.3191 14.3323 14.3465 14.3585 14.3696 14.3845 14.4188
 14.433  14.4462 14.4594 14.4703 14.4816 14.4925 14.5042 14.5183 14.5349
 14.5506 14.5606 14.5741 14.5884 14.6017 14.6118 14.6252 14.6412 14.6567
 14.6674 14.6821 14.6953 14.706  14.7162 14.7312 14.7532 14.7646 14.78
 14.7922 14.8112 14.8254 14.8443 14.859  14.8706 14.884  14.9102 14.9314
 14.9475 14.9919 15.0042 15.0152 15.0486
22.1616 22.4687 22.5107 22.5545 22.7219 22.7511 22.78   22.8433 22.8756
 22.8888 22.9101 22.9566 22.9802 23.0411 23.0638 23.1451 23.1674 23.2
 23.2142 23.2457 23.2692 23.2906 23.3117 23.3243 23.3375 23.3558 23.3803
 23.4066 23.4261 23.4434 23.4723 23.4913 23.5061 23.5237 23.5369 23.5515
 23.5725 23.6077 23.6231 23.6495 23.6901 23.7177 23.8126 23.8344 23.8585
 23.8837 23.9056 23.9237 23.938  23.9534 23.9676 24.0045 24.0297
32.198  32.2427 32.3449 32.4414 32.4657 32.6189 32.7309 32.7584 32.7915
 32.8375 32.8871 32.9268 32.9696 33.0076 33.0258 33.0393 33.0852 33.1023
 33.1305 33.2298 33.2797 33.3071 33.3843 33.4671 33.4903 33.5632
40.9796 41.1248 41.4075 41.4857 41.5121 41.6453 41.6904 41.7597 41.8213
 41.8866 41.9232 41.9518 42.0009 42.0175 42.0674 42.0834 42.1031 42.1253
 42.1479 42.1637 42.1869 42.2023 49.5031 49.9288 49.9968
50.1217 50.1628 50.1978 50.2366 50.3224 50.3455 50.3732 50.4332 50.4656
 50.4936 50.5109 50.6001 50.6246 50.6625 50.698  50.7424 50.7898 50.87
 51.1084 57.0856 58.8839 59.0084 59.288  59.3719 59.4187 59.4499 59.4833
 59.5026 59.5219 59.5936 59.6923 59.7088 59.7222 59.78   59.8002 59.8317
 59.8722 59.9176 59.9448 59.9919
60.0387 60.0524 60.1565 60.2023 60.2233 60.2506 60.2687 60.2884 60.3023
 60.3184 60.3358 60.3535 60.4131 60.5145 60.5889 60.6549 66.8567 67.1704
 67.8676 67.9803 68.0948 68.153  68.1864 68.2279 68.2507 68.2666 68.3015
 68.3307 68.346  68.3587 68.391  68.44   68.456  68.4862 68.5242 68.5677
 68.6108 68.6288 68.6419 68.6579 68.6828 68.7147 68.777  68.7885 68.9066
 68.9444 68.9585 68.9763 69.0008 69.0243 69.0441 69.1985 69.2164 69.236
 69.2997 69.3383 69.395  69.4151

