12.8269 12.923  13.1728 13.2369 13.3778 13.5162 13.542  13.6029 13.6254
 13.6535 13.6713 13.6973 13.777  13.7955 13.8235 13.8373 13.8538 13.8691
 13.8874 13.9103 13.9286 13.9396 13.9559 13.9729 13.9833 13.9947 14.0083
 14.0189 14.032  14.044  14.0549 14.0658 14.0797 14.0945 14.1053 14.1211
 14.1305 14.1404 14.1502 14.1616 14.1725 14.1818 14.1926 14.2026 14.2136
 14.2259 14.2358 14.2449 14.2574 14.2666 14.2771 14.2862 14.2953 14.3085
 14.3182 14.3273 14.3367 14.3461 14.3547 14.3636 14.373  14.3811 14.3902
 14.3997 14.4096 14.4201 14.4294 14.4381 14.4468 14.4564 14.4668 14.4759
 14.4849 14.4938 14.5026 14.5108 14.521  14.5291 14.538  14.5471 14.5547
 14.5631 14.5712 14.5793 14.5881 14.5961 14.6041 14.6128 14.6218 14.6315
 14.6399 14.6482 14.6568 14.6647 14.6722 14.6806 14.6889 14.6974 14.7049
 14.7131 14.722  14.7301 14.7388 14.7472 14.7562 14.765  14.7754 14.7833
 14.7916 14.7993 14.8084 14.8171 14.8257 14.8347 14.8429 14.8514 14.8597
 14.8679 14.876  14.8838 14.8919 14.8996 14.9075 14.9154 14.9235 14.9321
 14.9397 14.9483 14.9564 14.9656 14.9736 14.9814 14.9892 14.9969 15.0048
 15.0133 15.022  15.0311 15.0398 15.0481 15.056  15.0642 15.074  15.0827
 15.092  15.1022 15.1123 15.121  15.1294 15.1397 15.1496 15.1591 15.1681
 15.1773 15.1864 15.1956 15.2057 15.2158 15.2253 15.2356 15.2479 15.2569
 15.2681 15.2807 15.2931 15.3033 15.3184 15.3301 15.3461 15.3759 15.4006
 15.4764
22.149  22.5304 22.6606 22.7001 22.7931 22.8247 22.8673 22.9219 22.9382
 22.9523 22.9697 22.9829 23.0027 23.0255 23.0486 23.0649 23.0772 23.0896
 23.1057 23.1159 23.1295 23.1424 23.1598 23.1705 23.1832 23.197  23.2206
 23.2336 23.2428 23.2535 23.2661 23.2807 23.2929 23.3066 23.3177 23.3307
 23.3455 23.3613 23.3718 23.3837 23.3946 23.4084 23.4187 23.429  23.4392
 23.4513 23.463  23.4725 23.4852 23.4943 23.5035 23.5129 23.5224 23.5315
 23.544  23.5528 23.5624 23.5734 23.5891 23.6002 23.6105 23.6197 23.629
 23.6374 23.6469 23.6557 23.6646 23.673  23.6814 23.6894 23.6987 23.7076
 23.7162 23.7251 23.734  23.7429 23.7521 23.7599 23.769  23.7771 23.7881
 23.7972 23.8067 23.8169 23.8259 23.8359 23.8467 23.8546 23.8629 23.8731
 23.8813 23.8899 23.899  23.9097 23.919  23.9286 23.9399 23.9516 23.9608
 23.9705 23.9811 23.9903 24.0005 24.0096 24.0187 24.0295 24.0428 24.0536
 24.0626 24.0705 24.0789 24.0873 24.0971 24.107  24.1198 24.1314 24.1422
 24.1547 24.1683 24.182  24.1937 24.2036 24.2161 24.2319 24.2518 24.263
 24.2728 24.2893 24.3049 24.3228 24.342  24.3764 24.4683 29.2234
32.1913 32.284  32.3836 32.4241 32.4507 32.4764 32.5035 32.5349 32.5673
 32.6577 32.6777 32.6936 32.7238 32.7483 32.7632 32.7778 32.8127 32.8311
 32.8492 32.8673 32.8908 32.9072 32.9285 32.9439 32.9614 32.9804 32.9991
 33.0123 33.0311 33.0421 33.0524 33.0732 33.1023 33.1137 33.1315 33.146
 33.1708 33.1829 33.1985 33.2103 33.2209 33.2329 33.2453 33.2571 33.2706
 33.2819 33.2968 33.309  33.3196 33.3371 33.3503 33.3643 33.3785 33.3888
 33.3987 33.4127 33.4249 33.4373 33.4474 33.457  33.4693 33.4795 33.494
 33.5069 33.5211 33.5345 33.5503 33.566  33.5888 33.5996 33.6118 33.624
 33.6364 33.6532 33.6644 33.6784 33.6901 33.7025 33.7157 33.731  33.7458
 33.7703 33.7885 33.8041 33.824  33.8366 33.8769 33.9049 33.9397 33.9691
 34.0053 34.0323
40.5761 40.8997 41.2398 41.2946 41.3169 41.3442 41.3823 41.4216 41.4469
 41.4752 41.5165 41.5503 41.5959 41.6195 41.6631 41.676  41.6928 41.706
 41.7235 41.7515 41.7668 41.7955 41.8326 41.846  41.8588 41.8733 41.8898
 41.9105 41.927  41.9465 41.9593 41.9792 41.9984 42.0115 42.0331 42.0517
 42.0702 42.0891 42.105  42.1172 42.1361 42.1545 42.1679 42.1842 42.2068
 42.2201 42.2318 42.2463 42.26   42.2749 42.2948 42.3101 42.3218 42.3401
 42.355  42.3769 42.3944 42.4108 42.4255 42.4466 42.4672 42.4833 42.4973
 42.5123 42.5246 42.5541 42.5743 42.5939 42.6085 42.6252 42.6463 42.7681
 42.8289 48.5135 48.9408 49.3924
50.0519 50.1579 50.1751 50.2079 50.2268 50.2646 50.2999 50.3243 50.3616
 50.3799 50.3991 50.4147 50.4349 50.4616 50.4756 50.4939 50.5102 50.5316
 50.544  50.5713 50.5906 50.6054 50.6199 50.6322 50.6433 50.6546 50.6654
 50.6793 50.6968 50.709  50.725  50.7565 50.7745 50.7857 50.8062 50.8183
 50.8331 50.8487 50.8617 50.8744 50.9086 50.924  50.9353 50.9575 50.9723
 51.0008 51.0356 51.0524 51.0657 51.0797 51.0951 51.1086 51.1274 51.1447
 51.1679 51.1831 51.1959 51.2057 51.2187 51.2282 51.2462 51.2781 51.2894
 51.3239 51.3357 51.3498 51.3952 51.4316 51.4586 51.4768 56.6838 57.2618
 58.5171 58.7259 58.9045 59.0058 59.0479 59.2385 59.4132 59.4515 59.4731
 59.4915 59.5125 59.5352 59.5646 59.5803 59.5981 59.6214 59.6439 59.6721
 59.7027 59.7175 59.7346 59.7587 59.7738 59.7946 59.8061 59.8222 59.8454
 59.8585 59.869  59.8818 59.8934 59.9167 59.9289 59.9441 59.9583 59.9697
 59.98   59.995
60.0074 60.0195 60.0366 60.0492 60.0595 60.074  60.0835 60.0969 60.1074
 60.1192 60.13   60.142  60.1513 60.1629 60.1724 60.1853 60.2026 60.2179
 60.2313 60.2414 60.2524 60.2615 60.27   60.2791 60.2875 60.2996 60.3091
 60.3207 60.3297 60.3394 60.3496 60.3632 60.3728 60.3847 60.394  60.4055
 60.42   60.4344 60.446  60.4597 60.4714 60.4887 60.499  60.5096 60.5178
 60.5277 60.539  60.5493 60.5593 60.5695 60.5813 60.5927 60.603  60.6139
 60.6237 60.635  60.65   60.6657 60.6769 60.6865 60.7007 60.7116 60.7273
 60.743  60.7569 60.7755 60.7999 60.8193 60.838  60.8679 60.8859 60.9205
 60.9401 60.9579 60.9963 61.0194 64.4849 65.1833 67.0003 67.5267 67.707
 67.7513 67.8168 67.9408 67.9646 68.0029 68.0839 68.1132 68.1367 68.1794
 68.2046 68.2245 68.2483 68.2705 68.2897 68.3079 68.3607 68.3993 68.4155
 68.4353 68.4505 68.4741 68.4904 68.5005 68.5156 68.5274 68.5386 68.5543
 68.5674 68.5785 68.5903 68.6012 68.6197 68.6295 68.6451 68.6567 68.67
 68.6829 68.6945 68.7088 68.7214 68.7327 68.7446 68.7538 68.7635 68.7725
 68.7842 68.7954 68.8055 68.8156 68.8256 68.8371 68.8477 68.863  68.8728
 68.8858 68.8972 68.9113 68.9245 68.9347 68.9456 68.9554 68.9656 68.9754
 68.9848 68.9956 69.0035 69.0118 69.0212 69.0307 69.0408 69.0499 69.0608
 69.0707 69.0801 69.0901 69.0984 69.1091 69.1205 69.133  69.1453 69.1562
 69.1665 69.1768 69.1861 69.1963 69.2054 69.2192 69.2285 69.2382 69.2492
 69.2587 69.2735 69.2834 69.2936 69.3037 69.3145 69.3252 69.3347 69.3446
 69.3561 69.3653 69.3761 69.3848 69.3963 69.4084 69.4185 69.4283 69.4426
 69.4537 69.466  69.4795 69.4931 69.5085 69.5219 69.5326 69.5449 69.5588
 69.5743 69.5867 69.608  69.6263 69.6452 69.6676 69.6962 69.7268 69.7418
 69.7576 69.7774

