12.9402 13.2638 13.3625 13.4123 13.5273 13.5709 13.6248 13.6658 13.7021
 13.7464 13.7706 13.792  13.8105 13.8436 13.8586 13.8792 13.8956 13.9135
 13.9307 13.9441 13.9548 13.9668 13.9803 13.9988 14.0119 14.029  14.0463
 14.0562 14.0672 14.0805 14.0924 14.1034 14.115  14.1264 14.1385 14.1493
 14.1593 14.1712 14.1825 14.1917 14.2014 14.2104 14.2203 14.2302 14.2384
 14.2476 14.257  14.2658 14.275  14.2839 14.2935 14.3028 14.3109 14.3203
 14.3291 14.337  14.3457 14.3553 14.365  14.3737 14.382  14.3904 14.3991
 14.4078 14.4174 14.4272 14.4354 14.4437 14.4529 14.4609 14.4692 14.4771
 14.4847 14.4921 14.4995 14.5068 14.5149 14.5221 14.5293 14.537  14.5445
 14.552  14.5596 14.5683 14.5753 14.5828 14.5902 14.598  14.6053 14.6129
 14.6203 14.6278 14.6349 14.6428 14.65   14.657  14.664  14.6711 14.6782
 14.6853 14.6925 14.6996 14.7068 14.7139 14.7212 14.7282 14.7353 14.7424
 14.7499 14.7567 14.7637 14.7707 14.7775 14.785  14.7916 14.7983 14.8052
 14.8122 14.8192 14.8262 14.8332 14.8399 14.847  14.8541 14.8617 14.8692
 14.8758 14.8829 14.8902 14.8969 14.9041 14.911  14.918  14.9251 14.9318
 14.9384 14.9455 14.9525 14.9593 14.9663 14.9733 14.9802 14.9874 14.994
 15.0007 15.0077 15.0144 15.0216 15.0285 15.0352 15.0422 15.0492 15.0559
 15.0628 15.0698 15.0767 15.0836 15.0905 15.0974 15.1044 15.1117 15.1187
 15.1261 15.1333 15.1403 15.1473 15.1544 15.1615 15.1686 15.1756 15.1829
 15.1899 15.1972 15.2041 15.2115 15.2189 15.2263 15.2335 15.2406 15.2477
 15.2545 15.2615 15.2688 15.2759 15.2829 15.2903 15.2975 15.305  15.3121
 15.3197 15.3271 15.3345 15.3415 15.3488 15.3567 15.3644 15.3719 15.3797
 15.3876 15.3957 15.4041 15.4122 15.4203 15.4287 15.4371 15.4451 15.4529
 15.4609 15.4689 15.4773 15.485  15.493  15.5004 15.5087 15.5167 15.5249
 15.533  15.5408 15.5491 15.5581 15.566  15.5747 15.5825 15.5911 15.5996
 15.6078 15.6164 15.625  15.6337 15.6425 15.6505 15.659  15.6691 15.678
 15.6872 15.6975 15.7082 15.7179 15.7282 15.7382 15.7479 15.7567 15.7671
 15.7761 15.7872 15.7967 15.8073 15.8175 15.8279 15.8381 15.8513 15.863
 15.8762 15.8878 15.9008 15.911  15.9226 15.9364 15.9506 15.9657 15.9818
 15.9966 16.0098 16.0252 16.0432 16.0583 16.0761 16.0929 16.1139 16.1308
 16.1468 16.1633 16.1805 16.2031 16.2182 16.2394 16.2559 16.2775 16.2957
 16.3171 16.3655 16.3859 16.4285 16.4605 16.4856 16.5604 16.5995 16.6398
 16.7839 17.8268
21.8015 22.3179 22.5509 22.593  22.6393 22.7317 22.7517 22.7757 22.8143
 22.8318 22.8604 22.9112 22.9318 22.9597 22.9757 22.9877 23.0017 23.0281
 23.0475 23.0667 23.0792 23.0967 23.1125 23.1256 23.1362 23.1512 23.1659
 23.177  23.1874 23.2    23.2127 23.2245 23.2405 23.2519 23.264  23.2788
 23.2943 23.3038 23.3135 23.3255 23.3359 23.3475 23.3579 23.3687 23.3787
 23.3907 23.4002 23.4101 23.4187 23.4284 23.439  23.4493 23.4575 23.4661
 23.4744 23.4826 23.4915 23.5018 23.5109 23.52   23.5281 23.5367 23.5457
 23.5538 23.5618 23.5696 23.5778 23.5881 23.5977 23.6056 23.6132 23.6216
 23.6292 23.6376 23.6458 23.6536 23.6625 23.6712 23.6793 23.687  23.6948
 23.7022 23.7099 23.7182 23.7263 23.7344 23.7427 23.7512 23.7593 23.7675
 23.7757 23.7837 23.791  23.7983 23.8063 23.8138 23.8216 23.8292 23.8373
 23.845  23.8527 23.8603 23.8682 23.8755 23.883  23.8901 23.898  23.9053
 23.913  23.9208 23.9285 23.9363 23.9434 23.9509 23.9585 23.9662 23.9739
 23.9816 23.9889 23.9967 24.0041 24.0116 24.019  24.0266 24.0338 24.0409
 24.0481 24.0554 24.0629 24.0704 24.0772 24.0847 24.0927 24.1    24.1069
 24.114  24.1218 24.1289 24.1366 24.144  24.1517 24.159  24.1663 24.1736
 24.1811 24.1888 24.1965 24.2038 24.2113 24.2189 24.227  24.2343 24.2421
 24.2498 24.2578 24.2661 24.2738 24.2811 24.2894 24.297  24.3048 24.3123
 24.3201 24.3276 24.3353 24.343  24.3514 24.3592 24.3673 24.3758 24.3844
 24.3926 24.4009 24.4095 24.4179 24.4265 24.4344 24.442  24.4505 24.4584
 24.467  24.4755 24.4847 24.4932 24.5024 24.5106 24.5196 24.5278 24.5364
 24.5453 24.5536 24.564  24.5743 24.5844 24.5947 24.6057 24.6156 24.6253
 24.6351 24.6454 24.6565 24.6651 24.6749 24.6853 24.6962 24.7082 24.7208
 24.7339 24.7464 24.7577 24.7688 24.7795 24.7908 24.8047 24.818  24.8292
 24.8424 24.856  24.8686 24.8812 24.8966 24.9077 24.9263 24.9397 24.96
 24.976  24.9904 25.0065 25.0209 25.0383 25.0616 25.0753 25.09   25.1085
 25.1322 25.1503 25.1661 25.1802 25.1939 25.2138 25.2349 25.2589 25.2767
 25.2944 25.3184 25.3366 25.3562 25.3825 25.4135 25.4345 25.472  25.496
 25.5711 25.5956 25.6752 25.729  25.8617 26.0176
32.1458 32.2276 32.2584 32.3564 32.4263 32.4443 32.47   32.5025 32.5254
 32.5633 32.5764 32.611  32.6515 32.6668 32.6889 32.7188 32.7387 32.7629
 32.7918 32.8082 32.8326 32.8451 32.8603 32.8754 32.8889 32.9122 32.9351
 32.9503 32.9669 32.981  32.9909 33.0007 33.0159 33.0265 33.0416 33.0595
 33.0783 33.0892 33.1041 33.1185 33.13   33.1435 33.1541 33.165  33.1771
 33.1891 33.1994 33.2099 33.2244 33.2338 33.244  33.2538 33.2654 33.2762
 33.2882 33.2984 33.3109 33.3237 33.3351 33.3447 33.3557 33.3666 33.3759
 33.3858 33.3955 33.4047 33.4147 33.4238 33.4332 33.4434 33.4572 33.4689
 33.4792 33.4892 33.5008 33.513  33.5235 33.5327 33.5438 33.5538 33.563
 33.574  33.5843 33.5942 33.6063 33.6169 33.6268 33.636  33.6476 33.6581
 33.6675 33.6772 33.6877 33.6984 33.7086 33.7181 33.7301 33.7404 33.751
 33.7603 33.7685 33.7779 33.7885 33.7974 33.8068 33.8166 33.8261 33.8351
 33.8433 33.8524 33.863  33.8723 33.8811 33.8899 33.8986 33.9089 33.9188
 33.9287 33.9372 33.9463 33.9562 33.966  33.9744 33.9837 33.9925 34.0017
 34.0127 34.0212 34.0312 34.0428 34.0534 34.0639 34.0753 34.087  34.0964
 34.1068 34.1186 34.1323 34.1436 34.1546 34.165  34.1754 34.1852 34.1951
 34.2057 34.217  34.2268 34.2383 34.2496 34.2594 34.2702 34.2821 34.2955
 34.3081 34.3236 34.3359 34.3489 34.3628 34.3774 34.3893 34.4018 34.4145
 34.4281 34.445  34.4617 34.4777 34.4904 34.5045 34.5247 34.5386 34.5607
 34.5757 34.6011 34.6195 34.6339 34.6485 34.6633 34.6808 34.6957 34.7136
 34.7312 34.7464 34.7616 34.7793 34.7992 34.8507 34.9017 34.9422 34.9701
 34.9907 35.0259 35.0566 35.0858 35.1092 35.1354 35.1786 35.2127 35.2581
 35.3649 35.4487
40.7926 40.9936 41.0539 41.1001 41.2162 41.2689 41.2917 41.3431 41.3709
 41.4144 41.4359 41.5118 41.5295 41.5533 41.5698 41.5898 41.6389 41.6592
 41.6737 41.6936 41.7074 41.7228 41.7429 41.7623 41.7752 41.7913 41.8113
 41.8271 41.8436 41.8587 41.8754 41.8922 41.9057 41.9225 41.9387 41.9511
 41.9684 41.9827 42.0013 42.0169 42.0296 42.0417 42.0539 42.0637 42.0732
 42.0877 42.0985 42.1105 42.1226 42.1324 42.1429 42.1518 42.1655 42.1777
 42.1869 42.1985 42.2091 42.2207 42.2315 42.241  42.2495 42.2595 42.2706
 42.2798 42.2917 42.3016 42.3131 42.3227 42.3341 42.3437 42.3529 42.3633
 42.3733 42.3824 42.3914 42.4005 42.4098 42.4196 42.4297 42.439  42.4485
 42.4602 42.4699 42.4823 42.4923 42.5023 42.5125 42.5237 42.5329 42.5436
 42.5541 42.5651 42.5753 42.5871 42.5973 42.6072 42.6189 42.6279 42.6372
 42.6481 42.6616 42.6736 42.6843 42.6945 42.705  42.7191 42.7339 42.7447
 42.757  42.7688 42.7816 42.795  42.8061 42.8203 42.833  42.8472 42.8576
 42.8684 42.8854 42.8991 42.9146 42.9271 42.9409 42.958  42.9732 42.9926
 43.0045 43.0176 43.0321 43.0485 43.0663 43.0797 43.0943 43.1129 43.1435
 43.1579 43.1731 43.1963 43.2113 43.2358 43.2566 43.2805 43.3102 43.3297
 43.3518 43.3707 43.3947 43.4158 43.4399 43.4567 43.4757 43.4918 43.6576
 43.7002 43.7476 43.7872 43.8665 43.904  43.9945 44.0975 44.9183 48.9879
 49.1424 49.4036 49.608  49.8799 49.9379
50.0214 50.0608 50.1049 50.1229 50.1559 50.1879 50.2199 50.2458 50.2612
 50.2868 50.3222 50.3497 50.3758 50.4119 50.4357 50.4549 50.4708 50.4873
 50.5112 50.5272 50.5388 50.5614 50.5768 50.5958 50.6116 50.6282 50.6397
 50.6558 50.6674 50.6813 50.6954 50.7117 50.7289 50.7435 50.7543 50.7664
 50.7784 50.7924 50.8056 50.8169 50.8293 50.84   50.8504 50.8613 50.8714
 50.8828 50.8924 50.9025 50.9127 50.925  50.9367 50.9465 50.9577 50.9703
 50.9812 50.9931 51.0031 51.0139 51.0245 51.0339 51.0438 51.0569 51.0681
 51.0787 51.0901 51.1006 51.1129 51.1255 51.1353 51.1477 51.1577 51.1686
 51.1796 51.1896 51.1999 51.21   51.2215 51.2316 51.2423 51.2514 51.2619
 51.2725 51.2846 51.2948 51.3042 51.3148 51.3248 51.3351 51.3446 51.3544
 51.3642 51.3764 51.3906 51.4018 51.4171 51.4292 51.4392 51.4512 51.4624
 51.4732 51.4859 51.4999 51.511  51.5239 51.5359 51.5505 51.5664 51.5768
 51.5908 51.6025 51.6137 51.629  51.6468 51.6588 51.6703 51.6814 51.6947
 51.706  51.7175 51.7292 51.7446 51.7585 51.7792 51.7949 51.8086 51.8221
 51.8418 51.8571 51.8689 51.8873 51.9036 51.9194 51.9319 51.948  51.9629
 51.9875 52.0052 52.0235 52.0384 52.051  52.078  52.0966 52.1138 52.1391
 52.163  52.1773 52.1932 52.2231 52.2603 52.2858 52.3103 52.3287 52.3628
 52.4241 52.4525 52.4855 52.5266 52.56   52.5833 52.6082 52.6391 52.686
 52.7678 53.3621 57.2568 58.9565 59.0672 59.1072 59.1617 59.2125 59.2473
 59.2751 59.3472 59.3797 59.4035 59.4483 59.4945 59.5136 59.5447 59.5594
 59.5796 59.5982 59.6149 59.6383 59.6567 59.6722 59.6998 59.7208 59.7352
 59.7542 59.7867 59.8139 59.8326 59.8449 59.8572 59.8738 59.885  59.8971
 59.908  59.9187 59.9331 59.944  59.958  59.9707 59.9815 59.9926
60.0022 60.0123 60.0224 60.0333 60.0463 60.0561 60.0669 60.0801 60.0925
 60.102  60.1125 60.125  60.1372 60.1472 60.1569 60.1685 60.1795 60.1895
 60.1988 60.2081 60.2177 60.2281 60.2386 60.2494 60.2589 60.269  60.2779
 60.2861 60.2951 60.3038 60.3125 60.3212 60.3326 60.3424 60.3513 60.3604
 60.3682 60.3763 60.3852 60.3951 60.4038 60.4114 60.4199 60.4278 60.4364
 60.447  60.4552 60.4638 60.4726 60.481  60.4895 60.498  60.5071 60.5155
 60.5237 60.5317 60.5406 60.5493 60.5585 60.5678 60.5772 60.5852 60.5942
 60.6028 60.6111 60.6195 60.6279 60.6361 60.6445 60.6535 60.6621 60.6706
 60.6789 60.6883 60.6968 60.7055 60.7143 60.723  60.7324 60.7409 60.7492
 60.7583 60.7668 60.7758 60.7848 60.7925 60.8005 60.8089 60.8175 60.8255
 60.8345 60.8429 60.8511 60.8599 60.8674 60.876  60.884  60.8917 60.9011
 60.9103 60.9191 60.9272 60.9354 60.9439 60.9527 60.9609 60.9704 60.9787
 60.9868 60.9956 61.0039 61.0125 61.0207 61.0295 61.0395 61.0483 61.0578
 61.0675 61.0792 61.0891 61.1    61.1108 61.1235 61.1346 61.1447 61.155
 61.1654 61.1751 61.1847 61.1966 61.2077 61.2175 61.2278 61.2405 61.2501
 61.2643 61.2804 61.294  61.3062 61.3172 61.3295 61.3417 61.3527 61.365
 61.3766 61.3871 61.4006 61.4147 61.4261 61.4379 61.4497 61.462  61.4767
 61.49   61.5087 61.5293 61.5444 61.5571 61.5686 61.5859 61.6089 61.6285
 61.6512 61.668  61.6982 61.7168 61.7519 61.7743 61.8039 61.8227 61.8534
 61.8715 61.9156 61.9509 61.9873 62.0573 62.0868 62.3818 66.8988 67.5722
 67.9602 68.0098 68.1396 68.181  68.1992 68.2238 68.2507 68.2685 68.2844
 68.3021 68.3184 68.3348 68.3516 68.368  68.3818 68.3947 68.4061 68.4193
 68.4312 68.4438 68.457  68.4825 68.4998 68.5118 68.5233 68.537  68.5527
 68.5644 68.5752 68.592  68.6034 68.6158 68.6276 68.6386 68.649  68.6583
 68.6701 68.6795 68.6899 68.7015 68.7121 68.724  68.7354 68.7452 68.757
 68.7671 68.777  68.7861 68.7957 68.8055 68.8161 68.8279 68.8375 68.8468
 68.8561 68.8648 68.8737 68.8829 68.8932 68.9016 68.9101 68.9186 68.9278
 68.9362 68.9446 68.9531 68.9616 68.9705 68.9807 68.9896 68.9986 69.007
 69.0164 69.0257 69.0356 69.0453 69.0538 69.0616 69.0701 69.0778 69.0863
 69.0942 69.1025 69.1109 69.1185 69.1268 69.1353 69.1434 69.1521 69.1599
 69.1681 69.1759 69.1837 69.1916 69.1995 69.2078 69.2154 69.2236 69.2314
 69.2399 69.2475 69.2562 69.2641 69.2722 69.2807 69.2897 69.2983 69.3076
 69.3151 69.3233 69.3313 69.3386 69.3464 69.3545 69.3625 69.3706 69.3781
 69.3859 69.3939 69.4022 69.4095 69.4176 69.4257 69.4332 69.441  69.4488
 69.4573 69.4652 69.4737 69.4816 69.4891 69.4965 69.505  69.5125 69.5202
 69.5275 69.5353 69.543  69.5512 69.5594 69.5677 69.5758 69.5841 69.5923
 69.6001 69.6076 69.6161 69.6239 69.6326 69.6412 69.6502 69.658  69.6662
 69.674  69.6818 69.6896 69.6978 69.7055 69.7138 69.722  69.731  69.74
 69.7501 69.759  69.7676 69.776  69.7847 69.7934 69.8013 69.8109 69.8203
 69.8301 69.8398 69.8487 69.8586 69.8677 69.8766 69.8857 69.8953 69.9052
 69.9147 69.9243 69.9353 69.945  69.9558 69.9659 69.9769 69.9892

