12.4458 12.6899 12.9706 13.0251 13.1696 13.3147 13.3407 13.4104 13.4507
 13.4782 13.5073 13.5289 13.5758 13.6002 13.6297 13.6439 13.6832 13.7032
 13.7184 13.7342 13.7674 13.783  13.7959 13.8141 13.8257 13.8369 13.8492
 13.8662 13.8861 13.9008 13.9112 13.9268 13.9386 13.95   13.9629 13.979
 13.99   14.0008 14.0136 14.0246 14.0341 14.0444 14.0565 14.066  14.0784
 14.09   14.103  14.1118 14.1226 14.1322 14.1423 14.1523 14.1638 14.1736
 14.1825 14.192  14.202  14.2116 14.2218 14.2307 14.2401 14.2493 14.2593
 14.2671 14.2763 14.2844 14.2936 14.3024 14.3102 14.3181 14.3264 14.3346
 14.3423 14.3499 14.3579 14.3663 14.3739 14.3824 14.3914 14.3991 14.4071
 14.4154 14.4233 14.4314 14.4391 14.4472 14.4557 14.4628 14.4709 14.4784
 14.4868 14.4966 14.5045 14.5123 14.5196 14.5279 14.5356 14.5437 14.5526
 14.5617 14.569  14.5774 14.5858 14.5943 14.6023 14.61   14.6181 14.6255
 14.6335 14.6407 14.6493 14.6585 14.6667 14.6744 14.6821 14.6909 14.6981
 14.7051 14.7124 14.7199 14.7275 14.7357 14.7431 14.7519 14.7596 14.7675
 14.775  14.7829 14.7909 14.799  14.8066 14.8149 14.8229 14.8308 14.8393
 14.8472 14.855  14.8626 14.8698 14.8777 14.8849 14.8925 14.901  14.9089
 14.9166 14.9237 14.9308 14.9385 14.946  14.9532 14.9613 14.969  14.9768
 14.9846 14.9923 14.9999 15.0091 15.0172 15.0255 15.0334 15.0414 15.0485
 15.056  15.0639 15.072  15.0806 15.0883 15.0965 15.1045 15.1124 15.1203
 15.1286 15.1358 15.1432 15.1512 15.1601 15.1687 15.1765 15.1862 15.1941
 15.2022 15.211  15.2187 15.2264 15.2345 15.243  15.2509 15.2589 15.267
 15.2757 15.2839 15.2924 15.3009 15.3091 15.3179 15.3261 15.3336 15.3414
 15.3498 15.3577 15.3666 15.3746 15.3837 15.3914 15.4005 15.41   15.4184
 15.4267 15.4353 15.4439 15.4528 15.4608 15.4704 15.4791 15.4885 15.4967
 15.5046 15.5129 15.5207 15.5286 15.537  15.5451 15.5532 15.5616 15.5702
 15.5798 15.5903 15.599  15.6079 15.6173 15.6257 15.634  15.6428 15.6525
 15.6615 15.671  15.6796 15.6891 15.6984 15.707  15.7159 15.7252 15.736
 15.7459 15.7559 15.7651 15.7737 15.784  15.7936 15.8027 15.8126 15.8218
 15.8317 15.8397 15.8504 15.8595 15.8699 15.8804 15.891  15.9021 15.912
 15.9229 15.9335 15.9459 15.9595 15.9702 15.9821 15.9941 16.0077 16.0207
 16.0324 16.0442 16.0568 16.0699 16.0844 16.0986 16.1103 16.123  16.135
 16.1468 16.161  16.1724 16.1901 16.2029 16.2158 16.2296 16.2423 16.2558
 16.269  16.2833 16.2977 16.3148 16.3309 16.3453 16.3662 16.3843 16.4084
 16.4347 16.4532 16.4779 16.5303 16.5542 16.5803 16.6098 16.7087 18.9965
22.2907 22.3638 22.3989 22.4457 22.4825 22.5656 22.5957 22.6167 22.646
 22.6726 22.7266 22.7478 22.7597 22.7832 22.7958 22.8259 22.8514 22.8676
 22.8815 22.8927 22.9129 22.9262 22.9416 22.956  22.9719 22.986  22.9968
 23.0092 23.0219 23.0341 23.0485 23.0601 23.0726 23.0843 23.0947 23.1057
 23.119  23.1302 23.1413 23.152  23.1636 23.1784 23.1891 23.201  23.2104
 23.2219 23.2312 23.2408 23.2514 23.263  23.2716 23.2812 23.292  23.3023
 23.3129 23.3224 23.3322 23.3421 23.3512 23.361  23.3695 23.3774 23.3855
 23.3943 23.4037 23.4125 23.4216 23.4307 23.4388 23.4471 23.4551 23.4638
 23.474  23.483  23.4919 23.5004 23.5093 23.5179 23.5261 23.5347 23.5434
 23.5541 23.5629 23.5718 23.5807 23.589  23.5982 23.6069 23.6159 23.6243
 23.6327 23.6409 23.6495 23.6576 23.6653 23.673  23.6811 23.6884 23.6958
 23.7043 23.7122 23.7199 23.7274 23.735  23.7433 23.7513 23.7594 23.7673
 23.7751 23.7833 23.7923 23.8001 23.8087 23.8168 23.8248 23.8326 23.841
 23.8491 23.8577 23.8657 23.8739 23.8819 23.8898 23.8978 23.9059 23.9143
 23.9227 23.9305 23.9386 23.9476 23.9558 23.9647 23.9728 23.9822 23.9913
 23.9995 24.007  24.0145 24.0225 24.0321 24.0415 24.0495 24.0574 24.0656
 24.075  24.0834 24.0925 24.0999 24.1081 24.1171 24.1252 24.133  24.1417
 24.1513 24.1592 24.1679 24.1764 24.1851 24.1948 24.2035 24.2127 24.2205
 24.229  24.2372 24.2475 24.2558 24.2651 24.2745 24.2829 24.2931 24.302
 24.31   24.3195 24.3273 24.3364 24.3447 24.3537 24.363  24.3715 24.381
 24.3901 24.3985 24.4076 24.416  24.4257 24.4362 24.4452 24.4544 24.4639
 24.4731 24.4827 24.4931 24.5028 24.5117 24.521  24.5315 24.5405 24.5505
 24.5601 24.57   24.5802 24.5915 24.6017 24.6126 24.6225 24.6327 24.6417
 24.6523 24.6626 24.6728 24.683  24.6934 24.7036 24.7151 24.7254 24.7366
 24.7477 24.7587 24.769  24.7835 24.7955 24.8096 24.8205 24.8309 24.8425
 24.8525 24.8631 24.8755 24.8877 24.8983 24.9118 24.9244 24.936  24.9492
 24.9617 24.9737 24.9871 24.9996 25.0153 25.0274 25.0396 25.0537 25.0681
 25.0852 25.0998 25.1124 25.1271 25.1395 25.1538 25.1662 25.1806 25.1966
 25.2162 25.2376 25.2558 25.2743 25.2879 25.3089 25.3334 25.356  25.3765
 25.4113 25.4492 25.488  25.5175 27.5475
30.5389 31.4938 31.6445 31.7505 32.1171 32.2066 32.2577 32.4167 32.4624
 32.5066 32.5535 32.5775 32.5957 32.6133 32.625  32.6395 32.6669 32.6815
 32.7031 32.7192 32.736  32.7528 32.7738 32.8028 32.8196 32.8337 32.8478
 32.8637 32.8798 32.9155 32.931  32.9445 32.9587 32.9734 32.9968 33.0118
 33.0271 33.0402 33.0571 33.0718 33.0836 33.0962 33.1048 33.1151 33.1311
 33.1436 33.155  33.1648 33.1764 33.1883 33.1988 33.2092 33.2195 33.2294
 33.2409 33.251  33.2614 33.2735 33.2842 33.2943 33.3038 33.3163 33.3247
 33.334  33.3445 33.3531 33.3638 33.3727 33.3817 33.3924 33.4011 33.4101
 33.4197 33.4287 33.4374 33.4461 33.4556 33.4663 33.4752 33.4852 33.4951
 33.5058 33.5152 33.5242 33.5343 33.543  33.5517 33.5619 33.5727 33.5819
 33.591  33.6014 33.6098 33.6186 33.6278 33.6378 33.6479 33.656  33.6646
 33.6743 33.6846 33.695  33.7051 33.716  33.7248 33.7341 33.7451 33.7549
 33.7654 33.7738 33.7821 33.7914 33.8036 33.8129 33.8219 33.8318 33.8412
 33.8538 33.8645 33.8747 33.8867 33.8966 33.9064 33.917  33.9294 33.9403
 33.9509 33.961  33.9703 33.9809 33.9956 34.0065 34.0155 34.0267 34.0397
 34.0548 34.0683 34.0788 34.0888 34.0979 34.11   34.1204 34.1303 34.1404
 34.1527 34.1682 34.1789 34.1883 34.1983 34.2084 34.219  34.2295 34.2429
 34.2538 34.2648 34.2772 34.2883 34.2991 34.309  34.3205 34.3323 34.3441
 34.3567 34.368  34.3821 34.3957 34.4079 34.4202 34.4336 34.4451 34.4609
 34.4729 34.487  34.498  34.5118 34.5261 34.5474 34.5639 34.577  34.5909
 34.6054 34.6181 34.6317 34.6463 34.6663 34.6821 34.6988 34.7141 34.742
 34.7604 34.7767 34.7975 34.8182 34.8433 34.8629 34.8785 34.9005 34.9269
 34.9489 34.995  39.6698 39.8255
40.1914 40.8786 40.8985 40.9599 41.0668 41.1325 41.1647 41.2017 41.2398
 41.319  41.3423 41.3741 41.408  41.4482 41.4677 41.4856 41.5005 41.5262
 41.5462 41.5743 41.5864 41.6077 41.6222 41.6479 41.6696 41.6908 41.7031
 41.7164 41.7302 41.7461 41.7593 41.7723 41.7826 41.7953 41.8096 41.8192
 41.8312 41.8429 41.8545 41.8645 41.8747 41.8861 41.9035 41.919  41.9331
 41.9428 41.9544 41.9662 41.9783 41.9917 42.0037 42.0157 42.0315 42.043
 42.0562 42.07   42.0841 42.0991 42.1126 42.1227 42.1337 42.1439 42.1552
 42.1658 42.1762 42.1877 42.2014 42.2133 42.2271 42.2408 42.2525 42.2616
 42.2721 42.2857 42.3006 42.3159 42.3271 42.3381 42.3526 42.3687 42.3811
 42.3938 42.4052 42.418  42.4316 42.4409 42.455  42.4705 42.4826 42.4944
 42.5051 42.522  42.5355 42.5463 42.5593 42.5759 42.5909 42.6032 42.6135
 42.627  42.6465 42.6589 42.6722 42.6839 42.6955 42.7076 42.7202 42.7367
 42.7477 42.7604 42.7709 42.7821 42.7961 42.8098 42.8196 42.8304 42.8424
 42.8557 42.868  42.8792 42.8948 42.9069 42.9249 42.9386 42.9579 42.9746
 42.9882 43.0037 43.0224 43.0369 43.0495 43.0626 43.0766 43.0906 43.1038
 43.1216 43.1347 43.1488 43.1674 43.1793 43.1943 43.2103 43.2319 43.2464
 43.2658 43.289  43.3121 43.3326 43.3465 43.3618 43.3808 43.4111 43.4391
 43.4675 43.4857 43.5143 43.5503 43.5747 43.5947 43.6349 43.6816 43.7075
 43.7518 49.2798 49.4045 49.4734 49.7756 49.91   49.9629
50.0123 50.0455 50.0778 50.099  50.1238 50.1521 50.1799 50.1928 50.2148
 50.2284 50.2441 50.2636 50.2812 50.3014 50.3299 50.3524 50.3699 50.3875
 50.4052 50.4186 50.432  50.4477 50.4597 50.4921 50.5072 50.5232 50.5404
 50.5564 50.5699 50.5805 50.5957 50.6088 50.6244 50.6351 50.6496 50.6634
 50.6735 50.6854 50.6948 50.7081 50.7211 50.733  50.745  50.7552 50.7659
 50.7798 50.7901 50.8005 50.8105 50.8209 50.833  50.8427 50.8525 50.8621
 50.8711 50.8803 50.8891 50.9011 50.9145 50.9253 50.9368 50.9476 50.9576
 50.971  50.9822 50.9935 51.0036 51.013  51.0236 51.0355 51.045  51.0567
 51.0673 51.0785 51.0938 51.1061 51.1172 51.128  51.1378 51.1478 51.1601
 51.1708 51.1812 51.192  51.2027 51.2143 51.2275 51.2395 51.2497 51.2597
 51.27   51.2811 51.2917 51.3008 51.3109 51.3206 51.3294 51.3381 51.3507
 51.3629 51.377  51.3894 51.4039 51.4166 51.4292 51.4398 51.4491 51.4584
 51.469  51.4792 51.491  51.5049 51.5162 51.5302 51.5428 51.5592 51.5776
 51.5893 51.6016 51.6116 51.6214 51.6325 51.6466 51.6587 51.6698 51.6816
 51.691  51.7056 51.718  51.7296 51.7401 51.7538 51.7688 51.7822 51.7975
 51.8092 51.8221 51.839  51.8527 51.8683 51.8901 51.902  51.9199 51.934
 51.9555 51.9733 51.9929 52.0188 52.0352 52.049  52.0622 52.082  52.1008
 52.1199 52.1383 52.1583 52.1732 52.1911 52.2153 52.2386 52.2587 52.2757
 52.2948 52.3222 52.3434 52.366  52.3904 52.4383 52.4619 57.6036 57.8997
 58.0309 58.2416 58.4388 58.8354 58.8885 59.0401 59.1003 59.2416 59.2659
 59.2912 59.3109 59.3307 59.392  59.4098 59.4344 59.4563 59.5003 59.5211
 59.5354 59.5535 59.5683 59.5896 59.6054 59.6364 59.6524 59.6715 59.6828
 59.7066 59.7203 59.732  59.7437 59.764  59.78   59.7935 59.8068 59.8218
 59.8345 59.8459 59.8578 59.8712 59.8848 59.8946 59.9062 59.9178 59.9271
 59.9359 59.9475 59.9596 59.969  59.9796 59.9902
60.0019 60.0145 60.0279 60.0411 60.0562 60.0696 60.0815 60.0925 60.1034
 60.1141 60.1251 60.135  60.145  60.1553 60.1647 60.1731 60.1829 60.1927
 60.201  60.215  60.2231 60.2326 60.2415 60.2497 60.2581 60.2671 60.2801
 60.2897 60.2987 60.3076 60.3162 60.3251 60.3335 60.3432 60.352  60.3598
 60.3692 60.3778 60.3872 60.3978 60.4081 60.4178 60.4283 60.436  60.4447
 60.4553 60.4666 60.4774 60.4869 60.4958 60.5054 60.5155 60.5261 60.5352
 60.5449 60.5541 60.5636 60.5735 60.5828 60.5926 60.6041 60.6136 60.6281
 60.6394 60.6484 60.6565 60.6648 60.6741 60.6837 60.6941 60.7069 60.7167
 60.7274 60.7386 60.7506 60.7613 60.7731 60.7829 60.7916 60.8012 60.8104
 60.8196 60.8308 60.8455 60.8565 60.8674 60.8806 60.8901 60.8996 60.9099
 60.9211 60.9313 60.9409 60.9501 60.9612 60.9716 60.982  60.9923 61.0018
 61.0105 61.0188 61.0287 61.0379 61.0474 61.0566 61.0672 61.0777 61.0878
 61.0991 61.1077 61.1183 61.1285 61.1381 61.1482 61.1581 61.1718 61.1828
 61.1943 61.2064 61.2175 61.2285 61.2389 61.2532 61.2662 61.2773 61.2888
 61.2983 61.3105 61.3218 61.3335 61.3455 61.3559 61.3699 61.3867 61.4007
 61.4127 61.4259 61.4374 61.4502 61.4642 61.48   61.4934 61.5091 61.5279
 61.5439 61.5557 61.5699 61.5851 61.6052 61.6226 61.6374 61.6551 61.6706
 61.686  61.6997 61.7121 61.7268 61.7436 61.7635 61.7864 61.8153 61.8479
 61.8678 61.8956 61.9171 61.9394 62.0127 62.0408 66.5179 66.5674 66.7171
 66.9048 67.2185 67.3792 67.6336 67.8062 67.9049 67.9427 67.9612 67.9793
 68.02   68.0486 68.0669 68.095  68.1186 68.1516 68.1819 68.1997 68.229
 68.2478 68.2687 68.2844 68.3022 68.3167 68.3345 68.3482 68.3679 68.3805
 68.3938 68.4106 68.4253 68.4389 68.4494 68.4608 68.4727 68.4853 68.5
 68.5116 68.5241 68.5356 68.5473 68.5634 68.5751 68.5857 68.597  68.6102
 68.6202 68.6291 68.6375 68.6477 68.6575 68.666  68.6746 68.684  68.6935
 68.7033 68.7135 68.7227 68.733  68.7426 68.7515 68.7608 68.7706 68.7795
 68.7894 68.798  68.8066 68.8148 68.824  68.8326 68.8416 68.8497 68.8585
 68.8671 68.8756 68.885  68.8964 68.9049 68.9131 68.9221 68.9299 68.9379
 68.9458 68.9541 68.962  68.97   68.9779 68.9861 68.9941 69.0016 69.0096
 69.0184 69.0268 69.0351 69.0434 69.0518 69.0607 69.0694 69.0779 69.0862
 69.0935 69.1019 69.1101 69.1185 69.1265 69.1349 69.144  69.1519 69.1605
 69.1681 69.176  69.1846 69.1927 69.2009 69.2092 69.2177 69.2257 69.2337
 69.2418 69.251  69.2596 69.2678 69.2763 69.2849 69.2944 69.3032 69.3125
 69.325  69.3342 69.3438 69.3519 69.3606 69.3691 69.3776 69.3858 69.3939
 69.4028 69.4107 69.4187 69.4272 69.436  69.4442 69.4528 69.4623 69.4713
 69.4801 69.489  69.4982 69.5075 69.516  69.5237 69.532  69.5405 69.5495
 69.5589 69.5675 69.5755 69.5859 69.595  69.6038 69.6123 69.6203 69.6284
 69.6381 69.6467 69.6545 69.664  69.6728 69.6817 69.6902 69.6994 69.7087
 69.7169 69.7262 69.7361 69.7453 69.7539 69.7629 69.7724 69.7832 69.7924
 69.8029 69.8133 69.8221 69.8307 69.8409 69.8507 69.8599 69.8695 69.8787
 69.8878 69.8968 69.9063 69.9164 69.9257 69.9357 69.9458 69.9553 69.9653
 69.9755 69.9849 69.9945

