12.8023 13.5739 13.7045 13.9454 14.0367 14.0691 14.0975 14.2259 14.2524
 14.2753 14.4217 14.4819 14.816
23.1118 23.1475 23.4196 23.4562 23.5724 23.7107
31.5917 31.6673 32.2855 32.3923 32.5338 32.5865 32.6463 32.7034 32.7207
 32.7596 32.7977 32.8164 32.883  32.9304 32.9819 33.0521 33.0693 33.1269
 33.1709 33.2499 33.3406
41.2927 41.5559 41.6644 41.8029 41.9088 42.0138 42.0366 42.0537 42.2435
 42.3327 42.3509
51.2823 51.6704 59.247  59.7699 59.9533
60.0694 60.1646 60.2114 60.2592 60.6072 60.7192 60.7933 68.5989 68.7731
 68.9919 69.0468 69.3582 69.6076 69.8454

