13.8424 14.0478 14.1569 14.2075 14.3086 14.3795 14.4096 14.4776 14.5988
 14.6657 14.7497 14.7798 14.8487 14.8678 14.9092 14.9414 15.0186 15.0605
 15.0782 15.0949 15.1184
22.4887 22.5506 22.6416 22.6834 22.9499 23.0893 23.2324 23.3247 23.348
 23.3758 23.3973 23.4242 23.4483 23.5889 23.6018 23.6355 23.6776 23.6998
 23.7416 23.792  23.8099 23.859  23.8799 23.897  23.9714 24.0508 24.0782
 24.1147 24.2544 24.2879 24.3478
30.4423 30.7748 31.7167 32.2401 32.2864 32.4319 32.4777 32.5726 32.6325
 32.6544 32.7287 32.7804 32.8019 32.8306 32.8509 32.9347 32.9634 32.9862
 33.0152 33.0429 33.0833 33.1218 33.184  33.2035 33.2311 33.2648 33.2943
 33.3154 33.3333 33.3757 33.4264 33.4469 33.4784 33.4946 33.5293 33.572
 33.5969 33.6508 33.7319
40.497  40.7015 41.2244 41.3455 41.5112 41.6578 41.8335 41.9466 41.9849
 42.0371 42.0899 42.1255 42.1904 42.2209 42.2625 42.286  42.3863 42.4081
 42.4342 42.4513 42.4939 42.5113 42.5652 42.5996 42.6211 42.6535 42.6666
 42.6895 42.7067 42.7644 42.8717 43.0302
50.6297 51.1354 51.1655 51.3742 51.4278 51.5624 51.9849 52.2043 59.0937
 59.7416 59.9185
60.1374 60.2261 60.3179 60.3425 60.3977 60.4256 60.4446 60.4668 60.5046
 60.5354 60.573  60.6133 60.6803 60.7016 60.7198 60.7576 60.7779 60.8167
 60.8674 60.9032 60.9214 60.9538 60.9973 61.0403 61.1664 61.2567 68.7707
 68.8888 68.9724 69.0804 69.1159 69.1442 69.2523 69.2888 69.3091 69.327
 69.3532 69.3916 69.4235 69.5456 69.6179 69.6527 69.7381 69.9231

