12.0377 12.7227 13.6559 13.7131 13.8262 13.9073 13.9559 14.1659 14.2249
 14.2886 14.3128 14.3502 14.3898 14.4164 14.4835 14.533  14.556  14.6009
 14.7128 14.7472 14.8712 14.9664
22.4371 22.5415 22.8354 22.9124 23.0779 23.345  23.4646 23.7606 29.9885
30.3524 30.9307 32.0685 32.1232 32.2776 32.4457 32.6244 32.6483 32.7163
 32.7501 32.7838 32.8736 32.9069 33.041  33.0628 33.1289 33.2089 33.2325
 39.8055
40.5968 40.7018 41.4363 41.7465 41.8455 41.8676 42.0549 42.185  42.3138
 42.3365 42.7894 42.8858 49.3657
50.8637 51.1861 51.2178 51.4502 51.6269 51.7599 59.1305 59.5752 59.7513
 59.7885 59.8172
60.0222 60.0762 60.1307 60.1885 60.2598 60.3478 60.3926 60.4408 60.4689
 60.5291 60.5978 60.7157 60.7754 60.926  60.9878 61.1228 66.5757 68.3236
 68.6406 68.9075 68.9514 69.1556 69.4254 69.5113 69.5339 69.5703 69.6982
 69.7319

