13.1475 13.2618 13.6544 13.7726 13.83   13.8793 13.9225 13.9478 13.9748
 14.0004 14.1101 14.1393 14.2084 14.2424 14.2646 14.2774 14.3013 14.3144
 14.3363 14.3562 14.3808 14.3962 14.4281 14.4472 14.5059 14.5289 14.5412
 14.5552 14.573  14.5887 14.6033 14.6318 14.6514 14.6713 14.6914 14.7171
 14.7389 14.7537 14.769  14.7899 14.8111 14.8361 14.8583 14.8739 14.8869
 14.9036 14.9229 14.9406 14.9543 14.9653 14.9755 14.9907 15.0047 15.0171
 15.0302 15.044  15.0574 15.0712 15.0834 15.0927 15.1036 15.1136 15.1261
 15.1377 15.1531 15.1661 15.1779 15.1907 15.2028 15.2173 15.2299 15.2412
 15.2543 15.2691 15.2817 15.2912 15.303  15.3163 15.3259 15.3376 15.3491
 15.3613 15.3731 15.3841 15.3946 15.4084 15.4198 15.4306 15.4418 15.4523
 15.4628 15.4744 15.4852 15.4951 15.5051 15.516  15.5288 15.5399 15.552
 15.5637 15.5747 15.5879 15.603  15.6158 15.6285 15.6387 15.6488 15.6593
 15.6702 15.683  15.6943 15.7055 15.7164 15.728  15.7401 15.7511 15.7629
 15.7746 15.7874 15.801  15.8144 15.8283 15.8399 15.8506 15.8618 15.8748
 15.8854 15.8984 15.9106 15.9227 15.9382 15.953  15.965  15.9775 15.9889
 16.0011 16.0126 16.028  16.0393 16.0508 16.0636 16.0759 16.0879 16.0979
 16.1089 16.121  16.1355 16.1471 16.1602 16.1721 16.1857 16.1988 16.2121
 16.2233 16.2374 16.2494 16.2655 16.2793 16.2938 16.3086 16.3241 16.3387
 16.3553 16.3723 16.3856 16.4053 16.4208 16.4337 16.4471 16.4625 16.4846
 16.5033 16.5211 16.5405 16.5676 16.5905 16.617  16.6343 16.6619 16.6839
 16.7109 16.7336 16.7585 16.8164 16.8514 17.0676
22.6729 22.8648 23.2835 23.3781 23.4672 23.4982 23.5448 23.5692 23.5981
 23.6999 23.7322 23.7574 23.7819 23.8196 23.8898 23.9596 23.9784 24.0156
 24.0781 24.1029 24.1226 24.1391 24.1593 24.1814 24.1953 24.2152 24.2433
 24.2586 24.2817 24.3028 24.323  24.3449 24.3592 24.3735 24.3935 24.4138
 24.4361 24.4495 24.4653 24.4811 24.4967 24.5166 24.5309 24.5601 24.5766
 24.589  24.6    24.6127 24.6274 24.6406 24.6576 24.6729 24.6857 24.7036
 24.7153 24.7304 24.7443 24.7572 24.7744 24.7919 24.8126 24.8282 24.8428
 24.8572 24.8737 24.8859 24.9033 24.9167 24.9338 24.95   24.967  24.9808
 24.995  25.0098 25.0229 25.039  25.0582 25.0762 25.0869 25.1075 25.1196
 25.1324 25.152  25.1694 25.1836 25.2031 25.2197 25.2328 25.2533 25.2669
 25.2822 25.3031 25.3204 25.3547 25.3724 25.4022 25.4195 25.4387 25.4546
 25.4841 25.499  25.5172 25.5372 25.5576 25.5763 25.5949 25.612  25.6393
 25.6599 25.6843 25.725  25.7491 25.7828 25.7998 25.8249 25.8462 25.8687
 25.9129 25.9451 25.9667 26.0286 26.0567 26.1412 26.1795 26.2461
31.8484 32.1446 32.6887 32.8291 33.0349 33.0779 33.1226 33.1953 33.2642
 33.2856 33.3245 33.3398 33.3558 33.3803 33.4047 33.4308 33.4489 33.469
 33.5006 33.5121 33.5234 33.5455 33.5775 33.5996 33.6163 33.6317 33.6555
 33.669  33.6865 33.7007 33.7209 33.748  33.7614 33.7784 33.7931 33.8087
 33.8234 33.8454 33.8626 33.895  33.9115 33.9269 33.9431 33.954  33.9677
 33.9821 33.9979 34.0147 34.0282 34.042  34.0542 34.0715 34.0845 34.097
 34.1114 34.1261 34.1441 34.157  34.1712 34.1916 34.2053 34.2182 34.233
 34.246  34.2599 34.2755 34.2901 34.3038 34.3198 34.337  34.3489 34.3628
 34.3753 34.392  34.4077 34.4204 34.4368 34.4504 34.4632 34.4786 34.4895
 34.5033 34.516  34.5286 34.5406 34.5538 34.5692 34.584  34.5953 34.609
 34.6219 34.6354 34.6538 34.6665 34.6791 34.691  34.7036 34.7169 34.7316
 34.7469 34.7595 34.7717 34.7864 34.8001 34.8121 34.8258 34.8384 34.8528
 34.8693 34.8804 34.8931 34.9097 34.9309 34.9472 34.9602 34.978  34.9975
 35.014  35.0303 35.0459 35.0651 35.0812 35.1023 35.1179 35.135  35.1495
 35.1704 35.1844 35.2023 35.2254 35.2516 35.2724 35.2873 35.3021 35.3254
 35.3437 35.3584 35.3881 35.4083 35.4336 35.452  35.4719 35.5055 35.5312
 35.5586 35.6009 35.6653 35.6992 35.7345 35.7766 35.8167
40.0459 41.6064 41.7542 42.1606 42.2074 42.2997 42.3895 42.4138 42.5415
 42.6266 42.6559 42.6923 42.7499 42.7694 42.7969 42.8276 42.8862 42.9353
 42.9609 42.9839 43.0064 43.0222 43.0424 43.0581 43.0797 43.096  43.1185
 43.1385 43.1673 43.2137 43.2332 43.2559 43.2746 43.2944 43.3208 43.3406
 43.3695 43.3951 43.4197 43.4458 43.4819 43.4999 43.5156 43.5403 43.5679
 43.5857 43.6087 43.6377 43.6638 43.6966 43.7143 43.7405 43.7708 43.7925
 43.815  43.8337 43.8543 43.8804 43.9032 43.9188 43.941  43.9655 43.9828
 44.0015 44.0196 44.0557 44.0833 44.0993 44.1229 44.1514 44.1812 44.202
 44.2308 44.2486 44.2871 44.3086 44.3435 44.3804 44.4616 44.5739 44.6225
 44.712  44.7656 44.8409 44.8858
50.3996 50.9273 50.9681 51.0165 51.2414 51.6043 51.6477 51.7019 51.7506
 51.7764 51.8226 51.8598 51.9254 51.982  52.0039 52.0359 52.1024 52.1272
 52.1733 52.2273 52.2486 52.3057 52.3391 52.3743 52.3887 52.4262 52.4522
 52.4842 52.5007 52.5437 52.5718 52.5877 52.6108 52.6496 52.7027 52.742
 52.7842 52.8199 52.8949 52.9106 52.9641 52.9963 53.0139 53.0484 53.0842
 53.1266 53.1612 53.2199 53.4041 53.4771 53.5467 53.6033 53.6387 59.5435
60.1491 60.2254 60.3334 60.4141 60.4356 60.4561 60.5141 60.5454 60.6061
 60.6826 60.7076 60.7521 60.7715 60.7995 60.8368 60.8541 60.8676 60.8873
 60.9051 60.9224 60.9389 60.9673 60.9811 60.9947 61.0071 61.0266 61.0398
 61.0588 61.0713 61.0834 61.1028 61.1259 61.1408 61.153  61.1778 61.1968
 61.212  61.2438 61.2566 61.2676 61.2845 61.3007 61.3134 61.3269 61.3395
 61.3532 61.3719 61.3905 61.4057 61.422  61.4365 61.4504 61.4668 61.4794
 61.4916 61.5044 61.5188 61.5309 61.5471 61.561  61.5724 61.5854 61.5992
 61.6121 61.6233 61.6329 61.6433 61.6552 61.6674 61.6792 61.6922 61.7033
 61.7144 61.7297 61.7452 61.7596 61.7709 61.7859 61.7971 61.8109 61.8201
 61.8302 61.8415 61.8539 61.8689 61.879  61.8927 61.9045 61.9146 61.9281
 61.942  61.9553 61.9657 61.9851 61.999  62.0134 62.0251 62.0378 62.0498
 62.0627 62.0783 62.09   62.102  62.1148 62.1275 62.1408 62.1555 62.1701
 62.1864 62.2016 62.2147 62.2287 62.2432 62.255  62.2705 62.2849 62.3013
 62.3146 62.3324 62.3478 62.359  62.3772 62.3906 62.4092 62.4314 62.4516
 62.4691 62.4911 62.5067 62.5315 62.5475 62.5802 62.5994 62.624  62.6424
 62.6695 62.6951 62.7184 62.7409 62.7784 62.8203 62.8638 62.9082 62.9357
 63.027  63.1299 66.3733 68.301  68.8666 69.4907 69.6234 69.7068 69.7467
 69.8622 69.8924 69.9485 69.9679

