12.2671 13.6596 13.6878 13.8901 13.9506 14.1327 14.168  14.2213 14.3155
 14.3366 14.3521 14.5398 14.5753 14.5953 14.6102 14.6832 14.7865 14.847
 14.8775 14.9128 14.944  14.9828 15.0107 15.0804 15.1546 15.2609
21.2839 22.3645 23.6451 23.8045 24.0085 24.4399
31.0559 32.0638 32.3814 32.5668 32.7613 32.9843 33.1737 33.2229 33.3583
 33.468  33.4862 33.506  33.571  33.6025 33.6558 33.7016 33.7359 33.762
 33.8169 33.8418 33.8563 33.9185 34.2044
41.9413 42.1586 42.4498 42.7044 42.8557 42.886  42.9079 42.9677 43.1556
 48.5159
50.7238 50.8476 50.9134 51.8435 51.8971 59.3164 59.7187 59.9856
60.1972 60.2483 60.3914 60.4706 60.5215 60.5705 60.6097 60.7131 60.7506
 60.7958 60.8172 60.9356 60.9867 61.0918 61.1817 69.6463 69.8034 69.8515

