12.3526 13.332  13.7995 13.8717 13.9385 14.0222 14.0928 14.1443 14.1854
 14.2777 14.3086 14.3445 14.3609 14.3853 14.4139 14.4375 14.4707 14.4887
 14.5038 14.5206 14.5721 14.5879 14.6092 14.6269 14.6536 14.6773 14.7159
 14.7309 14.7581 14.8048 14.8306 14.8434 14.9225
20.0718 22.9059 23.1139 23.2025 23.2387 23.3876 23.4184 23.4544 23.6691
 23.7498 23.8341 23.9597 24.0082 24.0318 24.0586 24.1614 24.318  28.7231
31.3217 31.9589 32.5899 32.6946 32.8029 32.8556 32.8838 32.929  32.9749
 33.045  33.0797 33.2325 33.2681 33.3949 33.4133 33.4336 33.5125 33.5396
 33.5782 33.6304 33.6466 33.7185 33.7737 33.8021 33.8447 33.863  33.8781
 39.9808
41.9325 42.3428 42.3782 42.4388 42.4628 42.4773 42.5416 42.6724 42.9836
50.5393 51.0299 51.1469 51.2058 51.2845 51.8788 59.8855
60.333  60.3872 60.4298 60.4945 60.5223 60.6022 60.6358 60.6712 60.7134
 60.733  60.7476 60.7712 60.8125 60.8273 60.8592 60.8834 60.9136 60.9336
 60.9653 61.1389 61.1662 61.2061 61.2555 68.2515 68.9813 69.2509 69.5306
 69.5733 69.859

