12.6549 14.03   14.3574 14.3906 14.428  14.4465 14.5012 14.5416 14.6172
 14.6786 14.7028 14.7366 14.7546 14.7872 14.8243 14.8473 14.8989 14.9391
 14.9777
22.8716 22.9401 23.0166 23.0429 23.1236 23.2046 23.2936 23.3575 23.4257
 23.5006 23.5385 23.568  23.601  23.6368 23.6818 23.7033 23.7315 23.7444
 23.7581 23.7764 23.799  23.8326 23.8593 23.8739 23.8899 23.9203 23.9393
 23.9581 24.0333 24.0568 24.0779 24.1012 24.1148 24.1294 24.143  24.1667
 24.2021 24.2201 24.2482 24.2769 24.2958 24.3145 24.3338 24.3485 24.3619
 24.3872 24.4156 24.4422
30.2339 32.0014 32.727  33.1296 33.2025 33.3859 33.4606 33.5565 33.7347
 33.8185
40.7154 41.5075 41.5652 42.1007 42.1604 42.2467 42.2957 42.32   42.5006
 42.5238 42.6268 42.7182 42.8354 42.9276 42.9706
50.7628 50.9057 51.0654 51.3107 51.4214 51.4902 51.5613 51.5937 51.6197
 51.6708 51.8082 51.8833 51.9032 51.9469 51.9819 52.0157 52.0496 59.0167
60.0399 60.153  60.6139 69.1043 69.1511 69.2107 69.2333 69.2492 69.4369
 69.5758 69.6065 69.6558 69.6758 69.7536 69.7982 69.9998

