13.7279 13.8053 14.0613 14.1559 14.2155 14.2469 14.4369 14.4844 14.5862
 14.6865
22.8399 22.9847 23.0751 23.2767 23.4942 23.5198 23.5769 23.6321 23.7378
 23.8788 24.0013 24.0824 24.1453 24.2016 24.2689
30.7429 32.9843 33.0148 33.0923 33.134  33.3654 33.4814
40.7351 41.3878 41.6808 41.7457 42.0297 42.0739 42.1542 42.2186 42.2531
 42.3833 42.4196
50.5169 50.7534 50.8782 50.9058 51.0034 51.1396 51.2853 51.3089 51.4003
 51.7929 51.871
60.1978 68.3007 68.5305 68.7137 68.8589 69.0484 69.1079 69.129  69.2314
 69.3399 69.4316 69.6351 69.6817 69.72   69.8986

