13.6978 14.2087 14.4767 14.5844 14.6127 14.808  14.8928 14.9708 14.9923
 15.1289 15.3035
21.0572 21.3767 22.9688 23.0618 23.314  23.3531 23.4906 23.5365 23.6636
 23.6879 23.7286 23.7693 23.8087 23.8533 23.8828 23.9259 23.9477 23.9673
 24.0007 24.0197 24.0522 24.0754 24.0961 24.125  24.1386 24.1504 24.1748
 24.2323 24.2534 24.2751 24.286  24.2982 24.3248 24.3387 24.3535 24.365
 24.3801 24.4015 24.4182 24.4291 24.4419 24.4526 24.4698 24.491  24.511
 24.5314 24.5497 24.5674 24.5883 24.6077 24.6297 24.6479 24.6669 24.681
 24.7038
33.2579 33.3386 33.4813 33.6096 33.7006 33.7689 33.7993 33.8672 33.9393
 34.0598
41.0383 41.8214 41.8492 41.8961 42.0281 42.3012 42.3273 42.4468 42.4885
 42.5178 42.5688 42.6106 42.6361 42.7794 42.8079 42.8353 42.8791 48.2239
50.7211 50.8662 50.9483 51.0367 51.4434 51.5305 51.5691 51.6586 51.7003
 51.7595 51.7862 51.8487 52.0126 52.0444 52.0644 52.1617
60.3329 61.1924 68.6266 68.7039 69.0592 69.2122 69.4206 69.5998 69.7032
 69.7486 69.8277 69.8573 69.8706 69.8821 69.9074 69.9337

