12.3438 13.2504 13.5609 13.8256 13.8568 13.9768 14.0219 14.0686 14.1402
 14.1562 14.1713 14.208  14.2248 14.2817 14.3025 14.3248 14.3734 14.4021
 14.4239 14.4543 14.4747 14.533  14.5569 14.5745 14.5943 14.6119 14.6307
 14.6573 14.6785 14.6943 14.7156 14.7275 14.7473 14.7592 14.7807 14.8191
 14.8413 14.8596 14.8836 14.9038 14.9194 14.9371 14.9528 15.0048 15.0253
 15.1058 15.1414 15.1754 15.1889 15.2019 15.2925 15.3174
21.7884 23.1272 23.3438 23.6312 23.7356 23.7915 23.8346 23.9889 24.0414
 24.0658 24.0811 24.1339 24.2309 24.2688
31.7427 32.2152 32.4547 32.7472 32.8709 32.9629 32.9813 33.0048 33.2166
 33.2605 33.2988 33.3629 33.3833 33.4012 33.4487 33.5116 33.5339 33.5563
 33.6085 33.6603 33.6835 33.7171 33.8732
41.0242 41.8577 41.9805 42.1734 42.2322 42.271  42.3079 42.5035 42.6129
 42.6685 42.6948 42.7157 42.7646 42.8405 42.8605 42.909  43.0547 43.1661
 43.195  49.4539
51.3282 51.4658 51.4976 51.5225 51.884  58.5097 58.9373 59.1765 59.7056
 59.7949 59.9223 59.9672
60.1807 60.2875 60.3098 60.3269 60.4329 60.4633 60.4917 60.5054 60.522
 60.5448 60.5695 60.5864 60.6008 60.6149 60.6837 60.7148 60.7288 60.8054
 60.8651 69.0259 69.1275 69.2108 69.3835 69.5357 69.5598 69.5869 69.6624
 69.7555 69.9128 69.9706

