11.9395 13.6689 14.0556 14.1233 14.2328 14.2594 14.3226 14.3517 14.3678
 14.4253 14.4677 14.4905 14.5315 14.5549 14.5794 14.5954 14.6098 14.6253
 14.6491 14.6672 14.6883 14.7021 14.7146 14.7291 14.7437 14.7653 14.78
 14.7928 14.8064 14.8324 14.8457 14.8608 14.8785 14.8914 14.9091 14.9246
 14.9412 14.9554 14.9678 14.982  15.0018 15.0162 15.027  15.039  15.0492
 15.0599 15.07   15.0851 15.0964 15.1084 15.1213 15.1335 15.1445 15.155
 15.1649 15.174  15.1866 15.1975 15.2082 15.2179 15.2282 15.2397 15.2498
 15.2604 15.2705 15.2805 15.2894 15.2989 15.3108 15.3211 15.3302 15.3421
 15.3541 15.3634 15.3733 15.3827 15.3932 15.4063 15.4189 15.4313 15.4415
 15.4519 15.4616 15.4716 15.4807 15.4918 15.5021 15.5132 15.5227 15.5329
 15.5444 15.5588 15.568  15.5781 15.5917 15.6055 15.6167 15.6271 15.6379
 15.6485 15.6587 15.6691 15.6786 15.6874 15.6981 15.7083 15.7194 15.7308
 15.7413 15.7513 15.7631 15.7744 15.7854 15.7955 15.8077 15.8177 15.8279
 15.8382 15.8485 15.8676 15.8819 15.8951 15.9116 15.9237 15.9401 15.953
 15.9663 15.9778 15.9919 16.0046 16.0227 16.0391 16.0568 16.0692 16.0827
 16.0994 16.1143 16.1295 16.1444 16.1571 16.1721 16.1856 16.1991 16.2162
 16.2327 16.2554 16.2746 16.2992 16.3417 16.365  16.3834 16.4007 16.4264
 16.4439 16.4604 16.4844 16.5111 16.5301 16.5785 16.6038 16.6307 16.6561
 16.6938 16.7288 16.7746 16.8666 16.9889
23.5725 23.8021 23.9028 23.9332 24.0057 24.0777 24.1199 24.1701 24.1915
 24.2348 24.2549 24.2818 24.3003 24.3231 24.3526 24.3769 24.3926 24.4144
 24.4285 24.4687 24.4888 24.5091 24.5261 24.5472 24.5641 24.5772 24.5997
 24.6196 24.6332 24.6465 24.6598 24.6786 24.701  24.727  24.7458 24.7627
 24.7795 24.7967 24.8101 24.8282 24.8459 24.8643 24.8968 24.9125 24.9279
 24.9464 24.9643 24.9791 24.9963 25.0175 25.0349 25.0563 25.0766 25.1021
 25.1219 25.1425 25.166  25.1906 25.2092 25.223  25.2455 25.3004 25.3545
 25.3689 25.3902 25.4078 25.4251 25.4447 25.4822 25.5539 25.5895 25.611
 25.6363 25.7179 25.7525 25.7999 25.83   25.8525 25.935  26.4751
31.7092 31.7578 32.1024 32.1925 32.3905 32.6196 33.1049 33.1553 33.3049
 33.341  33.3766 33.4138 33.4403 33.4577 33.4781 33.5037 33.5259 33.5538
 33.5779 33.6056 33.6275 33.6517 33.6755 33.6897 33.7037 33.719  33.7407
 33.7536 33.7654 33.7752 33.7861 33.8061 33.8233 33.852  33.867  33.8813
 33.896  33.9106 33.9239 33.9389 33.9563 33.9648 33.9785 33.9895 34.0002
 34.0125 34.0313 34.0448 34.0638 34.0759 34.087  34.0988 34.1107 34.1231
 34.134  34.146  34.1613 34.1765 34.1911 34.2024 34.2195 34.2402 34.2547
 34.2673 34.286  34.3021 34.317  34.3295 34.3433 34.3637 34.3792 34.3914
 34.4053 34.4194 34.4363 34.4513 34.4717 34.4862 34.5026 34.5221 34.5389
 34.5548 34.574  34.5894 34.6042 34.6207 34.6466 34.6608 34.6809 34.6992
 34.72   34.7424 34.7662 34.7878 34.8099 34.8259 34.8437 34.8617 34.8903
 34.9052 34.9261 34.9597 34.9788 34.9926 35.0134 35.0464 35.0733 35.1138
 35.1334 35.1859 35.2123 35.2639 35.29   35.3147
41.4578 41.6307 41.8886 41.9967 42.2028 42.2676 42.412  42.5271 42.5558
 42.5771 42.6183 42.6538 42.7069 42.7388 42.7657 42.8202 42.854  42.8725
 42.8961 42.9163 42.9388 42.9532 42.976  42.9964 43.0148 43.0324 43.0492
 43.0659 43.0871 43.1051 43.1278 43.1473 43.176  43.2069 43.2265 43.2561
 43.2733 43.2881 43.3036 43.332  43.3459 43.3619 43.3799 43.3945 43.4164
 43.43   43.4464 43.4651 43.4846 43.4973 43.5116 43.5315 43.5454 43.5604
 43.5715 43.5869 43.6023 43.6185 43.6359 43.6509 43.6654 43.6776 43.7028
 43.7178 43.7364 43.7526 43.7726 43.7932 43.8097 43.8263 43.8471 43.8611
 43.8771 43.897  43.9395 43.958  43.981  44.0272 44.0508 44.0707 44.1153
 44.1463 44.1641 44.187  44.2114 44.2407 44.2658 44.2896 44.3126 44.3696
 44.3958 44.4231 44.4488 44.4889 44.5205 44.6106 44.7662 49.4196
51.3807 51.5042 51.6412 51.6939 51.791  51.8267 51.8631 51.8867 51.9113
 51.9343 51.9788 52.0584 52.1073 52.1332 52.1542 52.1833 52.2064 52.2217
 52.2434 52.2782 52.2987 52.3383 52.3723 52.4071 52.4268 52.4417 52.4589
 52.5505 52.5898 52.6302 52.736  52.7608 52.8008 52.8281 52.8674 53.1168
 53.1676 53.3154 53.4298 53.8236 58.6589 59.4894
60.2363 60.3039 60.3286 60.3927 60.4239 60.4494 60.4848 60.5135 60.5299
 60.5634 60.5855 60.6063 60.6246 60.6581 60.6733 60.6852 60.7057 60.7211
 60.7549 60.7901 60.809  60.8224 60.8463 60.8598 60.8757 60.8895 60.9043
 60.9169 60.9315 60.9435 60.9622 60.9759 60.9946 61.0066 61.0213 61.0345
 61.0453 61.062  61.075  61.0871 61.0997 61.1135 61.1245 61.138  61.1545
 61.1664 61.1825 61.1983 61.212  61.227  61.24   61.2568 61.2691 61.2801
 61.2921 61.3092 61.323  61.3364 61.3492 61.3608 61.3782 61.3897 61.4036
 61.4155 61.4269 61.4397 61.4517 61.4629 61.4739 61.4864 61.5012 61.5121
 61.5301 61.545  61.5613 61.5802 61.5963 61.6105 61.6229 61.6349 61.6493
 61.6639 61.6827 61.7022 61.7203 61.7347 61.7494 61.7675 61.7979 61.8153
 61.8325 61.8521 61.8756 61.8906 61.9078 61.9277 61.9428 61.9624 61.9806
 62.0163 62.0374 62.0544 62.0837 62.1144 62.1496 62.1709 62.1899 62.2114
 62.2371 62.2656 62.2953 62.3163 62.3705 62.4529 62.4935 62.5409 62.6303
 62.8245 66.7578 67.0189 68.8375 69.3746 69.4565 69.4854 69.5759 69.6082
 69.6345 69.6728 69.6994 69.7272 69.7593 69.7728 69.8017 69.817  69.8355
 69.8621 69.8828 69.9008 69.9209 69.9379 69.9524 69.9782 69.9926

