11.9586 12.4007 13.6924 13.7368 13.9419 13.9831 14.0609 14.1138 14.1448
 14.2028 14.2339 14.2697 14.3005 14.3209 14.3819 14.3979 14.4221 14.4377
 14.4573 14.5118 14.5378 14.5631 14.6047 14.6196 14.6346 14.6465 14.6895
 14.7349 14.7486 14.7587 14.7916 14.8142 14.8315 14.8748 14.9035 14.9688
 15.015  15.0451 15.0584 15.0862 15.1703
21.5439 23.1405 23.4776 23.5145 23.5512 23.6216 23.79   23.8293 23.8615
 23.8848 23.9216 23.9668 24.031  24.0962 24.1359 24.1839 24.2652 24.2842
 24.3325 24.359
32.192  32.2535 32.6308 32.7035 32.9782 33.0305 33.0666 33.0837 33.1034
 33.1318 33.1581 33.1864 33.2107 33.2373 33.2601 33.2739 33.3164 33.3606
 33.3824 33.4332 33.4709 33.4901 33.5384 33.5689 33.6469
41.5429 41.6788 41.9636 42.1431 42.2931 42.3855 42.4427 42.5089 42.5515
 42.5711 42.5979 42.6677 42.7103 42.7297 42.7888 42.8106 42.8743 42.9156
 42.9822 43.0067 49.8337
50.3839 50.8596 51.2239 51.2619 51.3967 51.4957 51.5755 51.6844 51.7034
 51.9898 58.644  59.761  59.8028 59.8833 59.9454 59.9725 59.9916
60.0109 60.071  60.1218 60.1507 60.1685 60.2914 60.3109 60.3522 60.3707
 60.3856 60.4008 60.4223 60.4493 60.4751 60.5189 60.632  60.6526 60.6866
 60.7285 60.7611 68.6543 69.0377 69.2212 69.3223 69.3689 69.3995 69.5353
 69.5971 69.6248 69.6505 69.6908

