13.7048 13.7766 13.8101 13.8764 13.9291 14.0668 14.1063 14.167  14.2115
 14.2727 14.2936 14.3246 14.3474 14.3798 14.4089 14.4355 14.4508 14.4699
 14.4989 14.5268 14.5526 14.578  14.5939 14.6077 14.6227 14.6398 14.6536
 14.6775 14.6947 14.7113 14.7238 14.7591 14.7702 14.7841 14.7967 14.8117
 14.827  14.8398 14.8589 14.8718 14.8845 14.8997 14.9111 14.9286 14.9427
 14.9568 14.9704 14.9837 14.9947 15.0094 15.021  15.0331 15.0464 15.0623
 15.0768 15.0896 15.0999 15.1104 15.1216 15.1345 15.1469 15.1567 15.1698
 15.1788 15.1905 15.203  15.2149 15.2302 15.2422 15.2538 15.2641 15.2749
 15.2875 15.2993 15.3137 15.3257 15.336  15.3463 15.3581 15.3702 15.3815
 15.3948 15.4091 15.4235 15.4351 15.4453 15.4579 15.4693 15.4841 15.495
 15.5098 15.5213 15.5311 15.5435 15.5595 15.5712 15.5825 15.5943 15.6104
 15.6293 15.6457 15.6601 15.6762 15.6901 15.7078 15.7229 15.7427 15.7697
 15.7878 15.808  15.8286 15.8415 15.8601 15.8805 15.8989 15.9175 15.9356
 15.9521 15.9737 15.9869 16.0093 16.0464 16.0705 16.0925 16.1096 16.1357
 16.1511 16.1677 16.1962 16.2409 16.2684 16.3237 16.3635 16.3997 16.4553
22.8535 23.3753 23.5665 23.6063 23.6291 23.6781 23.7966 23.8472 23.8632
 23.8858 23.9119 23.9583 23.9899 24.0053 24.0535 24.0672 24.1022 24.1167
 24.1487 24.1668 24.1847 24.2092 24.227  24.2468 24.2758 24.2954 24.3114
 24.3345 24.3555 24.3761 24.4111 24.4285 24.4415 24.4558 24.4759 24.4992
 24.5285 24.551  24.5847 24.6105 24.6309 24.6551 24.6806 24.7028 24.7265
 24.7453 24.7697 24.7947 24.818  24.8338 24.8563 24.8762 24.9106 24.9408
 24.9661 24.9839 25.0077 25.053  25.1192 25.1591 25.1831 25.2282 25.2731
 25.3054 25.3544 25.3902 25.5384 25.7266
31.2029 32.3126 32.756  32.7939 32.9626 32.9873 33.0115 33.0348 33.071
 33.1013 33.1258 33.1524 33.1766 33.2359 33.264  33.2901 33.3127 33.3365
 33.39   33.4198 33.4379 33.4558 33.4748 33.4995 33.5201 33.5418 33.5598
 33.5814 33.6033 33.6164 33.6348 33.6569 33.6717 33.6887 33.7028 33.7267
 33.7451 33.7596 33.774  33.7862 33.8062 33.8227 33.8501 33.8689 33.8811
 33.8935 33.9067 33.9245 33.9411 33.9571 33.977  33.9972 34.0125 34.0285
 34.0452 34.0723 34.0887 34.1084 34.1281 34.1487 34.1693 34.1894 34.2065
 34.2228 34.2375 34.2538 34.2683 34.2927 34.3126 34.3305 34.3466 34.3634
 34.3867 34.4302 34.4727 34.5069 34.53   34.5487 34.5685 34.5838 34.6059
 34.6278 34.6435 34.6799 34.7048 34.7407 34.765  34.8132 34.8714 35.007
 35.2301 35.4755
41.6293 41.8416 41.9043 42.2453 42.2753 42.3609 42.4274 42.45   42.5077
 42.5386 42.5713 42.6054 42.6262 42.6597 42.7209 42.7349 42.7551 42.7776
 42.7969 42.8336 42.8766 42.9195 42.9623 42.9859 43.0046 43.0244 43.0575
 43.073  43.0933 43.1259 43.1479 43.1681 43.1877 43.2144 43.2309 43.2436
 43.2566 43.2712 43.2886 43.3089 43.33   43.3463 43.362  43.3806 43.4044
 43.4348 43.4748 43.5004 43.5181 43.5384 43.5562 43.5835 43.601  43.6195
 43.6425 43.6723 43.6933 43.7102 43.7408 43.7686 43.7989 43.8396 43.8615
 43.8895 43.9228 43.9522 43.981  44.0075 44.0296 44.0792 44.1043 44.1359
 44.1727 47.7934
50.5015 51.3236 51.3619 51.4243 51.4892 51.5339 51.5825 51.6453 51.6918
 51.7459 51.7792 51.8142 51.8389 51.8839 51.9207 51.9639 52.0241 52.2391
 52.2824 52.3009 52.3399 52.4149 52.5019 52.5414 52.9168 53.3956 53.5767
 59.3947 59.5328 59.9044 59.9602
60.0051 60.0627 60.1309 60.2039 60.2397 60.3062 60.3366 60.3666 60.3906
 60.4123 60.4295 60.4515 60.4715 60.5009 60.5197 60.5376 60.5669 60.5849
 60.5998 60.6254 60.6433 60.6612 60.6786 60.6966 60.721  60.7391 60.765
 60.782  60.7956 60.8126 60.8296 60.844  60.8578 60.8737 60.8996 60.9205
 60.9338 60.9477 60.9616 60.9753 60.9983 61.0122 61.0272 61.0413 61.0532
 61.0684 61.0843 61.0972 61.1122 61.1342 61.1521 61.171  61.188  61.2018
 61.2172 61.2338 61.2487 61.2648 61.2853 61.3021 61.3142 61.3315 61.3439
 61.3598 61.3738 61.3899 61.4072 61.4283 61.4421 61.4624 61.4874 61.5038
 61.5216 61.5357 61.5518 61.5733 61.5904 61.6066 61.6209 61.6437 61.6661
 61.6814 61.7159 61.7426 61.7654 61.7916 61.8109 61.8397 61.8626 61.9476
 61.9868 62.0529 62.1159 62.2005 68.6919 68.7742 68.8246 68.9745 69.2334
 69.354  69.3757 69.4355 69.4768 69.4949 69.5171 69.5845 69.6042 69.6267
 69.654  69.6885 69.7108 69.7258 69.7618 69.7819 69.8038 69.8308 69.8568
 69.8887 69.9175 69.9634 69.9787 69.9974

