13.7443 13.7791 14.0127 14.1362 14.216  14.2457 14.3207 14.3463 14.4667
 14.5867 14.7086 14.7274 14.7985 14.8235 14.8479 14.8881 14.9574 14.9783
 15.0628 15.1135 19.7238
21.9919 22.7097 23.7075 23.7672 24.1285 24.1824 24.2154 24.3639 24.4196
 24.5068
32.9883 33.0701 33.1552 33.2017 33.2477 33.2794 33.3174 33.3588 33.4926
 33.5474
41.7574 41.9238 42.4174 42.6149 42.6589 42.7776 42.9176 43.012  43.0447
 43.0638 43.0856
52.1027 59.2685
60.0661 60.2151 60.3206 60.3508 60.3927 60.4508 60.5917 60.6636 60.8343
 68.1186 68.7002 68.999  69.0429 69.4867 69.5449 69.6313 69.8096 69.8592
 69.8978

