13.1948 13.6566 13.6913 13.8904 13.9858 14.2204 14.3646 14.378  14.4057
 14.4858 14.5233 14.566  14.6587
22.6987 23.3271 23.5399 23.6467 23.6927 23.7955 23.9004 23.9368 23.9697
 24.0398 24.0732 24.1216 24.1804 24.2021 24.2425 24.2667 24.3738 24.42
 24.4465 24.4799 24.5458 29.9828
30.2532 32.1732 32.7802 33.0555 33.2156 33.6412 33.6685 33.726  33.7716
 33.8937 34.2133 34.4094
40.7996 41.9886 42.2074 42.8431 43.0278 43.1209 43.2117 43.3028 43.3985
 43.464  43.5189 43.699  43.7591 48.3401 48.8949
51.5842 51.7219 51.9299 52.0749 52.102  52.1448 52.2758 52.3181 52.3468
 52.3651 52.4276 52.4443 52.4968 52.5473 52.6431 52.6887 52.7279 52.8131
 52.9074 58.7057 59.742
60.8708 60.9103 61.3084 61.3459 61.3836 61.4723 61.4872 61.5102 61.5387
 61.5564 61.5782 61.5971 61.6349 61.6486 61.6606 61.6847 61.7704 61.7948
 61.8105 61.8314 61.8995 62.1203

