13.0338 13.0785 13.2563 13.6039 13.7261 13.8244 14.0237 14.6365 14.7329
 14.7557
21.4937 22.0888 23.5408 23.6814 23.7188 23.8186 23.9344 23.9558 24.0078
 24.0692 24.1183 24.2685 24.4222 24.5016 24.5311 24.5725 24.6487 24.6816
 24.7309 24.7462 24.7942 24.8441 24.8625
32.6072 32.8186 33.43   33.9014 33.9628 33.9773 34.0152 34.0376 34.0665
 34.2688 34.2845 34.3766 34.3997 34.4654 34.4995
41.0656 42.1866 43.0357 43.1446 43.2518 43.5036 43.9745
50.9665 51.4467 51.9316 52.0174 52.185  52.2611 52.2889 52.5988 52.6389
 52.6887 52.8622 53.0094
60.8284 60.8788 61.2226 61.2758 61.3673 61.4022 61.4286 61.5441 61.7821
 61.8115 61.9017 61.922  61.948  61.9718 62.0269 62.0457 62.0978 62.1458
 62.1615 62.1776 62.258  62.3409 62.3773 66.0154

