12.0433 13.4204 13.8038 14.1757 14.2238 14.3207 14.3595 14.3948 14.4328
 14.4966 14.6929 14.7552 14.7842 14.8271 14.8831 15.1036 15.19   15.2261
22.7607 23.1306 23.7083 23.8442 23.8678 23.9519 23.9854 24.0141 24.056
 24.134  24.1586 24.1749 24.2047 24.2311 24.2668 24.3137 24.3412 24.3518
 24.3686 24.381  24.3925 24.4253 24.4428 24.4657 24.4803 24.4972 24.5197
 24.5479 24.5748 24.5874 24.6024 24.613  24.6342 24.6593 24.6794 24.6972
 24.7293 24.7423 24.7585 24.7802 24.8029 24.8223 24.8685 24.901  25.0873
 25.1381
32.7735 33.0839 33.6039 33.6639 33.7862 33.8376 33.9145 33.9743 34.0167
 34.0625 34.1252 34.163  34.1986 34.2214 34.3037 34.4717 34.5387 34.5809
 34.7036
41.8022 42.6321 42.9823 43.0969 43.2301 43.3163 43.366  43.3871 43.6402
 43.7616 43.8142 43.8549 43.9983 44.3317 49.4288
51.7806 51.8114 51.9712 52.1029 52.1277 52.2016 52.23   52.2593 52.3221
 52.3508 52.3741 52.4204 52.4392 52.4636 52.4833 52.5504 52.5725 52.5879
 52.6154 52.6424 52.6621 52.678  52.6982 52.7178 52.7799 52.8035 52.8358
 52.8592 52.9102 52.9997 53.05   53.1304 53.1869 53.2038
60.4897 61.0319 61.3438 61.4119 61.4436 61.5784 61.6129 61.671  61.6886
 61.7152 61.731  61.7772 61.8286 61.8584 61.9575 61.9797 62.0331 62.061
 62.1828 62.2023 62.2509 62.2898 62.3137 62.3639 62.3867 62.4289 62.4532
 62.4925 62.5809

