11.1302 11.677  12.9311 13.2145 13.2737 13.3233 13.6538 13.6898 13.7393
 13.7571 13.7788 13.8003 13.8272 13.8526 13.9291 13.9494 14.0256 14.0493
 14.0748 14.1002 14.1351 14.1675 14.1821 14.197  14.209  14.2239 14.2456
 14.2689 14.2865 14.3119 14.3279 14.3482 14.373  14.4133 14.4519 14.4788
 14.4929 14.5146 14.5466 14.5703 14.6097 14.6419 14.6668
22.8788 23.4314 23.5533 23.6464 23.6706 23.7128 23.7478 23.7913 23.8334
 23.8567 23.9035 23.9318 23.9592 24.0908 24.1309 24.1642 24.2281 24.3205
 24.3408 24.3623 24.3858 24.4111 24.4434 24.4688 24.4879 24.5043 24.5418
 24.5658 24.5894 24.6099 24.6228 24.669  24.7258 24.7434 24.7711 24.8053
32.8967 33.0729 33.2536 33.3235 33.3634 33.4213 33.4541 33.4947 33.5244
 33.5536 33.575  33.6004 33.6402 33.6594 33.6735 33.6936 33.7178 33.7379
 33.7574 33.7848 33.7982 33.8132 33.8256 33.8416 33.8668 33.8848 33.9306
 33.9578 33.9775 34.0301 34.0544 34.09   34.1044 34.1232 34.1453 34.1698
 34.1869 34.2222 34.2582 34.3419 34.3556 34.426
41.4589 42.1449 42.3333 42.4421 42.6705 42.6984 42.7145 42.757  42.7727
 42.8506 42.8744 42.9041 42.9434 42.993  43.0813 43.1197 43.1319 43.1503
 43.1748 43.2409 43.2719 43.291  43.3349 43.3604 43.3891 43.4119 43.4378
 43.4547 43.4716 43.4916 43.5198 43.7188 43.8197
51.2206 51.3761 51.436  51.8081 51.8564 51.8869 51.9922 52.0792 52.1018
 52.1651 52.2028 52.2263 52.2928 52.3118 52.3318 52.3644 52.3867 52.4088
 52.4313 52.4496 52.4625 52.4748 52.4986 52.5458 52.5817 52.5937 52.6414
 52.6596 52.6807 52.7073 52.7325 52.7472 52.7702 52.7967 52.8364 52.8538
 52.8751 52.8886 52.9169 52.9351 52.9493 52.9692 53.0247 53.0523 53.0864
 53.1526 53.2451
60.9533 61.2303 61.4097 61.5865 61.6825 61.7101 61.8568 61.9357 62.0896
 62.1293 62.1977 62.2408 62.2528 62.3149 62.3445 62.3599 62.401  62.4256
 62.4559 62.4876 62.5203 62.5627 62.5796 62.6118 62.6652 62.6906 62.7344
 62.7526 62.8638 62.9356 69.7151

