12.5927 13.3814 13.4535 13.6842 13.8583 13.8909 13.9409 14.036  14.0532
 14.0856 14.109  14.1639 14.1876 14.216  14.2401 14.2993 14.3478 14.3759
 14.4669 14.5012 14.5601
22.1967 23.3569 23.4363 23.4948 23.6826 23.8491 23.893  23.98   24.0109
 24.0358 24.094  24.1925 24.275  24.4361
33.273  33.4533 33.5054 33.5757 33.6069 33.6684 33.6855 33.7496 33.9027
 34.0987 34.1317
40.6842 41.9548 42.1996 42.4234 42.6626 42.7145 42.8098 42.8965 42.9203
 43.1138 43.1506 43.2166 43.2939 43.3424
51.4843 51.7591 51.8379 51.9208 52.0414 52.0836 52.1102 52.2225 52.27
 52.4301 52.4959 52.6262 52.6912 52.7148 52.7396 52.9506
61.832  61.9567 61.997  62.161  62.2003 62.2808 62.3213 62.401  62.4907
 62.511  62.5936

