11.8999 12.4623 12.5897 12.6134 12.8924 12.9969 13.0237 13.0731 13.1458
 13.1692 13.1924 13.4891 13.5309 13.6499
21.6498 21.8959 21.9712 21.9995 22.0296 22.0638 22.0808 22.1429 22.3193
 29.541  29.7638 29.9487
30.144  30.5741 30.6464 30.6613 30.8298 38.3921 39.0715 39.2266 39.2599
 39.2949 39.3466 39.3681 39.388  39.4245 39.4694 39.5147 39.5408 39.5583
 39.5871 39.6042 39.6307 39.6511 39.7067 39.7292 39.7505 39.8552 39.9012
 39.9292
40.0458 46.7738 46.8694 47.2305 47.3167 47.5523 48.0629 48.1102 48.2559
 48.2956 48.3848 48.4405 48.4787 48.4971 48.5203 48.777
55.335  56.4197 56.6073 56.8067 56.855  56.9654 56.9913 57.0189 57.1416
 57.1862 57.2542 57.3134 57.3666 57.3961 57.4518 57.4684 57.496  57.5244
 57.6214 57.6428 57.6683 57.683  57.7229 57.9023
65.0518 65.4368 65.7149 65.7544 65.849  65.8916 65.9214 65.9866 66.0329
 66.0835 66.1781 66.2025 66.2214 66.3075 66.3889 66.5313 66.6267 66.7442

