11.9686 12.3356 12.6912 12.7568 12.7946 12.8233 12.8626 12.8926 12.9199
 12.9391 12.9698 13.0291 13.0465 13.0623 13.0773 13.0972 13.1321 13.1556
 13.1929 13.2193 13.2525 13.287  13.3099 13.3219 13.3407 13.3524 13.3633
 13.376  13.3878 13.4023 13.4125 13.4265 13.4371 13.4482 13.4624 13.476
 13.4878 13.4987 13.5137 13.5246 13.5349 13.5464 13.5567 13.5685 13.5833
 13.6032 13.6158 13.6278 13.6376 13.6483 13.6598 13.6716 13.6825 13.6939
 13.704  13.7171 13.7295 13.7417 13.7581 13.7691 13.7813 13.7916 13.8018
 13.8109 13.8213 13.8325 13.8441 13.8542 13.8639 13.8727 13.8834 13.8943
 13.9057 13.9159 13.9252 13.9351 13.9474 13.9587 13.9703 13.9816 13.9931
 14.003  14.0119 14.0216 14.0312 14.0415 14.0526 14.065  14.0746 14.0872
 14.0959 14.1049 14.1145 14.1252 14.1362 14.1458 14.1554 14.1645 14.1758
 14.1871 14.2002 14.2104 14.2201 14.2312 14.2414 14.2512 14.2641 14.2737
 14.2843 14.2953 14.3071 14.3237 14.3364 14.3501 14.3604 14.3705 14.3884
 14.3997 14.4098 14.4235 14.4338 14.4453 14.4603 14.4742 14.4932 14.5069
 14.5189 14.5385 14.5543 14.568  14.5858 14.6008 14.6138 14.6262 14.6392
 14.6512 14.6676 14.679  14.696  14.7212 14.7349 14.7536 14.7728 14.7973
 14.8173 14.8466 14.9026 14.9375 14.9986 15.0316 15.0666 15.1471 15.1979
 15.2307 15.3245 15.8002
20.8783 21.1765 21.5309 21.7047 21.8475 22.0291 22.0834 22.1069 22.1409
 22.1686 22.1879 22.2139 22.2325 22.2565 22.2771 22.3027 22.3214 22.3392
 22.3623 22.3798 22.4013 22.4175 22.4361 22.4531 22.4713 22.4876 22.5007
 22.5137 22.5255 22.5379 22.5599 22.5733 22.5857 22.6013 22.6117 22.623
 22.638  22.6508 22.6717 22.6848 22.7015 22.7117 22.7237 22.7406 22.7553
 22.7696 22.7802 22.7923 22.8051 22.8174 22.8347 22.8536 22.8692 22.8844
 22.8972 22.9177 22.9347 22.947  22.9584 22.975  22.9955 23.0098 23.0228
 23.0387 23.06   23.0743 23.0861 23.0974 23.1105 23.1206 23.1328 23.1471
 23.1613 23.1759 23.1921 23.2071 23.2217 23.2409 23.258  23.2705 23.283
 23.3072 23.3244 23.3503 23.3673 23.3836 23.4015 23.4267 23.4477 23.462
 23.4895 23.5082 23.5255 23.549  23.5767 23.5942 23.6103 23.6589 23.6827
 23.7039 23.7225 23.7564 23.7898 23.817  23.8493 23.99   24.0691 24.1219
30.0358 30.1019 30.1738 30.2259 30.3677 30.445  30.5027 30.5969 30.6358
 30.6727 30.6963 30.7298 30.7735 30.8181 30.8362 30.8595 30.8774 30.894
 30.9088 30.9273 30.9422 30.9578 30.9713 30.9889 31.0009 31.0154 31.0331
 31.0496 31.0652 31.0794 31.1006 31.1203 31.1351 31.1579 31.1751 31.1914
 31.2081 31.2192 31.2305 31.2475 31.2632 31.2728 31.2916 31.3039 31.3202
 31.3323 31.3479 31.3634 31.3744 31.3885 31.4015 31.4138 31.4264 31.4404
 31.4546 31.4693 31.4807 31.4902 31.5004 31.5113 31.5236 31.5349 31.5476
 31.5604 31.5739 31.5861 31.5955 31.6058 31.6214 31.634  31.6466 31.6592
 31.6701 31.6805 31.6924 31.7062 31.7192 31.7325 31.7454 31.7606 31.7747
 31.7873 31.8027 31.8179 31.8299 31.8422 31.8551 31.8737 31.8876 31.9043
 31.9184 31.9323 31.9535 31.9655 31.9847 32.0007 32.0156 32.0327 32.0605
 32.0728 32.0893 32.1198 32.1378 32.155  32.1733 32.2014 32.2206 32.244
 32.2766 32.4406 32.4729 32.5704 32.5969 32.6349 32.6965 32.8079 32.8757
 32.9652 33.276  35.8228 37.1884 37.6359 38.6443 38.8935 39.0592 39.1158
 39.1417 39.1904 39.2122 39.2607 39.2871 39.3033 39.3661 39.4018 39.4197
 39.4396 39.4613 39.4925 39.5303 39.5509 39.5701 39.5866 39.6115 39.6251
 39.6399 39.6676 39.6829 39.6956 39.7081 39.7191 39.7299 39.7425 39.755
 39.7728 39.7907 39.8107 39.825  39.8413 39.8623 39.875  39.8851 39.8994
 39.9103 39.9233 39.9337 39.9449 39.9563 39.9692 39.9842 39.9955
40.0052 40.0147 40.0248 40.0343 40.044  40.0537 40.0623 40.0711 40.0805
 40.0908 40.103  40.1124 40.1228 40.1336 40.1447 40.1532 40.1619 40.1715
 40.1817 40.1911 40.2    40.212  40.224  40.2339 40.2431 40.2539 40.263
 40.2716 40.2807 40.2895 40.2997 40.3093 40.3195 40.3285 40.3374 40.3465
 40.3554 40.3657 40.3752 40.3842 40.3936 40.4042 40.4143 40.4255 40.4344
 40.4429 40.455  40.4645 40.4741 40.4835 40.4942 40.5033 40.5123 40.5218
 40.5305 40.5396 40.5499 40.5597 40.5687 40.5793 40.5908 40.602  40.6108
 40.6206 40.6301 40.6409 40.6504 40.6606 40.6708 40.6818 40.6923 40.703
 40.7155 40.7284 40.7375 40.7476 40.7575 40.7674 40.7791 40.7912 40.803
 40.8135 40.8255 40.8365 40.8462 40.8558 40.8666 40.8765 40.8875 40.8971
 40.9103 40.9229 40.9348 40.9464 40.9565 40.9732 40.9856 40.9981 41.0103
 41.0231 41.0349 41.0552 41.0716 41.0911 41.107  41.1255 41.1416 41.1562
 41.1687 41.1875 41.2016 41.2204 41.241  41.2616 41.2847 41.3196 41.3348
 41.3688 41.4247 41.457  41.4849 41.5094 41.5396 41.57   41.5938 41.6145
 41.6625 41.9753 48.1242 48.2089 48.2533 48.3057 48.3703 48.3992 48.4159
 48.4457 48.4703 48.4837 48.5053 48.5205 48.5334 48.5506 48.5764 48.5921
 48.6032 48.6153 48.63   48.6454 48.6676 48.6853 48.6992 48.712  48.7301
 48.75   48.7636 48.7793 48.7898 48.8025 48.8149 48.8256 48.8369 48.8487
 48.8593 48.8722 48.8853 48.9039 48.9169 48.9332 48.9426 48.9524 48.9664
 48.9799 48.9955 49.0087 49.0237 49.034  49.0451 49.0568 49.067  49.0772
 49.0881 49.0994 49.1099 49.1212 49.1312 49.1403 49.1498 49.1615 49.1726
 49.1853 49.1955 49.2064 49.2172 49.2255 49.2355 49.2465 49.2592 49.2712
 49.2836 49.2963 49.3057 49.3166 49.3283 49.3378 49.3467 49.3554 49.3645
 49.3737 49.3824 49.3917 49.4008 49.4104 49.4234 49.4311 49.4402 49.4497
 49.4615 49.4719 49.4812 49.491  49.5013 49.5141 49.5243 49.5341 49.5451
 49.5555 49.5658 49.5781 49.5869 49.598  49.6104 49.6218 49.6325 49.6448
 49.6558 49.6673 49.6771 49.6878 49.699  49.7118 49.7222 49.7318 49.7423
 49.7524 49.7624 49.7719 49.784  49.7967 49.809  49.8196 49.8321 49.8438
 49.8538 49.8684 49.8813 49.8933 49.9042 49.9186 49.9302 49.9438 49.9589
 49.9742 49.9891
50.0059 50.0179 50.0327 50.0441 50.0584 50.0715 50.0861 50.1081 50.1242
 50.141  50.1567 50.1889 50.2091 50.2305 50.2566 50.2811 50.3066 50.33
 50.3519 50.3685 50.4095 50.4573 50.4847 50.5384 50.5808 50.7836 50.8419
 51.2112 54.5465 54.9928 56.1107 56.4036 56.5983 56.7494 56.8342 56.8645
 56.9356 56.9973 57.2178 57.2497 57.2693 57.2946 57.3314 57.3447 57.3591
 57.378  57.3922 57.416  57.4408 57.4591 57.4762 57.5038 57.519  57.5344
 57.5511 57.5662 57.5864 57.5969 57.6097 57.6279 57.6516 57.6659 57.6768
 57.6887 57.7098 57.7252 57.741  57.7511 57.7635 57.7743 57.7858 57.7965
 57.8072 57.82   57.8315 57.8446 57.8561 57.8668 57.8854 57.8963 57.9076
 57.9171 57.9291 57.9428 57.9542 57.9659 57.9765 57.9869 58.0004 58.0105
 58.0201 58.0298 58.0422 58.0555 58.0676 58.0775 58.0883 58.0983 58.1092
 58.1177 58.1267 58.1372 58.148  58.1583 58.1676 58.1766 58.1857 58.1964
 58.2087 58.2196 58.2289 58.2381 58.2496 58.2592 58.2696 58.2805 58.2903
 58.3046 58.3138 58.3234 58.3333 58.3453 58.3562 58.3667 58.3763 58.3865
 58.3985 58.4085 58.4189 58.4303 58.441  58.4512 58.4623 58.4721 58.4847
 58.4965 58.5055 58.5155 58.526  58.5368 58.547  58.5561 58.5656 58.5757
 58.5851 58.5944 58.6078 58.6188 58.6314 58.6415 58.6509 58.6617 58.6727
 58.6845 58.6963 58.7084 58.7181 58.729  58.7412 58.752  58.7655 58.7778
 58.7912 58.806  58.8173 58.8291 58.8421 58.8531 58.8657 58.8774 58.8934
 58.9052 58.9168 58.9311 58.9426 58.958  58.9837 58.9954 59.0092 59.0228
 59.0345 59.0503 59.065  59.0785 59.0944 59.113  59.1395 59.165  59.1867
 59.208  59.2409 59.2856 59.3103 59.3352 59.3625 59.3912 59.4397 59.5204
 59.5503 59.584  59.6569 59.7634 59.8459 59.9606
60.1397 63.8829 65.5174 65.7245 66.0425 66.0836 66.1115 66.1597 66.2048
 66.2308 66.2983 66.324  66.3419 66.3677 66.3886 66.4312 66.4466 66.4623
 66.4785 66.4929 66.5113 66.5408 66.5622 66.5774 66.5966 66.6157 66.6395
 66.6643 66.6884 66.7137 66.7361 66.7511 66.764  66.7808 66.7938 66.8067
 66.8208 66.8364 66.8516 66.868  66.8783 66.8908 66.9091 66.9268 66.9399
 66.9519 66.9662 66.9827 66.9985 67.0172 67.0323 67.0475 67.0654 67.0782
 67.0897 67.106  67.1229 67.1381 67.1515 67.1683 67.1792 67.1895 67.2023
 67.2123 67.2261 67.2403 67.2505 67.2626 67.2735 67.2855 67.2985 67.3126
 67.3267 67.3369 67.3479 67.3621 67.3746 67.3873 67.4011 67.4122 67.4282
 67.4451 67.4575 67.4702 67.4821 67.4934 67.5059 67.5208 67.5329 67.5494
 67.5679 67.5839 67.5954 67.6087 67.6203 67.6337 67.6497 67.6654 67.6787
 67.7021 67.7213 67.7367 67.7504 67.7641 67.7837 67.8001 67.8158 67.8316
 67.8551 67.8737 67.8987 67.9206 67.9399 67.968  68.0243 68.0529 68.097
 68.1268 68.1888 68.2201 68.2717 68.3295 68.3945 68.4896

