11.8637 11.9319 12.1906 12.549  12.6027 12.7543 12.7898 12.8206 12.8809
 12.9526 12.9713 13.0154 13.0574 13.0889 13.121  13.1446 13.1699 13.2008
 13.2245 13.2536 13.274  13.2892 13.3182 13.3369 13.3539 13.3664 13.3896
 13.4102 13.4282 13.4495 13.4677 13.4879 13.5005 13.5201 13.5365 13.551
 13.5673 13.5849 13.6009 13.6128 13.623  13.6385 13.652  13.6689 13.682
 13.6942 13.7085 13.7218 13.7375 13.7546 13.7709 13.7846 13.7963 13.8089
 13.8199 13.833  13.8495 13.8619 13.8784 13.8929 13.9075 13.9203 13.9306
 13.9413 13.9516 13.9632 13.9764 13.9874 14.0011 14.0155 14.0283 14.0396
 14.0553 14.07   14.0847 14.0998 14.1114 14.1225 14.1345 14.148  14.1583
 14.1699 14.1839 14.1952 14.2067 14.2184 14.2292 14.2398 14.2539 14.2668
 14.2784 14.2924 14.3065 14.3205 14.3319 14.3435 14.3548 14.3661 14.3778
 14.3899 14.4019 14.4146 14.4265 14.4384 14.451  14.4632 14.4743 14.488
 14.4992 14.5127 14.5252 14.5386 14.5511 14.5623 14.5743 14.5868 14.5981
 14.6115 14.6252 14.638  14.6527 14.6633 14.6769 14.6927 14.7049 14.7221
 14.7363 14.7527 14.7647 14.7782 14.7957 14.8104 14.8232 14.8372 14.8529
 14.8653 14.8782 14.8912 14.9054 14.9264 14.9499 14.9684 14.9921 15.0234
 15.0447 15.0724 15.0977 15.1645 15.1839 15.2302 15.2729 15.3082 15.3312
 15.3617 15.4132 15.6073
21.3639 21.9869 22.089  22.1482 22.2334 22.2583 22.2821 22.3095 22.3296
 22.3488 22.3812 22.4007 22.4195 22.4434 22.4652 22.4975 22.5155 22.5269
 22.5414 22.5669 22.5897 22.604  22.6195 22.6388 22.6561 22.675  22.6891
 22.71   22.7375 22.7538 22.7705 22.7868 22.8019 22.8245 22.8437 22.8606
 22.8788 22.8931 22.9108 22.9282 22.9486 22.9687 22.9862 23.0016 23.017
 23.0319 23.0545 23.0713 23.0835 23.0993 23.1137 23.1274 23.1391 23.1531
 23.1658 23.1781 23.1935 23.212  23.237  23.2559 23.2705 23.2958 23.3155
 23.3379 23.3683 23.3813 23.3966 23.4181 23.4332 23.4525 23.4679 23.4845
 23.5041 23.5201 23.5333 23.5475 23.5647 23.5852 23.6066 23.6322 23.6481
 23.6629 23.6804 23.6963 23.7118 23.7324 23.7535 23.775  23.7926 23.8143
 23.843  23.8637 23.8992 23.9297 23.9783 24.0669 24.1632 24.2266 24.2519
 24.2789
30.2122 30.2862 30.4566 30.5579 30.6655 30.6848 30.7085 30.7369 30.7566
 30.775  30.8064 30.8376 30.8785 30.9159 30.9319 30.9534 31.0176 31.0418
 31.0558 31.0701 31.0878 31.1029 31.1182 31.1327 31.1489 31.1641 31.1808
 31.2033 31.2356 31.2574 31.2804 31.2958 31.3087 31.3296 31.3445 31.3604
 31.375  31.4082 31.4436 31.4613 31.4744 31.4924 31.5091 31.5212 31.5356
 31.5488 31.5658 31.5832 31.5947 31.6072 31.619  31.6334 31.6554 31.6678
 31.6856 31.7014 31.7145 31.7297 31.7434 31.7644 31.7848 31.8017 31.8144
 31.8301 31.8449 31.8597 31.8706 31.8847 31.8999 31.9157 31.9395 31.9543
 31.969  31.9822 31.9958 32.0118 32.0256 32.0471 32.0671 32.0812 32.103
 32.121  32.1408 32.1648 32.1815 32.1999 32.2149 32.2274 32.2403 32.2562
 32.2704 32.2954 32.3134 32.3406 32.3609 32.3824 32.4062 32.4281 32.4574
 32.4784 32.5053 32.5447 32.5665 32.5896 32.6106 32.6426 32.8034 32.8735
 38.7017 38.7425 38.8745 39.0105 39.2191 39.267  39.4109 39.4524 39.5173
 39.5613 39.5855 39.6059 39.6441 39.6704 39.7194 39.7441 39.7608 39.7886
 39.8008 39.813  39.8295 39.8479 39.8695 39.8894 39.9143 39.928  39.9429
 39.9527 39.9675 39.9819 39.9977
40.0243 40.0406 40.0527 40.0658 40.0779 40.0901 40.1056 40.1212 40.1328
 40.1449 40.1584 40.1706 40.1941 40.2074 40.2187 40.2302 40.2427 40.2528
 40.2643 40.2772 40.2876 40.3029 40.3162 40.3278 40.3399 40.3495 40.3594
 40.3698 40.3813 40.3939 40.4045 40.4155 40.4262 40.4386 40.453  40.4647
 40.478  40.4899 40.5001 40.5113 40.5242 40.5363 40.5507 40.5626 40.5766
 40.5885 40.5985 40.6078 40.6179 40.6294 40.6406 40.6532 40.6646 40.6744
 40.6847 40.6954 40.7068 40.7175 40.7281 40.738  40.7472 40.7573 40.7693
 40.7816 40.7948 40.8066 40.8157 40.8279 40.838  40.8477 40.8596 40.8708
 40.882  40.8924 40.9029 40.9129 40.9248 40.9384 40.9511 40.9627 40.9744
 40.9852 40.9963 41.0072 41.0186 41.0311 41.0434 41.0555 41.0675 41.0786
 41.0901 41.1007 41.1135 41.1272 41.1424 41.156  41.1689 41.1804 41.1929
 41.2039 41.2171 41.2313 41.2461 41.2574 41.2711 41.2902 41.3079 41.3208
 41.3382 41.3627 41.3858 41.4005 41.419  41.4383 41.4568 41.4788 41.5017
 41.5272 41.5519 41.5678 41.5983 41.6244 41.7004 41.7369 41.7716 41.8069
 41.9842 46.5117 47.8089 48.1693 48.2093 48.2661 48.3614 48.4433 48.4679
 48.4972 48.5471 48.5986 48.6424 48.6677 48.6914 48.7113 48.7408 48.7626
 48.7812 48.7966 48.8157 48.8516 48.8775 48.8961 48.9155 48.9315 48.9489
 48.9621 48.9767 48.9964 49.0105 49.0229 49.0364 49.0492 49.0623 49.0782
 49.0986 49.1148 49.1298 49.1454 49.1571 49.1696 49.1855 49.1996 49.2143
 49.2311 49.2471 49.2579 49.2719 49.2864 49.2989 49.3128 49.3273 49.3417
 49.3534 49.3662 49.3787 49.391  49.4014 49.4115 49.4261 49.437  49.4472
 49.4564 49.4664 49.4782 49.4906 49.5025 49.5119 49.5223 49.535  49.5487
 49.5644 49.5782 49.5896 49.6005 49.6125 49.6225 49.6335 49.6459 49.6604
 49.671  49.6833 49.6933 49.7028 49.7123 49.7241 49.7345 49.7478 49.7644
 49.7764 49.7881 49.7989 49.8099 49.822  49.833  49.8449 49.8559 49.8698
 49.8839 49.8977 49.911  49.9216 49.9325 49.9443 49.9575 49.9702 49.9849
 49.9968
50.0082 50.023  50.0364 50.0481 50.06   50.075  50.0893 50.1025 50.1241
 50.1397 50.1522 50.1652 50.1834 50.1993 50.2109 50.2274 50.2466 50.269
 50.2843 50.3019 50.3134 50.3351 50.3648 50.3946 50.4138 50.4349 50.4522
 50.526  50.5627 50.6028 50.6283 50.6872 50.741  50.7939 56.6328 57.1961
 57.2376 57.3336 57.3914 57.4449 57.4705 57.4984 57.5259 57.5539 57.5754
 57.5936 57.6096 57.6281 57.6509 57.6956 57.7166 57.7406 57.76   57.7734
 57.7849 57.797  57.8161 57.832  57.8464 57.8641 57.8825 57.8968 57.9108
 57.9256 57.9388 57.9539 57.9709 57.9845 57.9981 58.0107 58.0221 58.0338
 58.0456 58.0567 58.0665 58.0783 58.0885 58.1004 58.1109 58.1229 58.133
 58.1435 58.1629 58.1776 58.1893 58.2002 58.213  58.2236 58.234  58.2439
 58.2547 58.2658 58.2755 58.2864 58.301  58.3129 58.3241 58.3364 58.3486
 58.3594 58.37   58.3819 58.3928 58.4035 58.4136 58.4229 58.4339 58.4474
 58.4588 58.4701 58.483  58.4929 58.504  58.5145 58.5271 58.5377 58.5482
 58.5586 58.5678 58.5789 58.5895 58.5989 58.6093 58.6221 58.6354 58.6462
 58.6582 58.6689 58.6803 58.6898 58.7003 58.7103 58.7192 58.7295 58.7406
 58.7557 58.7708 58.7852 58.7983 58.8081 58.8209 58.8318 58.8429 58.8535
 58.8672 58.8781 58.8892 58.9006 58.9121 58.9236 58.9361 58.9495 58.9656
 58.9767 58.9879 58.9991 59.0119 59.0256 59.0433 59.0577 59.0722 59.0896
 59.1094 59.125  59.1388 59.155  59.1718 59.189  59.2004 59.2131 59.2284
 59.2418 59.2576 59.2737 59.2879 59.3027 59.3212 59.3378 59.3615 59.379
 59.4031 59.4289 59.4669 59.4889 59.5055 59.5301 59.6348 59.8837 59.9319
66.004  66.2436 66.2874 66.3264 66.3659 66.4282 66.4848 66.5394 66.5528
 66.5851 66.6265 66.6767 66.7019 66.7227 66.7495 66.7722 66.7893 66.8245
 66.8464 66.8645 66.8799 66.8939 66.9068 66.9192 66.9324 66.9473 66.9682
 66.9978 67.0359 67.056  67.0776 67.0953 67.1155 67.1269 67.1417 67.1569
 67.1703 67.1812 67.1951 67.2075 67.2187 67.2324 67.2452 67.2652 67.2823
 67.3042 67.3162 67.332  67.3454 67.36   67.3734 67.3895 67.4015 67.414
 67.4269 67.4396 67.4581 67.4773 67.4928 67.5036 67.5147 67.5349 67.5468
 67.5613 67.5772 67.5905 67.6043 67.6166 67.6295 67.6452 67.6644 67.6788
 67.6994 67.7139 67.7276 67.7509 67.7713 67.7836 67.802  67.823  67.8395
 67.8543 67.8684 67.8826 67.9051 67.9205 67.9413 67.9542 67.9699 67.9979
 68.0259 68.0559 68.0775 68.0927 68.1224 68.1425 68.1658 68.2027 68.2255
 68.2709 68.3048 68.3386 68.3638 68.4096 68.4381 68.5591

