12.4326 12.5787 12.6214 12.6586 12.7618 12.7817 12.8399 12.8539 12.8898
 12.9344 12.9655 12.9936 13.015  13.0325 13.0521 13.0772 13.1104 13.1277
 13.1625 13.177  13.1962 13.2121 13.2261 13.241  13.2608 13.2794 13.2951
 13.3139 13.3322 13.3434 13.3553 13.3656 13.3794 13.3904 13.4025 13.4138
 13.4238 13.4338 13.4447 13.4573 13.4672 13.4825 13.496  13.5074 13.5212
 13.5369 13.5468 13.5574 13.5676 13.5796 13.5887 13.5983 13.607  13.6156
 13.6244 13.6331 13.6422 13.6517 13.6619 13.6745 13.6831 13.6924 13.7022
 13.7106 13.7198 13.7292 13.7394 13.7481 13.7568 13.7676 13.7783 13.7874
 13.7961 13.8044 13.8138 13.8228 13.8316 13.8402 13.8482 13.8562 13.8641
 13.8723 13.8804 13.8889 13.898  13.907  13.9168 13.9259 13.9354 13.9438
 13.9537 13.963  13.9721 13.9817 13.9908 13.9992 14.0084 14.0175 14.0264
 14.0353 14.0434 14.053  14.0625 14.0712 14.0802 14.0887 14.0975 14.107
 14.116  14.125  14.1344 14.1439 14.1533 14.1621 14.172  14.1804 14.1897
 14.1981 14.2076 14.2162 14.2253 14.2345 14.244  14.2541 14.2636 14.2728
 14.2825 14.291  14.3004 14.3101 14.3194 14.328  14.3381 14.3484 14.3604
 14.3708 14.3799 14.3895 14.3995 14.4119 14.4208 14.4297 14.4385 14.4491
 14.4576 14.4662 14.4755 14.4873 14.4973 14.5071 14.5182 14.5285 14.5387
 14.5515 14.5628 14.5743 14.5852 14.5966 14.6079 14.6193 14.6301 14.6403
 14.6509 14.6613 14.6719 14.6813 14.6936 14.7032 14.7133 14.7237 14.7364
 14.749  14.7624 14.7741 14.7855 14.7981 14.8096 14.8205 14.8327 14.8452
 14.8554 14.8688 14.8861 14.9101 14.9242 14.9414 14.9545 14.9748 14.9964
 15.0139 15.0386 15.0538 15.0671 15.0823 15.1027 15.1218 15.1559 15.1856
 15.2195 15.2551 15.2734 15.3293 15.3789 15.5026 15.6139 18.9642 19.1897
 19.7645
20.7962 21.4165 21.6351 21.748  21.8329 21.8886 21.9608 22.0209 22.0473
 22.1236 22.1544 22.1772 22.2019 22.2156 22.2429 22.2606 22.2796 22.2952
 22.3164 22.3448 22.3579 22.3777 22.3981 22.4107 22.4309 22.4456 22.4577
 22.4756 22.4886 22.5038 22.5173 22.5296 22.5434 22.5544 22.5718 22.586
 22.6015 22.613  22.6286 22.6482 22.6618 22.6734 22.6858 22.6993 22.7088
 22.7201 22.7311 22.7451 22.7613 22.7751 22.7878 22.8064 22.8199 22.8319
 22.8417 22.8513 22.8608 22.8748 22.8856 22.8953 22.905  22.9154 22.9279
 22.9374 22.9472 22.9575 22.967  22.9767 22.9881 22.9981 23.0078 23.0183
 23.0279 23.0402 23.0517 23.0622 23.0757 23.086  23.0955 23.106  23.1193
 23.1305 23.1425 23.1565 23.1698 23.1804 23.191  23.201  23.2138 23.2246
 23.236  23.2497 23.2612 23.273  23.2865 23.2979 23.3102 23.3222 23.3327
 23.3478 23.3609 23.3715 23.3811 23.3918 23.4022 23.4201 23.4346 23.4471
 23.4597 23.4713 23.4839 23.4961 23.5093 23.5265 23.5402 23.5573 23.5735
 23.5879 23.6032 23.622  23.6356 23.6478 23.6606 23.6717 23.6835 23.713
 23.7319 23.7456 23.7621 23.7767 23.797  23.813  23.8275 23.8532 23.8807
 23.8971 23.917  23.9656 23.9968 24.0237 24.0491 24.1197 24.1423 24.1903
 24.4268
30.1541 30.3103 30.3876 30.4665 30.4929 30.5224 30.5366 30.5719 30.6058
 30.6274 30.6567 30.6769 30.6975 30.72   30.7459 30.7694 30.7808 30.7969
 30.8407 30.8654 30.8827 30.8999 30.913  30.9286 30.9513 30.9647 30.9789
 30.9964 31.0134 31.031  31.0465 31.0616 31.0761 31.0884 31.1009 31.1153
 31.127  31.1386 31.1496 31.1627 31.1759 31.1899 31.1995 31.2118 31.2216
 31.2374 31.2577 31.2689 31.2807 31.2903 31.3    31.3114 31.3235 31.334
 31.3453 31.3577 31.3676 31.377  31.3884 31.4057 31.4175 31.4287 31.4396
 31.4487 31.4585 31.4696 31.4802 31.4932 31.504  31.519  31.5304 31.5442
 31.555  31.5645 31.5746 31.5868 31.6001 31.6095 31.6209 31.6323 31.6444
 31.6547 31.6649 31.6801 31.6892 31.6983 31.7089 31.7201 31.7337 31.744
 31.7534 31.764  31.7751 31.7857 31.795  31.804  31.813  31.8213 31.8318
 31.8411 31.8517 31.8642 31.8758 31.8873 31.899  31.9084 31.9187 31.9298
 31.9409 31.9569 31.9694 31.9808 31.9959 32.0091 32.0238 32.0362 32.0481
 32.0596 32.0745 32.0884 32.1024 32.1178 32.132  32.1452 32.1571 32.1785
 32.1992 32.2182 32.2331 32.2458 32.2661 32.2844 32.3017 32.3148 32.3306
 32.3507 32.381  32.4161 32.4424 32.4948 32.5181 32.5457 32.5723 32.5985
 32.6433 32.6647 32.6891 32.7267 32.7543 32.8182 33.0616 38.3275 38.9748
 39.0036 39.0289 39.0858 39.1328 39.1624 39.1895 39.2253 39.2589 39.2746
 39.2904 39.3321 39.3489 39.3726 39.3951 39.425  39.4433 39.4627 39.4826
 39.4977 39.5102 39.5324 39.5532 39.5712 39.5827 39.5965 39.61   39.6266
 39.6406 39.6547 39.6664 39.682  39.6949 39.7064 39.7222 39.7386 39.7503
 39.7638 39.778  39.7904 39.8029 39.8126 39.8223 39.833  39.8458 39.8563
 39.8694 39.8799 39.8885 39.8979 39.9073 39.9182 39.9298 39.9422 39.9523
 39.9622 39.9721 39.9844 39.9967
40.0058 40.0145 40.0271 40.0368 40.0457 40.055  40.063  40.0721 40.082
 40.0918 40.1023 40.1104 40.1198 40.1291 40.1389 40.1486 40.1582 40.1689
 40.1773 40.1865 40.1956 40.2042 40.2133 40.2222 40.2306 40.2388 40.247
 40.2548 40.2627 40.2715 40.2795 40.2884 40.2966 40.3054 40.3142 40.3219
 40.3296 40.3378 40.3462 40.355  40.3633 40.372  40.38   40.3887 40.3977
 40.4056 40.4147 40.4252 40.4341 40.4431 40.4537 40.4622 40.4705 40.4786
 40.487  40.4962 40.5053 40.5138 40.5216 40.5297 40.5378 40.5453 40.554
 40.5627 40.5706 40.5791 40.5876 40.5954 40.6034 40.6118 40.6212 40.6303
 40.6381 40.6467 40.6552 40.6641 40.6728 40.6809 40.6895 40.6975 40.7057
 40.7153 40.7231 40.7317 40.7415 40.7522 40.761  40.77   40.7779 40.7867
 40.7958 40.8049 40.8132 40.8222 40.8303 40.8388 40.849  40.8581 40.8669
 40.8758 40.8846 40.8934 40.9025 40.9115 40.9212 40.9302 40.9394 40.9483
 40.9574 40.967  40.978  40.9889 40.999  41.0085 41.02   41.0298 41.0401
 41.0503 41.0605 41.0704 41.0801 41.0892 41.0986 41.108  41.1179 41.1297
 41.1397 41.1498 41.1621 41.1754 41.1878 41.2001 41.2112 41.2225 41.2328
 41.2426 41.2522 41.2631 41.2788 41.2901 41.3013 41.3128 41.3236 41.3366
 41.3484 41.3679 41.3797 41.3917 41.4051 41.4186 41.4369 41.4515 41.4658
 41.4806 41.4993 41.5156 41.5362 41.5606 41.5884 41.6111 41.629  41.6596
 41.6902 41.7169 41.7561 41.7885 41.8355 42.1567 45.9788 46.5849 47.6487
 48.0341 48.1429 48.2051 48.3201 48.3538 48.3746 48.4057 48.428  48.445
 48.4748 48.5076 48.5251 48.5464 48.5699 48.5884 48.6022 48.6178 48.631
 48.6434 48.6654 48.6837 48.7014 48.7152 48.7297 48.7403 48.7516 48.7616
 48.7743 48.7868 48.7976 48.8074 48.8173 48.8288 48.839  48.8547 48.8672
 48.8771 48.8877 48.8978 48.9088 48.918  48.9278 48.9391 48.95   48.96
 48.9734 48.9841 48.996  49.006  49.0153 49.026  49.0368 49.0468 49.0558
 49.0675 49.0786 49.0869 49.0984 49.1077 49.117  49.1273 49.137  49.1455
 49.1542 49.164  49.1729 49.1821 49.1931 49.2015 49.2117 49.2203 49.2289
 49.2374 49.247  49.2562 49.2663 49.2743 49.283  49.2914 49.3004 49.3095
 49.3199 49.3294 49.338  49.3467 49.3548 49.3628 49.3718 49.3797 49.3885
 49.397  49.407  49.4157 49.4245 49.4334 49.4421 49.4513 49.4608 49.4692
 49.4778 49.4857 49.4942 49.503  49.511  49.5198 49.5286 49.5373 49.5464
 49.5552 49.563  49.572  49.5814 49.592  49.6023 49.6124 49.622  49.6313
 49.6406 49.6499 49.6588 49.6662 49.6746 49.6831 49.692  49.7008 49.7095
 49.7175 49.7267 49.7365 49.7458 49.7546 49.7629 49.7724 49.7815 49.7912
 49.8018 49.8107 49.8203 49.8314 49.8413 49.8509 49.8605 49.8706 49.8814
 49.8922 49.9017 49.9108 49.9209 49.9309 49.943  49.9548 49.9649 49.9755
 49.9862 49.9971
50.0069 50.0169 50.0279 50.0386 50.0491 50.0585 50.0696 50.0822 50.0944
 50.1056 50.1164 50.1276 50.1389 50.154  50.1678 50.1804 50.1905 50.2031
 50.2141 50.2276 50.24   50.2546 50.2654 50.2795 50.2922 50.308  50.3194
 50.3333 50.3504 50.3639 50.3788 50.3942 50.4095 50.4233 50.4388 50.4519
 50.4737 50.4941 50.5115 50.5297 50.5493 50.5655 50.5935 50.6144 50.6696
 50.8181 50.9277 56.3357 56.8006 56.8287 56.8747 56.9508 56.9936 57.0189
 57.0639 57.1115 57.1903 57.2086 57.2363 57.2548 57.2696 57.2847 57.3062
 57.3358 57.3553 57.3727 57.3881 57.4112 57.4313 57.4615 57.4767 57.4941
 57.5049 57.517  57.53   57.5449 57.5608 57.5716 57.5856 57.5979 57.6102
 57.6209 57.6346 57.646  57.6641 57.6765 57.6875 57.6995 57.7111 57.7226
 57.7351 57.7483 57.761  57.7705 57.7811 57.7922 57.8025 57.8123 57.824
 57.8361 57.8498 57.8606 57.8693 57.8783 57.8901 57.9002 57.9089 57.9176
 57.9264 57.9381 57.9489 57.9598 57.9687 57.9786 57.9893 57.9988 58.0083
 58.0171 58.0255 58.0347 58.0451 58.0534 58.0624 58.0711 58.0795 58.0881
 58.0967 58.1075 58.1167 58.1256 58.1354 58.1447 58.1547 58.1654 58.1754
 58.1845 58.1926 58.201  58.2094 58.2182 58.2265 58.2349 58.2441 58.2523
 58.262  58.2721 58.2807 58.2897 58.2978 58.3057 58.3135 58.3225 58.3312
 58.3396 58.3484 58.3575 58.3661 58.3738 58.3814 58.3895 58.3977 58.4061
 58.4144 58.4237 58.4315 58.4396 58.4487 58.4571 58.4654 58.4746 58.4841
 58.4964 58.5059 58.5157 58.5251 58.534  58.5433 58.5526 58.562  58.5712
 58.5821 58.5909 58.5994 58.6087 58.6171 58.6262 58.6343 58.6437 58.6526
 58.6617 58.6705 58.68   58.6899 58.6981 58.7078 58.7177 58.7275 58.737
 58.747  58.7572 58.7672 58.7779 58.7864 58.795  58.8049 58.8141 58.8246
 58.8338 58.8431 58.8525 58.8636 58.8761 58.8855 58.8949 58.9061 58.9154
 58.9243 58.9343 58.9455 58.9555 58.9645 58.9755 58.9848 58.9952 59.0058
 59.0155 59.0266 59.0395 59.0533 59.0645 59.0764 59.0878 59.0977 59.1079
 59.1184 59.1291 59.14   59.1509 59.1651 59.177  59.1877 59.1989 59.2103
 59.2206 59.236  59.2515 59.2628 59.2747 59.2911 59.3082 59.3218 59.3394
 59.3554 59.3793 59.3994 59.4144 59.4318 59.4479 59.4656 59.4815 59.505
 59.5211 59.549  59.5804 59.6183 59.6474 59.7385 59.7925 59.8413
65.6625 65.8218 65.8669 66.1128 66.2691 66.2988 66.3312 66.3459 66.369
 66.4026 66.4256 66.4537 66.4806 66.4982 66.5145 66.5395 66.5547 66.5734
 66.5866 66.5999 66.6179 66.63   66.6436 66.6573 66.6832 66.7018 66.7158
 66.7291 66.7446 66.7561 66.7674 66.777  66.7913 66.8034 66.8194 66.8338
 66.8467 66.8575 66.87   66.8805 66.8909 66.903  66.914  66.924  66.9355
 66.9455 66.9553 66.9656 66.9751 66.9852 66.9956 67.0051 67.0158 67.0255
 67.0375 67.0482 67.0585 67.0691 67.0815 67.0906 67.102  67.1119 67.123
 67.1319 67.1409 67.1507 67.1613 67.1702 67.1804 67.1912 67.2013 67.2116
 67.2224 67.2321 67.2424 67.2525 67.2614 67.2705 67.2787 67.2897 67.3002
 67.3095 67.3213 67.3323 67.3429 67.3537 67.3633 67.3731 67.3833 67.3943
 67.4051 67.4152 67.4247 67.4349 67.4471 67.4599 67.4715 67.4834 67.4953
 67.5076 67.5207 67.5324 67.5426 67.5525 67.5645 67.5776 67.5898 67.6024
 67.6147 67.6254 67.6362 67.646  67.6593 67.6706 67.6809 67.6904 67.7031
 67.7152 67.7265 67.7381 67.7481 67.7604 67.7748 67.7876 67.7992 67.81
 67.8258 67.8374 67.8519 67.8688 67.886  67.8989 67.9122 67.9237 67.9412
 67.9604 67.9776 67.9964 68.0089 68.0239 68.0415 68.0562 68.0767 68.0956
 68.1175 68.1378 68.1525 68.1694 68.19   68.2127 68.2328 68.2677 68.2959
 68.3348 68.3768 68.3954 68.4268 68.4704 68.5149 68.5886 68.7669

