11.1351 12.0857 12.3836 12.5248 12.5509 12.6157 12.655  12.7018 12.7619
 12.8369 12.8992 12.931  12.9488 12.9793 13.0002 13.0218 13.0411 13.064
 13.0948 13.1101 13.1289 13.1535 13.1684 13.1915 13.2175 13.2441 13.2592
 13.2751 13.2891 13.3087 13.326  13.3411 13.358  13.3695 13.3824 13.3976
 13.4109 13.4238 13.4355 13.4464 13.4585 13.4689 13.4802 13.4952 13.5089
 13.5189 13.5285 13.5394 13.5553 13.5725 13.582  13.5941 13.6038 13.6148
 13.6275 13.6416 13.6523 13.662  13.6711 13.6815 13.6933 13.7049 13.7163
 13.7257 13.7353 13.7455 13.7538 13.7638 13.7738 13.7843 13.7939 13.8042
 13.8131 13.8232 13.8329 13.8428 13.8549 13.8689 13.8827 13.8944 13.9046
 13.916  13.9261 13.9355 13.9451 13.9549 13.9646 13.976  13.9853 13.9941
 14.0046 14.0157 14.0254 14.0349 14.0463 14.0567 14.0663 14.0752 14.0858
 14.0956 14.1056 14.1143 14.124  14.1348 14.1452 14.1553 14.1702 14.181
 14.1917 14.2031 14.2146 14.2307 14.2402 14.2509 14.2609 14.27   14.2798
 14.2895 14.2985 14.3081 14.3171 14.3267 14.3367 14.3489 14.3594 14.3709
 14.3813 14.3912 14.4037 14.4139 14.4243 14.4352 14.4462 14.4571 14.4685
 14.4785 14.4917 14.5085 14.5206 14.5335 14.5479 14.5628 14.5745 14.5859
 14.6002 14.614  14.626  14.6371 14.6496 14.6649 14.6788 14.6932 14.7103
 14.7257 14.7396 14.7533 14.777  14.7956 14.8083 14.8201 14.8378 14.8546
 14.8652 14.8794 14.9014 14.9256 14.9485 14.9734 14.9921 15.0166 15.0356
 15.0585 15.0889 15.1058 15.127  15.1497 15.1663 15.2008 15.2205 15.2606
 15.2824 15.3255 15.4045 15.6059 15.7318 19.3406
21.6289 21.7118 21.8176 21.8803 22.0378 22.1033 22.1292 22.1544 22.1727
 22.1884 22.2377 22.2543 22.2772 22.3008 22.3159 22.3343 22.3554 22.3722
 22.3889 22.4106 22.4268 22.444  22.4608 22.4769 22.4935 22.5107 22.5257
 22.5402 22.5534 22.567  22.5793 22.5951 22.6092 22.6247 22.6372 22.648
 22.6604 22.6739 22.6864 22.7077 22.7208 22.7338 22.7472 22.7632 22.7746
 22.7885 22.8072 22.8187 22.8292 22.8406 22.8577 22.8772 22.8941 22.907
 22.9232 22.9421 22.9582 22.9732 22.9839 23.0041 23.0177 23.0418 23.0555
 23.0673 23.0797 23.0919 23.1037 23.1168 23.1319 23.1445 23.1571 23.1713
 23.187  23.2003 23.2146 23.227  23.2395 23.252  23.266  23.2768 23.2926
 23.3075 23.3206 23.3358 23.3547 23.3687 23.3845 23.406  23.4184 23.4356
 23.448  23.4691 23.4825 23.5011 23.5194 23.5356 23.5544 23.5737 23.5856
 23.6167 23.6376 23.6543 23.68   23.6965 23.7112 23.7398 23.7626 23.7937
 23.8211 23.8614 23.8853 23.9148 23.9532 23.9712 23.9898 24.024  24.0516
 24.0717 24.1071 24.1718 24.2437 24.3007 29.5008 29.7534
30.2034 30.3195 30.5589 30.5762 30.6025 30.6519 30.6856 30.7308 30.7546
 30.77   30.789  30.8128 30.8318 30.8435 30.8678 30.8871 30.9034 30.9174
 30.9363 30.9501 30.9647 30.9768 30.9898 31.0046 31.0236 31.0412 31.0597
 31.0781 31.095  31.1104 31.1259 31.1394 31.1587 31.176  31.1884 31.202
 31.2149 31.237  31.2501 31.2615 31.276  31.2888 31.3027 31.3156 31.3418
 31.3585 31.3817 31.3942 31.4065 31.4197 31.4298 31.4407 31.4516 31.4647
 31.4792 31.4919 31.5099 31.5224 31.5356 31.5474 31.5602 31.5715 31.5842
 31.6004 31.6118 31.6224 31.6334 31.6483 31.6592 31.6714 31.685  31.6979
 31.7087 31.7202 31.7306 31.7431 31.7583 31.771  31.7824 31.7958 31.8083
 31.8218 31.8343 31.8451 31.857  31.8725 31.8846 31.9015 31.9193 31.9376
 31.9545 31.9728 31.9877 32.001  32.0119 32.0252 32.0398 32.0541 32.0715
 32.0872 32.1052 32.1193 32.1388 32.1541 32.1741 32.1935 32.2184 32.2428
 32.2647 32.2806 32.3129 32.3414 32.3645 32.3965 32.4204 32.4453 32.4656
 32.4906 32.5098 32.5342 32.56   32.5809 32.6087 32.6917 32.7299 32.7558
 32.8576 32.9284 36.5155 38.5763 38.6459 38.6788 38.7192 38.7478 38.7889
 38.897  39.1458 39.1782 39.1951 39.2261 39.2478 39.2755 39.3464 39.3686
 39.3864 39.4021 39.417  39.4398 39.4554 39.4904 39.5208 39.5481 39.5692
 39.5945 39.6165 39.6333 39.649  39.6629 39.6837 39.6986 39.7184 39.7352
 39.749  39.7632 39.7804 39.7924 39.8025 39.8145 39.8276 39.8421 39.8535
 39.8641 39.8774 39.8897 39.9012 39.9113 39.9224 39.9311 39.9458 39.9582
 39.9699 39.98   39.9912
40.0018 40.0139 40.0262 40.0352 40.0467 40.0608 40.071  40.0824 40.0939
 40.1051 40.1158 40.1272 40.1375 40.1483 40.1579 40.1675 40.1768 40.1861
 40.1948 40.2054 40.2143 40.2243 40.2348 40.2446 40.2534 40.2621 40.2716
 40.2815 40.2913 40.3012 40.3108 40.3207 40.3323 40.342  40.3505 40.359
 40.3683 40.377  40.3856 40.3943 40.4038 40.414  40.4231 40.4318 40.4415
 40.4509 40.4608 40.4702 40.4801 40.4933 40.5033 40.5145 40.5246 40.5347
 40.5441 40.5545 40.5644 40.5752 40.5849 40.5954 40.6047 40.6148 40.627
 40.6357 40.645  40.6565 40.6664 40.6763 40.6874 40.6984 40.7091 40.7195
 40.7285 40.738  40.7482 40.7575 40.7674 40.7768 40.7873 40.796  40.8058
 40.8159 40.8262 40.8367 40.8481 40.8599 40.8723 40.8834 40.8945 40.906
 40.916  40.9264 40.9368 40.9478 40.9575 40.9687 40.9779 40.9899 41.0002
 41.0114 41.0237 41.0367 41.0497 41.063  41.0749 41.0888 41.1013 41.1121
 41.124  41.1363 41.15   41.1616 41.1759 41.1886 41.2023 41.2195 41.2306
 41.2425 41.2551 41.2665 41.2787 41.2905 41.3018 41.3149 41.329  41.3451
 41.3628 41.3736 41.3865 41.4056 41.4224 41.4405 41.456  41.4796 41.4978
 41.5124 41.5288 41.5483 41.5639 41.5807 41.6015 41.6321 41.6574 41.6812
 41.7018 41.7248 41.7569 41.802  41.8427 41.9364 46.6937 47.2733 47.6199
 47.8078 47.8393 47.8767 47.9734 48.0809 48.1037 48.1552 48.1776 48.2569
 48.2949 48.3254 48.3484 48.3681 48.383  48.4121 48.4494 48.4662 48.487
 48.5036 48.5194 48.5374 48.562  48.5779 48.5947 48.6136 48.628  48.6395
 48.6546 48.6703 48.6857 48.698  48.712  48.7253 48.7403 48.7567 48.7865
 48.8008 48.8159 48.8286 48.85   48.8649 48.8794 48.8918 48.9089 48.924
 48.9418 48.9547 48.9684 48.979  48.9895 48.9993 49.0112 49.0229 49.0338
 49.0441 49.0545 49.0646 49.0746 49.0877 49.0977 49.1094 49.1229 49.1335
 49.1441 49.1537 49.1643 49.175  49.1845 49.1928 49.2021 49.2114 49.2217
 49.231  49.2402 49.2513 49.2606 49.2735 49.2839 49.2939 49.3062 49.317
 49.3275 49.3388 49.3497 49.3599 49.3691 49.3787 49.388  49.3968 49.4063
 49.4168 49.4267 49.4358 49.4452 49.4551 49.467  49.4781 49.4874 49.4971
 49.5075 49.5165 49.5257 49.5345 49.5446 49.5548 49.5637 49.5728 49.582
 49.5928 49.6019 49.6114 49.6217 49.6312 49.641  49.6516 49.6622 49.6752
 49.6849 49.6956 49.7072 49.7159 49.7263 49.7364 49.7483 49.7613 49.773
 49.7837 49.7934 49.8029 49.8146 49.8274 49.8394 49.8521 49.8641 49.8743
 49.8878 49.8989 49.9103 49.9221 49.934  49.9445 49.956  49.9682 49.9785
 49.9896
50.0018 50.0125 50.0231 50.0355 50.046  50.06   50.0811 50.0949 50.1085
 50.1217 50.1351 50.1492 50.1642 50.1806 50.1935 50.2059 50.2196 50.2308
 50.2454 50.2663 50.2813 50.2987 50.3129 50.3282 50.3442 50.3684 50.3886
 50.4052 50.4169 50.433  50.4543 50.4758 50.4989 50.5386 50.5646 50.5936
 50.6153 50.6553 50.6816 50.7451 51.1329 55.3869 55.9474 56.4926 56.6147
 56.8489 56.9587 57.0937 57.1178 57.1317 57.1541 57.1833 57.2204 57.2382
 57.2649 57.2861 57.314  57.3306 57.3629 57.3824 57.3994 57.4132 57.4291
 57.4454 57.4683 57.492  57.5045 57.5168 57.533  57.5434 57.5561 57.5674
 57.5811 57.595  57.6063 57.6179 57.6331 57.6502 57.6641 57.6784 57.6926
 57.704  57.7158 57.7264 57.7366 57.7485 57.7615 57.7748 57.7891 57.8005
 57.8105 57.8206 57.8339 57.8453 57.8575 57.8678 57.879  57.892  57.9019
 57.9131 57.9223 57.9325 57.9456 57.9552 57.9646 57.9763 57.9855 57.9939
 58.0038 58.0133 58.0226 58.0326 58.0422 58.0515 58.0611 58.0708 58.0805
 58.0897 58.0996 58.1113 58.1204 58.13   58.1409 58.154  58.1647 58.1751
 58.1852 58.1955 58.2055 58.2161 58.2269 58.2373 58.2472 58.2586 58.2684
 58.2779 58.2874 58.2973 58.3063 58.3152 58.3266 58.3366 58.3481 58.3585
 58.3694 58.3791 58.389  58.3981 58.4082 58.4212 58.4313 58.4411 58.4507
 58.4601 58.4703 58.4816 58.49   58.4987 58.5073 58.5177 58.5284 58.5384
 58.5471 58.5565 58.5681 58.5786 58.5881 58.5985 58.6082 58.6203 58.6305
 58.6411 58.6525 58.6649 58.675  58.6833 58.6936 58.7028 58.7129 58.7224
 58.7324 58.7422 58.7522 58.7612 58.7726 58.7837 58.795  58.8054 58.8167
 58.829  58.8407 58.8516 58.8616 58.8734 58.8855 58.8979 58.9112 58.9213
 58.9331 58.9456 58.9585 58.9735 58.9854 58.9964 59.0101 59.021  59.0313
 59.046  59.0597 59.0731 59.0868 59.1009 59.1143 59.1259 59.1376 59.153
 59.1691 59.1862 59.198  59.2109 59.2265 59.2396 59.2525 59.2661 59.2809
 59.2919 59.3039 59.3194 59.3334 59.3457 59.3612 59.3767 59.3994 59.4241
 59.4425 59.4637 59.4825 59.5057 59.5314 59.549  59.5663 59.5928 59.6233
 59.6473 59.6731 59.7293 59.7573
65.9964 66.0406 66.1222 66.158  66.1843 66.2279 66.2846 66.3027 66.3274
 66.3416 66.3633 66.3808 66.4105 66.4266 66.4461 66.4684 66.491  66.5231
 66.5498 66.5628 66.5753 66.5995 66.6172 66.6302 66.6489 66.6715 66.6928
 66.7134 66.7285 66.7424 66.7591 66.7728 66.7948 66.8076 66.8233 66.8379
 66.8562 66.8677 66.8865 66.9006 66.9145 66.9266 66.94   66.9522 66.9698
 66.9833 66.9975 67.0088 67.0253 67.0391 67.0515 67.0663 67.0807 67.0947
 67.1101 67.1282 67.1495 67.1605 67.1729 67.184  67.1965 67.211  67.2237
 67.2381 67.2504 67.2627 67.2732 67.2848 67.2945 67.3096 67.3219 67.3374
 67.349  67.3595 67.3705 67.3845 67.3988 67.4192 67.437  67.4488 67.4643
 67.4774 67.4903 67.5051 67.522  67.5342 67.5483 67.562  67.5743 67.5895
 67.6039 67.6151 67.6278 67.6443 67.6604 67.6727 67.6941 67.71   67.724
 67.7368 67.7495 67.7673 67.7872 67.8118 67.8306 67.8506 67.864  67.879
 67.8929 67.9085 67.9215 67.9362 67.9605 68.0016 68.0305 68.049  68.0699
 68.0829 68.1038 68.1203 68.1408 68.1565 68.1745 68.1926 68.2122 68.2289
 68.2544 68.2758 68.2939 68.314  68.3358 68.3625 68.3962 68.4803 68.5108
 68.5777 69.3992

