11.3028 11.6708 11.9527 12.0632 12.3676 12.4533 12.5658 12.7319 12.7607
 12.7786 12.8118 12.8753 12.9552 12.9713 13.0011 13.024  13.0385 13.0919
 13.1107 13.1366 13.1546 13.2374 13.2543 13.2757 13.2987 13.3316 13.3517
 13.4186 13.4954 13.6106
20.214  21.2939 21.5819 21.6362 21.8008 21.8372 21.9427 21.9703 22.0477
 22.0786 28.8042 29.1703 29.3063 29.4497 29.7549
30.1486 30.2889 30.3262 30.4598 30.5883 30.6255 30.6578 30.715  30.7266
 30.7484 30.7811 30.8008 30.8183 36.4704 38.3518 38.4949 38.6468 38.7209
 38.8346 38.8582 38.9056 38.9325 39.0702 39.1137 39.2927 39.3182 39.361
 39.4333 39.4519 39.4768 39.506  39.5337 39.5496 39.5768 39.5882 39.6233
 39.6367 39.6547 39.6795 39.7239 39.751  39.8274 39.8388 39.8574 39.9315
40.0267 46.8744 47.0538 47.4323 47.7928 47.9334 48.0435 48.0859 48.119
 48.1586 48.1759 48.1897 48.2941 48.3121 48.3936 48.4075 48.4681 48.5
 48.553  48.6794 48.7341 48.8011 48.8592 48.873  48.9322
55.5834 56.3765 56.4034 56.6858 56.7527 56.8527 56.909  56.9289 56.9504
 56.9858 57.0187 57.0361 57.2605 57.2868 57.3051 57.3478 57.3944 57.4104
 57.4475 57.4617 57.5569 57.5873 57.5986 57.6422 57.6747 57.6959 57.7185
 57.7393 57.7543 57.7972 57.8283
62.5014 65.415  65.8218 65.8926 65.9656 66.0282 66.1443 66.1763 66.2619
 66.2973 66.4022 66.4278 66.5233 66.5996 66.6274

