11.7808 12.0536 12.1465 12.4328 12.4568 12.5789 12.6005 12.6558 12.7
 12.7284 12.8195 12.8544 12.8881 12.9082 12.9263 12.9628 13.0006 13.0242
 13.0417 13.0751 13.0929 13.1096 13.135  13.1668 13.1878 13.2084 13.2549
 13.3578 13.4386 13.4693 13.5421 13.5555 13.5881 13.6792
20.1112 20.4103 20.8516 20.9915 21.258  21.3324 21.4377 21.4922 21.5301
 21.5596 21.5759 21.5935 21.6386 21.6552 21.6736 21.6921 21.7048 21.7632
 21.7834 21.8098 21.8263 21.8469 21.86   21.8777 21.9166 21.9453 21.9593
 21.9713 21.9954 22.0185 22.0337 22.0514 22.0878 22.1235 22.1378 22.1628
 22.1969 22.2263 22.2536 22.2933 22.3443 22.3597 22.3883 22.4516 22.7099
 26.7989 29.8979
30.0235 30.1785 30.2508 30.2766 30.3109 30.3301 30.3584 30.3947 30.446
 30.4616 30.4881 30.5137 30.5359 30.5774 30.595  30.6383 30.6549 30.7057
 30.7259 30.7418 30.7621 30.8094 30.867  30.9052 30.9261 30.9765 31.0057
 31.0222 31.1173 31.2789 38.7263 39.0849 39.34   39.5715 39.6696 39.7154
 39.7459 39.8197 39.8654 39.9142 39.9486 39.9745
40.0243 40.0416 40.0731 40.095  40.1219 40.2227 40.2397 40.2612 40.3343
 40.351  40.4569 40.5816 46.0734 46.2919 47.1283 47.3712 47.5269 47.8236
 47.9227 48.0291 48.0516 48.0821 48.1276 48.3074 48.354  48.3716 48.4377
 48.458  48.4742 48.5119 48.5352 48.5593 48.5749 48.5895 48.6452 48.6616
 48.6834 48.7082 48.7349 48.7592 48.7832 48.8455 48.9064 49.0122 49.1036
54.4757 54.8097 56.6767 56.9091 57.0784 57.149  57.2358 57.2917 57.3165
 57.3538 57.3871 57.4644 57.5555 57.6014 57.6225 57.6572 57.6748 57.7044
 57.753  57.779  57.7939 57.8116 57.8316 57.8868 57.9044 57.9185 57.9351
 57.9685 58.0268 58.0614 58.1617 58.247
64.5254 64.8756 65.2043 65.6702 65.736  65.8303 65.9158 65.971  66.036
 66.0615 66.1089 66.1504 66.1877 66.209  66.2231 66.2449 66.2589 66.2699
 66.3257 66.3666 66.3808 66.3944 66.4088 66.4212 66.4601 66.4895 66.5235
 66.5507 66.5651 66.6372 66.6569 66.7474 66.8109

