11.5912 12.1059 12.1874 12.2937 12.3456 12.3728 12.4158 12.4403 12.4761
 12.5129 12.5288 12.5512 12.5745 12.5927 12.605  12.6172 12.6378 12.656
 12.6777 12.6938 12.721  12.7448 12.7637 12.793  12.8064 12.8211 12.8378
 12.8591 12.874  12.8934 12.9093 12.9212 12.9324 12.9518 12.9654 12.9773
 12.992  13.0031 13.0136 13.0239 13.0341 13.0477 13.0583 13.0706 13.0831
 13.0926 13.103  13.1135 13.1235 13.133  13.1422 13.1513 13.1609 13.1709
 13.1813 13.193  13.2035 13.2152 13.2272 13.2355 13.2443 13.2549 13.2646
 13.273  13.2817 13.2911 13.299  13.3077 13.3163 13.3253 13.3352 13.3451
 13.3542 13.3626 13.3717 13.381  13.3913 13.3991 13.4076 13.4162 13.4236
 13.4319 13.4396 13.4474 13.4555 13.4655 13.475  13.4835 13.4917 13.5006
 13.5095 13.5181 13.5278 13.5377 13.5461 13.5548 13.5644 13.5741 13.5833
 13.5932 13.604  13.6134 13.6243 13.6326 13.6437 13.6524 13.6612 13.6706
 13.6792 13.6885 13.6974 13.7057 13.7145 13.7238 13.7328 13.7424 13.7522
 13.7639 13.7734 13.7831 13.7929 13.8021 13.8125 13.822  13.8296 13.8395
 13.8485 13.8579 13.8669 13.8768 13.8864 13.8963 13.9068 13.9168 13.9278
 13.9387 13.9482 13.9594 13.9705 13.981  13.9907 14.0005 14.0118 14.0225
 14.0326 14.0422 14.0547 14.0717 14.0886 14.1023 14.1175 14.1281 14.1422
 14.1553 14.1663 14.1782 14.1903 14.2042 14.2202 14.234  14.2444 14.2611
 14.2733 14.2875 14.2989 14.312  14.328  14.3438 14.3575 14.3721 14.3874
 14.4009 14.4202 14.4382 14.4537 14.4665 14.4817 14.4994 14.5204 14.5372
 14.5532 14.5756 14.5947 14.6235 14.6497 14.7051 14.7334 14.7932 14.8725
 14.9418
20.0347 20.7817 20.8168 21.0049 21.0488 21.074  21.1019 21.1819 21.2184
 21.2522 21.2708 21.3336 21.3598 21.3779 21.3993 21.4166 21.4357 21.4515
 21.4676 21.4889 21.5071 21.5267 21.5592 21.5757 21.591  21.6063 21.6236
 21.6437 21.6567 21.6666 21.6791 21.6925 21.7071 21.719  21.731  21.741
 21.7517 21.7615 21.7724 21.7848 21.7946 21.8068 21.8175 21.8303 21.8432
 21.8545 21.8656 21.8761 21.8863 21.8965 21.9063 21.9157 21.9265 21.9359
 21.9463 21.9554 21.9665 21.9758 21.9845 21.9933 22.0019 22.0114 22.0217
 22.032  22.0415 22.0505 22.0612 22.0715 22.0814 22.0904 22.0992 22.1079
 22.1169 22.1252 22.1338 22.1425 22.1516 22.16   22.1687 22.1772 22.1853
 22.1936 22.2018 22.2105 22.2195 22.2271 22.2355 22.2444 22.2531 22.2612
 22.2697 22.2784 22.2866 22.295  22.3042 22.312  22.3205 22.3279 22.3356
 22.3436 22.352  22.3601 22.3689 22.3768 22.3855 22.3933 22.402  22.4103
 22.4186 22.427  22.4353 22.4442 22.4525 22.4607 22.4678 22.4757 22.4836
 22.4918 22.5002 22.5082 22.5155 22.5232 22.5316 22.5396 22.5492 22.557
 22.5661 22.5746 22.5836 22.5922 22.6012 22.6105 22.6193 22.6277 22.637
 22.6456 22.6546 22.6638 22.6725 22.6814 22.6912 22.7002 22.7085 22.7176
 22.7265 22.7353 22.7461 22.755  22.7646 22.7743 22.784  22.7947 22.8046
 22.8142 22.8232 22.8337 22.8426 22.8515 22.8614 22.8725 22.8828 22.8925
 22.9028 22.9128 22.9226 22.9327 22.9428 22.9527 22.9625 22.974  22.9842
 22.9936 23.0059 23.0184 23.0324 23.0441 23.0571 23.0717 23.0838 23.0963
 23.1107 23.1235 23.1329 23.1448 23.1568 23.1698 23.1882 23.2    23.2131
 23.2288 23.2428 23.2553 23.2712 23.2844 23.3009 23.3177 23.3303 23.3474
 23.3628 23.378  23.3987 23.4157 23.4329 23.4557 23.471  23.5    23.5177
 23.5365 23.5896 23.6176 23.6445 23.6668 23.735  23.7746 23.8023 23.8799
 29.0005 29.2043 29.6252 29.6739 29.7674 29.8167 29.8882 29.9725
30.0129 30.0554 30.0743 30.1277 30.1518 30.172  30.2057 30.2218 30.2345
 30.25   30.2703 30.2827 30.3007 30.3145 30.337  30.3531 30.3697 30.3849
 30.3972 30.4149 30.4292 30.4428 30.4542 30.4638 30.4765 30.4902 30.5054
 30.5173 30.5297 30.5423 30.5545 30.5674 30.5827 30.5949 30.606  30.6152
 30.6239 30.6335 30.6456 30.6595 30.6727 30.6823 30.6921 30.7    30.7084
 30.7172 30.7278 30.7415 30.7518 30.7606 30.7701 30.7798 30.7913 30.8009
 30.811  30.8202 30.8294 30.8386 30.8473 30.8579 30.8673 30.8759 30.8844
 30.8946 30.9036 30.9126 30.9237 30.9328 30.9432 30.9518 30.9608 30.9699
 30.9791 30.9881 30.9968 31.0058 31.0144 31.0231 31.032  31.0415 31.0505
 31.0607 31.0716 31.0807 31.0903 31.1001 31.1123 31.1218 31.1302 31.1389
 31.1476 31.1577 31.1672 31.1777 31.1871 31.1959 31.2044 31.2125 31.2213
 31.2305 31.2383 31.2476 31.256  31.2651 31.2734 31.2818 31.2903 31.3008
 31.3095 31.3194 31.3297 31.3388 31.347  31.3561 31.3659 31.3751 31.3852
 31.3939 31.4029 31.412  31.4204 31.432  31.4408 31.449  31.4581 31.4671
 31.4771 31.4869 31.4954 31.5067 31.5198 31.5307 31.5407 31.5516 31.5616
 31.5729 31.587  31.5992 31.6084 31.6181 31.6287 31.6393 31.6507 31.6651
 31.6799 31.6913 31.706  31.7173 31.7294 31.7421 31.7559 31.7716 31.785
 31.7986 31.814  31.8266 31.8398 31.8517 31.8632 31.8753 31.8883 31.9004
 31.9112 31.9231 31.935  31.9482 31.9647 31.9827 31.9981 32.0134 32.0312
 32.0467 32.0639 32.0789 32.0936 32.1113 32.1285 32.1439 32.1585 32.1827
 32.2009 32.2264 32.2474 32.3029 32.3495 32.3799 32.4327 32.4798 32.5298
 34.9403 36.8808 38.1405 38.7584 38.8375 39.2214 39.3442 39.473  39.5136
 39.5678 39.6054 39.6355 39.6668 39.7535 39.7742 39.7897 39.8058 39.8438
 39.861  39.8763 39.8964 39.9124 39.9276 39.9479 39.9673 39.9817 39.9982
40.0182 40.0343 40.054  40.0724 40.09   40.1045 40.1201 40.1365 40.1537
 40.1669 40.1788 40.1906 40.2007 40.2157 40.2293 40.2405 40.2577 40.2693
 40.2798 40.2952 40.3089 40.3197 40.3334 40.3493 40.3628 40.3754 40.3864
 40.3995 40.4092 40.4221 40.4339 40.4438 40.4542 40.4651 40.478  40.4905
 40.5041 40.5177 40.5287 40.5391 40.5486 40.5586 40.5722 40.5834 40.5945
 40.6059 40.6198 40.6321 40.6443 40.6553 40.6668 40.6787 40.6876 40.6979
 40.7078 40.7213 40.7318 40.7422 40.753  40.7659 40.7806 40.7913 40.8047
 40.8172 40.8322 40.8444 40.8592 40.8755 40.8889 40.906  40.9222 40.9374
 40.9562 40.9719 40.9878 41.0052 41.0206 41.0403 41.0546 41.0729 41.0892
 41.1074 41.1279 41.1469 41.1665 41.1892 41.2075 41.2295 41.26   41.2763
 41.3356 41.3511 41.3671 41.3874 41.4205 41.4478 41.4797 41.5029 41.5432
 41.5775 41.6337 46.6729 47.1576 47.5836 47.6566 47.7338 47.8257 47.8522
 47.8707 47.8887 47.9193 47.9477 47.9811 47.9948 48.0092 48.0368 48.0684
 48.0886 48.1103 48.1286 48.1443 48.1639 48.1829 48.1972 48.2211 48.2371
 48.2503 48.2705 48.2853 48.3011 48.311  48.3259 48.3368 48.3526 48.3647
 48.3782 48.3891 48.4003 48.4149 48.4258 48.4387 48.4488 48.4608 48.4712
 48.482  48.4912 48.5011 48.5098 48.5201 48.5289 48.5413 48.5519 48.5627
 48.5727 48.5846 48.5937 48.6024 48.6137 48.624  48.6333 48.6419 48.6511
 48.6629 48.6728 48.6824 48.6924 48.7024 48.7124 48.7227 48.7335 48.742
 48.753  48.7636 48.7752 48.7852 48.7949 48.8039 48.8123 48.8211 48.8304
 48.8396 48.8485 48.8594 48.8678 48.8765 48.8858 48.8948 48.9037 48.9147
 48.9245 48.9336 48.9431 48.9535 48.9628 48.9735 48.9827 48.992  49.002
 49.0123 49.021  49.0312 49.0416 49.0505 49.059  49.0699 49.0808 49.0917
 49.1024 49.1107 49.1203 49.1322 49.1422 49.1532 49.163  49.1723 49.1833
 49.1942 49.205  49.2151 49.2253 49.235  49.2448 49.2549 49.2641 49.2739
 49.2829 49.2921 49.3032 49.3147 49.3248 49.3356 49.3514 49.3633 49.3739
 49.3853 49.399  49.4112 49.4235 49.437  49.4549 49.4673 49.4814 49.498
 49.5129 49.5243 49.5429 49.5576 49.5716 49.5848 49.5974 49.6089 49.6217
 49.6352 49.6461 49.6587 49.6737 49.6878 49.7065 49.7188 49.7355 49.7513
 49.7636 49.7777 49.7969 49.8145 49.8315 49.8517 49.8721 49.8988 49.9161
 49.9347 49.9586 49.9884
50.0175 50.0373 50.0537 50.0708 50.1109 50.1388 50.171  50.2221 55.971
 56.5569 56.8931 56.9933 57.0475 57.0858 57.1086 57.1438 57.1736 57.1947
 57.2177 57.266  57.2918 57.3061 57.3203 57.3471 57.3688 57.3892 57.4116
 57.4284 57.4441 57.4645 57.4809 57.4986 57.5188 57.5372 57.5496 57.5614
 57.5768 57.5891 57.6039 57.6181 57.6311 57.6429 57.6558 57.6665 57.68
 57.6991 57.7141 57.7319 57.7422 57.753  57.7627 57.7725 57.7845 57.795
 57.8052 57.8169 57.8285 57.8404 57.8547 57.8647 57.8772 57.8893 57.9004
 57.9112 57.9203 57.9305 57.9399 57.95   57.9614 57.9725 57.9822 57.9914
 58.0027 58.0137 58.023  58.0338 58.0438 58.0544 58.0649 58.074  58.0841
 58.0931 58.1046 58.1144 58.1261 58.1351 58.1444 58.1541 58.163  58.1738
 58.1845 58.1951 58.2068 58.2181 58.2273 58.2363 58.2446 58.2549 58.2648
 58.2758 58.2858 58.2956 58.3058 58.3161 58.327  58.3394 58.3499 58.3595
 58.3688 58.3784 58.3891 58.4007 58.4141 58.428  58.4395 58.4512 58.4643
 58.4774 58.4882 58.4996 58.5119 58.5252 58.5399 58.5513 58.5648 58.5776
 58.5899 58.6012 58.6149 58.6267 58.6413 58.6549 58.6674 58.6844 58.6986
 58.7086 58.7244 58.7423 58.7605 58.7763 58.7934 58.8088 58.8247 58.8386
 58.8509 58.8704 58.888  58.9016 58.9226 58.9342 58.9547 58.968  58.9872
 59.0049 59.0205 59.0376 59.0585 59.0959 59.1124 59.1508 59.1673 59.2576
 59.4804 59.6023
64.969  65.2993 65.4217 65.4517 65.4933 65.5326 65.5904 65.726  65.78
 65.8151 65.8541 65.8783 65.9016 65.9311 65.9527 65.9789 65.9973 66.0133
 66.0472 66.0672 66.087  66.1007 66.1176 66.1373 66.1498 66.1655 66.1867
 66.2019 66.217  66.2289 66.2457 66.2598 66.2751 66.2882 66.3039 66.3172
 66.3304 66.341  66.3507 66.3609 66.3709 66.382  66.3938 66.4039 66.4135
 66.4239 66.4412 66.4519 66.4631 66.4744 66.485  66.4938 66.5053 66.5155
 66.5265 66.5374 66.5466 66.5571 66.5666 66.5756 66.5852 66.595  66.6037
 66.6123 66.6212 66.6317 66.6416 66.6529 66.6635 66.6767 66.6865 66.6959
 66.7071 66.7174 66.7271 66.7368 66.7468 66.7572 66.7674 66.7785 66.7883
 66.7992 66.8091 66.8203 66.831  66.8402 66.8502 66.8615 66.8712 66.8809
 66.8896 66.9012 66.9119 66.9214 66.9306 66.9399 66.9496 66.9627 66.9768
 66.9859 66.9951 67.0046 67.014  67.0229 67.0339 67.0446 67.0545 67.0672
 67.0797 67.0903 67.1002 67.1113 67.1239 67.1354 67.1489 67.1618 67.1719
 67.1837 67.1963 67.2108 67.2216 67.2351 67.2486 67.2624 67.2752 67.2897
 67.3027 67.3141 67.3303 67.3435 67.3559 67.3707 67.3878 67.4018 67.4146
 67.4254 67.4354 67.4486 67.4637 67.4815 67.495  67.5128 67.5307 67.5441
 67.5619 67.5756 67.5883 67.6038 67.6171 67.6367 67.6607 67.6785 67.6956
 67.7174 67.7403 67.7599 67.7865 67.81   67.833  67.8595 67.881  67.9236
 67.9608 68.0044 68.0446

