10.7139 11.9505 12.1037 12.2941 12.3094 12.3813 12.4095 12.4555 12.5259
 12.5562 12.5882 12.6106 12.7494 12.8238 12.8824 12.9194 12.9599 13.011
 13.045  13.0614 13.157  17.7659 18.3769 19.9287
20.1019 20.8034 21.0201 21.0413 21.2256 21.3704 21.3855 21.4011 21.426
 21.4511 21.4727 21.4862 21.5166 21.5451 21.5876 21.6219 21.6521 21.6919
 21.7245 21.7663 21.7925 21.8152 21.8364 21.8978 21.9397 22.0046 22.0273
 27.8026 28.1558 28.9779 29.5138 29.7618 29.8988
30.0361 30.0943 30.1123 30.1357 30.1867 30.2183 30.2445 30.2828 30.3207
 30.3847 30.4055 30.4235 30.4384 30.4637 30.5129 30.5668 39.2754 39.3397
 39.6402 39.7159 39.7517 39.7837 39.8154 39.8389 39.8557 39.8899 39.9265
 39.9595
40.0848 40.1457 46.8863 47.1735 47.2005 47.2263 47.3176 47.4168 47.5896
 47.8751 48.2369 48.2661 48.3038 48.3756 48.4615 48.5175 48.5952 48.6269
 48.6699
55.6465 56.2141 56.8337 57.1699 57.2049 57.2549 57.313  57.3506 57.4016
 57.4326 57.4824 57.5207 57.5668 57.5816 57.9776
64.0598 65.0721 65.2109 65.5999 65.6435 65.6647 65.8428 65.8984 65.9741
 65.9911 66.0368 66.0715 66.1257 66.1482 66.1686 66.2023

