11.8898 11.9852 12.3985 12.4664 12.4999 12.5257 12.6426 12.7104 12.7264
 12.7957 12.8507 12.8903 12.9096 12.9279 12.9555 12.9836 13.0218 13.0899
 13.1343 13.217
20.5216 20.7465 21.0679 21.2048 21.2252 21.2599 21.2823 21.3073 21.3421
 21.3934 21.4245 21.5333 21.6058 21.6482 21.6956 21.7141 21.7827 21.873
 21.931  21.9693 21.9834 22.0413 27.3106 29.4638 29.5495 29.6067 29.6633
 29.7915 29.9049 29.986
30.0446 30.0931 30.1475 30.2097 30.2312 30.2714 30.2852 30.3481 30.3664
 30.4674 30.4861 30.5815 30.6116 30.6396 30.7571 38.9114 39.5359 39.7141
 39.7419 39.785  39.9905
47.5258 47.5803 47.6066 47.8006 47.8877 47.9373 47.9588 48.0169 48.0314
 48.0513 48.1113 48.1394 48.2106 48.2779 48.316  48.339  48.3709 48.503
55.366  56.578  56.6432 56.9026 56.9731 57.1009 57.2469 57.3835 57.4024
 57.4588 57.5118 57.5462 57.7077 57.8067
64.5889 64.987  65.0466 65.1608 65.335  65.6876 65.7268 65.8891 66.0556
 66.1287 66.188  66.2368 66.4135

