11.8812 11.9825 12.55   12.6048 12.6539 12.6879 12.7155 12.7476 12.7865
 12.8086 12.8334 12.8517 12.888  12.9716 13.0017 13.0169 13.0423 13.0762
 13.0949 13.1125 13.1739 13.1892 13.2588 13.2854 13.3014 13.3286 13.4372
 13.4534 19.7159
20.3807 20.7659 20.9322 21.2562 21.4005 21.4437 21.5198 21.6093 21.6397
 21.6659 21.6993 21.7209 21.7508 21.7711 21.7944 21.8155 21.8416 21.8748
 21.893  21.9116 21.9304 21.9569 21.9853 22.0652 22.0999 22.1171 22.1351
 22.1519 22.1747 22.1974 22.2126 22.2319 22.2924 22.3737 27.1763 29.2585
 29.8313
30.0007 30.0672 30.1168 30.3154 30.3694 30.4032 30.4317 30.4504 30.4877
 30.5107 30.5411 30.5634 30.595  30.6256 30.6572 30.693  30.7147 30.7343
 30.7603 30.8009 30.82   30.8457 30.8576 30.8876 30.9831 31.0231 31.0384
 31.0785 37.9619 39.4029 39.4889 39.5064 39.5914 39.6788 39.7845 39.8556
 39.8797 39.9129 39.946  39.9845
40.0149 40.0879 40.1202 40.1426 40.1771 40.2094 40.2322 40.2817 40.3317
 40.3809 40.3982 40.4341 47.1636 47.8007 47.8913 47.9442 48.1168 48.23
 48.2506 48.2788 48.3221 48.395  48.4188 48.4535 48.4806 48.4983 48.5136
 48.5349 48.5559 48.5799 48.634  48.7474 48.7758 48.8257
55.5333 56.5033 56.6561 56.8946 57.0075 57.0332 57.1519 57.1755 57.2101
 57.3338 57.3784 57.4082 57.4564 57.5783 57.6173 57.6541 57.751  57.8498
 57.8769
65.6139 65.7862 65.8269 65.8638 65.9032 66.0272 66.0426 66.0671 66.1292
 66.1611 66.2204 66.2827 66.3265 66.3495 66.3807 66.4061 66.4405 66.4575
 66.4699 66.4857 66.5198 66.5508 66.5729 66.7354 66.748  66.7878

