12.0323 12.2167 12.2708 12.5209 12.5945 12.64   12.6837 12.7306 12.7815
 12.8148 12.8315 12.8484 12.8871 12.9099 12.9303 12.9486 12.9646 12.9827
 13.0047 13.0269 13.0403 13.0549 13.0728 13.0842 13.0971 13.1106 13.1259
 13.1394 13.1528 13.1649 13.1754 13.1887 13.2059 13.2162 13.2301 13.2417
 13.2592 13.2773 13.2905 13.305  13.3198 13.3318 13.3453 13.3573 13.3726
 13.3887 13.4001 13.4102 13.4202 13.4301 13.4404 13.4504 13.4618 13.4716
 13.4825 13.4948 13.5044 13.5157 13.5262 13.5379 13.5505 13.5609 13.5704
 13.5799 13.5892 13.6003 13.6124 13.6241 13.6354 13.6451 13.6546 13.6647
 13.6747 13.6847 13.6937 13.7034 13.7142 13.7228 13.7347 13.7454 13.7634
 13.7755 13.7858 13.7981 13.8097 13.8219 13.8309 13.8414 13.8516 13.8651
 13.8769 13.8889 13.8989 13.909  13.9213 13.9329 13.9442 13.959  13.9738
 13.9883 14.0001 14.0127 14.026  14.0442 14.0691 14.0853 14.1026 14.1165
 14.1319 14.1487 14.1635 14.1776 14.1925 14.2072 14.2221 14.2332 14.2472
 14.2683 14.2869 14.3078 14.3204 14.3438 14.3645 14.3824 14.4115 14.4342
 14.451  14.4743 14.4894 14.5025 14.5197 14.5355 14.5513 14.5757 14.6
 14.6204 14.6422 14.6611 14.6766 14.6969 14.7133 14.7297 14.7634 14.7852
 14.8305 14.8506 14.8798 14.9345 14.9538 14.9859 15.0099 15.065  15.0905
 18.4128
20.6267 21.0443 21.1238 21.2306 21.2554 21.2967 21.3453 21.4058 21.4319
 21.4488 21.4763 21.4978 21.5147 21.5515 21.5751 21.5883 21.6435 21.6627
 21.6817 21.6994 21.7173 21.7406 21.7616 21.787  21.8069 21.8309 21.8496
 21.8643 21.8816 21.8982 21.9103 21.926  21.9397 21.954  21.9664 21.9785
 21.9948 22.007  22.0189 22.0387 22.0503 22.0623 22.0737 22.0877 22.0997
 22.1112 22.1212 22.1323 22.1434 22.1526 22.1635 22.1763 22.1876 22.2
 22.2115 22.2226 22.2314 22.2411 22.2518 22.2625 22.2731 22.2865 22.298
 22.3116 22.322  22.3343 22.3481 22.3581 22.366  22.378  22.3871 22.3963
 22.4056 22.416  22.4253 22.4341 22.4441 22.4542 22.4639 22.4741 22.485
 22.4946 22.5053 22.5151 22.526  22.5363 22.5473 22.5594 22.5695 22.5806
 22.59   22.6003 22.6112 22.6226 22.636  22.6458 22.6588 22.6699 22.6794
 22.6897 22.6999 22.7098 22.7199 22.7305 22.7404 22.7498 22.7603 22.773
 22.7835 22.7925 22.8023 22.813  22.8261 22.8377 22.8488 22.8598 22.8696
 22.8825 22.8936 22.9062 22.9223 22.9394 22.9519 22.963  22.9756 22.99
 23.0023 23.0186 23.0362 23.0531 23.0653 23.0797 23.0931 23.1195 23.1409
 23.16   23.1772 23.1969 23.2172 23.2393 23.2658 23.2833 23.305  23.3193
 23.3384 23.3558 23.3737 23.3919 23.4157 23.4311 23.4494 23.4698 23.4905
 23.5067 23.5248 23.5407 23.5574 23.5723 23.5842 23.5995 23.6203 23.6479
 23.6693 23.6866 23.7184 23.7536 23.776  23.7989 23.8298 23.849  23.8908
 23.9264 23.9485 24.0175 24.0445 24.0862 29.9357
30.0549 30.0766 30.0927 30.1442 30.1648 30.2017 30.2774 30.3156 30.3409
 30.3629 30.4137 30.4501 30.4793 30.502  30.5192 30.5378 30.5523 30.5642
 30.5786 30.5964 30.6151 30.6375 30.6529 30.6758 30.6895 30.704  30.7171
 30.7299 30.7414 30.7557 30.7703 30.7826 30.8003 30.8153 30.8268 30.8375
 30.8512 30.8626 30.8763 30.8898 30.9012 30.9151 30.927  30.9401 30.9563
 30.9694 30.9805 30.9929 31.0058 31.0183 31.028  31.0385 31.0491 31.0596
 31.0697 31.0809 31.0941 31.1048 31.1172 31.1276 31.1399 31.1569 31.1689
 31.1819 31.1924 31.2018 31.2115 31.2228 31.2338 31.2443 31.2542 31.2628
 31.2729 31.2833 31.2975 31.31   31.3204 31.3333 31.3431 31.3527 31.3634
 31.373  31.3836 31.3937 31.4042 31.4154 31.4257 31.4367 31.4459 31.4564
 31.4683 31.4794 31.4891 31.5001 31.5106 31.5208 31.5316 31.5437 31.554
 31.568  31.5815 31.5965 31.6082 31.6224 31.6335 31.6452 31.6583 31.6695
 31.6809 31.6954 31.7112 31.7285 31.7424 31.7573 31.7696 31.7835 31.8027
 31.8201 31.8366 31.8517 31.8707 31.9076 31.9246 31.9423 31.96   31.9765
 31.9936 32.0099 32.0255 32.0369 32.0606 32.0775 32.0996 32.1219 32.1499
 32.1733 32.2059 32.2272 32.2545 32.2792 32.2996 32.3175 32.3429 32.364
 32.3824 32.4087 32.4349 32.4788 32.4984 32.5459 32.5812 32.6041 32.6428
 39.1969 39.414  39.4616 39.6053 39.6355 39.6668 39.7759 39.7933 39.8293
 39.8495 39.8663 39.8826 39.9059 39.9352 39.958  39.9797
40.0401 40.074  40.1242 40.1416 40.1646 40.1787 40.2114 40.2335 40.2515
 40.2735 40.2955 40.3184 40.3331 40.3494 40.3636 40.3768 40.3959 40.4071
 40.4241 40.4462 40.4743 40.4896 40.5043 40.5211 40.5391 40.557  40.5695
 40.5856 40.6037 40.6204 40.634  40.6475 40.6636 40.6823 40.7034 40.7198
 40.7325 40.7552 40.7681 40.7821 40.794  40.8159 40.832  40.8514 40.8695
 40.8853 40.8985 40.9149 40.9318 40.9485 40.9616 40.9767 41.0021 41.0215
 41.0388 41.0567 41.0736 41.0903 41.1091 41.1307 41.1635 41.1875 41.2217
 41.2431 41.2672 41.3126 41.3266 41.3579 41.3822 41.4085 41.4352 41.4605
 41.4894 41.5294 41.5614 41.5843 41.6105 41.6334 41.6635 41.6964 41.7296
 41.7723 41.7991 41.8485 41.9017 41.9283 42.3455 46.9258 47.4253 47.4858
 47.7136 47.7727 47.8077 47.8405 47.9031 47.9397 47.9705 48.0137 48.0397
 48.087  48.1141 48.1306 48.1793 48.2309 48.2481 48.2651 48.2807 48.3055
 48.329  48.3459 48.3676 48.385  48.3979 48.4219 48.4442 48.4612 48.4746
 48.4864 48.4984 48.5168 48.5286 48.5402 48.5511 48.5639 48.5751 48.5858
 48.5961 48.6074 48.6174 48.628  48.6377 48.6513 48.6631 48.6756 48.6893
 48.7054 48.7171 48.727  48.7387 48.7519 48.7632 48.773  48.784  48.7953
 48.8061 48.8156 48.827  48.8364 48.8485 48.8573 48.8676 48.881  48.8953
 48.907  48.9182 48.9291 48.9399 48.9507 48.9626 48.9734 48.9852 48.9962
 49.0095 49.0203 49.0315 49.0417 49.0521 49.0628 49.0741 49.085  49.0954
 49.1044 49.1151 49.1289 49.1417 49.1529 49.1639 49.1746 49.1858 49.1979
 49.2082 49.2216 49.2326 49.2449 49.2548 49.267  49.2784 49.2921 49.3066
 49.3207 49.3357 49.3506 49.3701 49.3844 49.3981 49.4126 49.4233 49.435
 49.4534 49.4663 49.485  49.5021 49.517  49.5426 49.5617 49.5865 49.6058
 49.6438 49.6872 49.7084 49.7274 49.7497 49.7738 49.8082 49.8503 49.8706
 49.8969 49.9251 49.9454 49.9792
50.0009 50.0168 50.0395 50.0685 50.0968 50.1311 50.1559 50.1879 50.2175
 50.2351 50.2784 50.3549 50.4487 50.5988 54.2469 55.3444 56.8436 57.0288
 57.2136 57.2956 57.3444 57.3873 57.4151 57.4331 57.4659 57.4787 57.4994
 57.5246 57.5465 57.5597 57.5798 57.5917 57.6056 57.6174 57.6347 57.6527
 57.6836 57.7044 57.7209 57.7356 57.7525 57.7672 57.7824 57.7972 57.8206
 57.8348 57.85   57.8612 57.8755 57.8885 57.9054 57.9185 57.9338 57.9486
 57.9623 57.9731 57.9832 57.9945 58.0067 58.0211 58.0346 58.0456 58.0561
 58.0671 58.0793 58.0891 58.1051 58.1173 58.1287 58.1421 58.1535 58.1634
 58.1742 58.1845 58.1974 58.2089 58.22   58.2303 58.2406 58.2512 58.2664
 58.2787 58.2925 58.3035 58.3149 58.3266 58.338  58.3487 58.3614 58.3718
 58.3827 58.3946 58.4058 58.4165 58.431  58.4464 58.4609 58.4738 58.4865
 58.5021 58.5178 58.5328 58.5503 58.5638 58.5778 58.5944 58.6148 58.6295
 58.6449 58.6564 58.6856 58.7081 58.734  58.755  58.7856 58.8055 58.8245
 58.8452 58.8724 58.8954 58.9163 58.9461 58.9738 59.0026 59.0192 59.0446
 59.0728 59.1047 59.1258 59.1575 59.1854 59.2104 59.2326 59.2842 59.3127
 59.3912 59.4826 59.5753 59.7677 59.9588
65.3223 65.4504 65.51   65.65   65.7312 65.7616 65.8232 65.8692 65.8925
 65.9245 65.9757 66.0448 66.0849 66.1111 66.1265 66.1486 66.1864 66.2163
 66.2378 66.2678 66.2836 66.3043 66.3281 66.3429 66.359  66.373  66.386
 66.4028 66.42   66.4356 66.4654 66.4798 66.5029 66.518  66.5364 66.5623
 66.5766 66.5875 66.6018 66.6218 66.6353 66.6479 66.6581 66.6706 66.682
 66.6954 66.7103 66.7249 66.7382 66.7509 66.7634 66.7768 66.7898 66.802
 66.8131 66.8238 66.8355 66.8509 66.8715 66.884  66.8946 66.9077 66.918
 66.9287 66.9383 66.951  66.9616 66.973  66.9849 67.0011 67.0142 67.0295
 67.044  67.0591 67.0725 67.09   67.1054 67.1175 67.1296 67.1427 67.1573
 67.17   67.188  67.2047 67.2181 67.2327 67.2441 67.2572 67.2755 67.2888
 67.3035 67.3186 67.3314 67.3471 67.3703 67.4037 67.4314 67.4447 67.4632
 67.4802 67.5036 67.5197 67.551  67.5694 67.5867 67.6077 67.6312 67.6485
 67.6752 67.699  67.7154 67.736  67.7577 67.7866 67.8082 67.8305 67.8569
 67.8773 67.8986 67.9486 67.9723 67.9958 68.0136 68.0386 68.0667 68.1296
 68.1498 68.1814 68.2307 68.2881 68.4874

