11.8368 12.2626 12.5515 12.7294 12.9049 12.9841 13.0204 13.0519 13.0902
 13.1075 13.1219 13.1555 13.198  13.2279 13.2475 13.2672 13.3078 13.3329
 13.3508 13.3678 13.3841 13.4021 13.4229 13.4491 13.4657 13.4813 13.4942
 13.5142 13.5271 13.5531 13.568  13.5818 13.597  13.6093 13.6223 13.6341
 13.648  13.6595 13.6724 13.6831 13.6998 13.7168 13.7359 13.7533 13.7634
 13.7746 13.7862 13.8014 13.8158 13.8277 13.8383 13.8504 13.8636 13.8776
 13.8904 13.9013 13.9122 13.9245 13.9354 13.9468 13.9673 13.9802 13.9953
 14.007  14.0163 14.0263 14.0364 14.047  14.0572 14.0692 14.0908 14.1043
 14.1153 14.1305 14.1422 14.1591 14.1729 14.1829 14.1968 14.2087 14.2273
 14.2517 14.2653 14.28   14.295  14.3112 14.3384 14.3528 14.3684 14.3959
20.0247 20.7629 21.123  21.6073 21.6547 21.6725 22.0481 22.0991 22.2242
 22.3935 22.4119 22.4439 22.4683 22.5625 22.629  22.857  22.9237 29.0972
 29.6847
30.1318 30.1564 30.1966 30.2297 30.2584 30.2797 30.304  30.3297 30.3577
 30.3718 30.4016 30.4166 30.4553 30.4729 30.4975 30.5119 30.5304 30.5463
 30.5617 30.5782 30.5932 30.6134 30.6308 30.6508 30.6783 30.6898 30.7098
 30.7246 30.7392 30.7518 30.766  30.7785 30.7903 30.8006 30.8105 30.821
 30.8299 30.8411 30.8516 30.8618 30.8731 30.8822 30.8944 30.9062 30.9191
 30.9303 30.9419 30.9523 30.962  30.9799 30.9888 30.999  31.0095 31.0208
 31.0316 31.0439 31.0537 31.0663 31.0773 31.0871 31.0975 31.1081 31.1185
 31.1275 31.1435 31.1537 31.1642 31.1745 31.1844 31.1937 31.2023 31.2112
 31.22   31.2295 31.2395 31.2486 31.2593 31.2702 31.2806 31.29   31.3
 31.309  31.3169 31.3269 31.3358 31.3453 31.3548 31.3637 31.374  31.3878
 31.4    31.4088 31.4191 31.4294 31.4383 31.4483 31.459  31.4694 31.4789
 31.4889 31.498  31.5095 31.52   31.5322 31.5426 31.5573 31.5706 31.5822
 31.5934 31.6062 31.6169 31.6273 31.644  31.6654 31.6803 31.7003 31.7252
 31.7458 31.7604 31.8465 37.084  38.2368 38.5129 38.7928 38.9036 39.2319
 39.2868 39.3255 39.4287 39.6008 39.6583 39.6791 39.6976 39.7206 39.748
 39.7639 39.7898 39.8136 39.8261 39.8438 39.8716 39.8911 39.9112 39.93
 39.9523 39.9755 39.9945
40.0196 40.0321 40.048  40.0603 40.0718 40.0878 40.0996 40.1134 40.1263
 40.1373 40.153  40.164  40.1757 40.1891 40.2087 40.2279 40.242  40.2544
 40.2722 40.2868 40.3083 40.3336 40.3482 40.3617 40.3752 40.392  40.4394
 40.4542 40.4676 40.4817 40.5009 40.5248 40.5481 40.5646 40.5814 40.624
 40.6447 40.7451 47.5078 48.0491 48.0958 48.1668 48.1927 48.2477 48.2708
 48.3534 48.3789 48.4178 48.4637 48.5295 48.5668 48.5831 48.6008 48.6575
 48.6809 48.7159 48.7357 48.7524 48.7691 48.7983 48.8101 48.8309 48.8477
 48.8598 48.8825 48.9024 48.9295 48.9398 48.9524 48.9705 48.9855 48.9991
 49.0124 49.0247 49.0376 49.0556 49.0675 49.0837 49.1028 49.1243 49.1465
 49.1655 49.1788 49.1968 49.2108 49.2208 49.2314 49.247  49.2671 49.2825
 49.3066 49.3279 49.3557 49.3733 49.393  49.4212 49.4559 49.5568
55.8918 57.0612 57.1253 57.1498 57.2044 57.2658 57.2949 57.3471 57.4377
 57.4704 57.4904 57.5124 57.5423 57.5744 57.6207 57.6443 57.6671 57.6867
 57.7096 57.7231 57.7446 57.7609 57.7775 57.7978 57.8113 57.8315 57.845
 57.8668 57.8803 57.8917 57.9047 57.9175 57.9304 57.9447 57.9573 57.9688
 57.9804 57.9936 58.0115 58.0251 58.0436 58.0546 58.0705 58.081  58.0915
 58.1014 58.1133 58.1304 58.1457 58.1674 58.1927 58.2091 58.2232 58.2386
 58.2491 58.2599 58.269  58.2816 58.2968 58.3093 58.3224 58.337  58.3499
 58.3624 58.3774 58.3902 58.4011 58.4132 58.4281 58.4498 58.4679 58.4777
 58.4891 58.5072 58.5211 58.5381 58.5498 58.5607 58.5973 58.6192 58.6832
 58.7085
64.8918 65.5877 66.0174 66.1496 66.3012 66.3194 66.3372 66.3538 66.3708
 66.3917 66.4125 66.4505 66.4695 66.5087 66.522  66.5451 66.5651 66.5761
 66.5884 66.6008 66.6229 66.6374 66.6552 66.6751 66.6941 66.7052 66.7186
 66.7352 66.7609 66.7743 66.785  66.7997 66.8213 66.8315 66.8435 66.8546
 66.8712 66.884  66.8966 66.9093 66.9206 66.9319 66.9438 66.9552 66.9671
 66.9835 66.995  67.0075 67.0195 67.0305 67.0409 67.0509 67.0607 67.0723
 67.0833 67.0936 67.1025 67.1116 67.1207 67.1285 67.1383 67.1469 67.1561
 67.1646 67.1754 67.1866 67.1964 67.2059 67.2163 67.2276 67.2358 67.2442
 67.2566 67.2672 67.2771 67.2874 67.2988 67.3086 67.3167 67.3262 67.3346
 67.3442 67.3538 67.3638 67.3728 67.382  67.3912 67.3999 67.4087 67.4191
 67.427  67.439  67.4493 67.46   67.4687 67.4778 67.4858 67.4952 67.5043
 67.516  67.5271 67.5363 67.5452 67.5543 67.5645 67.5766 67.5857 67.5967
 67.6086 67.6199 67.6301 67.6401 67.6497 67.6612 67.6726 67.6867 67.7002
 67.7133 67.7246 67.7412 67.7549 67.7704 67.7908 67.8029 67.8208 67.8504

