11.4016 12.631  12.6721 12.8637 13.0188 13.0916 13.1299 13.1626 13.1845
 13.2305 13.2938 13.3294 13.3904 13.4771 13.5626 13.6119 13.6323 13.6632
 13.7093 13.7322 13.7556 13.8529
20.7582 21.9882 22.1267 22.3317 22.5679 22.5962 29.0722 29.8667 29.9254
30.0312 30.1076 30.1913 30.2291 30.248  30.2742 30.3101 30.3448 30.3599
 30.4335 30.4664 30.5518 30.5882 30.601  30.6668 30.7344 30.7706 30.9092
 31.0311 31.0823 38.8377 39.1331 39.3644 39.405  39.4674 39.5086 39.5789
 39.6262 39.6794 39.7777 39.7941 39.8116
40.0842 45.9695 47.3928 48.0557 48.1671 48.287  48.4859 48.6486 48.7564
 48.8375 48.8675 48.9546 48.9979 49.0405
56.3325 57.1637 57.3997 57.5423 57.5883 57.6648 57.7697 57.7831 57.8525
 57.8869 57.9269 58.1245 58.1752 58.1948
64.2186 65.3264 65.6255 65.9744 66.185  66.2786 66.3007 66.3518 66.4299
 66.4678 66.4988 66.5482 66.5955 66.6186 66.6428 66.7044 66.8227 66.8435
 66.8575 66.8781 66.8969 66.9206 66.952  66.9819 66.9951 67.0067 67.0306
 67.0559 67.1467

