11.7756 12.1193 12.4169 12.7502 12.8398 12.9897 13.0398 13.0867 13.1028
 13.1315 13.2603 13.2956 13.3218 13.3402 13.4301 13.4527 13.4852 13.5091
 13.5239 13.5424 13.5606 13.5801 13.5989 13.6482 13.6775 13.7107 13.824
 13.8455 13.8741 13.8972 13.9292 13.9864 14.0645 14.0932
21.9598 22.3018 22.5235 22.6203 29.0479 29.8294
30.1208 30.1621 30.1874 30.2628 30.2997 30.3449 30.4059 30.4461 30.4647
 30.5088 30.5508 30.5659 30.5858 30.6024 30.6496 30.7199 30.7318 30.7431
 30.7628 30.778  30.8078 30.8233 30.8536 30.8715 30.8905 30.9026 30.9203
 30.9334 30.9608 30.9773 30.9981 31.0187 31.0298 31.0472 31.0878 31.1071
 31.1357 31.1451 31.1588 31.172  31.1849 31.2009 31.2879 31.3349 31.3992
 38.5157 39.3335 39.4089 39.4973 39.5414 39.6987 39.7799 39.9242 39.9607
 39.9832
40.0038 40.0321 40.0499 40.0768 40.089  40.1619 40.2117 40.2465 40.2713
 40.2869 40.3144 47.443  47.8075 47.8631 48.0707 48.1807 48.2964 48.3202
 48.3959 48.4713 48.5008 48.5328 48.5798 48.7719 48.8309 48.8918 48.9328
 48.9796 49.0032 49.0175 49.1578 49.2614
55.5369 55.8617 56.4797 56.9297 57.3709 57.4075 57.5709 57.5899 57.6313
 57.7618 57.7845 57.8033 57.8231 57.8375 57.8571 57.9213 57.9399 57.9523
 57.9661 57.9877 58.0035 58.0215 58.0453 58.0682 58.1007 58.1782 58.1963
 58.2208 58.241  58.2624 58.2968 58.3662
62.9205 65.7526 66.0869 66.2518 66.3021 66.3629 66.4076 66.4476 66.5047
 66.5548 66.607  66.6436 66.6753 66.6931 66.7115 66.7347 66.7528 66.7828
 66.7985 66.8205 66.8403 66.8548 66.8685 66.8936 66.9246 66.9516 66.9753
 66.9917 67.0106 67.0449 67.062  67.0755 67.1028 67.1143 67.1266 67.1374
 67.1598 67.1945 67.2067 67.2213 67.2491 67.2644 67.2763 67.2914 67.3122
 67.3353 67.351  67.365  67.3789 67.3989 67.4198 67.4423 67.4785 67.5109

