12.1736 12.2188 12.8638 13.0979 13.1506 13.2174 13.2451 13.3381 13.4744
20.3247 20.5747 20.7923 21.4048 21.4476 21.5    21.5566 21.615  21.643
 21.6655 21.7096 21.8067 21.8319 21.8486 21.9177 21.9484 21.9851 22.2163
 22.2518 29.5147 29.8225 29.8857 29.9085 29.9381
30.0127 30.0471 30.1284 30.1883 30.2928 30.3166 30.3437 30.4092 30.4462
 30.4682 30.5589 30.7636 30.7798 39.0192 39.0755 39.1094 39.1512 39.2131
 39.2349 39.2571 39.3407 39.4286 39.5575 39.5797 39.5942 39.7255 39.8148
47.9027 48.0675 48.1531 48.2251 48.2585 48.3109 48.3252 48.3627 48.3933
 48.6141
56.4215 56.6551 56.8246 56.8896 57.1863 57.2639 57.2797 57.524  57.5567
 57.5711 57.7857
65.5279 65.5907 65.7791 65.9051 66.279  66.3413 66.4226 66.5128 66.5436
 66.6188 66.6988 66.7362 66.8086

