12.2226 12.5304 12.8479 12.9167 12.9447 12.9919 13.1341 13.2679 13.2901
 13.3409 13.4066 13.4388 13.4587 17.6135 18.9094
21.0016 21.0247 21.1795 21.2839 21.3335 21.3581 21.4362 21.5851 21.6031
 21.6255 21.6393 21.6756 21.744  21.7632 21.7834 21.8051 21.8675 21.9093
 21.9441 21.9735 22.0146 22.1467 28.4408 29.3897 29.6592 29.8237 29.9085
30.0014 30.0895 30.1539 30.1941 30.2095 30.2605 30.3182 30.3749 30.4298
 30.5454 30.5918 37.6227 38.3159 38.4347 38.6948 38.8106 38.9747 39.0459
 39.0712 39.1209 39.1399 39.2854 39.3082 39.3299 39.4354 39.5669 39.5975
 39.629  39.6638
45.2225 47.6684 47.7324 47.8069 47.8608 47.8903 47.9457 47.9918 48.0173
 48.0613 48.0874 48.1357 48.2117 48.2473 48.2989 48.4393 48.4879 48.5359
 48.5794
55.9757 56.5191 56.6582 56.7849 56.9628 57.0561 57.0759 57.1204 57.1678
 57.1993 57.4213 57.4914 57.596
65.2661 65.8779 66.0336 66.2169 66.2803 66.3122 66.377  66.5163 66.669
 66.6907

