11.2976 12.5144 12.7317 12.8341 12.9437 13.0616 13.0858 13.1276 13.1717
 13.1908 13.2093 13.2333 13.2488 13.2819 13.3012 13.3247 13.3487 13.3769
 13.3986 13.4203 13.4499 13.4669 13.4892 13.5068 13.5231 13.5433 13.5661
 13.5875 13.6112 13.6279 13.6434 13.666  13.6789 13.6955 13.7095 13.7214
 13.7354 13.749  13.7637 13.7756 13.7883 13.7994 13.8137 13.8287 13.8428
 13.8532 13.866  13.8797 13.8928 13.9045 13.9172 13.9317 13.9429 13.9561
 13.9685 13.9802 13.9934 14.0086 14.0224 14.0377 14.0538 14.0659 14.0785
 14.0895 14.101  14.1148 14.1313 14.144  14.1573 14.1699 14.1855 14.1996
 14.2119 14.2246 14.237  14.2482 14.2622 14.2789 14.2947 14.3066 14.3175
 14.3277 14.3413 14.3533 14.3684 14.3915 14.4055 14.4173 14.438  14.4514
 14.4638 14.4776 14.4919 14.5056 14.5234 14.5399 14.5516 14.5659 14.5779
 14.5939 14.6082 14.6237 14.6433 14.6622 14.6776 14.7034 14.7207 14.7397
 14.7548 14.7712 14.7989 14.8269 14.8514 14.8729 14.8977 14.9207 14.9599
 14.9866 15.027  15.0618 15.1013 15.1848 15.2027 15.2597
20.3677 20.9208 21.0299 21.1862 21.2357 21.3655 21.4253 21.4548 21.479
 21.4997 21.5308 21.5493 21.571  21.6024 21.6679 21.6858 21.7005 21.7302
 21.7604 21.7826 21.7989 21.8186 21.8407 21.8581 21.8793 21.8923 21.9059
 21.9269 21.9453 21.9677 21.9818 21.9946 22.0072 22.0271 22.0417 22.0543
 22.0691 22.0801 22.0977 22.1098 22.123  22.1338 22.1446 22.1578 22.1702
 22.1849 22.1963 22.2099 22.2212 22.235  22.2475 22.2594 22.2722 22.2849
 22.2953 22.3066 22.315  22.3241 22.334  22.3453 22.3547 22.3651 22.3758
 22.388  22.398  22.4084 22.4193 22.4285 22.4379 22.4497 22.459  22.4699
 22.4808 22.4918 22.5004 22.5091 22.5178 22.5271 22.5378 22.5484 22.5577
 22.5697 22.5801 22.5904 22.6012 22.6135 22.6237 22.6362 22.6472 22.6583
 22.6687 22.6798 22.6906 22.7005 22.71   22.7199 22.7304 22.742  22.7518
 22.7616 22.7726 22.7834 22.7936 22.8037 22.8142 22.8237 22.8342 22.8458
 22.8557 22.866  22.8767 22.887  22.8973 22.9076 22.9184 22.9294 22.939
 22.9499 22.9612 22.9725 22.983  22.9956 23.006  23.0174 23.0289 23.0417
 23.0541 23.0678 23.0797 23.0945 23.1074 23.1233 23.1336 23.1451 23.1613
 23.1788 23.1934 23.208  23.2245 23.2473 23.2613 23.2802 23.2975 23.3159
 23.3313 23.3663 23.3786 23.3971 23.4241 23.4498 23.4683 23.4985 23.5215
 23.5524 23.5811 23.615  23.6715 23.7199 23.8499 23.9808 29.4046 29.5686
 29.625  29.7014 29.7528 29.7924 29.8736 29.9015 29.9225
30.0044 30.0811 30.1348 30.1689 30.1951 30.2266 30.2527 30.2936 30.3146
 30.3536 30.376  30.4074 30.432  30.4504 30.4665 30.4857 30.4978 30.5147
 30.5297 30.5471 30.5642 30.5762 30.5909 30.6026 30.6143 30.6254 30.6358
 30.6489 30.6625 30.6799 30.6947 30.7111 30.7247 30.7378 30.7505 30.7601
 30.7716 30.782  30.7916 30.8072 30.8203 30.8322 30.8432 30.8539 30.8689
 30.8861 30.9019 30.9179 30.9285 30.9395 30.9496 30.9608 30.9714 30.982
 30.9927 31.0045 31.0163 31.0267 31.0358 31.047  31.0567 31.0685 31.0776
 31.0876 31.1005 31.1104 31.1205 31.1313 31.1434 31.1546 31.1665 31.176
 31.1858 31.1961 31.2058 31.2153 31.228  31.2382 31.2517 31.2621 31.2727
 31.2837 31.2948 31.306  31.3198 31.3304 31.343  31.3537 31.3624 31.3735
 31.3847 31.3949 31.4051 31.4179 31.4294 31.4393 31.4504 31.4619 31.473
 31.4853 31.496  31.5081 31.521  31.5326 31.5444 31.5557 31.569  31.5821
 31.5962 31.6137 31.6328 31.6466 31.6623 31.686  31.7155 31.7338 31.7513
 31.7681 31.788  31.8149 31.8346 31.8488 31.8738 31.9035 31.9203 31.9481
 31.9826 32.0074 32.0241 32.0731 32.1432 32.1815 32.2323 32.3096 32.6487
 35.3351 37.9881 38.3196 38.4734 38.6024 38.7399 38.8149 38.8813 39.0123
 39.0328 39.0758 39.1029 39.1179 39.1599 39.184  39.2072 39.2249 39.2479
 39.2668 39.3086 39.3247 39.3383 39.3621 39.3809 39.3941 39.4142 39.4331
 39.4466 39.4598 39.4691 39.481  39.492  39.5052 39.5166 39.5336 39.5488
 39.5615 39.5764 39.5873 39.5986 39.6148 39.6287 39.6438 39.6541 39.664
 39.6762 39.6876 39.6989 39.7091 39.72   39.7342 39.7436 39.753  39.7636
 39.7776 39.7898 39.8023 39.8142 39.8283 39.8388 39.8504 39.8622 39.8713
 39.8816 39.8941 39.9058 39.9169 39.9274 39.9365 39.9464 39.9577 39.9671
 39.9774 39.9869 39.9969
40.0063 40.0188 40.0304 40.0452 40.0571 40.0669 40.077  40.0867 40.0963
 40.1069 40.1192 40.1295 40.1394 40.1496 40.1603 40.171  40.1807 40.1905
 40.201  40.2099 40.2209 40.2309 40.2422 40.2534 40.2663 40.2787 40.2887
 40.2986 40.3085 40.3192 40.3335 40.3489 40.358  40.3677 40.3776 40.3882
 40.4009 40.414  40.4273 40.4391 40.4517 40.4624 40.4741 40.4852 40.4966
 40.5082 40.5205 40.5333 40.5451 40.5592 40.571  40.5828 40.5964 40.61
 40.6249 40.6375 40.6491 40.6649 40.6771 40.6908 40.7044 40.7222 40.7376
 40.7539 40.768  40.7808 40.7936 40.8108 40.8238 40.841  40.8666 40.8811
 40.9035 40.9212 40.9506 40.9808 41.0062 41.0412 41.0746 41.1057 41.1227
 41.1935 41.2596 41.3186 41.3696 45.0441 47.1277 47.2305 47.4868 47.5435
 47.6255 48.0266 48.0453 48.0845 48.1093 48.1409 48.1654 48.1882 48.2376
 48.2544 48.2714 48.2979 48.3259 48.3502 48.3636 48.3825 48.4003 48.4182
 48.4402 48.4564 48.4697 48.4819 48.5026 48.517  48.5319 48.5501 48.5649
 48.581  48.5957 48.6088 48.6236 48.6368 48.6524 48.6639 48.6746 48.6837
 48.6962 48.7078 48.7197 48.7336 48.747  48.7599 48.7717 48.7836 48.7927
 48.8032 48.8133 48.8253 48.8374 48.8502 48.8634 48.876  48.8866 48.9027
 48.9138 48.9243 48.9364 48.9551 48.9686 48.9803 48.9918 49.0035 49.0162
 49.0283 49.0415 49.0524 49.064  49.075  49.0859 49.0964 49.1058 49.1171
 49.1281 49.1395 49.1521 49.162  49.1724 49.1836 49.1983 49.2103 49.2213
 49.2336 49.2457 49.2578 49.277  49.2891 49.3018 49.3163 49.3299 49.3471
 49.3599 49.3725 49.3845 49.3966 49.4081 49.4216 49.4322 49.4424 49.4564
 49.4717 49.4904 49.5061 49.5218 49.538  49.556  49.5678 49.5827 49.5975
 49.614  49.6334 49.6474 49.6651 49.6865 49.7025 49.7184 49.7351 49.7519
 49.7697 49.7908 49.8092 49.8325 49.8508 49.8813 49.9049 49.9312 49.9514
50.0677 50.1379 50.1779 56.0732 56.6028 56.6268 56.7095 56.8329 56.858
 56.8838 56.912  56.9409 56.9649 57.0476 57.0816 57.1098 57.1382 57.1542
 57.1812 57.2019 57.2276 57.2561 57.2725 57.2942 57.3148 57.3306 57.3494
 57.3701 57.3887 57.4088 57.4422 57.4566 57.4711 57.494  57.5144 57.5479
 57.5713 57.586  57.6031 57.6143 57.6294 57.6442 57.6606 57.6751 57.6964
 57.7125 57.7293 57.7417 57.7525 57.7659 57.7767 57.7878 57.7983 57.8152
 57.8303 57.8437 57.8561 57.868  57.8815 57.8976 57.9087 57.9193 57.9305
 57.9452 57.9592 57.9745 57.9841 57.9961 58.0077 58.0179 58.034  58.0449
 58.0576 58.0712 58.0822 58.0947 58.1063 58.1172 58.1299 58.1426 58.1534
 58.1649 58.1779 58.189  58.2047 58.2189 58.2323 58.2465 58.2591 58.2716
 58.2857 58.2974 58.3129 58.3246 58.3362 58.3497 58.3634 58.3821 58.3946
 58.4092 58.4234 58.4388 58.4513 58.462  58.4755 58.4875 58.4998 58.5141
 58.5367 58.5491 58.5651 58.5755 58.5883 58.6008 58.616  58.6411 58.671
 58.6895 58.7059 58.7213 58.7379 58.7616 58.7801 58.8173 58.8372 58.8558
 58.8915 58.9316 58.9607 58.9941 59.0177 59.0412 59.078  59.1099 59.1646
 59.2238 59.3456
64.6424 64.9514 65.634  65.6756 65.9021 65.9586 65.986  66.032  66.0999
 66.1249 66.2006 66.2184 66.2384 66.2566 66.2968 66.3579 66.3759 66.4028
 66.4286 66.4476 66.4606 66.4788 66.5    66.5216 66.5356 66.5535 66.5673
 66.5818 66.5951 66.6079 66.6208 66.6343 66.6472 66.6649 66.6803 66.6969
 66.7085 66.7197 66.7307 66.7435 66.7552 66.7681 66.7794 66.7908 66.8015
 66.8121 66.8234 66.8376 66.8506 66.8622 66.875  66.8893 66.9039 66.9155
 66.9248 66.9348 66.9475 66.9583 66.9698 66.9793 66.9959 67.0066 67.0196
 67.0295 67.0402 67.051  67.0613 67.0719 67.083  67.0946 67.106  67.117
 67.1281 67.1386 67.1472 67.156  67.1667 67.1767 67.1873 67.1982 67.207
 67.2172 67.2277 67.2404 67.2517 67.2611 67.2727 67.2821 67.2927 67.3029
 67.3121 67.3214 67.3332 67.3428 67.3535 67.3635 67.3727 67.3834 67.3925
 67.403  67.4123 67.4263 67.4367 67.4464 67.4604 67.4738 67.4863 67.4958
 67.5077 67.5197 67.5315 67.5421 67.5529 67.5642 67.5745 67.5837 67.5929
 67.6052 67.6203 67.634  67.6497 67.6637 67.6757 67.6879 67.7038 67.718
 67.7286 67.7409 67.7564 67.7682 67.785  67.7996 67.811  67.8246 67.8384
 67.8663 67.8838 67.9056 67.9248 67.9429 67.9577 67.9768 67.9973 68.0165
 68.033  68.0618 68.0797 68.1036 68.1868 68.267  68.3057 68.3304 68.3628
 68.4192 68.4559 68.4847 69.0439

