11.9642 12.0011 12.2309 12.3476 12.3701 12.4378 12.5534 12.5827 12.6003
 12.633  12.6811 12.7039 12.7245 12.8037 12.843  12.8781 12.8939 12.9354
 12.9638 12.9831 13.0009 13.0192 13.0481 13.0716 13.0917 13.1089 13.1299
 13.1444 13.1624 13.1828 13.1963 13.2141 13.2301 13.2449 13.2569 13.2728
 13.29   13.3016 13.3164 13.3303 13.3438 13.3583 13.373  13.3846 13.3982
 13.4131 13.4357 13.4516 13.4631 13.4746 13.4872 13.4982 13.5146 13.528
 13.5443 13.5577 13.5705 13.5836 13.5932 13.6081 13.6183 13.6302 13.6425
 13.6579 13.6671 13.676  13.6871 13.6982 13.7086 13.7211 13.7312 13.7422
 13.757  13.7686 13.7807 13.7919 13.8058 13.816  13.827  13.8383 13.8487
 13.8593 13.8712 13.8826 13.8945 13.905  13.9175 13.9289 13.9447 13.9556
 13.9669 13.9797 13.9935 14.0049 14.0166 14.031  14.0432 14.0579 14.0711
 14.0828 14.0946 14.106  14.1207 14.1338 14.1492 14.1632 14.1785 14.1932
 14.2248 14.2383 14.2525 14.2674 14.2836 14.2982 14.3146 14.3321 14.3446
 14.3571 14.3739 14.3931 14.4072 14.4216 14.4336 14.4457 14.4606 14.4784
 14.4963 14.5135 14.5298 14.5814 14.6041 14.6372 14.6621 14.7301 14.8179
 16.0948 19.955
20.5667 20.648  20.6777 20.7149 20.7536 20.8143 20.8576 20.9052 21.0028
 21.0352 21.0569 21.0726 21.1091 21.1299 21.1447 21.1681 21.1863 21.2124
 21.2313 21.2453 21.2633 21.2774 21.2917 21.3183 21.3316 21.3529 21.3715
 21.3845 21.4051 21.418  21.4295 21.4402 21.4517 21.4645 21.4786 21.4921
 21.5055 21.519  21.53   21.5384 21.5485 21.5585 21.5712 21.5821 21.594
 21.6072 21.6203 21.6361 21.6503 21.6611 21.6742 21.6893 21.7025 21.7163
 21.7281 21.7407 21.7498 21.7602 21.7707 21.7821 21.796  21.8089 21.8225
 21.836  21.8505 21.8686 21.8826 21.8932 21.9055 21.9181 21.932  21.942
 21.9522 21.9643 21.9747 21.9855 21.9972 22.0081 22.0172 22.0259 22.0374
 22.0484 22.0626 22.0755 22.0865 22.097  22.1086 22.1193 22.1303 22.1402
 22.1499 22.1606 22.1723 22.1838 22.1991 22.2109 22.2231 22.2325 22.2457
 22.2576 22.2686 22.2795 22.2926 22.3067 22.324  22.337  22.3503 22.3634
 22.3758 22.388  22.4    22.4191 22.431  22.4464 22.4599 22.4753 22.4874
 22.5009 22.5171 22.534  22.5476 22.5609 22.5747 22.5953 22.6135 22.6285
 22.6451 22.6684 22.6895 22.7086 22.7272 22.7421 22.7632 22.7847 22.8071
 22.8343 22.8509 22.8649 22.8858 22.9717 23.0265 29.017  29.2477 29.3177
 29.3579 29.3846 29.4285 29.4852 29.501  29.5682 29.5845 29.6003 29.6163
 29.6497 29.6707 29.6917 29.7143 29.7326 29.7513 29.7833 29.819  29.838
 29.8503 29.8739 29.8902 29.908  29.9248 29.9399 29.953  29.9658 29.9846
30.0037 30.0204 30.0343 30.0471 30.0621 30.0742 30.0955 30.1074 30.1194
 30.1323 30.145  30.1557 30.1664 30.178  30.1899 30.2046 30.2182 30.228
 30.239  30.2506 30.2621 30.2721 30.2845 30.2962 30.3082 30.3183 30.3304
 30.3408 30.3502 30.3595 30.3744 30.3886 30.4054 30.4218 30.4451 30.4558
 30.4672 30.4811 30.5014 30.5135 30.5255 30.5364 30.5488 30.5627 30.5758
 30.5872 30.5996 30.6123 30.6244 30.6377 30.6504 30.6615 30.6718 30.6824
 30.6931 30.7048 30.7163 30.7322 30.7442 30.7593 30.7756 30.7866 30.8019
 30.8133 30.8247 30.8381 30.8515 30.8673 30.8811 30.8942 30.9068 30.9202
 30.9361 30.9494 30.9634 30.9773 30.994  31.0077 31.0259 31.0411 31.0538
 31.0701 31.0941 31.1147 31.1384 31.1622 31.1807 31.2016 31.2152 31.2406
 31.2612 31.2799 31.2978 31.3214 31.3539 31.3899 31.4324 31.4753 31.5027
 37.1032 37.2799 37.3136 37.3406 37.3608 37.4038 37.4446 37.4729 37.4985
 37.5135 37.5437 37.5708 37.6045 37.6652 37.6937 37.7139 37.7314 37.7507
 37.7683 37.7829 37.8038 37.8247 37.8408 37.868  37.888  37.907  37.9213
 37.9362 37.9502 37.9664 37.9793 37.9935 38.0104 38.0206 38.0314 38.0452
 38.0576 38.0709 38.0839 38.0962 38.1064 38.1178 38.1279 38.1383 38.152
 38.1638 38.1749 38.1842 38.1947 38.2085 38.2183 38.2282 38.2385 38.2487
 38.2604 38.2702 38.2807 38.2939 38.3068 38.3154 38.3245 38.3362 38.3469
 38.3557 38.3656 38.3753 38.3842 38.3935 38.4041 38.4154 38.4265 38.4368
 38.4474 38.4567 38.4675 38.477  38.487  38.4985 38.5084 38.5191 38.5296
 38.5407 38.5531 38.5632 38.5747 38.5846 38.5951 38.6041 38.6129 38.6218
 38.6317 38.6428 38.6527 38.6634 38.6736 38.683  38.6925 38.702  38.7118
 38.721  38.7298 38.7386 38.7492 38.7593 38.7697 38.7786 38.7876 38.7971
 38.8078 38.8167 38.8262 38.8364 38.8458 38.8553 38.867  38.8769 38.8861
 38.8965 38.9061 38.9178 38.929  38.9391 38.9493 38.9619 38.9765 38.9917
 39.004  39.0179 39.0277 39.038  39.0524 39.0666 39.0775 39.091  39.103
 39.1183 39.1347 39.152  39.1631 39.1769 39.1884 39.2003 39.2101 39.2257
 39.2381 39.2499 39.2637 39.2759 39.2887 39.3027 39.3158 39.3326 39.3481
 39.3631 39.3799 39.4018 39.4198 39.4405 39.464  39.4776 39.4927 39.5089
 39.5269 39.5537 39.5739 39.6594 39.7657 39.8064
44.8986 44.9466 44.9999 45.0295 45.1612 45.1896 45.2571 45.3671 45.4876
 45.5725 45.6259 45.6497 45.7412 45.7616 45.7786 45.8198 45.838  45.8585
 45.8729 45.8996 45.9152 45.9295 45.9491 45.9686 45.9913 46.0103 46.0263
 46.0428 46.0567 46.0721 46.0877 46.1019 46.117  46.1319 46.1438 46.1558
 46.1673 46.1818 46.1974 46.2076 46.2237 46.2396 46.2584 46.2727 46.2874
 46.3046 46.3195 46.3314 46.3417 46.3531 46.3649 46.3771 46.3878 46.3985
 46.4108 46.4231 46.4356 46.4473 46.4582 46.4678 46.4798 46.4924 46.5014
 46.5116 46.521  46.5311 46.5428 46.5537 46.5653 46.5759 46.5847 46.5958
 46.6073 46.619  46.6305 46.6414 46.6526 46.6623 46.672  46.6817 46.6912
 46.7024 46.7125 46.7236 46.7339 46.7451 46.7566 46.7737 46.7873 46.799
 46.8106 46.8208 46.835  46.8466 46.8558 46.8666 46.8768 46.8884 46.8986
 46.9098 46.9229 46.9382 46.9493 46.9653 46.978  46.9884 46.9989 47.016
 47.0292 47.0441 47.0578 47.0742 47.0865 47.0998 47.117  47.1308 47.1432
 47.1557 47.1659 47.1805 47.1924 47.2044 47.2181 47.2329 47.247  47.2588
 47.2713 47.2906 47.306  47.3214 47.3408 47.3616 47.3814 47.4017 47.4416
 47.4561 47.4778 47.4987 47.5226 47.5387 47.5675 47.6418 47.7778
52.878  53.0446 53.1329 53.1601 53.2054 53.2855 53.3743 53.3977 53.4357
 53.4848 53.5136 53.5313 53.5566 53.5928 53.6102 53.6242 53.6374 53.6541
 53.6746 53.6924 53.7109 53.7371 53.7625 53.7831 53.7951 53.8082 53.8267
 53.8383 53.8502 53.8639 53.8774 53.8925 53.9081 53.9219 53.9392 53.9519
 53.9681 53.9823 53.993  54.0029 54.0147 54.0278 54.0376 54.0525 54.0675
 54.0781 54.0871 54.0961 54.1054 54.115  54.1256 54.1412 54.1523 54.1654
 54.1777 54.1884 54.1984 54.2092 54.2181 54.2282 54.2389 54.2491 54.2584
 54.2673 54.2789 54.2885 54.3001 54.3097 54.3202 54.3297 54.3383 54.3484
 54.3567 54.366  54.3744 54.3868 54.4002 54.4122 54.4241 54.4378 54.4473
 54.4574 54.4665 54.4783 54.488  54.5009 54.511  54.521  54.529  54.5373
 54.5472 54.5563 54.5663 54.5785 54.5908 54.6001 54.6091 54.618  54.6278
 54.6382 54.6465 54.6564 54.6646 54.674  54.6857 54.6946 54.7039 54.7139
 54.7262 54.7387 54.7477 54.7585 54.7698 54.7806 54.7911 54.8023 54.8131
 54.822  54.8334 54.8477 54.8586 54.8694 54.8797 54.8915 54.9028 54.9128
 54.9227 54.9335 54.9437 54.9556 54.9687 54.9792 54.9913 55.0034 55.0149
 55.025  55.0372 55.0499 55.0638 55.08   55.0915 55.1028 55.1155 55.1267
 55.1386 55.152  55.1687 55.1836 55.1933 55.2081 55.2338 55.2529 55.2679
 55.2886 55.3136 55.3277 55.3513 55.3654 55.3938 55.4137 55.4381 55.4556
 55.4961 55.5484
60.4148 61.18   61.2813 61.319  61.3451 61.3725 61.4461 61.4798 61.5103
 61.5478 61.5724 61.6033 61.6494 61.6678 61.6995 61.7209 61.7471 61.7683
 61.7894 61.8054 61.8278 61.8413 61.8545 61.8717 61.8898 61.9021 61.9177
 61.9307 61.9434 61.9593 61.9732 61.9859 61.9999 62.0154 62.028  62.0414
 62.0563 62.0739 62.0852 62.0957 62.1062 62.1162 62.1281 62.1409 62.156
 62.1708 62.1863 62.2046 62.2183 62.2301 62.2408 62.2504 62.2612 62.2753
 62.2869 62.2978 62.3088 62.3193 62.3289 62.3405 62.3522 62.3631 62.3742
 62.3854 62.3954 62.4069 62.4184 62.4295 62.4397 62.4509 62.4633 62.4729
 62.4827 62.4947 62.5057 62.5153 62.525  62.5358 62.5455 62.5555 62.5642
 62.5732 62.5817 62.5941 62.6051 62.6155 62.6271 62.6361 62.6467 62.6596
 62.6719 62.6825 62.6915 62.7019 62.7129 62.7223 62.7315 62.7424 62.7527
 62.7631 62.775  62.7878 62.799  62.8082 62.817  62.828  62.8381 62.849
 62.8589 62.8708 62.8821 62.8933 62.9036 62.9141 62.9238 62.937  62.951
 62.9621 62.9748 62.9919 63.0041 63.0161 63.0277 63.0382 63.0508 63.0629
 63.0763 63.0879 63.1058 63.1181 63.1305 63.1453 63.1602 63.1747 63.1861
 63.1991 63.2127 63.2296 63.2495 63.2701 63.2847 63.2965 63.3157 63.3308
 63.3451 63.3619 63.3825 63.4013 63.4206 63.4365 63.4554 63.4771 63.498
 63.5355 63.5693 63.5953 63.6626 63.6869 66.9819 69.0145 69.8516 69.9324
 69.9837

