12.5211 12.5758 12.7029 12.9149 12.9627 18.823
20.1007 20.7056 20.8156 20.9916 21.0846 21.1462 21.2986 21.3347 21.4226
 21.5894 25.0739 26.5657 28.2925 29.4248 29.4592 29.5113 29.6415 29.7644
 29.8971 29.9803
36.8432 37.4252 37.5339 37.5706 37.6539 37.7082 37.8068 37.8969 38.0442
 38.1973 38.2262 38.284
44.6357 45.3335 45.3921 45.4545 45.5977 45.6751 45.7249 45.7514 45.7964
 45.8899 45.9245 46.3597 46.3832
52.2472 52.9041 52.9829 53.1019 53.3337 53.495  53.5305 53.6022 53.6449
 53.6917 53.7205 53.7609 53.8019 53.8764 53.9779 54.0947
60.4679 61.1054 61.2129 61.2545 61.3574 61.3812 61.4054 61.4472 61.5426
 61.6002 61.6245 61.7435 61.7714 61.8366 61.9075 62.1147 62.1439 69.6518

