12.4635 12.561  12.597  12.75   12.8557 12.8886 12.9169 12.9546 12.9742
 13.0133 13.0324 13.0666 13.0799 13.1178 13.1415 13.1587 13.1701 13.1876
 13.2704 13.3057 13.323  13.356  13.3846 13.4244 13.4372 13.4622 13.4961
 13.5286 13.6136 13.6292 17.9839
20.2157 20.6434 20.7167 20.7441 20.7743 21.0525 21.1049 21.1283 21.1796
 21.1964 21.2542 21.2692 21.282  21.2942 21.3388 21.3599 21.3985 21.4181
 21.4577 21.4765 21.5131 21.5402 21.5716 21.6061 21.6437 21.7355 21.761
 21.8022 21.8638 24.9048 27.0081 28.2907 28.5183 29.2549 29.2877 29.4088
 29.427  29.5035 29.526  29.5619 29.5965 29.6312 29.6446 29.658  29.7461
 29.7786 29.8372 29.8568 29.8896 29.9123 29.9331
30.0553 30.122  30.1423 30.1862 30.2009 30.2199 30.3096 30.3758 36.3929
 37.1204 37.3101 37.4079 37.4394 37.5202 37.6629 37.6823 37.7158 37.7709
 37.8124 37.8418 37.8674 37.9044 37.9515 37.9772 37.994  38.0182 38.0472
 38.07   38.1059 38.1195 38.1343 38.1445 38.1635 38.185  38.239  38.2723
 38.291  38.3136 38.3293 38.3749 38.3929 38.4161 38.4834
44.8083 45.0305 45.6106 45.6641 45.7617 45.8097 45.8449 45.8669 45.8897
 45.9046 45.9229 45.9836 46.0038 46.0315 46.0716 46.1354 46.2347 46.3031
 46.3449 46.3777 46.4174
52.5355 52.8696 52.9449 53.0817 53.1049 53.1719 53.2237 53.2519 53.3216
 53.365  53.4878 53.5252 53.5458 53.5836 53.6078 53.6252 53.6604 53.6937
 53.8155 53.882  53.9483 53.9817 54.0566 54.0818 54.1034 54.1395 54.2647
 54.4682
60.2668 60.5149 60.876  61.3523 61.3846 61.4917 61.5828 61.7058 61.7268
 61.7757 61.8171 61.8491 61.9043 61.9357 61.9748 61.9899 62.0129 62.0749
 62.1158 62.14   62.1606 62.1868 62.2013 62.2152 62.2326 62.2693 62.3279
 62.3964 62.4624 68.8911 69.1921 69.8079 69.866

