11.7249 12.1346 12.2127 12.4368 12.4965 12.5196 12.6386 12.6835 12.7189
 12.8066 12.8653 12.888  12.9323 12.9604 12.9889 13.1078 13.1252 13.1829
 13.1963 13.2145 13.2403 13.2525 13.2691 13.3026 13.325  13.3952 13.4173
 13.4417 13.4593 13.5146 13.5324 13.5562 13.5829 13.6159 13.6887 13.7217
 13.7427 17.1586 18.1067
20.584  20.6704 20.7107 20.7848 20.8548 20.8995 20.9573 21.0146 21.0412
 21.2065 21.2486 21.2644 21.2884 21.3148 21.3872 21.4054 21.4434 21.4764
 21.5038 21.5456 21.5744 21.5862 21.6085 21.6347 21.6464 21.6694 21.7347
 21.7875 21.8121 21.829  21.844  21.9308 21.9895 22.0026 27.3669 27.6362
 28.9514 29.0256 29.2366 29.3281 29.4606 29.5665 29.5895 29.6443 29.671
 29.7614 29.8066 29.8323 29.8628 29.8863 29.9193 29.9319 29.9471 29.965
30.0287 30.0516 30.0837 30.1196 30.159  30.2197 30.2334 30.2512 30.2705
 30.29   30.3975 30.5702 36.5981 36.965  37.0555 37.1084 37.1775 37.2421
 37.3181 37.4987 37.5761 37.5992 37.6833 37.7049 37.7295 37.7609 37.7912
 37.8198 37.8612 37.8833 37.8979 37.9212 37.9518 37.9679 37.9794 38.0138
 38.0315 38.0483 38.0628 38.0788 38.0933 38.1229 38.1419 38.1514 38.1647
 38.1806 38.1959 38.2156 38.228  38.2438 38.2536 38.2674 38.2934 38.3064
 38.3261 38.3429 38.3583 38.3717 38.3926 38.408  38.4264 38.4442 38.4573
 38.4729 38.4963 38.5103 38.5358
42.211  44.6618 45.0402 45.1514 45.4649 45.5004 45.5556 45.5814 45.6115
 45.633  45.6875 45.7265 45.7673 45.7952 45.8251 45.8518 45.9199 45.9886
 46.0058 46.0232 46.0387 46.0498 46.0639 46.0845 46.114  46.1358 46.1614
 46.1788 46.2189 46.2346 46.2461 46.2579 46.2738 46.2853 46.3003 46.3244
 46.3664 46.3839 46.4014 46.4794 46.5284 46.5796
53.0151 53.2415 53.2689 53.4605 53.4873 53.5079 53.5301 53.5797 53.6238
 53.7059 53.7277 53.7618 53.7821 53.8143 53.8356 53.8541 53.878  53.8927
 53.9209 53.9393 53.9669 53.9927 54.0066 54.0223 54.0592 54.0813 54.1205
 54.1461 54.1647 54.1942 54.2049 54.22   54.2328 54.2452 54.259  54.2745
 54.2989 54.3792 54.4292 54.5089 54.5286 54.5592
60.3216 60.855  60.9363 60.9915 61.1211 61.1449 61.4293 61.4946 61.5263
 61.5428 61.5644 61.6942 61.7671 61.8467 61.9299 61.9509 61.966  61.9855
 62.0013 62.0243 62.0509 62.0846 62.1515 62.1985 62.2711 62.2841 62.2966
 62.3093 62.3188 62.332  62.3698 62.3846 62.3995 62.4379 62.4515 62.4693
 62.4865 62.5031 62.5292 62.5528 69.4995 69.6211 69.699

