10.9493 12.6376 12.6718 12.7504 12.7958 12.8422 12.8687 12.8909 12.913
 12.9349 12.9459 12.9755 13.0451 13.0634 13.0954 13.1336 13.1625 13.1855
 13.2048 13.2201 13.2395 13.2531 13.2699 13.2818 13.2974 13.3128 13.3293
 13.3418 13.3581 13.3778 13.3997 13.4115 13.43   13.4398 13.4489 13.4609
 13.4728 13.4872 13.5017 13.5136 13.5267 13.5389 13.5498 13.5647 13.5778
 13.5901 13.607  13.6192 13.6298 13.6408 13.6512 13.6631 13.6752 13.6878
 13.6978 13.7087 13.7184 13.7284 13.7452 13.7543 13.767  13.7769 13.7883
 13.7997 13.8121 13.8243 13.8369 13.848  13.8569 13.87   13.8809 13.8892
 13.9003 13.912  13.9226 13.9355 13.9472 13.9637 13.9777 13.9895 14.0033
 14.0147 14.0279 14.0418 14.0533 14.0638 14.0761 14.0981 14.1133 14.1244
 14.1346 14.1501 14.1659 14.1777 14.192  14.2091 14.2275 14.2477 14.2658
 14.281  14.2972 14.3138 14.3274 14.3457 14.3585 14.3771 14.3982 14.4187
 14.4389 14.4597 14.4765 14.4998 14.5159 14.5383 14.5543 14.5785 14.6156
 14.6374 14.6633 14.6881 14.7088 14.7278 14.7466 14.7684 14.7884 14.8126
 14.8547 14.8893 14.9329 14.969  14.9893 15.0325 15.1021 15.1405
20.5493 20.6611 20.8209 20.8987 20.9849 21.0094 21.042  21.0733 21.1004
 21.1326 21.1612 21.1833 21.2071 21.2342 21.2949 21.3194 21.3398 21.3528
 21.3701 21.3963 21.4161 21.4302 21.4515 21.4674 21.4864 21.5099 21.5258
 21.5426 21.5568 21.5693 21.5808 21.5915 21.6083 21.619  21.6315 21.6452
 21.6604 21.6727 21.6851 21.6962 21.7118 21.7244 21.7466 21.7591 21.7718
 21.7851 21.7996 21.8106 21.821  21.8335 21.8442 21.8552 21.8661 21.8776
 21.891  21.905  21.923  21.9335 21.9467 21.9576 21.9699 21.9834 22.0011
 22.0156 22.0286 22.0396 22.0528 22.0675 22.081  22.0958 22.1063 22.1168
 22.1285 22.1401 22.1522 22.1639 22.1774 22.1887 22.2015 22.2157 22.2269
 22.2365 22.2516 22.2637 22.2791 22.2917 22.3035 22.3152 22.3308 22.3424
 22.3549 22.3714 22.3846 22.3983 22.4125 22.4239 22.4386 22.4516 22.4659
 22.4775 22.4932 22.5167 22.5353 22.5492 22.5678 22.5896 22.6119 22.6309
 22.6422 22.6584 22.6747 22.6972 22.7205 22.7454 22.7643 22.7848 22.8023
 22.8171 22.8353 22.8588 22.876  22.9004 22.923  22.9489 22.9781 22.9969
 23.0149 23.0564 23.0908 23.1743 23.2382 23.2768 23.3144 23.3608 23.4392
 23.4854 23.7779 27.5736 29.4974 29.6106 29.6689 29.7208 29.7567 29.7879
 29.827  29.8458 29.8699 29.9009 29.9203 29.949  29.9645 29.9903
30.0151 30.0322 30.0505 30.0617 30.078  30.1006 30.1157 30.134  30.1459
 30.1647 30.1878 30.2032 30.2171 30.2308 30.2433 30.2625 30.2755 30.2885
 30.3071 30.3218 30.3329 30.3475 30.3609 30.3732 30.3859 30.3989 30.4117
 30.4242 30.4329 30.4439 30.4558 30.4659 30.4792 30.4885 30.4992 30.5093
 30.5198 30.5332 30.5439 30.557  30.5672 30.5793 30.5895 30.6006 30.6111
 30.622  30.6331 30.6454 30.6588 30.6718 30.6848 30.6954 30.7057 30.7187
 30.7291 30.7398 30.7514 30.7632 30.7737 30.786  30.8049 30.8201 30.831
 30.8468 30.8611 30.8734 30.8845 30.896  30.9088 30.922  30.9382 30.9519
 30.9775 30.9928 31.0137 31.0285 31.0583 31.0738 31.0954 31.1114 31.1246
 31.1393 31.1523 31.1679 31.1862 31.1999 31.2234 31.2458 31.2633 31.2853
 31.3091 31.3495 31.3759 31.3933 31.4164 31.4434 31.4702 31.5018 31.5445
 31.5917 31.6247 31.7927 31.9326 32.0047 33.6178 36.5129 36.6275 36.9082
 37.2838 37.5154 37.6611 37.6916 37.7118 37.7315 37.7549 37.7854 37.8035
 37.827  37.9118 37.9354 37.9729 37.9896 38.014  38.033  38.0439 38.0597
 38.0722 38.0856 38.1051 38.1282 38.1427 38.1556 38.1699 38.1927 38.2097
 38.2246 38.2364 38.2505 38.2634 38.2767 38.2877 38.3029 38.315  38.3257
 38.339  38.3532 38.3668 38.3822 38.3951 38.4058 38.4178 38.428  38.4391
 38.45   38.461  38.4708 38.4804 38.4911 38.5013 38.5118 38.5232 38.5333
 38.5428 38.5528 38.5637 38.5733 38.5828 38.5923 38.6011 38.6101 38.6194
 38.6292 38.6402 38.6493 38.6591 38.6684 38.6784 38.6891 38.6996 38.7106
 38.7205 38.7324 38.7432 38.7529 38.7622 38.7709 38.7801 38.7907 38.7998
 38.8092 38.8183 38.8288 38.839  38.8482 38.8584 38.8704 38.8812 38.8923
 38.9025 38.9128 38.9226 38.9341 38.9436 38.9544 38.9641 38.976  38.9853
 38.995  39.0043 39.0159 39.0275 39.0407 39.0522 39.0648 39.0777 39.0911
 39.1054 39.1167 39.1282 39.1394 39.1507 39.1624 39.173  39.1847 39.1943
 39.2079 39.2202 39.2322 39.2451 39.2586 39.2712 39.2836 39.2997 39.3127
 39.3271 39.3392 39.3528 39.3707 39.3916 39.4091 39.423  39.4371 39.4493
 39.4613 39.482  39.5004 39.5156 39.5313 39.553  39.5704 39.5858 39.6047
 39.6305 39.6543 39.6874 39.7043 39.7293 39.772  39.8016 39.84   39.8662
 39.8983 39.9336 39.9669
40.0558 40.1157 44.7137 45.1459 45.5958 45.6411 45.6794 45.7034 45.7756
 45.8007 45.8197 45.8808 45.9016 45.9297 45.9503 45.9702 45.9858 45.999
 46.0297 46.0775 46.1023 46.1183 46.1405 46.1591 46.1758 46.2001 46.2189
 46.2337 46.2526 46.2665 46.278  46.2991 46.3097 46.3251 46.3382 46.35
 46.3621 46.3738 46.3848 46.3959 46.4073 46.4171 46.4306 46.4443 46.4559
 46.4655 46.4753 46.4862 46.4974 46.5108 46.524  46.5361 46.5475 46.5601
 46.5734 46.5877 46.6023 46.6116 46.6223 46.6326 46.6445 46.6563 46.6656
 46.6751 46.6879 46.6975 46.7079 46.7205 46.7381 46.747  46.757  46.7666
 46.776  46.7854 46.7941 46.8038 46.8137 46.825  46.8348 46.8457 46.8582
 46.8695 46.8798 46.8913 46.9027 46.9142 46.9302 46.9423 46.955  46.9681
 46.9786 46.9903 47.0055 47.0161 47.0273 47.0405 47.0548 47.0669 47.0809
 47.0934 47.1079 47.1203 47.1326 47.1527 47.1684 47.1815 47.198  47.2112
 47.226  47.2382 47.2547 47.2724 47.2916 47.3055 47.3202 47.3309 47.3433
 47.368  47.3863 47.3997 47.4145 47.4325 47.4569 47.4834 47.5036 47.5417
 47.5766 47.5934 47.6088 47.6309 47.6551 47.6851 47.7229 47.7615 47.7853
 47.8022 47.822  47.8448 47.8906 48.0961 48.1857
53.4801 53.5738 53.6029 53.6348 53.6855 53.7138 53.7508 53.7818 53.8113
 53.8363 53.8477 53.8747 53.8939 53.9189 53.9334 53.9607 53.9718 53.9875
 54.0037 54.0172 54.0328 54.0476 54.0592 54.0763 54.0942 54.1062 54.1173
 54.1337 54.144  54.1596 54.1724 54.1847 54.1954 54.2051 54.2164 54.2276
 54.2453 54.2619 54.2737 54.2841 54.294  54.3042 54.314  54.3252 54.3347
 54.3502 54.3612 54.3725 54.3849 54.3949 54.4065 54.4169 54.4299 54.4407
 54.4515 54.4616 54.4708 54.4807 54.4902 54.4995 54.5095 54.5204 54.5303
 54.5406 54.5487 54.5583 54.5688 54.5825 54.591  54.6017 54.6144 54.626
 54.6393 54.6504 54.661  54.6713 54.6828 54.6921 54.7028 54.7143 54.726
 54.7365 54.7474 54.7589 54.7705 54.7815 54.7919 54.8027 54.8144 54.8279
 54.8396 54.8512 54.8661 54.8766 54.8879 54.9011 54.9152 54.9274 54.94
 54.9547 54.9673 54.9788 54.9889 55.0011 55.0154 55.0279 55.0414 55.0546
 55.0669 55.0784 55.0909 55.1083 55.1228 55.1355 55.1511 55.1636 55.1786
 55.1919 55.2078 55.2211 55.2368 55.2499 55.2626 55.2829 55.2993 55.3207
 55.3347 55.3482 55.3658 55.3848 55.4042 55.4206 55.4483 55.4629 55.4785
 55.4948 55.532  55.557  55.5893 55.6101 55.6387 55.6634 55.6847 55.7089
 55.7352 55.7515 55.7857 55.8095 55.8736 55.9572 56.0005 56.0355 56.1258
60.9403 61.0477 61.4959 61.6054 61.6341 61.689  61.7229 61.7456 61.8284
 61.8706 61.8881 61.9019 61.9328 61.9521 61.9737 61.9925 62.0078 62.0262
 62.0474 62.075  62.0878 62.1026 62.117  62.1308 62.1533 62.1665 62.1793
 62.1957 62.2147 62.2287 62.2468 62.2629 62.2812 62.2943 62.3093 62.3209
 62.3349 62.3503 62.3641 62.3754 62.3863 62.3972 62.4086 62.4192 62.4295
 62.4416 62.4507 62.4597 62.4709 62.4819 62.4935 62.5034 62.515  62.5262
 62.5367 62.5498 62.5604 62.5714 62.5818 62.5956 62.6067 62.6166 62.6264
 62.6361 62.6508 62.6603 62.6739 62.6829 62.6942 62.7044 62.715  62.7256
 62.7362 62.7466 62.7559 62.7666 62.7766 62.7856 62.7953 62.805  62.8159
 62.8275 62.8364 62.847  62.8575 62.8674 62.8756 62.8865 62.8976 62.9117
 62.9225 62.9336 62.9428 62.9532 62.9629 62.9731 62.9844 62.9954 63.0112
 63.0255 63.0389 63.0507 63.0628 63.0747 63.0894 63.1056 63.117  63.1285
 63.1424 63.1552 63.1688 63.1875 63.2014 63.2163 63.2395 63.259  63.2726
 63.2835 63.2969 63.3134 63.3299 63.3442 63.3611 63.3793 63.3969 63.4105
 63.4293 63.4442 63.4644 63.4871 63.5019 63.5241 63.5455 63.5633 63.5793
 63.6041 63.6329 63.6953 63.7302 63.7576 63.7787 63.8243 63.8886 63.9797
 64.0416 64.0943 68.5262 69.8288 69.8499

