12.7132 13.1452 13.1788 13.2145 13.2713 13.3431 13.3689 13.4044 13.45
 13.4689 13.493  13.5116 13.5365 13.5522 13.5757 13.5982 13.6109 13.6273
 13.6501 13.6762 13.6929 13.7088 13.7226 13.7357 13.7532 13.7666 13.7887
 13.8036 13.8182 13.8299 13.8445 13.8652 13.8794 13.8927 13.9074 13.929
 13.9495 13.9642 13.9744 13.9847 14.0041 14.015  14.0292 14.046  14.0589
 14.0703 14.0838 14.095  14.1087 14.1213 14.1355 14.1503 14.1624 14.1727
 14.1842 14.1946 14.2054 14.2187 14.2301 14.2399 14.2512 14.2624 14.2738
 14.2863 14.2971 14.3062 14.3155 14.3245 14.3348 14.3435 14.3529 14.3628
 14.3721 14.3822 14.3921 14.402  14.4176 14.4275 14.4371 14.4499 14.4595
 14.4714 14.4808 14.4907 14.5008 14.5101 14.5198 14.5315 14.5404 14.5513
 14.5608 14.5698 14.5798 14.5895 14.5987 14.6091 14.6187 14.6289 14.6378
 14.6464 14.6561 14.6663 14.6778 14.689  14.6986 14.709  14.7194 14.7282
 14.7378 14.749  14.759  14.7694 14.7786 14.7882 14.7968 14.8083 14.8183
 14.8298 14.8394 14.8487 14.8587 14.8699 14.8801 14.8917 14.9025 14.9119
 14.9231 14.9333 14.9437 14.9555 14.9657 14.9761 14.9859 14.9947 15.0028
 15.0129 15.0229 15.0333 15.0417 15.0551 15.0659 15.0755 15.0864 15.0975
 15.1081 15.1185 15.1284 15.1397 15.1523 15.166  15.1797 15.1913 15.2038
 15.2152 15.228  15.2398 15.2503 15.267  15.2806 15.2942 15.3138 15.3274
 15.3407 15.3529 15.3654 15.3804 15.3921 15.4065 15.4251 15.4413 15.4546
 15.4717 15.4918 15.5066 15.5221 15.5453 15.5623 15.5838 15.6029 15.6357
 15.6696 15.7036 15.7286 15.7527 15.7779 15.7968 15.8213 15.8424 15.8669
 15.9017 15.9307 15.9568 16.0064 16.0389 16.0675 16.1026 16.1705
20.6691 21.4791 21.6732 21.7158 21.75   21.7994 21.8469 21.9179 21.9732
 22.0039 22.0337 22.0669 22.1247 22.1424 22.1707 22.1918 22.209  22.2208
 22.2448 22.2619 22.277  22.2898 22.3022 22.3166 22.3326 22.3506 22.3677
 22.3826 22.4015 22.415  22.4334 22.4514 22.4624 22.4768 22.4954 22.5066
 22.5179 22.5319 22.5493 22.5623 22.5735 22.5846 22.5991 22.6139 22.6288
 22.6428 22.6546 22.6659 22.678  22.6938 22.7039 22.715  22.7257 22.7354
 22.747  22.7578 22.7679 22.7777 22.7896 22.8041 22.8164 22.8273 22.8375
 22.8508 22.8621 22.8738 22.8851 22.8967 22.9071 22.9158 22.9258 22.937
 22.9469 22.9578 22.968  22.9794 22.9913 23.0008 23.0131 23.0244 23.0369
 23.0481 23.0599 23.0702 23.0796 23.0905 23.1028 23.1122 23.1251 23.136
 23.1476 23.1588 23.1683 23.1787 23.1883 23.1985 23.2104 23.2206 23.2317
 23.241  23.2518 23.2641 23.2752 23.2839 23.2957 23.3072 23.3239 23.3338
 23.348  23.3639 23.3851 23.397  23.4086 23.4214 23.4336 23.4475 23.459
 23.4695 23.4836 23.4982 23.5103 23.5228 23.5422 23.5584 23.5802 23.5932
 23.6074 23.6219 23.6368 23.649  23.6603 23.6742 23.6892 23.703  23.7172
 23.729  23.7447 23.7557 23.7685 23.7806 23.7922 23.8072 23.8272 23.8434
 23.8589 23.875  23.8935 23.9082 23.9276 23.9436 23.9596 23.9751 23.9944
 24.01   24.026  24.0417 24.0577 24.0743 24.0928 24.1134 24.1316 24.1629
 24.1962 24.2179 24.2495 24.2707 24.2949 24.318  24.3628 24.4588 24.5246
 29.5849 29.7017 29.7843 29.8116 29.8329 29.8853 29.9524 29.99
30.0732 30.0991 30.1372 30.1596 30.1851 30.2137 30.2333 30.2501 30.2724
 30.2878 30.316  30.3298 30.3465 30.3809 30.4099 30.4314 30.4471 30.4748
 30.4947 30.5164 30.5297 30.5472 30.577  30.5967 30.6094 30.622  30.6424
 30.6575 30.6727 30.6856 30.7046 30.7162 30.7282 30.7398 30.754  30.7662
 30.7799 30.7936 30.8098 30.823  30.8335 30.8503 30.8649 30.8752 30.8871
 30.899  30.908  30.9183 30.9284 30.9421 30.9524 30.963  30.9748 30.987
 30.9989 31.0106 31.023  31.036  31.047  31.0602 31.0738 31.0844 31.0947
 31.1057 31.1171 31.1289 31.1395 31.1493 31.1606 31.1716 31.1827 31.198
 31.2103 31.2205 31.2304 31.2429 31.2546 31.2651 31.2745 31.2847 31.2952
 31.3039 31.3134 31.3241 31.3342 31.3432 31.3547 31.3647 31.3751 31.388
 31.3988 31.4103 31.4277 31.4468 31.4586 31.4692 31.4818 31.4923 31.5044
 31.517  31.5292 31.5419 31.5561 31.57   31.5821 31.5973 31.6123 31.6274
 31.6408 31.6549 31.6726 31.6851 31.6978 31.7106 31.729  31.7439 31.7602
 31.7725 31.7864 31.8035 31.817  31.8326 31.8453 31.8612 31.8754 31.892
 31.9092 31.9223 31.9349 31.9487 31.9649 31.985  32.0111 32.0279 32.0456
 32.0609 32.0778 32.0942 32.1065 32.1353 32.1666 32.1963 32.2229 32.282
 32.3119 32.3362 32.3611 32.5014 32.5677 32.5992 37.2058 38.113  38.1677
 38.2019 38.2399 38.2723 38.3227 38.3978 38.4504 38.5378 38.5552 38.5732
 38.6096 38.6272 38.6542 38.6721 38.6955 38.7244 38.7577 38.7848 38.8234
 38.8387 38.8544 38.8718 38.8969 38.933  38.9494 38.9707 38.9883 39.0065
 39.0249 39.0418 39.0548 39.0675 39.0848 39.1024 39.1224 39.1365 39.1477
 39.1634 39.1831 39.1985 39.2136 39.2268 39.2477 39.259  39.2714 39.2834
 39.2971 39.3082 39.3202 39.3315 39.3435 39.3579 39.3745 39.3876 39.4037
 39.4172 39.4301 39.4487 39.4639 39.4782 39.4905 39.5067 39.5225 39.5416
 39.561  39.573  39.5874 39.5995 39.6121 39.6247 39.6431 39.6596 39.6726
 39.6857 39.7044 39.7168 39.7315 39.7472 39.7623 39.7792 39.8045 39.8206
 39.8386 39.8554 39.8671 39.8837 39.8973 39.9131 39.9309 39.9444 39.9594
 39.9718 39.9949
40.0172 40.0326 40.0602 40.0756 40.0891 40.1133 40.1365 40.1602 40.1862
 40.2114 40.2375 40.2549 40.274  40.2982 40.3225 40.3446 40.3699 40.405
 40.4416 40.4764 40.5503 40.6859 40.8139 40.9576 45.8456 46.0905 46.3704
 46.4053 46.4999 46.5666 46.6499 46.7263 46.76   46.835  46.8567 46.8784
 46.9609 46.9792 46.9967 47.0195 47.0435 47.0566 47.078  47.0948 47.1158
 47.1298 47.1506 47.1734 47.186  47.2013 47.2187 47.2399 47.252  47.2668
 47.2831 47.2963 47.3081 47.322  47.339  47.3573 47.3693 47.3826 47.3944
 47.4095 47.4196 47.4305 47.446  47.4603 47.4719 47.4825 47.4935 47.5064
 47.5167 47.5262 47.5381 47.5479 47.5592 47.5683 47.5791 47.59   47.6002
 47.6109 47.6231 47.6344 47.6452 47.6562 47.6663 47.6755 47.6855 47.6944
 47.704  47.7136 47.7242 47.734  47.7454 47.7583 47.768  47.7785 47.7891
 47.7995 47.8106 47.8211 47.8354 47.8448 47.8553 47.8665 47.8766 47.8882
 47.8979 47.9087 47.9177 47.9269 47.9368 47.9467 47.9554 47.9673 47.9771
 47.9872 47.9973 48.0081 48.019  48.0295 48.0411 48.0536 48.065  48.0759
 48.0861 48.0953 48.105  48.1139 48.1244 48.1346 48.1448 48.1552 48.1667
 48.177  48.1871 48.1974 48.2093 48.2188 48.2282 48.2388 48.2505 48.2611
 48.2705 48.2818 48.2931 48.303  48.3134 48.3232 48.335  48.3497 48.362
 48.3718 48.3823 48.3916 48.4016 48.4119 48.423  48.4327 48.446  48.4577
 48.4686 48.4805 48.4938 48.5049 48.5144 48.5246 48.5355 48.5464 48.5579
 48.5726 48.5852 48.5964 48.6064 48.6178 48.6291 48.6398 48.6502 48.6618
 48.6734 48.685  48.6966 48.7081 48.7203 48.7322 48.7448 48.7611 48.7738
 48.7858 48.7984 48.8153 48.8276 48.8413 48.8542 48.8686 48.8895 48.9048
 48.9232 48.9375 48.9544 48.9742 48.9891 49.0084 49.0283 49.0495 49.0678
 49.0943 49.1186 49.1424 49.1647 49.1828 49.221  49.2467 49.2832 49.3104
 49.3546 49.4738
54.3318 54.8466 54.8714 54.8942 54.9774 55.0629 55.0787 55.1729 55.2429
 55.2752 55.3004 55.3154 55.3279 55.3535 55.3786 55.3954 55.4198 55.4366
 55.4542 55.4724 55.4938 55.5052 55.524  55.5394 55.5514 55.5663 55.5794
 55.5937 55.6066 55.6186 55.6334 55.6439 55.6576 55.6703 55.6872 55.6983
 55.7135 55.726  55.7403 55.7551 55.7752 55.7856 55.7983 55.823  55.8407
 55.857  55.8686 55.8809 55.8915 55.9051 55.9177 55.9353 55.9488 55.9609
 55.9734 55.9916 56.0039 56.018  56.029  56.0398 56.0528 56.0672 56.0832
 56.1039 56.1177 56.1303 56.1415 56.1513 56.1654 56.1768 56.1898 56.202
 56.2164 56.2287 56.2435 56.2576 56.2704 56.2844 56.2982 56.3092 56.3253
 56.3393 56.3506 56.3643 56.3792 56.3952 56.407  56.4194 56.431  56.4494
 56.4665 56.4818 56.4944 56.5137 56.5313 56.5487 56.5649 56.5861 56.6003
 56.6127 56.6265 56.6417 56.6558 56.6705 56.685  56.7009 56.7128 56.7286
 56.7461 56.7608 56.7825 56.8005 56.8189 56.8499 56.867  56.8823 56.898
 56.9416 56.9584 56.9985 57.0293 57.0514 57.1225 57.1455 57.1773 57.2369
 57.27   57.4057 57.4501 57.5169
62.0558 62.5925 62.7219 62.7605 62.7993 62.884  62.9585 62.9856 63.0254
 63.0479 63.0788 63.1069 63.1438 63.1658 63.1926 63.2092 63.2289 63.2453
 63.2615 63.2773 63.2922 63.3075 63.3298 63.3644 63.3869 63.4082 63.4313
 63.449  63.4642 63.4798 63.4936 63.5276 63.5416 63.5579 63.5754 63.5896
 63.6034 63.6175 63.6332 63.6443 63.6647 63.689  63.7024 63.7173 63.7289
 63.7421 63.7543 63.7659 63.7798 63.7903 63.8058 63.8217 63.8337 63.8467
 63.8624 63.8809 63.8988 63.9107 63.9218 63.9318 63.9444 63.9547 63.9656
 63.977  63.9926 64.0041 64.0162 64.0262 64.0367 64.0496 64.0614 64.077
 64.088  64.0989 64.1108 64.1228 64.1358 64.1484 64.1602 64.1706 64.1835
 64.1958 64.2072 64.217  64.228  64.2393 64.2517 64.2629 64.2746 64.2854
 64.2964 64.3066 64.3169 64.3284 64.3411 64.3542 64.3669 64.3793 64.3901
 64.4017 64.4124 64.4245 64.4359 64.4465 64.4575 64.4695 64.4789 64.4921
 64.5031 64.5145 64.5258 64.539  64.5524 64.5676 64.5799 64.5952 64.6064
 64.621  64.6314 64.6433 64.6537 64.6661 64.6811 64.6975 64.7105 64.7268
 64.7411 64.7597 64.771  64.7834 64.7944 64.8093 64.8241 64.8376 64.8572
 64.8719 64.8836 64.8995 64.916  64.9346 64.95   64.9656 64.9792 64.9987
 65.0173 65.0345 65.0617 65.0878 65.1147 65.1311 65.1506 65.1695 65.1916
 65.2095 65.2448 65.2905 65.3148 65.3506 65.3811 65.4218 65.5258

