11.4678 12.3302 12.7698 12.8714 12.9359 12.9939 13.1009 13.1347 13.1638
 13.2779 13.4938 13.528  13.6189 13.6503 13.7487 13.8619 19.9395
20.4858 20.5459 20.9841 21.2661 21.3059 21.5264 21.5566 21.8892 21.981
 22.166  22.2476 27.9174 29.3097 29.4201 29.5174 29.5468 29.8256 29.9865
30.0441 30.1097 30.1576 30.3306 30.4437 36.8881 37.7339 38.0299 38.0623
 38.2791 38.4095
44.7715 46.2385 46.3112 46.3833 46.4918 46.5113 46.6453 46.8573 46.9145
 46.9335 47.2353 47.3205
53.1923 53.6684 54.5759 54.6278 54.7982 54.8361 54.8776 54.9279 54.9874
 55.0141 55.0333 55.0504 55.0629 55.1595 55.2107 55.227
62.379  62.8681 62.8817 63.0493 63.1313 63.2457 63.2767 63.4163 67.4138

