13.044  13.0809 13.2029 13.2448 13.3547 13.4336 13.4938 13.6107 13.6871
 13.7604 13.7834 13.8038 13.9676 13.9855 13.9973 14.4329 19.5647
21.8809 21.9666 22.1787 22.1929 22.2568 22.339  22.45   22.5607 22.5857
 22.7291 28.4949 29.8869 29.9715
30.011  30.0576 30.0809 30.1171 30.1482 30.3135 30.4626 30.672  38.3997
 38.5153 38.5334 38.5959 38.6639 38.8912 38.9904 39.0329
45.2434 46.6479 46.7638 46.7824 46.9554 47.1673 47.37   47.4312 47.4617
 47.4862 47.5121 47.6094 47.6948 47.9019
53.8759 54.0269 54.5158 54.7387 54.8227 55.0233 55.2175 55.2371 55.3076
 55.3576 55.3788 55.537  55.6002 55.6189 55.7451
62.282  62.5889 62.8528 62.951  63.1989 63.2228 63.2629 63.3564 63.4418
 63.5731 63.6325 63.6689

