13.0449 13.0819 13.2379 13.2991 13.3626 13.3929 13.4646 13.4875 13.5306
 13.5522 13.5666 13.6144 13.6349 13.6552 13.6837 13.7291 13.7582 13.7848
 13.8225 13.8343 13.8489 13.8749 13.8921 13.9154 13.9294 13.9474 13.9679
 13.9921 14.011  14.0237 14.0375 14.0507 14.0682 14.0828 14.0962 14.1088
 14.1258 14.139  14.1588 14.1815 14.1981 14.2135 14.226  14.2366 14.2501
 14.2622 14.2763 14.2865 14.3024 14.3179 14.3325 14.3445 14.3571 14.3716
 14.385  14.4055 14.4199 14.4366 14.4517 14.4612 14.4816 14.4924 14.5052
 14.5155 14.5318 14.5489 14.5586 14.5696 14.5839 14.5972 14.6078 14.6206
 14.6547 14.6936 14.7246 14.7367 14.7519 14.7694 14.8593
21.3242 21.4747 21.686  21.7789 21.8815 21.9044 21.9387 21.9769 22.068
 22.0892 22.126  22.1501 22.1738 22.201  22.2304 22.2456 22.2603 22.2817
 22.2959 22.3149 22.3308 22.3536 22.3878 22.4169 22.4374 22.458  22.4705
 22.4958 22.5129 22.5318 22.5465 22.5659 22.6005 22.6133 22.6264 22.6392
 22.656  22.6734 22.6895 22.7046 22.7205 22.7346 22.7486 22.762  22.7751
 22.7884 22.8057 22.8235 22.8476 22.8681 22.8857 22.8996 22.9383 22.9541
 22.9653 22.9801 22.9988 23.0105 23.0243 23.0434 23.0549 23.0894 23.1063
 23.1224 23.1494 23.2159 23.2618 23.3446 23.3629
30.0903 30.1387 30.161  30.2122 30.2296 30.2876 30.3414 30.3626 30.39
 30.4062 30.4274 30.446  30.4752 30.5042 30.5264 30.5475 30.5654 30.5852
 30.6097 30.6302 30.6485 30.6698 30.6891 30.7175 30.7301 30.7459 30.7699
 30.7844 30.8023 30.8164 30.8276 30.8494 30.8692 30.8828 30.8969 30.9093
 30.9217 30.9354 30.9491 30.9627 31.0102 31.0435 31.0606 31.0881 31.1095
 31.1224 31.1427 31.1555 31.1706 31.1977 31.2123 31.2366 31.2498 31.2674
 31.2992 31.3195 31.3778 31.4503 37.9878 38.0259 38.2108 38.3373 38.4196
 38.5264 38.5515 38.6518 38.6823 38.7023 38.7258 38.7628 38.7874 38.8554
 38.8739 38.896  38.9194 38.9396 38.9578 38.9833 39.011  39.0257 39.0681
 39.0955 39.1111 39.1377 39.1537 39.1733 39.1877 39.2028 39.2208 39.2714
 39.3049 39.3235 39.3471 39.3723 39.419  39.4492 39.4638 39.4959 39.5386
 39.714  39.8523
46.1027 46.9064 46.9389 46.9657 46.9853 47.0082 47.0481 47.0716 47.0957
 47.1109 47.1384 47.1629 47.1767 47.2051 47.2206 47.2397 47.2643 47.2845
 47.2995 47.3141 47.3277 47.3482 47.3707 47.3872 47.4103 47.4242 47.4363
 47.4483 47.4674 47.4799 47.4984 47.5151 47.5304 47.541  47.5523 47.5702
 47.5839 47.5952 47.6085 47.6206 47.6378 47.652  47.6691 47.6835 47.6988
 47.7265 47.7395 47.7516 47.7637 47.7805 47.7973 47.8114 47.8343 47.8454
 47.8574 47.8682 47.878  47.895  47.9105 47.9196 47.9315 47.9598 47.9749
 47.9887 48.0086 48.0256 48.0451 48.0801 48.0931 48.1062 48.1245 48.1474
 48.1984 48.2324
54.1495 54.7775 54.9516 54.9959 55.1346 55.2223 55.2707 55.2898 55.336
 55.3653 55.4042 55.4311 55.4712 55.4871 55.5067 55.5259 55.5506 55.5706
 55.5875 55.6104 55.6249 55.6435 55.6562 55.6788 55.7091 55.7421 55.7591
 55.7694 55.7826 55.7966 55.8106 55.8274 55.8443 55.8598 55.876  55.8947
 55.9125 55.9362 55.9497 55.9726 55.9881 56.0406 56.0755 56.1309 56.1429
 56.1647 56.2081 56.2441 56.3283 56.3502 56.3852
61.9192 62.6433 62.8165 62.9245 63.1348 63.2422 63.278  63.3113 63.3288
 63.3528 63.3737 63.4031 63.4232 63.4412 63.4928 63.5126 63.5345 63.6008
 63.6185 63.6358 63.6553 63.6748 63.6932 63.7049 63.7211 63.735  63.7519
 63.7679 63.7862 63.8037 63.8219 63.8387 63.8619 63.8781 63.8936 63.9032
 63.9174 63.9352 63.9508 63.9632 63.9769 63.9912 64.0165 64.0336 64.0459
 64.0598 64.0783 64.0932 64.1069 64.1257 64.1402 64.1592 64.1743 64.1931
 64.2119 64.2234 64.2469 64.2641 64.2861 64.2981 64.4132

