12.6663 12.7378 12.9517 13.0428 13.0852 13.1158 13.1501 13.2269 13.2442
 13.2749 13.2959 13.3241 13.3577 13.3744 13.3899 13.4064 13.4268 13.4448
 13.461  13.496  13.5179 13.5426 13.56   13.573  13.5888 13.6116 13.6266
 13.6406 13.655  13.6693 13.6859 13.7144 13.7326 13.7441 13.7609 13.7726
 13.7894 13.8022 13.8243 13.8363 13.8505 13.8661 13.8771 13.8889 13.9031
 13.9138 13.9238 13.9357 13.9468 13.9587 13.9684 13.9796 13.9909 14.0013
 14.0105 14.0194 14.0292 14.0383 14.0486 14.0587 14.0716 14.0806 14.0934
 14.1058 14.1161 14.1263 14.138  14.1473 14.1578 14.1681 14.1784 14.1887
 14.1985 14.2088 14.2186 14.2278 14.2376 14.2476 14.2569 14.2664 14.2755
 14.2848 14.2937 14.3043 14.3131 14.3224 14.3308 14.339  14.3488 14.3579
 14.3659 14.3745 14.3828 14.3922 14.4035 14.4126 14.4225 14.431  14.4408
 14.4496 14.459  14.4686 14.4781 14.4867 14.4963 14.5056 14.5159 14.5259
 14.5362 14.5459 14.5552 14.5644 14.5729 14.582  14.5908 14.5997 14.61
 14.6207 14.6307 14.6398 14.6505 14.6598 14.6701 14.6826 14.6938 14.7042
 14.7135 14.7238 14.7343 14.7457 14.7569 14.7664 14.7756 14.7857 14.7971
 14.8066 14.8172 14.8274 14.839  14.8503 14.8607 14.8705 14.8799 14.8927
 14.9044 14.9165 14.9272 14.9382 14.9497 14.961  14.9729 14.9833 14.9947
 15.005  15.0175 15.0285 15.0385 15.05   15.0623 15.0727 15.0823 15.093
 15.1071 15.1198 15.1333 15.145  15.1557 15.1671 15.1786 15.1932 15.2058
 15.2197 15.2313 15.2411 15.2525 15.2674 15.289  15.3043 15.3211 15.3402
 15.3545 15.3765 15.3993 15.423  15.4417 15.4632 15.4876 15.532  15.5868
 15.6209 15.7177 16.6355 19.918
20.6193 21.3724 21.4122 21.6218 21.6856 21.7156 21.7768 21.8237 21.8565
 21.8741 21.9138 21.9441 21.9608 21.98   21.9953 22.0253 22.0593 22.08
 22.0913 22.104  22.1219 22.1359 22.1526 22.1674 22.1815 22.2005 22.2122
 22.2282 22.243  22.2593 22.2699 22.2823 22.2921 22.305  22.321  22.3381
 22.3493 22.3613 22.3738 22.3856 22.3963 22.4077 22.4176 22.4286 22.4406
 22.4519 22.4624 22.4756 22.4871 22.4993 22.5107 22.5208 22.5318 22.5422
 22.5542 22.5653 22.5762 22.5856 22.5989 22.608  22.6189 22.6311 22.6403
 22.6511 22.6614 22.6721 22.6843 22.6953 22.7046 22.7152 22.7272 22.7385
 22.7478 22.7581 22.7679 22.7782 22.7891 22.7986 22.8095 22.8193 22.8275
 22.8372 22.8462 22.8549 22.8652 22.8735 22.8839 22.8942 22.9028 22.9158
 22.9262 22.9355 22.9482 22.9598 22.9717 22.9843 22.9951 23.0055 23.0168
 23.0257 23.0375 23.048  23.0596 23.0703 23.0799 23.0887 23.099  23.1121
 23.1233 23.1352 23.1441 23.1537 23.1656 23.1777 23.187  23.1986 23.2091
 23.2211 23.2322 23.2466 23.2583 23.2709 23.2819 23.2927 23.3052 23.3172
 23.328  23.3407 23.3509 23.3606 23.3726 23.3846 23.3956 23.409  23.4203
 23.4327 23.4462 23.4599 23.4726 23.4859 23.4975 23.511  23.523  23.5353
 23.5485 23.559  23.5713 23.588  23.6032 23.6159 23.633  23.6464 23.6609
 23.674  23.6863 23.6996 23.7178 23.7402 23.7558 23.7793 23.8062 23.8314
 23.87   23.9024 23.9367 23.9618 24.0754 27.6847 28.4475 29.2223 29.3027
 29.3346 29.6163 29.6403 29.7393 29.7977 29.8971 29.9139 29.9334 29.9516
30.0491 30.0788 30.1048 30.1335 30.1479 30.1619 30.1765 30.2032 30.2191
 30.2434 30.2778 30.2932 30.3077 30.3222 30.3342 30.3492 30.3634 30.3821
 30.4015 30.4377 30.4518 30.4656 30.483  30.4956 30.5132 30.5281 30.5394
 30.5517 30.562  30.5729 30.5861 30.5995 30.612  30.6281 30.6387 30.653
 30.6644 30.679  30.6906 30.7018 30.7132 30.7226 30.7322 30.7421 30.7517
 30.7625 30.7722 30.7832 30.7948 30.8049 30.8139 30.8247 30.8342 30.8441
 30.8532 30.8631 30.8728 30.884  30.8956 30.9085 30.919  30.9288 30.9394
 30.9512 30.9628 30.9724 30.9818 30.9977 31.0083 31.0183 31.027  31.0387
 31.0483 31.0574 31.0685 31.0788 31.0909 31.1024 31.1129 31.1277 31.1398
 31.1495 31.1618 31.1756 31.1854 31.1952 31.2061 31.2172 31.227  31.2384
 31.2498 31.2602 31.2694 31.2799 31.292  31.3024 31.313  31.3237 31.3347
 31.346  31.3556 31.3656 31.378  31.3885 31.3993 31.4122 31.4229 31.434
 31.4447 31.4563 31.466  31.4783 31.4899 31.5015 31.5141 31.5273 31.5443
 31.5552 31.5678 31.5785 31.5895 31.6029 31.617  31.6309 31.6465 31.6608
 31.6717 31.6828 31.6948 31.7086 31.7234 31.7379 31.7547 31.7694 31.7855
 31.8009 31.8195 31.8352 31.8543 31.8747 31.9085 31.935  31.9536 31.9924
 32.0212 32.0526 37.631  37.8793 37.9891 38.0926 38.1193 38.1727 38.2758
 38.2966 38.3235 38.3411 38.3611 38.3854 38.4056 38.4378 38.4674 38.4939
 38.5189 38.5415 38.5622 38.5769 38.5929 38.6087 38.6249 38.6386 38.6526
 38.6674 38.696  38.7113 38.7262 38.7565 38.7713 38.7876 38.8037 38.817
 38.8311 38.8453 38.8607 38.8708 38.8835 38.8953 38.9079 38.9197 38.9345
 38.9514 38.9742 38.9893 39.006  39.0249 39.0401 39.0566 39.0782 39.0923
 39.1055 39.1196 39.132  39.1443 39.1566 39.17   39.1814 39.1938 39.2085
 39.2206 39.2331 39.2458 39.2565 39.2694 39.2796 39.2922 39.3093 39.3199
 39.3327 39.3469 39.3579 39.3683 39.3823 39.3926 39.4078 39.4191 39.4339
 39.4475 39.4621 39.4887 39.5008 39.5129 39.5282 39.5409 39.5533 39.5662
 39.5789 39.5923 39.6047 39.6188 39.6371 39.6508 39.6667 39.6825 39.6993
 39.7135 39.7268 39.7527 39.7679 39.7846 39.7972 39.8139 39.8248 39.8416
 39.8662 39.8902 39.9044 39.9181 39.9323 39.9531 39.9702 39.9921
40.0178 40.065  40.0986 40.1227 40.1543 40.2097 40.2615 40.2972 45.8812
 46.3757 46.4759 46.4918 46.5459 46.6014 46.6278 46.6698 46.6902 46.7268
 46.7593 46.7798 46.8019 46.8181 46.8306 46.8513 46.8688 46.8824 46.9019
 46.9165 46.9347 46.9521 46.9735 46.9895 47.0032 47.0168 47.0305 47.043
 47.0587 47.0712 47.0845 47.0998 47.1129 47.13   47.1474 47.1599 47.1758
 47.1873 47.2004 47.2111 47.2243 47.2371 47.2483 47.259  47.2718 47.2834
 47.2945 47.3048 47.3157 47.3265 47.3412 47.3524 47.3639 47.3753 47.3851
 47.3961 47.4063 47.4163 47.428  47.4375 47.4467 47.4562 47.4655 47.4746
 47.4835 47.4928 47.5039 47.514  47.5242 47.5343 47.546  47.557  47.5663
 47.5757 47.5857 47.5959 47.6044 47.614  47.6264 47.6357 47.6453 47.6552
 47.6639 47.6737 47.6824 47.6925 47.7013 47.713  47.7231 47.734  47.7443
 47.7538 47.763  47.7719 47.7812 47.7897 47.7994 47.8073 47.8163 47.8253
 47.8363 47.848  47.8581 47.8679 47.8771 47.8874 47.8972 47.9063 47.9157
 47.9253 47.9349 47.9436 47.9524 47.9622 47.9721 47.9832 47.9922 48.0019
 48.0119 48.0204 48.0304 48.0391 48.0481 48.0578 48.0685 48.079  48.0896
 48.1002 48.1105 48.1224 48.1344 48.1449 48.1557 48.1665 48.1767 48.1871
 48.1958 48.2062 48.216  48.2268 48.2371 48.2477 48.2588 48.2694 48.2803
 48.2896 48.2998 48.3119 48.3223 48.3333 48.3447 48.3546 48.367  48.379
 48.3907 48.4011 48.4114 48.4229 48.4338 48.4438 48.4553 48.4705 48.4822
 48.4979 48.51   48.5231 48.5334 48.5453 48.5592 48.5713 48.5823 48.5961
 48.6088 48.6218 48.6332 48.647  48.6587 48.6742 48.6897 48.7126 48.7274
 48.749  48.7648 48.7965 48.8207 48.8712 48.9042 48.9328 48.971  49.0773
50.2602 54.4647 54.5961 54.7139 54.7632 54.7951 54.823  54.8666 54.9031
 54.9676 54.9884 55.0138 55.0343 55.0759 55.0982 55.1226 55.1525 55.188
 55.2146 55.235  55.2629 55.2824 55.2965 55.3159 55.3327 55.3506 55.3725
 55.3829 55.3957 55.41   55.4287 55.4453 55.4588 55.4727 55.4844 55.502
 55.5143 55.5305 55.5419 55.5529 55.565  55.5784 55.5897 55.6072 55.6225
 55.634  55.6465 55.6629 55.6789 55.6906 55.7073 55.7202 55.7344 55.7468
 55.7577 55.7675 55.7769 55.7882 55.7997 55.8104 55.828  55.8386 55.8488
 55.8617 55.8724 55.8847 55.8974 55.9069 55.9206 55.9339 55.9465 55.9584
 55.9699 55.9831 55.9983 56.0091 56.0223 56.0366 56.0487 56.0627 56.0762
 56.0895 56.1025 56.1192 56.1373 56.1518 56.1642 56.1803 56.1924 56.204
 56.2166 56.2306 56.2449 56.2622 56.2758 56.2883 56.3044 56.3223 56.3369
 56.3511 56.3628 56.3774 56.3892 56.4016 56.4136 56.4287 56.4399 56.4627
 56.4778 56.4902 56.5038 56.5206 56.5392 56.5547 56.5716 56.5893 56.6037
 56.6187 56.6377 56.6621 56.6787 56.703  56.7479 56.7714 56.8025 56.8304
 56.8656 56.9184 56.9682 57.0014 57.1098
62.3397 62.3652 62.5571 62.6726 62.7044 62.7436 62.8228 62.8547 62.8747
 62.9049 62.9248 62.9671 62.9876 63.0317 63.0734 63.0922 63.1157 63.1315
 63.1617 63.1904 63.2114 63.2256 63.2423 63.2574 63.2743 63.2934 63.3071
 63.3281 63.3473 63.3704 63.3851 63.3991 63.4181 63.4338 63.4497 63.4626
 63.4802 63.4948 63.5115 63.5297 63.5453 63.5652 63.5807 63.5973 63.61
 63.6242 63.6391 63.656  63.6684 63.6802 63.6921 63.7034 63.7167 63.7269
 63.7386 63.749  63.7606 63.7761 63.7867 63.7959 63.8066 63.8182 63.8286
 63.8403 63.8516 63.8614 63.8725 63.8839 63.8963 63.9077 63.9199 63.9316
 63.9441 63.9548 63.9662 63.9776 63.9892 64.0015 64.0126 64.0223 64.0323
 64.0422 64.0543 64.0648 64.0754 64.0858 64.0958 64.1054 64.117  64.129
 64.1406 64.1511 64.1634 64.1773 64.1895 64.2019 64.2133 64.2255 64.2429
 64.2565 64.2711 64.2823 64.2931 64.3039 64.3169 64.3301 64.3404 64.3523
 64.3637 64.3754 64.3893 64.403  64.4161 64.4291 64.4404 64.454  64.4657
 64.4772 64.4902 64.5014 64.518  64.5346 64.5508 64.5635 64.5753 64.5917
 64.605  64.619  64.6345 64.6543 64.6676 64.6882 64.7081 64.7239 64.7379
 64.7533 64.7715 64.7849 64.7999 64.8197 64.8477 64.8731 64.8934 64.9274
 64.9675 65.0912 65.2323

