12.0259 12.4766 12.5316 12.853  13.0031 13.0628 13.0854 13.1029 13.1336
 13.1566 13.2176 13.3492 13.3638 13.3937 13.4064 13.4763 13.5482 13.5714
 13.5988 13.6473 13.6632 13.6888 13.7158 13.7466 13.7727 13.8035 13.8344
 13.8507 13.8674 13.8915 13.9274 13.9566 14.0073 14.0254 14.2192
20.9726 21.1337 21.3194 21.3885 21.8107 21.8673 21.9897 22.2425 22.298
 22.3195 22.3471 22.3729 22.4293 22.4636 22.4872 22.5418 22.5579 22.5821
 22.6655 22.6838 22.6965 22.7259 22.753  22.8052 22.8382 22.8486 22.8781
 22.896  22.9117 22.9245 22.9423 22.9522 22.9695 22.9932 23.0061 23.0219
 23.0418 23.0673 23.0878 23.1185 23.1361 23.172  23.1849 23.2098 23.2652
 23.286  23.3338 23.3552 23.3777 23.3964 23.4515 23.5108 29.4131
30.8348 30.8544 30.9824 31.1434 31.3463 31.381  31.5198 31.5968 31.6157
 31.6517 31.6813 31.7003 31.7928 31.8134 31.8593 31.9062 31.9185 31.9399
 31.954  31.9657 31.9991 32.0423 32.0613 32.0938 32.1304 32.1532 32.212
 32.2262 32.2532 32.3019 32.3189 32.338  32.3645 32.3941 32.4134 32.441
 32.4689 32.5569 32.5875 39.3295 39.4849 39.8782
40.3031 40.4594 40.7118 41.0556 41.099  41.1343 41.1845 41.2344 41.258
 41.3156 41.3409 41.4126 41.4404 41.4562 41.5322 41.5656 41.5895 41.6227
 41.659  41.6754 41.7012 41.7186 41.7343 41.7533 41.7677 41.9122 42.0007
 42.0175 42.0447 42.1121 42.2526 49.5049 49.6161
50.0155 50.1257 50.164  50.1895 50.2088 50.281  50.3098 50.3398 50.3688
 50.521  50.5808 50.5952 50.6116 50.6281 50.6889 50.7124 50.7721 50.7979
 50.8405 50.8577 50.8744 50.9367 50.9616 51.0263 51.0565 51.0857 57.0678
 57.8812 58.0154 58.3306 58.5416 58.5991 58.7824 58.8071 58.8413 58.9004
 58.9705 59.0277 59.0648 59.1007 59.1146 59.2721 59.344  59.444  59.4884
 59.5075 59.5243 59.5408 59.5608 59.6081 59.6247 59.655  59.6647 59.6853
 59.696  59.7136 59.7283 59.7558 59.7829 59.8004 59.8722 59.8861 59.907
 59.9328 59.9894
60.0166 60.0334 60.0622 60.0801 60.093  60.1037 60.1843 60.206  60.2369
 60.2529 60.293  60.3722 68.0866 68.3563 68.4074 68.46   68.6073 68.6635
 68.6915 68.71   68.7451 68.7762 68.8374 68.8582 68.8963 68.9112 68.9377
 68.9536 68.9879 69.0797 69.1165 69.2717 69.2878 69.3089 69.34   69.4279
 69.4868 69.5599

