12.3022 12.4072 12.5358 12.6814 12.7775 12.8616 12.8791 12.8974 12.922
 12.9757 13.0004 13.0178 13.0427 13.0654 13.0778 13.1003 13.1224 13.1823
 13.2024 13.217  13.2327 13.2452 13.2634 13.2832 13.2988 13.3335 13.3447
 13.3777 13.3899 13.4114 13.4251 13.4383 13.4578 13.4741 13.4874 13.4986
 13.5142 13.5337 13.5641 13.578  13.5928 13.6066 13.6285 13.6517 13.6741
 13.6867 13.7033 13.7174 13.7385 13.7735 13.7994 13.8169 13.8319 13.8469
 13.8602 13.8832 13.9014 13.9561 13.9726 13.9875 14.0129 14.0264 14.0386
 14.0539 14.0673 14.0791 14.0894 14.1012 14.1196 14.1374 14.1705 14.2154
 14.3591
20.8773 21.2794 21.6214 21.7184 21.7674 21.8603 21.9279 21.9685 22.0013
 22.0506 22.0736 22.0951 22.1246 22.1667 22.2123 22.3022 22.3198 22.3331
 22.3503 22.3796 22.3931 22.4074 22.4184 22.4341 22.4649 22.4847 22.5074
 22.5189 22.5332 22.5491 22.5945 22.6131 22.6267 22.6393 22.6525 22.6826
 22.6981 22.7105 22.7263 22.7548 22.7709 22.7885 22.8007 22.8154 22.8313
 22.8565 22.8693 22.8805 22.899  22.9107 22.9244 22.9432 22.9609 22.9808
 23.0001 23.0125 23.0602 23.0798 23.0933 23.1112 23.1317 23.1751 23.192
 23.2263 23.2526 23.2696 23.2826 23.2917 23.3067 23.3188 23.3528 23.3723
 23.4045 23.4361 23.4535 23.4828 23.4985 23.5124 23.535  29.0483 29.9384
30.5655 30.6847 30.7312 30.8074 31.0649 31.2209 31.2484 31.2757 31.3092
 31.3311 31.4159 31.4515 31.4912 31.5174 31.5398 31.6029 31.6308 31.6514
 31.6786 31.6989 31.7261 31.7446 31.7635 31.7848 31.8214 31.8426 31.8624
 31.8781 31.8887 31.8999 31.925  31.9426 31.9625 31.9779 31.9933 32.0193
 32.0361 32.0501 32.0612 32.0715 32.0835 32.0954 32.11   32.1249 32.1362
 32.1459 32.1621 32.1761 32.1892 32.2065 32.2195 32.2308 32.2431 32.2547
 32.2656 32.3005 32.3278 32.3423 32.3561 32.3712 32.3813 32.3956 32.4181
 32.4404 32.4584 32.4868 32.4998 32.5128 32.5269 32.544  32.5658 32.5792
 32.6189 32.6344 32.6482 32.7785
40.3943 40.75   40.8891 40.9753 41.0247 41.0589 41.0887 41.134  41.1585
 41.1749 41.2228 41.2606 41.2811 41.2994 41.3168 41.3374 41.3497 41.3737
 41.4276 41.4604 41.4767 41.4924 41.5079 41.5339 41.5571 41.5796 41.6029
 41.6218 41.6384 41.663  41.6793 41.7021 41.7154 41.7666 41.7896 41.8182
 41.8387 41.8799 41.9074 41.9425 41.982  42.0042 42.0245 42.0784 42.1
 42.1181 42.1343 42.2097 42.2712 42.3273 48.9124 49.508  49.7143 49.7803
 49.8135 49.8379 49.9722
50.0242 50.0525 50.0885 50.1318 50.16   50.2734 50.299  50.3359 50.3604
 50.3889 50.4028 50.4174 50.4313 50.4489 50.4636 50.4757 50.4908 50.5141
 50.5264 50.5415 50.5682 50.5997 50.633  50.6431 50.6682 50.7045 50.7278
 50.7437 50.7654 50.7995 50.8308 50.8548 50.8827 50.9078 50.9277 50.9475
 50.9626 50.9875 51.0057 51.0336 51.0523 51.0815 51.1014 51.1297 51.1531
 51.1764 51.1923 51.232  55.7754 57.8328 58.4473 58.6038 58.631  58.6807
 58.7032 58.7417 58.7781 58.8757 58.926  58.9413 58.962  59.0065 59.0296
 59.0694 59.0838 59.1034 59.1283 59.1575 59.2139 59.2381 59.2603 59.2719
 59.2906 59.3039 59.3183 59.3395 59.3591 59.3714 59.3839 59.3984 59.4159
 59.4317 59.4451 59.4681 59.4925 59.5223 59.5336 59.5507 59.5677 59.5933
 59.6065 59.6332 59.6493 59.6639 59.68   59.7117 59.7215 59.7395 59.7516
 59.7644 59.7798 59.7979 59.8129 59.8303 59.8455 59.863  59.8756 59.8913
 59.9119 59.9256 59.9551 59.975  59.9931
60.0057 60.061  60.0842 60.102  60.1338 60.1731 60.194  60.2244 60.2553
 60.2852 67.9458 68.2892 68.381  68.4066 68.4301 68.475  68.4992 68.5398
 68.5618 68.5939 68.6396 68.6982 68.7162 68.737  68.7523 68.8202 68.8482
 68.8718 68.8834 68.8981 68.9081 68.9221 68.941  68.9644 68.9927 69.0289
 69.0487 69.1031 69.1137 69.1277 69.1527 69.1695 69.1837 69.1964 69.2177
 69.2345 69.2519 69.2639 69.2808 69.2932 69.3095 69.3309 69.3467 69.3653
 69.3841 69.4015 69.4139 69.4346 69.4505 69.4642 69.4758 69.4872 69.5033
 69.5171 69.5626 69.5914 69.605  69.6283 69.6602 69.6847 69.7428 69.7632
 69.8183 69.8399

