11.1936 12.2448 12.3786 12.7283 12.7597 12.929  12.9475 13.047  13.0666
 13.0947 13.1148 13.1578 13.1897 13.2145 13.2416 13.3856 13.4019 13.4832
 13.7676 13.781  13.8239
20.8741 21.5456 21.9196 22.1537 22.1968 22.3499 22.4464 22.4972 22.554
 22.5822 22.6654
30.5459 30.8688 30.9065 30.9319 30.9698 31.2694 31.5603 31.5733 31.5901
 31.6136 31.6422 31.6637 31.7018 31.7391 31.798  31.9306 31.9746 32.0023
 32.0217 32.0896 37.8898 38.6799
40.7719 40.9652 41.0173 41.0516 41.2213 41.3996 41.4688 41.5887 41.8798
 41.9726 45.5578 47.7385 49.4672 49.6518 49.9656
50.0832 50.1394 50.3127 50.4417 50.4788 57.5399 58.0638 58.3348 58.6139
 58.652  58.6979 58.8464 59.0303 59.0517 59.1405 59.2207 59.2599 59.2967
 59.3622 59.3942 59.4636 59.4996 59.5205
67.9414 68.1725 68.2289 68.6506 68.6741 68.7556 68.9922

