12.5612 12.6129 12.7149 12.7574 12.7951 12.8167 12.8495 12.8956 12.9364
 12.9549 12.9832 12.9968 13.0228 13.0535 13.0709 13.0861 13.1004 13.1125
 13.1269 13.1438 13.1682 13.1909 13.2076 13.2265 13.2386 13.2531 13.2666
 13.2794 13.2942 13.3041 13.3166 13.3304 13.3437 13.3566 13.3663 13.3766
 13.3883 13.3998 13.4096 13.4195 13.4298 13.4388 13.4472 13.4558 13.465
 13.4738 13.4841 13.4946 13.5033 13.5148 13.5245 13.534  13.5438 13.5533
 13.5639 13.574  13.5832 13.5926 13.6022 13.6116 13.6205 13.6287 13.6368
 13.6461 13.6565 13.6645 13.673  13.6811 13.6892 13.697  13.705  13.7149
 13.7235 13.7311 13.7394 13.7469 13.7543 13.7619 13.7698 13.7774 13.7846
 13.7923 13.7997 13.8078 13.8153 13.8236 13.8311 13.8384 13.8459 13.853
 13.8607 13.8681 13.8751 13.8828 13.8901 13.8978 13.9055 13.9128 13.92
 13.9274 13.9349 13.9418 13.9488 13.9564 13.9636 13.9709 13.9783 13.9852
 13.9921 13.9992 14.0064 14.0138 14.0211 14.0285 14.0356 14.043  14.0498
 14.0567 14.0638 14.0708 14.0777 14.0848 14.0922 14.0991 14.1058 14.1124
 14.1197 14.1263 14.1329 14.1398 14.1469 14.1539 14.1607 14.1677 14.1745
 14.1813 14.1883 14.1954 14.2023 14.2093 14.2168 14.2235 14.2305 14.2375
 14.2441 14.2508 14.2574 14.2642 14.2709 14.2778 14.2846 14.2914 14.2985
 14.3055 14.3121 14.319  14.3256 14.3324 14.3394 14.3464 14.3533 14.3601
 14.367  14.374  14.3813 14.3882 14.3952 14.4019 14.4088 14.4157 14.4224
 14.429  14.4355 14.4423 14.449  14.4559 14.4624 14.4691 14.4757 14.4823
 14.4887 14.4956 14.5025 14.5092 14.5159 14.5224 14.5292 14.5361 14.5427
 14.5498 14.5569 14.5635 14.5702 14.5773 14.5839 14.5907 14.5974 14.6042
 14.611  14.6176 14.6244 14.631  14.6381 14.645  14.6517 14.6584 14.6651
 14.6717 14.6783 14.6852 14.692  14.6991 14.7061 14.7129 14.7198 14.7268
 14.7337 14.7408 14.7481 14.7548 14.7617 14.769  14.776  14.783  14.7901
 14.7971 14.8041 14.8117 14.8188 14.8256 14.8326 14.8394 14.8465 14.8535
 14.8604 14.8676 14.8748 14.8818 14.8887 14.8963 14.9034 14.9108 14.9184
 14.9255 14.9328 14.9397 14.9469 14.9545 14.9615 14.9688 14.9764 14.9837
 14.9912 14.9988 15.0064 15.014  15.0231 15.0311 15.0389 15.0463 15.0537
 15.0615 15.0693 15.0773 15.085  15.0932 15.102  15.1103 15.1187 15.1269
 15.1354 15.1438 15.1526 15.1609 15.1693 15.1772 15.1851 15.1938 15.202
 15.2105 15.2181 15.227  15.2356 15.2447 15.253  15.2619 15.27   15.2789
 15.2887 15.2995 15.3076 15.3166 15.3267 15.3377 15.3468 15.3561 15.3662
 15.3768 15.3868 15.4007 15.4119 15.4247 15.4361 15.4485 15.4587 15.4711
 15.4853 15.4983 15.5101 15.5226 15.535  15.5471 15.5602 15.5753 15.5888
 15.6018 15.6165 15.6354 15.6521 15.6716 15.6865 15.7016 15.7211 15.738
 15.7569 15.7779 15.7965 15.8139 15.8357 15.8578 15.8894 15.9217 15.95
 15.9897
21.0404 21.3636 21.3928 21.6462 21.7598 21.8678 21.9097 21.9366 21.9749
 22.0048 22.0348 22.0599 22.0889 22.1086 22.1315 22.1553 22.1878 22.2018
 22.2308 22.2497 22.2627 22.276  22.2909 22.306  22.319  22.3411 22.352
 22.3687 22.382  22.3936 22.4049 22.4149 22.4283 22.4432 22.4551 22.465
 22.477  22.4882 22.4981 22.5107 22.5218 22.5331 22.5443 22.5553 22.5655
 22.5751 22.5857 22.5959 22.6074 22.6166 22.6286 22.6416 22.6531 22.6629
 22.6736 22.6848 22.6946 22.7036 22.7134 22.7233 22.7314 22.7396 22.7472
 22.7549 22.7636 22.7715 22.7793 22.7866 22.7951 22.8039 22.8127 22.8211
 22.8292 22.8374 22.8454 22.8529 22.8609 22.869  22.877  22.8854 22.8926
 22.9004 22.9076 22.9153 22.923  22.9303 22.9379 22.9454 22.9526 22.9601
 22.9681 22.9753 22.9827 22.9899 22.9973 23.0044 23.0115 23.0188 23.0258
 23.0328 23.0401 23.0475 23.0544 23.0619 23.0694 23.0766 23.0841 23.0918
 23.0994 23.1064 23.1139 23.1211 23.1284 23.1351 23.1425 23.1495 23.1564
 23.1634 23.1701 23.1769 23.1841 23.1907 23.1978 23.2049 23.2119 23.2187
 23.2256 23.2325 23.2393 23.2465 23.2532 23.2598 23.2669 23.2737 23.2805
 23.2871 23.2938 23.3007 23.3076 23.3151 23.3218 23.3286 23.3353 23.342
 23.3487 23.3556 23.3622 23.369  23.3759 23.3826 23.3892 23.396  23.4027
 23.4094 23.4159 23.4225 23.4291 23.4358 23.4423 23.4488 23.4552 23.462
 23.4686 23.4755 23.4823 23.4889 23.4955 23.5023 23.509  23.5158 23.5223
 23.529  23.5356 23.542  23.5484 23.5549 23.5613 23.5679 23.5746 23.5814
 23.5879 23.5945 23.6013 23.6079 23.6144 23.6212 23.6278 23.6348 23.6415
 23.6483 23.6547 23.6614 23.6679 23.6745 23.681  23.6876 23.6943 23.7011
 23.7077 23.7146 23.7216 23.7282 23.7347 23.7413 23.7482 23.7551 23.7618
 23.7684 23.7753 23.782  23.7887 23.7956 23.8023 23.809  23.8156 23.8222
 23.8287 23.8355 23.8422 23.8487 23.8554 23.862  23.8687 23.8753 23.8821
 23.8887 23.8955 23.9024 23.9089 23.9156 23.9224 23.9296 23.9366 23.9437
 23.9503 23.9572 23.9641 23.9709 23.9776 23.9848 23.9915 23.9984 24.0052
 24.0122 24.0191 24.0261 24.0333 24.0403 24.0473 24.0543 24.0613 24.0684
 24.0753 24.0827 24.0902 24.0972 24.1047 24.112  24.1195 24.1265 24.1334
 24.1403 24.1471 24.1539 24.1609 24.1678 24.1751 24.1824 24.1894 24.1966
 24.2042 24.2113 24.2185 24.2257 24.2331 24.2401 24.2473 24.2542 24.2613
 24.2686 24.2763 24.2837 24.2912 24.298  24.3053 24.3127 24.3205 24.3282
 24.3353 24.3433 24.351  24.3586 24.3662 24.3742 24.3816 24.3895 24.3969
 24.4044 24.4122 24.42   24.428  24.4359 24.4437 24.4521 24.4606 24.4685
 24.4765 24.485  24.4937 24.5019 24.5099 24.5188 24.5285 24.5372 24.546
 24.5552 24.5642 24.5736 24.583  24.592  24.6016 24.6111 24.6207 24.6307
 24.6401 24.6503 24.6627 24.6736 24.686  24.696  24.7056 24.7167 24.7279
 24.7409 24.7525 24.7642 24.7779 24.7898 24.8054 24.8157 24.8271 24.8396
 24.8523 24.8644 24.8771 24.8916 24.9096 24.9218 24.935  24.9497 24.9647
 24.9814 24.9995 25.0143 25.0313 25.0545 25.0747 25.0945 25.1233 25.1438
 25.1738 25.1972 25.2343 25.2739 29.7787
30.2164 30.5211 30.8943 31.0359 31.1077 31.1524 31.1986 31.2573 31.2833
 31.3169 31.3404 31.355  31.3705 31.3938 31.4088 31.4273 31.4457 31.4688
 31.4955 31.5225 31.5364 31.5495 31.563  31.5784 31.6001 31.6128 31.6296
 31.6455 31.6608 31.6769 31.6888 31.7023 31.715  31.7235 31.7346 31.7456
 31.7569 31.7741 31.7861 31.7978 31.8078 31.8184 31.8354 31.8457 31.8564
 31.868  31.8786 31.8883 31.8974 31.9061 31.916  31.9253 31.936  31.9447
 31.9524 31.9606 31.9699 31.9793 31.9899 31.9986 32.0074 32.0159 32.0259
 32.0345 32.0435 32.0515 32.0592 32.0676 32.0771 32.0856 32.0942 32.1033
 32.1125 32.1207 32.1286 32.1368 32.1446 32.1525 32.1609 32.1694 32.1783
 32.1862 32.1946 32.2024 32.2106 32.219  32.2272 32.2352 32.2428 32.2508
 32.2585 32.2659 32.2732 32.2806 32.2879 32.2955 32.3028 32.3104 32.318
 32.3251 32.3326 32.3402 32.3477 32.355  32.3621 32.3693 32.377  32.3842
 32.3911 32.3983 32.4061 32.4132 32.4199 32.4278 32.4351 32.4418 32.4487
 32.4558 32.4633 32.4706 32.4773 32.4843 32.4917 32.499  32.5056 32.5122
 32.5192 32.5263 32.5339 32.5407 32.5479 32.5549 32.5617 32.5682 32.5751
 32.582  32.589  32.596  32.603  32.6097 32.6165 32.6234 32.6305 32.6371
 32.6441 32.6509 32.6578 32.6646 32.6717 32.6787 32.6861 32.693  32.6997
 32.7064 32.7131 32.7199 32.7265 32.7333 32.7399 32.747  32.7538 32.7606
 32.7676 32.7744 32.7808 32.7871 32.7938 32.8004 32.8071 32.8137 32.8202
 32.8272 32.8338 32.8405 32.8473 32.8536 32.8603 32.8671 32.8738 32.8803
 32.887  32.8937 32.9003 32.9072 32.9138 32.9207 32.9275 32.9346 32.9413
 32.9478 32.9545 32.9609 32.9678 32.975  32.9815 32.9884 32.9951 33.0021
 33.0088 33.0153 33.0222 33.0286 33.0354 33.042  33.0486 33.0557 33.0625
 33.0693 33.0764 33.083  33.0902 33.0967 33.1032 33.1098 33.1166 33.1233
 33.1304 33.1376 33.1443 33.1512 33.158  33.1646 33.1715 33.1782 33.185
 33.1918 33.1987 33.2054 33.2123 33.2195 33.2265 33.2335 33.2411 33.248
 33.2553 33.2624 33.2695 33.2769 33.2839 33.2909 33.2982 33.3055 33.3127
 33.3201 33.3275 33.3345 33.3422 33.3495 33.357  33.364  33.3716 33.3794
 33.3866 33.3939 33.4014 33.4085 33.4155 33.4229 33.4301 33.4372 33.4445
 33.4517 33.4596 33.4674 33.4754 33.4829 33.4905 33.4983 33.5061 33.5137
 33.5214 33.5288 33.5361 33.5436 33.5511 33.5587 33.5663 33.5743 33.5819
 33.59   33.5983 33.6062 33.6138 33.6225 33.631  33.6397 33.6481 33.6564
 33.665  33.6741 33.6816 33.6899 33.6986 33.7077 33.7165 33.7263 33.735
 33.744  33.7538 33.7634 33.7725 33.7814 33.7905 33.801  33.8115 33.8224
 33.8336 33.8442 33.8557 33.8663 33.8779 33.8886 33.8984 33.9085 33.9179
 33.9297 33.9419 33.9585 33.9714 33.9848 33.9989 34.0133 34.026  34.0399
 34.0547 34.0691 34.0823 34.0944 34.1078 34.1222 34.1358 34.153  34.1712
 34.1886 34.2087 34.2275 34.2608 34.2821 34.3132 34.3424 34.3772 34.4716
 39.9208
40.1092 40.4236 40.5567 40.74   40.8428 40.8835 40.9083 40.9328 40.9667
 41.0092 41.0363 41.0682 41.0937 41.1203 41.1605 41.1806 41.2064 41.2268
 41.2771 41.2943 41.318  41.3374 41.3517 41.3658 41.3867 41.4027 41.4142
 41.428  41.4429 41.4626 41.4759 41.489  41.503  41.5178 41.5396 41.5519
 41.5648 41.5757 41.5889 41.6001 41.6105 41.6214 41.6311 41.6422 41.6519
 41.6605 41.6721 41.6845 41.6971 41.708  41.7185 41.732  41.7417 41.7518
 41.7599 41.7678 41.7771 41.7866 41.7959 41.8045 41.8138 41.8249 41.8355
 41.8456 41.8556 41.8653 41.8756 41.8862 41.8966 41.9053 41.9135 41.9223
 41.9316 41.9404 41.9493 41.9576 41.9656 41.9742 41.983  41.9917 42.0006
 42.0092 42.0175 42.0263 42.0338 42.0412 42.0487 42.0562 42.0637 42.0716
 42.0798 42.088  42.0967 42.1062 42.1157 42.124  42.1323 42.1402 42.1493
 42.1569 42.1644 42.1719 42.1793 42.1868 42.1942 42.2014 42.2089 42.2165
 42.2244 42.2326 42.2403 42.2474 42.2561 42.2641 42.2715 42.2791 42.287
 42.2949 42.3023 42.3096 42.3171 42.3244 42.3319 42.3397 42.3468 42.3549
 42.3625 42.3706 42.3781 42.3854 42.3931 42.4004 42.4078 42.4152 42.4223
 42.4302 42.4371 42.4448 42.452  42.4593 42.4665 42.4736 42.4808 42.488
 42.4952 42.5022 42.5096 42.5166 42.5243 42.5314 42.5387 42.5465 42.554
 42.5615 42.5688 42.5763 42.584  42.5915 42.5987 42.6057 42.6129 42.6202
 42.6275 42.6351 42.6428 42.6507 42.6582 42.6657 42.6732 42.6809 42.6896
 42.6977 42.7059 42.7137 42.7219 42.7301 42.7384 42.7467 42.7544 42.7622
 42.7707 42.7783 42.7862 42.7944 42.8026 42.8098 42.8173 42.8251 42.833
 42.8408 42.8484 42.8572 42.8654 42.8732 42.8819 42.8896 42.8975 42.9047
 42.9135 42.9224 42.9301 42.9383 42.9458 42.9536 42.9615 42.9693 42.9774
 42.9861 42.9947 43.0033 43.0114 43.0195 43.0283 43.037  43.045  43.0535
 43.0628 43.0728 43.0811 43.0894 43.099  43.1076 43.1163 43.1266 43.1353
 43.1458 43.1562 43.1663 43.1772 43.1872 43.1962 43.2084 43.2187 43.2304
 43.2421 43.2536 43.267  43.2809 43.2913 43.3014 43.3149 43.3279 43.3396
 43.3543 43.3709 43.3905 43.4062 43.4219 43.4389 43.457  43.4732 43.4909
 43.5065 43.5285 43.5509 43.571  43.5918 43.6068 43.6364 43.6585 43.6855
 43.7059 43.7365 43.7575 43.7911 43.8317 43.8675 43.9018 43.9292 43.9582
 43.9858 48.6051 48.9459 49.5277 49.6313 49.6621 49.8693 49.9006 49.921
 49.9478 49.9887
50.0358 50.0528 50.0788 50.1043 50.1255 50.1485 50.163  50.1852 50.2066
 50.2265 50.2435 50.2585 50.2804 50.2947 50.3101 50.3219 50.3384 50.3544
 50.3725 50.383  50.3958 50.4111 50.4223 50.4378 50.4538 50.4639 50.4758
 50.4879 50.4984 50.5103 50.5217 50.5331 50.5447 50.5551 50.566  50.577
 50.5892 50.5993 50.6112 50.6232 50.6332 50.643  50.6541 50.665  50.6746
 50.684  50.6943 50.7057 50.7147 50.7264 50.7357 50.7461 50.7571 50.7666
 50.7761 50.7853 50.7964 50.8046 50.8126 50.822  50.8312 50.8418 50.8507
 50.8599 50.8703 50.8788 50.8878 50.897  50.9043 50.9119 50.9203 50.9282
 50.9371 50.9461 50.955  50.9638 50.9714 50.9804 50.9884 50.9957 51.004
 51.0116 51.0195 51.0271 51.0346 51.042  51.0501 51.0576 51.0657 51.0737
 51.0824 51.0898 51.0974 51.1061 51.1139 51.1214 51.129  51.1359 51.1433
 51.1509 51.1595 51.1677 51.1757 51.1835 51.1912 51.199  51.206  51.2136
 51.2224 51.2298 51.237  51.2445 51.2518 51.2593 51.2669 51.2742 51.2817
 51.2891 51.2962 51.3034 51.3109 51.3186 51.3257 51.3329 51.3401 51.3471
 51.3542 51.3616 51.3694 51.3773 51.3845 51.3917 51.3989 51.4065 51.4136
 51.4212 51.4287 51.436  51.443  51.4501 51.4572 51.4644 51.4721 51.4792
 51.4866 51.4934 51.5009 51.508  51.5155 51.5223 51.5296 51.5368 51.5439
 51.5517 51.5593 51.5667 51.5739 51.5815 51.589  51.596  51.6033 51.6103
 51.6176 51.6252 51.6323 51.6401 51.6474 51.655  51.6627 51.6706 51.6786
 51.6857 51.6928 51.7003 51.7077 51.7155 51.7231 51.7308 51.7383 51.7456
 51.753  51.7605 51.7685 51.7765 51.7842 51.7914 51.7992 51.8069 51.8151
 51.8226 51.8301 51.8375 51.8447 51.8525 51.8604 51.8679 51.8754 51.8828
 51.8905 51.8978 51.905  51.9128 51.9211 51.9292 51.9373 51.9448 51.9528
 51.9603 51.9684 51.9764 51.9854 51.9934 52.0021 52.0111 52.0199 52.0277
 52.0352 52.0432 52.0514 52.0606 52.0703 52.0783 52.0871 52.0957 52.1047
 52.1133 52.1224 52.131  52.1398 52.1503 52.1602 52.1707 52.1816 52.1912
 52.2016 52.212  52.2215 52.2306 52.2425 52.2544 52.2649 52.2767 52.2881
 52.2995 52.3098 52.3212 52.3326 52.3466 52.3588 52.3716 52.384  52.3953
 52.4075 52.4203 52.4344 52.4493 52.4646 52.4799 52.4967 52.5135 52.5268
 52.5433 52.5615 52.5831 52.6018 52.6154 52.6363 52.655  52.6772 52.6956
 52.7185 52.7347 52.7654 52.7938 52.831  52.8633 52.9119 57.2637 57.5544
 58.2121 58.3266 58.3598 58.4355 58.512  58.6383 58.7201 58.7377 58.7933
 58.8337 58.8674 58.8894 58.9258 58.9656 58.9848 58.9987 59.0207 59.0526
 59.0702 59.0864 59.1035 59.1227 59.1423 59.1598 59.1743 59.1866 59.2011
 59.2173 59.2319 59.2419 59.2536 59.2651 59.2793 59.2944 59.3048 59.316
 59.3264 59.3363 59.347  59.357  59.3685 59.3805 59.3907 59.4029 59.4133
 59.4229 59.4319 59.4425 59.453  59.4615 59.472  59.4822 59.493  59.5017
 59.5111 59.5205 59.5292 59.5376 59.5462 59.5548 59.5632 59.5724 59.581
 59.5896 59.6001 59.6084 59.616  59.6234 59.6313 59.6403 59.6486 59.6568
 59.6669 59.6765 59.6853 59.6937 59.703  59.712  59.72   59.7273 59.7348
 59.7422 59.7496 59.7577 59.7657 59.7733 59.7817 59.79   59.7986 59.8066
 59.8144 59.8215 59.8288 59.8365 59.8443 59.8524 59.8599 59.8674 59.8746
 59.8824 59.8897 59.897  59.9041 59.9115 59.9187 59.9264 59.9337 59.941
 59.9482 59.956  59.9633 59.9707 59.9777 59.9847 59.992  59.9994
60.007  60.0139 60.021  60.028  60.0349 60.0424 60.0489 60.0559 60.0624
 60.0694 60.0762 60.083  60.0899 60.097  60.1039 60.111  60.1181 60.1249
 60.1315 60.1386 60.1455 60.1527 60.1597 60.1666 60.1733 60.1801 60.1868
 60.1937 60.2008 60.2077 60.2141 60.2212 60.228  60.2347 60.2415 60.2484
 60.255  60.2615 60.2684 60.2753 60.2821 60.2891 60.2962 60.3029 60.3096
 60.3163 60.3231 60.3297 60.3363 60.343  60.3498 60.3563 60.3629 60.3698
 60.3765 60.3829 60.3895 60.3961 60.4027 60.4092 60.4161 60.4229 60.4294
 60.4359 60.4425 60.4492 60.4562 60.4632 60.4696 60.4761 60.483  60.4892
 60.4959 60.5024 60.5092 60.5162 60.5229 60.5295 60.5362 60.5429 60.5498
 60.5565 60.5631 60.5697 60.5764 60.5833 60.5901 60.597  60.6041 60.6108
 60.6176 60.6243 60.6309 60.6377 60.6443 60.651  60.6581 60.665  60.6719
 60.679  60.6856 60.6925 60.6991 60.7063 60.7129 60.7199 60.7267 60.7335
 60.7405 60.7472 60.7546 60.7616 60.768  60.7751 60.7822 60.7891 60.7959
 60.8025 60.8094 60.8164 60.8234 60.8302 60.8372 60.8443 60.8511 60.8579
 60.8648 60.872  60.8792 60.8863 60.8934 60.9003 60.9072 60.9144 60.9215
 60.9288 60.9356 60.9427 60.9503 60.9572 60.9645 60.9716 60.9789 60.9862
 60.9933 61.0008 61.0083 61.0158 61.0228 61.0299 61.0372 61.0445 61.0517
 61.0591 61.0668 61.0739 61.0812 61.0884 61.0958 61.1034 61.1113 61.1194
 61.1272 61.1346 61.1426 61.1501 61.1575 61.1655 61.1733 61.1809 61.1887
 61.1967 61.2047 61.2126 61.2207 61.2288 61.2371 61.2461 61.2549 61.2641
 61.2738 61.2825 61.2912 61.2995 61.3083 61.3171 61.3252 61.3337 61.3437
 61.354  61.364  61.3745 61.3841 61.3941 61.4041 61.4145 61.4252 61.4376
 61.4476 61.4574 61.4679 61.4784 61.4881 61.498  61.5095 61.5213 61.5329
 61.5445 61.556  61.5666 61.5765 61.5878 61.6013 61.6171 61.6333 61.6455
 61.66   61.6768 61.6923 61.7064 61.7252 61.7403 61.7629 61.7829 61.8041
 61.8201 61.8452 61.8691 61.8924 61.927  61.9494 61.9799 62.0215 62.1
 65.0259 67.0962 67.7119 67.7811 67.9763 68.0229 68.0444 68.112  68.1948
 68.3473 68.3877 68.4048 68.428  68.4924 68.5088 68.5466 68.5648 68.5867
 68.6087 68.6238 68.6374 68.6553 68.6738 68.7009 68.7164 68.7295 68.7427
 68.7574 68.7705 68.7881 68.8072 68.8225 68.8349 68.8454 68.8579 68.8765
 68.889  68.9019 68.9132 68.9253 68.936  68.9491 68.9604 68.9722 68.9829
 68.994  69.0051 69.0151 69.0259 69.0363 69.0449 69.0547 69.0642 69.0747
 69.0859 69.0971 69.1062 69.1173 69.1264 69.137  69.146  69.1549 69.1644
 69.1746 69.1859 69.1974 69.2065 69.2148 69.2228 69.231  69.2394 69.2474
 69.2556 69.2631 69.2718 69.2811 69.2887 69.2963 69.3045 69.3127 69.3208
 69.3287 69.3371 69.3452 69.354  69.363  69.3708 69.3789 69.3865 69.3946
 69.4022 69.4111 69.4189 69.4266 69.4358 69.444  69.4523 69.4598 69.4675
 69.4752 69.483  69.4906 69.4986 69.507  69.515  69.5236 69.5319 69.5399
 69.5475 69.5552 69.5633 69.5712 69.5789 69.5861 69.5935 69.601  69.6089
 69.6167 69.6241 69.631  69.6383 69.6458 69.6527 69.6598 69.667  69.6744
 69.6818 69.6892 69.6962 69.7033 69.711  69.7176 69.7247 69.7316 69.7381
 69.7454 69.7523 69.7596 69.7666 69.774  69.781  69.7883 69.7954 69.8027
 69.8097 69.8165 69.8238 69.8309 69.838  69.8452 69.8524 69.8599 69.8669
 69.8741 69.8816 69.8889 69.8966 69.9038 69.911  69.9179 69.9254 69.9328
 69.9408 69.9481 69.9557 69.9634 69.9707 69.978  69.9852 69.9937

