11.6969 12.3913 12.4396 12.8885 12.94   13.0575 13.0753 13.1089 13.1788
 13.2685 13.3333 13.4593 13.4821 13.6354
20.8576 21.6006 21.7567 21.9598 22.0092 22.0494 22.0687 22.1393 22.1594
 22.2485 22.324  22.3775 22.4495 22.5044
30.7279 30.9696 31.0646 31.3257 31.3963 31.6114 31.6314 31.7262 31.7409
 31.7855 31.9538 31.9777
40.1892 40.6785 41.0469 41.0775 41.1316 41.2456 41.3293 41.3762 41.467
 41.6379 49.1324 49.7018 49.9766
50.1732 50.4003 50.4529 58.5792 58.6925 58.851  58.8873 58.9163 59.0598
 59.1661 59.257  59.331  59.3701
68.2921 68.3888 68.5917 68.6515 68.6714 68.7508 68.7658 68.8013 68.8492
 68.9421 69.2027

