12.2091 12.2915 12.5197 12.761  12.7794 12.9223 19.7479
20.3649 21.0248 21.3574 21.6435 21.704  21.7371 21.7922 22.0115 22.0565
 22.0724 22.1018 22.1434 22.1847 22.2167 22.3505 29.5873 29.7404
30.3162 30.338  30.391  30.4178 30.5207 30.5761 30.7299 30.7847 30.8843
 37.0077 38.0177 38.1468 38.4832 38.6418 38.7726 38.895  39.0285 39.0502
 39.1342 39.1507 39.2196 39.2927 39.3514
46.8488 47.0413 47.6038
54.4169 54.7392 54.7991 55.0456 55.1902 55.2646 55.3382 55.4794 55.6406
63.7404 63.8579 63.9843 64.6134 64.6831 64.8919 65.0095 65.0918

