11.5138 11.6919 12.1499 12.2514 12.3001 12.4017 12.4274 12.507  12.5274
 12.5529 12.5707 12.6361 12.6648 12.6916 12.7199 12.7423 12.8189 12.8616
 12.8789 12.8985 12.9127 12.9302 12.9538 12.9828 12.9966 13.0219 13.037
 13.0512 13.0692 13.0847 13.0999 13.114  13.1276 13.1397 13.1536 13.1673
 13.178  13.1918 13.2047 13.2153 13.2259 13.2398 13.259  13.2787 13.2899
 13.3021 13.3133 13.3247 13.339  13.3573 13.3693 13.3803 13.3936 13.4056
 13.4218 13.4349 13.4557 13.4712 13.4841 13.4977 13.5078 13.5229 13.5371
 13.5489 13.5583 13.5702 13.5852 13.6013 13.6136 13.6268 13.638  13.6495
 13.6651 13.6783 13.6955 13.7143 13.735  13.7501 13.7866 13.8068 13.8581
 13.8787 13.9337 17.4178
20.9735 21.137  21.1754 21.3378 21.3728 21.3973 21.4325 21.4876 21.5627
 21.5914 21.6108 21.6353 21.6796 21.6934 21.7122 21.7315 21.7495 21.7661
 21.7944 21.808  21.8222 21.8354 21.8478 21.866  21.8819 21.8967 21.9092
 21.9249 21.9358 21.9476 21.9617 21.9755 21.9999 22.0195 22.0347 22.0505
 22.0664 22.084  22.0983 22.1089 22.1202 22.1304 22.1411 22.1509 22.1617
 22.1743 22.1845 22.1949 22.2054 22.2144 22.2244 22.2328 22.2433 22.2531
 22.2628 22.2718 22.2807 22.2918 22.3016 22.3118 22.3221 22.3314 22.3409
 22.3497 22.3596 22.3689 22.3793 22.3901 22.4018 22.4125 22.4211 22.4301
 22.4392 22.449  22.4579 22.4681 22.4764 22.4851 22.494  22.5038 22.5149
 22.5243 22.5332 22.5412 22.55   22.559  22.5684 22.576  22.5851 22.5935
 22.6016 22.6101 22.618  22.6269 22.6348 22.6425 22.6505 22.6579 22.6666
 22.6758 22.6843 22.6929 22.7003 22.7089 22.7169 22.7265 22.7356 22.7446
 22.7527 22.7611 22.7692 22.7772 22.7861 22.7946 22.8028 22.8112 22.8188
 22.8264 22.8348 22.843  22.8519 22.86   22.8675 22.8753 22.8824 22.8901
 22.8984 22.9069 22.9147 22.9234 22.9316 22.9401 22.9482 22.9564 22.9648
 22.9739 22.983  22.9931 23.0078 23.0168 23.0269 23.035  23.0459 23.0549
 23.0644 23.0721 23.0829 23.0915 23.1004 23.1103 23.1196 23.1305 23.1417
 23.1527 23.1613 23.171  23.1808 23.1925 23.2029 23.2197 23.2326 23.257
 23.2746
30.0948 30.2086 30.3835 30.4292 30.453  30.4751 30.4901 30.5196 30.5587
 30.5865 30.6469 30.6626 30.6817 30.7119 30.7234 30.7377 30.7601 30.7759
 30.7966 30.8166 30.8299 30.8647 30.8795 30.8961 30.9092 30.9216 30.9428
 30.9593 30.9774 30.9911 31.0007 31.0119 31.0286 31.0393 31.0527 31.0711
 31.0829 31.0969 31.1142 31.128  31.1395 31.1546 31.1646 31.1749 31.1884
 31.2011 31.2157 31.2243 31.234  31.2428 31.252  31.2631 31.2719 31.2834
 31.2925 31.3048 31.3145 31.3245 31.3363 31.3478 31.359  31.3706 31.3863
 31.4032 31.4157 31.4259 31.4368 31.4474 31.4579 31.4672 31.4787 31.4894
 31.4984 31.5079 31.52   31.5308 31.5402 31.5495 31.5585 31.568  31.5775
 31.5875 31.5969 31.6067 31.6187 31.6343 31.6459 31.6555 31.6663 31.6779
 31.6915 31.7203 31.7377 31.7608 31.7745 31.7899 31.8152 31.8418 31.8926
 37.5766 38.1867 38.2205 38.4014 38.6009 38.6289 38.8468 38.9058 38.9681
 38.9967 39.0249 39.0585 39.0842 39.1057 39.1512 39.172  39.1894 39.2286
 39.2442 39.2675 39.2847 39.3197 39.3368 39.3548 39.3829 39.396  39.4165
 39.4357 39.4507 39.4657 39.4914 39.5065 39.5282 39.5467 39.5628 39.5758
 39.6045 39.6184 39.6304 39.6414 39.6557 39.6691 39.683  39.7014 39.7187
 39.7333 39.7548 39.7717 39.7871 39.7977 39.8124 39.8408 39.8604 39.8739
 39.8914 39.9098 39.9221 39.9434 39.9554 39.9709
40.0264 40.0424 40.0587 40.08   40.0951 40.1097 40.1242 40.15   40.1796
 40.2194 40.2528 40.2741 44.3478 46.1862 46.2662 46.7038 46.7525 46.806
 46.866  46.9066 46.9929 47.0322 47.1304 47.2025 47.2258 47.2915 47.3069
 47.324  47.3374 47.3482 47.3693 47.3938 47.4086 47.4312 47.4508 47.4635
 47.4811 47.4935 47.5036 47.5214 47.54   47.5561 47.5708 47.5882 47.601
 47.6134 47.6286 47.6397 47.6609 47.6732 47.6879 47.7128 47.7262 47.738
 47.7517 47.7703 47.7807 47.7916 47.8049 47.8168 47.8295 47.8477 47.8666
 47.8805 47.8975 47.9092 47.9186 47.932  47.9439 47.9537 47.9642 47.9813
 47.9976 48.0124 48.0243 48.0375 48.0502 48.0608 48.0791 48.0904 48.1067
 48.1231 48.1356 48.1543 48.1718 48.2174 48.2515
54.0377 54.7788 54.8847 55.0148 55.0889 55.2384 55.2703 55.2975 55.3256
 55.3512 55.3667 55.3991 55.4282 55.4419 55.4675 55.4917 55.5117 55.5255
 55.5429 55.5598 55.574  55.5885 55.6065 55.6485 55.6724 55.6839 55.7001
 55.7168 55.7342 55.749  55.7601 55.7744 55.7858 55.7984 55.8103 55.823
 55.8373 55.8491 55.8627 55.8735 55.8845 55.8944 55.9067 55.9192 55.929
 55.9415 55.9526 55.9632 55.9732 55.9844 55.9943 56.0056 56.0148 56.0251
 56.036  56.0468 56.0563 56.0681 56.0772 56.09   56.1002 56.114  56.1286
 56.14   56.1492 56.1585 56.169  56.1786 56.1892 56.1993 56.2093 56.2189
 56.2298 56.2417 56.2528 56.2621 56.2753 56.2868 56.2958 56.3063 56.3193
 56.329  56.3393 56.3485 56.3582 56.3677 56.3797 56.3903 56.4021 56.4112
 56.4216 56.4303 56.4387 56.4468 56.4565 56.4665 56.4771 56.4876 56.5005
 56.5093 56.5186 56.5298 56.5411 56.5525 56.5641 56.5743 56.5833 56.5953
 56.6086 56.6276 56.6406 56.6519 56.6649 56.6776 56.7022 56.7231 56.7449
 56.8236
63.9579 64.0536 64.1015 64.4042 64.4548 64.4756 64.4993 64.5403 64.5875
 64.6429 64.6592 64.6796 64.695  64.7166 64.7359 64.7565 64.7715 64.7874
 64.8116 64.8316 64.8574 64.8779 64.8996 64.919  64.9352 64.9516 64.9745
 64.9892 65.006  65.0183 65.0298 65.0453 65.061  65.0729 65.0871 65.0979
 65.1081 65.1226 65.1361 65.1482 65.1594 65.1765 65.186  65.2001 65.2161
 65.2304 65.2418 65.2531 65.267  65.2793 65.2914 65.3025 65.3148 65.3311
 65.342  65.3544 65.3664 65.3776 65.3891 65.399  65.4138 65.4237 65.4368
 65.4475 65.4599 65.469  65.4812 65.4915 65.5002 65.5098 65.5226 65.5332
 65.5458 65.5559 65.566  65.5778 65.5901 65.5987 65.6115 65.6216 65.631
 65.641  65.6504 65.663  65.6737 65.6842 65.6947 65.7067 65.717  65.7285
 65.7408 65.7529 65.7653 65.7762 65.7904 65.8013 65.8135 65.8243 65.8359
 65.8559 65.866  65.8763 65.9195 65.9343 65.9978

