12.1709 12.3657 12.4368 12.4655 12.4885 12.5777 12.6047 12.6324 12.6752
 12.7005 12.7343 12.7646 12.7875 12.8067 12.8255 12.8406 12.8645 12.8802
 12.9039 12.9323 12.9475 12.9684 12.9843 13.0006 13.0156 13.029  13.0422
 13.0601 13.0915 13.1079 13.1214 13.1354 13.1499 13.1656 13.1799 13.1959
 13.2076 13.2206 13.2327 13.2483 13.2602 13.2714 13.2843 13.2959 13.3093
 13.3208 13.3323 13.3432 13.3572 13.372  13.3832 13.3943 13.4072 13.4187
 13.4332 13.4436 13.4571 13.4703 13.4816 13.4973 13.5094 13.5232 13.5352
 13.5474 13.5591 13.5698 13.5818 13.5923 13.6033 13.6145 13.6275 13.6378
 13.6489 13.6601 13.671  13.6818 13.6925 13.7027 13.7127 13.7226 13.7333
 13.7451 13.7574 13.77   13.784  13.796  13.8109 13.8239 13.8345 13.8473
 13.8591 13.8703 13.8824 13.892  13.9041 13.9181 13.9317 13.9461 13.9583
 13.9688 13.9785 13.9886 13.9981 14.0094 14.0215 14.0314 14.0433 14.0547
 14.0681 14.0816 14.0927 14.1046 14.1187 14.1325 14.1474 14.1603 14.1732
 14.1831 14.1934 14.2046 14.214  14.2243 14.2357 14.2466 14.259  14.2717
 14.2822 14.2942 14.3086 14.3175 14.3276 14.3392 14.351  14.3615 14.3721
 14.3831 14.3946 14.4056 14.4169 14.4269 14.4396 14.4527 14.4653 14.4767
 14.4899 14.5012 14.5132 14.526  14.539  14.5501 14.5653 14.5789 14.5905
 14.6069 14.6198 14.6336 14.6471 14.6628 14.6783 14.7    14.7129 14.7256
 14.7379 14.7545 14.7699 14.7873 14.8008 14.8178 14.8329 14.8461 14.8626
 14.8903 14.9152 14.9528 14.9749 15.0051 15.0247 15.0647 15.0997 15.1299
 15.1841 15.2541 15.3118 19.1919
20.9589 21.1634 21.2247 21.2732 21.3338 21.4831 21.5171 21.5385 21.5672
 21.6045 21.628  21.6644 21.6924 21.7184 21.7405 21.7585 21.7833 21.8084
 21.8229 21.8396 21.851  21.8661 21.8925 21.9087 21.921  21.9337 21.9458
 21.9575 21.9754 21.9927 22.0042 22.0146 22.0291 22.0428 22.0539 22.0662
 22.0774 22.0893 22.1014 22.1111 22.1218 22.1314 22.1424 22.1526 22.1629
 22.1742 22.1873 22.1994 22.2106 22.222  22.2313 22.241  22.2513 22.2599
 22.2691 22.2787 22.2896 22.2995 22.3083 22.3169 22.3261 22.3356 22.3448
 22.3547 22.3633 22.3731 22.382  22.391  22.3997 22.4097 22.4182 22.4268
 22.4349 22.4437 22.4535 22.4627 22.4709 22.4796 22.4878 22.4967 22.506
 22.514  22.5216 22.5295 22.5381 22.5477 22.5564 22.5647 22.5732 22.5822
 22.5912 22.6    22.6084 22.6168 22.6246 22.6325 22.6409 22.6493 22.6569
 22.6649 22.6728 22.6808 22.6886 22.6973 22.7048 22.7135 22.7217 22.7292
 22.7374 22.7446 22.752  22.7595 22.7674 22.7756 22.7833 22.7914 22.7998
 22.8074 22.8149 22.823  22.8312 22.8394 22.8474 22.8554 22.8636 22.8719
 22.8794 22.8872 22.8951 22.9033 22.9116 22.9195 22.9269 22.9352 22.9433
 22.951  22.958  22.9658 22.9733 22.981  22.9883 22.9958 23.003  23.0111
 23.0194 23.0268 23.0345 23.0421 23.0497 23.0574 23.065  23.0726 23.0803
 23.0881 23.0961 23.1039 23.1114 23.1187 23.1261 23.1338 23.1415 23.1502
 23.1578 23.1658 23.1738 23.1818 23.1894 23.1976 23.2053 23.2128 23.2205
 23.2284 23.2364 23.2444 23.2518 23.2591 23.2671 23.2745 23.2826 23.2904
 23.298  23.3057 23.3132 23.3213 23.3292 23.3371 23.3451 23.3538 23.3619
 23.3702 23.3785 23.3864 23.3945 23.4026 23.4113 23.4204 23.4289 23.4377
 23.4461 23.4546 23.4627 23.4705 23.4786 23.4865 23.4943 23.5023 23.51
 23.5184 23.5263 23.5345 23.5437 23.5519 23.5601 23.569  23.5768 23.5854
 23.5934 23.6014 23.6096 23.618  23.6266 23.6351 23.6434 23.6516 23.66
 23.6684 23.6768 23.6849 23.6932 23.7015 23.7101 23.7185 23.7264 23.7355
 23.744  23.7524 23.7611 23.7702 23.7783 23.7874 23.7959 23.805  23.8136
 23.8221 23.8304 23.8387 23.8469 23.8564 23.8654 23.8742 23.8841 23.8941
 23.9029 23.9124 23.9223 23.9319 23.9411 23.9501 23.959  23.9683 23.9775
 23.988  23.9976 24.0068 24.0163 24.0257 24.0364 24.0472 24.0581 24.069
 24.0788 24.0903 24.1013 24.1114 24.1206 24.1319 24.1435 24.1568 24.1687
 24.1803 24.1941 24.2049 24.217  24.231  24.2427 24.2574 24.2733 24.2879
 24.3006 24.3165 24.3314 24.3468 24.3616 24.3775 24.3906 24.4065 24.4232
 24.4405 24.4584 24.4785 24.4973 24.5201 24.5442 24.5762 24.6029 24.6302
 24.6507 24.6758 24.7021 24.7378 24.8931 27.8622
30.0729 30.1209 30.1536 30.3035 30.3236 30.3859 30.4794 30.5006 30.5418
 30.5609 30.5971 30.6171 30.6478 30.6656 30.6942 30.7198 30.7353 30.7497
 30.766  30.7833 30.7993 30.8137 30.8293 30.8513 30.8637 30.8847 30.8976
 30.9107 30.9257 30.9402 30.9541 30.966  30.9769 30.9906 31.0015 31.0141
 31.0292 31.0395 31.0514 31.0651 31.078  31.0876 31.0988 31.1111 31.1259
 31.1369 31.1466 31.1555 31.1663 31.1769 31.1873 31.1974 31.2067 31.216
 31.2269 31.237  31.2486 31.2603 31.2706 31.282  31.2936 31.3041 31.317
 31.3273 31.3408 31.3543 31.3628 31.3732 31.3846 31.3954 31.406  31.4167
 31.4267 31.4376 31.4487 31.4592 31.4695 31.4813 31.4951 31.5068 31.5165
 31.5281 31.5389 31.5501 31.5603 31.5704 31.581  31.592  31.6014 31.6105
 31.619  31.6288 31.6379 31.6482 31.6572 31.6669 31.6762 31.6859 31.696
 31.7066 31.7167 31.7271 31.7358 31.7445 31.7545 31.7639 31.7738 31.7828
 31.7925 31.8015 31.8113 31.8209 31.8311 31.8419 31.8539 31.8645 31.8739
 31.8845 31.8949 31.9065 31.9165 31.9263 31.9357 31.9466 31.9572 31.9682
 31.9829 31.9941 32.0048 32.0161 32.0286 32.0406 32.0522 32.0621 32.0724
 32.0823 32.094  32.1055 32.1167 32.1279 32.1375 32.1477 32.1568 32.1671
 32.1776 32.1868 32.1969 32.2077 32.219  32.2289 32.2392 32.2499 32.2599
 32.2734 32.2849 32.2956 32.3095 32.3221 32.3326 32.3447 32.3549 32.3651
 32.3758 32.388  32.3994 32.4101 32.4233 32.4339 32.445  32.4563 32.4687
 32.4791 32.4921 32.5048 32.5153 32.5268 32.5377 32.5501 32.5615 32.5732
 32.5863 32.5987 32.6168 32.6306 32.6415 32.6563 32.671  32.6847 32.6997
 32.7167 32.7305 32.7501 32.7754 32.8003 32.8181 32.8381 32.8653 32.8888
 32.9046 32.9301 32.9543 32.9775 33.0131 33.0347 33.0691 33.0993 33.2941
 36.5586 37.4492 38.3313 38.4267 38.735  38.9228 38.9571 38.9858 39.0075
 39.0499 39.1179 39.1368 39.1565 39.178  39.1943 39.2181 39.2364 39.2576
 39.2697 39.2882 39.303  39.3222 39.3388 39.3545 39.3689 39.3865 39.4036
 39.4197 39.4343 39.4463 39.4623 39.4914 39.5088 39.5189 39.5293 39.5438
 39.5563 39.5696 39.5836 39.5948 39.6108 39.6297 39.6422 39.656  39.6684
 39.6789 39.6887 39.7014 39.7115 39.7225 39.7382 39.7528 39.7629 39.7742
 39.7872 39.7996 39.81   39.8215 39.8344 39.8447 39.8558 39.8663 39.8757
 39.8861 39.8981 39.9123 39.9236 39.937  39.9478 39.9593 39.971  39.9814
 39.9913
40.0022 40.0136 40.0255 40.0342 40.0435 40.0546 40.068  40.08   40.0928
 40.1056 40.119  40.1302 40.14   40.151  40.1645 40.1753 40.1862 40.2002
 40.2132 40.2247 40.2385 40.249  40.2605 40.271  40.2838 40.2947 40.3054
 40.3173 40.33   40.3414 40.3539 40.3655 40.3788 40.3896 40.4031 40.4144
 40.4313 40.4447 40.4556 40.467  40.4836 40.4971 40.5089 40.5201 40.5327
 40.5445 40.5572 40.5736 40.5899 40.6042 40.6209 40.6374 40.6504 40.6636
 40.6741 40.6879 40.6998 40.7127 40.726  40.7385 40.7569 40.7689 40.7824
 40.7974 40.8106 40.8261 40.842  40.8549 40.8717 40.8891 40.9028 40.9159
 40.9269 40.9399 40.9539 40.9695 40.9927 41.0106 41.0313 41.0489 41.0706
 41.0842 41.0994 41.1156 41.1396 41.1948 41.2182 41.2418 41.2646 41.3009
 41.3214 41.3486 41.369  41.4735 44.8339 45.1619 46.0405 46.4319 46.5524
 46.7997 46.8377 46.8973 46.9286 47.006  47.0384 47.0798 47.1164 47.1318
 47.1543 47.1765 47.191  47.2051 47.222  47.245  47.2606 47.2857 47.3048
 47.3316 47.3519 47.3708 47.3901 47.4059 47.4204 47.4358 47.4509 47.4661
 47.4813 47.4937 47.5051 47.5157 47.5276 47.5404 47.5521 47.57   47.5824
 47.5988 47.6139 47.6268 47.6441 47.6718 47.6869 47.6991 47.7093 47.7205
 47.7298 47.7412 47.7546 47.7674 47.7831 47.7958 47.8194 47.8311 47.8424
 47.8536 47.8651 47.8775 47.8935 47.9057 47.9165 47.928  47.9412 47.9515
 47.9644 47.9764 47.9861 47.9977 48.0102 48.0203 48.0337 48.0487 48.0613
 48.073  48.0841 48.0977 48.1092 48.1224 48.1343 48.1461 48.1589 48.1713
 48.1881 48.203  48.2182 48.2311 48.2415 48.2536 48.2632 48.2768 48.2882
 48.3002 48.3102 48.321  48.3321 48.3424 48.353  48.3658 48.3762 48.3889
 48.4005 48.4113 48.4244 48.4345 48.4453 48.4577 48.4709 48.484  48.4987
 48.509  48.5188 48.531  48.5445 48.5572 48.5695 48.5802 48.594  48.6059
 48.6256 48.6394 48.6523 48.6654 48.6777 48.6889 48.7016 48.714  48.7271
 48.7388 48.75   48.7648 48.7755 48.7898 48.8008 48.8146 48.8278 48.8442
 48.8573 48.8714 48.8866 48.9027 48.9176 48.9338 48.9488 48.9658 48.9865
 49.006  49.0184 49.0335 49.0486 49.0629 49.0749 49.09   49.103  49.1165
 49.1322 49.1536 49.1726 49.1978 49.2189 49.2408 49.2639 49.2825 49.3237
 49.3445 49.3641 49.3907 49.4686 49.4973 49.5986 49.6469 49.7668
55.0347 55.0624 55.0896 55.1449 55.1655 55.2048 55.24   55.318  55.3401
 55.3599 55.3915 55.4129 55.4287 55.4531 55.468  55.5027 55.5215 55.5405
 55.5589 55.5828 55.6031 55.6214 55.6365 55.6599 55.6754 55.7108 55.7271
 55.7484 55.7672 55.7801 55.7918 55.809  55.8203 55.8343 55.8459 55.8569
 55.8692 55.8818 55.8924 55.9028 55.9168 55.9297 55.9425 55.9541 55.9664
 55.9764 55.9895 55.9999 56.0097 56.0183 56.0287 56.0389 56.0517 56.0624
 56.0734 56.0834 56.0926 56.1029 56.1129 56.1229 56.1329 56.1424 56.152
 56.162  56.171  56.1808 56.1899 56.1994 56.2085 56.2188 56.2316 56.2411
 56.251  56.2601 56.2688 56.278  56.2862 56.2961 56.3049 56.3148 56.3249
 56.3338 56.3416 56.3496 56.3585 56.3683 56.3794 56.388  56.397  56.4056
 56.4148 56.4241 56.4326 56.4424 56.4511 56.4594 56.4681 56.4762 56.4849
 56.494  56.5031 56.5121 56.5216 56.5319 56.5404 56.5494 56.5582 56.5679
 56.5763 56.5858 56.5947 56.6023 56.6114 56.6207 56.6306 56.6402 56.6488
 56.6576 56.666  56.6752 56.6844 56.6934 56.7029 56.7114 56.7199 56.7294
 56.7399 56.7487 56.7595 56.7694 56.7795 56.79   56.799  56.8096 56.8192
 56.8303 56.8394 56.8491 56.859  56.8691 56.8794 56.8889 56.8991 56.9077
 56.9163 56.9256 56.9344 56.944  56.9543 56.9635 56.9724 56.9839 56.9943
 57.0041 57.0155 57.0257 57.0347 57.0447 57.0536 57.0632 57.0727 57.0817
 57.0915 57.1009 57.1098 57.1192 57.1297 57.1398 57.1491 57.158  57.1686
 57.179  57.1878 57.1976 57.2071 57.217  57.2268 57.2369 57.2472 57.2571
 57.2685 57.2797 57.2894 57.2994 57.31   57.3207 57.3318 57.3421 57.3526
 57.3638 57.3748 57.3849 57.397  57.4105 57.4219 57.4338 57.4455 57.4577
 57.468  57.4784 57.4903 57.5046 57.5162 57.5287 57.5411 57.5534 57.5641
 57.5774 57.5912 57.6053 57.6167 57.6285 57.6401 57.6554 57.6756 57.6884
 57.7007 57.7154 57.7318 57.7509 57.7729 57.7932 57.8101 57.8297 57.8475
 57.8724 57.8938 57.918  57.949  57.9676 57.997  58.0383 58.1083 58.1616
 58.1938 58.2263 58.2869
61.4958 62.5297 64.0657 64.2671 64.2917 64.3067 64.3438 64.4189 64.4424
 64.4689 64.5042 64.5389 64.5627 64.5838 64.6053 64.6289 64.6497 64.6697
 64.6846 64.6967 64.7178 64.7375 64.7718 64.7879 64.8047 64.8215 64.8343
 64.8528 64.8821 64.9033 64.915  64.9283 64.9418 64.9538 64.9645 64.9809
 64.9923 65.0074 65.0215 65.0333 65.0448 65.0553 65.065  65.0756 65.0917
 65.1035 65.1151 65.1262 65.1379 65.1513 65.1617 65.1743 65.1859 65.1971
 65.2082 65.2193 65.2298 65.2396 65.2524 65.2626 65.2721 65.2831 65.294
 65.3038 65.3155 65.3272 65.3382 65.348  65.3571 65.3666 65.3768 65.3865
 65.3965 65.4055 65.4147 65.4237 65.4332 65.4425 65.4522 65.4629 65.4717
 65.4818 65.4912 65.5026 65.5131 65.5232 65.5331 65.5429 65.5524 65.5623
 65.5711 65.5811 65.5907 65.6002 65.6094 65.6178 65.626  65.6368 65.6461
 65.655  65.6641 65.6728 65.6829 65.6918 65.7007 65.7104 65.7194 65.73
 65.7401 65.7497 65.7592 65.7684 65.7769 65.7864 65.7955 65.8057 65.8157
 65.8247 65.8332 65.8429 65.852  65.8627 65.8734 65.8829 65.8918 65.9019
 65.9119 65.9216 65.9307 65.9399 65.9515 65.961  65.9706 65.9815 65.9929
 66.0018 66.013  66.0241 66.0379 66.0471 66.0565 66.0693 66.0798 66.0893
 66.1004 66.1097 66.1189 66.1288 66.1396 66.1494 66.1596 66.1692 66.1798
 66.1904 66.2006 66.2103 66.2194 66.2289 66.2385 66.2485 66.2594 66.2701
 66.2794 66.292  66.3019 66.3124 66.3236 66.3333 66.3438 66.3555 66.3667
 66.3789 66.3909 66.4019 66.4161 66.4293 66.4402 66.4509 66.4599 66.4706
 66.481  66.493  66.505  66.5161 66.5271 66.5404 66.5525 66.5632 66.5733
 66.5851 66.5943 66.6061 66.6165 66.6297 66.6396 66.6532 66.6653 66.6773
 66.6886 66.7017 66.7118 66.7238 66.7407 66.7522 66.7668 66.7796 66.7924
 66.8106 66.8244 66.8391 66.8548 66.8687 66.8868 66.9008 66.919  66.9378
 66.9573 66.9803 67.0007 67.0214 67.0352 67.0562 67.0717 67.0925 67.1293
 67.1773 67.2459 67.2884

