11.6975 11.8329 11.9595 12.2037 12.2613 12.3537 12.3815 12.4223 12.4562
 12.5014 12.5314 12.5813 12.6311 12.6486 12.6788 12.7201 12.8016 12.8275
 12.8792 12.8988 12.9172 12.9434 12.9623 13.0179 13.0339 13.0477 13.0657
 13.1045 13.1382 13.1911 13.2054 13.2268 13.2671 13.288  13.3472 13.4696
 13.5056
20.5052 20.8412 20.9772 21.1578 21.1828 21.2291 21.2809 21.3302 21.3731
 21.4583 21.4869 21.5151 21.5389 21.5746 21.6357 21.6535 21.6904 21.706
 21.7355 21.7549 21.7844 21.7966 21.8138 21.8351 21.8628 21.89   21.907
 21.9263 21.9408 21.9573 21.9753 21.9965 22.0079 22.023  22.0368 22.0581
 22.0796 22.091  22.1042 22.1208 22.1327 22.1556 22.1739 22.1912 22.2026
 22.2149 22.2241 22.2381 22.2531 22.2636 22.274  22.2855 22.2943 22.3041
 22.3149 22.3306 22.3533 22.3694 22.3781 22.39   22.4002 22.4132 22.4324
 22.4454 22.4631 22.4785 22.4935 22.5054 22.528  22.5424 22.5555 22.5686
 22.5874 22.5968 22.6099 22.6202 22.6305 22.6519 22.6828 22.7012 22.7279
 22.7404 22.7626 22.8017 22.8165 22.8537 22.8918 29.8855 29.9121
30.0358 30.1696 30.2242 30.2449 30.2814 30.4135 30.4451 30.46   30.4828
 30.5514 30.5737 30.5885 30.6139 30.6385 30.6516 30.6831 30.6978 30.7188
 30.7349 30.7462 30.7623 30.7801 30.8063 30.8389 30.8591 30.8837 30.9049
 30.9237 30.9375 30.9552 30.9679 31.0137 31.0415 31.0639 31.0893 31.1177
 31.1408 31.156  31.1759 31.2129 31.2414 31.2865 31.2975 31.3253 31.4177
 31.4536 38.1743 38.4074 38.5091 38.5359 38.5814 38.7624 38.7804 38.8438
 38.8977 38.9338 38.9769 39.0196 39.0379 39.0935 39.171  39.2075 39.2234
 39.2506 39.2682 39.2885 39.3252 39.3436 39.3968 39.4574 39.5109 39.5368
 39.5628 39.603  39.6668 39.6812 39.8225
45.1154 46.0329 46.5547 46.6932 46.8015 46.8575 46.9827 47.0257 47.0615
 47.0873 47.1327 47.1853 47.2093 47.2486 47.2671 47.2856 47.3129 47.3353
 47.354  47.3927 47.4125 47.4274 47.4385 47.4842 47.524  47.5404 47.5808
 47.6157 47.6734 47.6904 47.7174 47.7742
53.4235 53.9174 54.2437 54.2787 54.3193 54.5598 54.6166 54.6404 54.9123
 54.9671 55.111  55.205  55.2228 55.2839 55.3087 55.3266 55.3468 55.38
 55.4349 55.4644 55.4982 55.5117 55.529  55.557  55.5731 55.5848 55.5988
 55.6119 55.6241 55.6596 55.6903 55.7027 55.7189 55.7341 55.7516 55.7743
 55.7925 55.8205 55.8342 55.8468 55.8613 55.8756 55.8947 55.9097 55.934
 55.9549 55.9727 55.9872 56.001  56.0215 56.0592 56.073  56.0899 56.1081
 56.1189 56.1319 56.1497 56.1607 56.181  56.2218 56.2442 56.2612 56.2882
63.731  63.7704 63.9329 63.9789 64.1238 64.1757 64.2553 64.294  64.3587
 64.3777 64.4284 64.4771 64.5243 64.5536 64.5742 64.666  64.7107 64.7312
 64.7521 64.7816 64.8078 64.8269 64.8412 64.8674 64.8895 64.9543 64.9957
 65.0262 65.042  65.0677 65.0803 65.0993 65.1143 65.1277 65.1457 65.1775
 65.1987 65.2504 65.2725 65.3014 65.3203 65.3524 65.3935 65.4212 65.4732
 65.4995 65.5421 69.6172

