11.6542 13.067  13.4597 13.7056 13.7746 13.8068 13.8381 13.9144 13.9583
 13.9854 14.0497 14.1904 14.2295 14.292
21.6039 21.6974 21.9619 22.2729 22.2984 22.3245 22.3926 22.4134 22.5008
 22.5413 22.5571 22.6443 22.6993 22.9454
30.2224 31.2143 31.5743 31.7907 31.8748 32.0702 39.6271
40.1381 40.2259 40.3334 40.4723 40.4998 40.6451 40.6956 40.8265 40.9036
 49.0198 49.0978 49.5784 49.6672 49.7356 49.8295
56.4852 57.7712 58.1502 58.1947 58.2458 58.2947 58.3652 58.406  58.5188
 58.5874 58.6445 58.6816 58.7461 58.7764 58.8832 58.9419 58.964  58.9927
 59.0415
67.0714 67.3448 67.4422 67.4639 67.6359

