12.6133 12.798  13.0111 13.0453 13.2469 13.2749 13.3639 13.4299 13.4911
 13.513  13.5625 13.6039 13.6284 13.691  13.7097 13.7244 13.7604 13.781
 13.8027 13.8292 13.8525 13.8732 13.8961 13.9107 13.9207 13.937  13.9515
 13.9741 13.9902 14.0033 14.0186 14.0387 14.0571 14.0762 14.0905 14.1035
 14.117  14.1326 14.1475 14.1626 14.1802 14.1936 14.2079 14.2278 14.2412
 14.253  14.2632 14.2761 14.2934 14.3075 14.32   14.3404 14.3586 14.377
 14.3906 14.4052 14.4185 14.4323 14.4461 14.4609 14.4729 14.4898 14.5075
 14.5229 14.536  14.5494 14.5617 14.5803 14.5917 14.6042 14.6175 14.6306
 14.644  14.6587 14.674  14.6865 14.7016 14.7159 14.7376 14.7488 14.7603
 14.7709 14.7838 14.7989 14.816  14.8287 14.8462 14.8619 14.8734 14.8856
 14.8993 14.9096 14.9246 14.9376 14.9518 14.9632 14.9764 14.9874 14.9973
 15.0087 15.0187 15.0299 15.0422 15.054  15.0655 15.0787 15.0949 15.1068
 15.1205 15.1317 15.1443 15.157  15.1668 15.178  15.1884 15.2002 15.2098
 15.2217 15.2328 15.2443 15.2579 15.2691 15.2816 15.2926 15.3044 15.3145
 15.3271 15.3397 15.3505 15.3644 15.3769 15.3896 15.4054 15.4197 15.4334
 15.4475 15.4598 15.4726 15.4881 15.5037 15.518  15.5294 15.5443 15.5695
 15.5863 15.6017 15.6143 15.6327 15.6496 15.6718 15.7027 15.719  15.7493
 15.772  15.7869 15.8057 15.8239 15.8605 15.8951 15.926  15.9807 15.9994
 16.0285 16.0894 16.1346 16.182  16.2376 16.2961
21.6251 21.7095 21.7808 21.8756 22.1204 22.1532 22.1702 22.222  22.241
 22.2958 22.3085 22.3273 22.3434 22.3567 22.3713 22.4091 22.4308 22.45
 22.4691 22.4909 22.5071 22.5249 22.5468 22.5628 22.5761 22.5947 22.6129
 22.6302 22.6462 22.6653 22.6863 22.7078 22.7258 22.7476 22.7651 22.7805
 22.8    22.8125 22.824  22.8367 22.8512 22.8626 22.8744 22.8869 22.8988
 22.91   22.923  22.9354 22.948  22.9612 22.975  22.9858 22.9981 23.0113
 23.026  23.0416 23.0582 23.0727 23.0846 23.0983 23.1103 23.123  23.1359
 23.1513 23.1658 23.1773 23.1919 23.2092 23.2234 23.2393 23.2516 23.2676
 23.282  23.3032 23.3154 23.3265 23.3404 23.3538 23.3699 23.3824 23.3948
 23.4114 23.4232 23.4361 23.4477 23.4602 23.4733 23.487  23.5029 23.5125
 23.5243 23.5351 23.5478 23.5612 23.5728 23.5855 23.5985 23.6097 23.6206
 23.6305 23.6438 23.6586 23.6716 23.6846 23.6952 23.7062 23.7169 23.7293
 23.7398 23.7519 23.7638 23.7745 23.7854 23.7961 23.8082 23.8187 23.8313
 23.8405 23.8502 23.8618 23.8734 23.8836 23.8947 23.9059 23.9158 23.9254
 23.9349 23.9455 23.9585 23.9693 23.9802 23.9899 24.0055 24.0177 24.0276
 24.0385 24.0485 24.0601 24.0721 24.085  24.0984 24.1118 24.1236 24.1368
 24.1483 24.1618 24.1754 24.1896 24.2053 24.2155 24.2313 24.2442 24.2575
 24.2742 24.2914 24.3071 24.3217 24.3396 24.3549 24.3688 24.3852 24.4001
 24.419  24.4341 24.4497 24.4705 24.4857 24.5103 24.5249 24.544  24.5608
 24.5776 24.6036 24.6214 24.6448 24.6762 24.6953 24.7134 24.7674 24.7919
 24.8177 24.8447 24.8934 24.9181 24.9437 24.9822 25.0581
31.0377 31.1617 31.2845 31.3635 31.4045 31.4614 31.509  31.5545 31.5705
 31.5914 31.637  31.6919 31.7292 31.7659 31.7804 31.798  31.8329 31.8578
 31.879  31.8926 31.9139 31.9366 31.9599 31.9873 32.0101 32.0222 32.041
 32.0562 32.0767 32.0917 32.1086 32.123  32.1438 32.1608 32.1745 32.1891
 32.2044 32.2178 32.2341 32.2472 32.2664 32.2783 32.2897 32.3039 32.317
 32.3342 32.3509 32.3656 32.38   32.3915 32.4091 32.4245 32.4382 32.4525
 32.4653 32.4784 32.4891 32.5055 32.5196 32.5322 32.5481 32.5603 32.5758
 32.5899 32.6008 32.6122 32.6236 32.6438 32.6547 32.6722 32.6862 32.7006
 32.7161 32.7318 32.7462 32.7629 32.7759 32.7873 32.7986 32.8115 32.824
 32.8347 32.847  32.8571 32.8698 32.8801 32.897  32.9164 32.9316 32.9427
 32.9546 32.9679 32.9843 32.9981 33.0108 33.0248 33.0347 33.0472 33.0603
 33.073  33.0851 33.0984 33.1107 33.127  33.1378 33.1487 33.1585 33.1704
 33.1812 33.1913 33.2053 33.2163 33.2302 33.241  33.253  33.2659 33.2792
 33.2931 33.3054 33.3163 33.3293 33.3392 33.3496 33.3594 33.3722 33.3844
 33.3959 33.4094 33.4221 33.4342 33.444  33.4538 33.4656 33.4801 33.4928
 33.5061 33.5193 33.5325 33.5442 33.5582 33.5729 33.5854 33.6013 33.6166
 33.6271 33.6453 33.6644 33.6851 33.7081 33.7247 33.7447 33.7615 33.7726
 33.786  33.8015 33.8279 33.8471 33.861  33.8783 33.9039 33.9286 33.9529
 33.9817 34.0049 34.0231 34.052  34.0866 34.1117 34.1318 34.1598 34.1828
 34.2068 34.2325 34.2608 34.3199 34.4459 39.4988 39.5896 39.7689 39.983
40.0253 40.0744 40.0944 40.116  40.2129 40.2407 40.2577 40.2972 40.3364
 40.3612 40.3774 40.3909 40.4064 40.4333 40.4537 40.4796 40.4978 40.51
 40.5284 40.5518 40.5787 40.6015 40.6183 40.6391 40.6535 40.6665 40.6895
 40.6998 40.7115 40.7235 40.738  40.7555 40.7669 40.7792 40.7945 40.8069
 40.8184 40.8363 40.8489 40.8626 40.874  40.8871 40.904  40.9203 40.9383
 40.9551 40.9721 40.9893 41.0039 41.0183 41.0298 41.0417 41.0539 41.0661
 41.0814 41.0978 41.1113 41.1281 41.1395 41.1495 41.1616 41.1825 41.1937
 41.2119 41.2339 41.2472 41.2599 41.2741 41.2877 41.3048 41.3217 41.3337
 41.3523 41.3719 41.3923 41.4097 41.4255 41.4431 41.4576 41.4709 41.484
 41.4977 41.5144 41.5415 41.5572 41.575  41.5894 41.6047 41.617  41.6282
 41.6395 41.6533 41.6654 41.6764 41.6919 41.7019 41.7175 41.7334 41.749
 41.7596 41.7739 41.7862 41.7997 41.8144 41.8273 41.8387 41.8512 41.866
 41.8796 41.8948 41.9063 41.9192 41.9331 41.9478 41.9602 41.9719 41.9833
 42.0039 42.0156 42.0326 42.049  42.0646 42.0795 42.0947 42.1101 42.126
 42.1445 42.1597 42.1857 42.1997 42.2156 42.2355 42.2518 42.2696 42.2896
 42.3066 42.3349 42.3488 42.38   42.4027 42.4183 42.4397 42.456  42.4766
 42.4959 42.5217 42.5464 42.5629 42.6045 42.6268 42.6504 42.6832 42.7072
 42.7826 42.8307 42.8731 42.9378 47.3902 48.432  48.771  48.8873 48.9239
 49.1836 49.2234 49.2688 49.3236 49.3509 49.4157 49.5636 49.5853 49.6145
 49.65   49.6739 49.7376 49.7603 49.7936 49.8223 49.8428 49.8735 49.8936
 49.9156 49.9648 49.99
50.007  50.021  50.0382 50.056  50.0678 50.0873 50.1017 50.1294 50.1468
 50.1716 50.188  50.2007 50.2167 50.2302 50.2462 50.2736 50.2883 50.3016
 50.3174 50.3335 50.3454 50.3621 50.3746 50.3964 50.4157 50.4367 50.4495
 50.4645 50.4868 50.5022 50.5145 50.5283 50.5477 50.563  50.5931 50.6112
 50.6296 50.6501 50.6647 50.6836 50.7023 50.7206 50.7344 50.7464 50.7584
 50.7721 50.7911 50.8026 50.8206 50.8364 50.8536 50.8662 50.8792 50.8915
 50.9064 50.9223 50.9426 50.9559 50.9674 50.9809 50.9958 51.0101 51.026
 51.0397 51.0555 51.0692 51.0844 51.103  51.1185 51.1355 51.1489 51.1608
 51.1761 51.1875 51.2024 51.2243 51.25   51.2663 51.2828 51.2992 51.3263
 51.3497 51.3726 51.3948 51.413  51.4405 51.4729 51.4944 51.5174 51.5386
 51.5654 51.5806 51.6271 51.6461 51.6761 51.7125 51.7403 51.7739 51.8492
 51.8885 52.0149 52.412  57.5512 57.8475 58.0071 58.0371 58.0878 58.1117
 58.2754 58.397  58.4477 58.4737 58.504  58.5736 58.6018 58.6858 58.7078
 58.7297 58.7684 58.7962 58.8301 58.8703 58.8879 58.9085 58.9406 58.9546
 58.9709 59.0012 59.0162 59.0359 59.0724 59.0925 59.1084 59.1214 59.1348
 59.1485 59.1597 59.1765 59.1887 59.2058 59.2171 59.2273 59.242  59.2534
 59.2661 59.2816 59.2939 59.312  59.3269 59.3399 59.3553 59.3726 59.3833
 59.3955 59.4082 59.4232 59.4375 59.4511 59.4621 59.4737 59.4841 59.4968
 59.5093 59.5219 59.5332 59.5448 59.5595 59.572  59.5843 59.5986 59.6131
 59.6301 59.6451 59.661  59.6716 59.6831 59.6967 59.7097 59.7288 59.7435
 59.7611 59.779  59.803  59.8281 59.8404 59.8522 59.8712 59.8918 59.9063
 59.9201 59.9355 59.9512 59.9646 59.978  59.9921
60.0029 60.017  60.0316 60.0428 60.0554 60.0669 60.0798 60.095  60.1108
 60.127  60.1419 60.1559 60.1694 60.1847 60.197  60.2115 60.2236 60.2363
 60.249  60.2613 60.2763 60.2926 60.3056 60.3203 60.3322 60.3485 60.3637
 60.3795 60.3938 60.4077 60.4235 60.4378 60.4619 60.4811 60.5054 60.535
 60.5512 60.5776 60.6015 60.6312 60.646  60.6603 60.6825 60.6986 60.7141
 60.7333 60.7524 60.7868 60.8026 60.8198 60.8435 60.8707 60.8847 60.9208
 60.9811 61.0057 61.0339 61.0957 61.2146 61.3485 61.4187 66.0286 66.6239
 66.7407 66.7675 66.8037 66.9383 67.0094 67.0306 67.0511 67.0679 67.1292
 67.1647 67.1845 67.2322 67.2757 67.3034 67.3202 67.3519 67.3773 67.414
 67.4385 67.4564 67.4757 67.4921 67.506  67.5335 67.5531 67.5823 67.6041
 67.6371 67.6519 67.6696 67.6877 67.7036 67.7201 67.748  67.7659 67.7797
 67.8034 67.817  67.8472 67.8691 67.888  67.903  67.9171 67.9324 67.9453
 67.9587 67.9755 67.9928 68.0064 68.0171 68.034  68.0509 68.0691 68.0857
 68.1024 68.1156 68.1277 68.1446 68.157  68.1723 68.1852 68.1992 68.2103
 68.2257 68.244  68.2598 68.2783 68.29   68.3061 68.3264 68.3391 68.3573
 68.3693 68.3918 68.4145 68.4305 68.4486 68.4615 68.4776 68.5028 68.5194
 68.5329 68.5467 68.5633 68.5789 68.5916 68.6091 68.6228 68.6364 68.6533
 68.6657 68.6781 68.6905 68.7104 68.7218 68.7351 68.7494 68.7613 68.7756
 68.7886 68.8016 68.8157 68.8312 68.8455 68.8623 68.8762 68.891  68.9084
 68.9231 68.9448 68.96   68.9767 68.9899 69.0028 69.0288 69.0549 69.0856
 69.1067 69.1298 69.1478 69.1609 69.1924 69.2119 69.235  69.2639 69.2883
 69.3121 69.3374 69.3582 69.3819 69.4119 69.4355 69.4784 69.5996

