12.3246 12.4049 12.5764 12.9592 13.0514 13.075  13.1525 13.1916 13.2178
 13.2337 13.2712 13.3128 13.3496 13.3724 13.3942 13.4074 13.4284 13.4446
 13.4673 13.4873 13.5329 13.5541 13.5709 13.5827 13.5965 13.6364 13.6544
 13.6756 13.6901 13.7061 13.7314 13.7516 13.7655 13.7783 13.7906 13.8046
 13.8237 13.8374 13.852  13.8657 13.8759 13.8917 13.9048 13.9164 13.9287
 13.9396 13.9501 13.9619 13.9712 13.9856 13.9972 14.0078 14.0197 14.0316
 14.0448 14.0574 14.0677 14.0768 14.0874 14.0983 14.1083 14.1191 14.1299
 14.1389 14.1479 14.1594 14.1714 14.1815 14.1925 14.2027 14.2119 14.2213
 14.23   14.2396 14.2501 14.2619 14.2724 14.2835 14.2925 14.3025 14.3115
 14.3208 14.3324 14.3453 14.3552 14.3665 14.3778 14.3882 14.3975 14.4064
 14.4149 14.4235 14.4325 14.4414 14.4499 14.4596 14.4684 14.479  14.4875
 14.4968 14.507  14.516  14.5246 14.5351 14.5446 14.5531 14.5617 14.5708
 14.5825 14.5936 14.6066 14.6161 14.627  14.6365 14.6468 14.6565 14.6666
 14.6758 14.6869 14.6968 14.7073 14.7174 14.7311 14.7405 14.7514 14.7635
 14.7736 14.7845 14.7939 14.8039 14.8182 14.8283 14.841  14.8525 14.8638
 14.8749 14.8843 14.8955 14.906  14.919  14.9306 14.9425 14.9552 14.9705
 14.9836 14.9953 15.008  15.0198 15.0364 15.0524 15.0659 15.0807 15.0944
 15.1082 15.1209 15.1368 15.1494 15.1629 15.1732 15.1865 15.1999 15.2132
 15.2306 15.2474 15.2659 15.2789 15.2973 15.3372 15.3586 15.3919 15.4146
 15.4415 15.4704 15.4995 15.5969 15.6448 15.6757 15.7859 15.8151
21.1513 21.1873 21.3047 21.3313 21.3798 21.5538 21.5821 21.6332 21.6668
 21.7318 21.8459 21.8808 21.9448 21.971  21.9878 22.0204 22.0451 22.0603
 22.0778 22.1071 22.1368 22.1575 22.173  22.1832 22.1957 22.2105 22.2289
 22.2537 22.2883 22.3043 22.3387 22.3521 22.3687 22.3822 22.4001 22.416
 22.4281 22.4417 22.455  22.4674 22.4785 22.4876 22.4995 22.5125 22.5244
 22.5375 22.5484 22.5597 22.574  22.5835 22.5949 22.606  22.6163 22.6267
 22.6373 22.6487 22.6602 22.6704 22.6804 22.6907 22.6997 22.7106 22.72
 22.7298 22.7396 22.7492 22.7581 22.7691 22.7784 22.7885 22.799  22.8102
 22.8201 22.8303 22.8405 22.8504 22.8615 22.8707 22.882  22.8901 22.8978
 22.9067 22.9157 22.9258 22.9349 22.9459 22.9555 22.9654 22.9747 22.9839
 22.994  23.0027 23.0113 23.0204 23.0297 23.0403 23.0493 23.0585 23.0669
 23.0756 23.0848 23.0943 23.1025 23.1111 23.1197 23.1278 23.1358 23.1447
 23.1526 23.1615 23.1711 23.1806 23.1902 23.1997 23.2102 23.2191 23.2276
 23.2358 23.2439 23.2543 23.2632 23.2717 23.2838 23.2935 23.3027 23.3117
 23.3209 23.3302 23.339  23.349  23.358  23.3671 23.3756 23.3848 23.3937
 23.4024 23.4129 23.4216 23.4304 23.4392 23.4505 23.4607 23.4714 23.4804
 23.4891 23.499  23.5081 23.5169 23.5264 23.5361 23.5455 23.5541 23.5635
 23.5727 23.5837 23.5943 23.6048 23.6171 23.6279 23.6389 23.6485 23.6609
 23.6706 23.6817 23.6922 23.7026 23.7127 23.7284 23.7397 23.752  23.7651
 23.7768 23.7883 23.8001 23.812  23.824  23.8382 23.8586 23.8755 23.8889
 23.9022 23.9151 23.9279 23.9429 23.9535 23.965  23.9759 23.9872 24.0011
 24.0136 24.0284 24.0431 24.0623 24.0816 24.0998 24.1167 24.1402 24.185
 24.2429 24.3567 24.3796 24.4999 24.6031 29.4932 29.971
30.3019 30.7589 30.8581 30.896  30.9828 31.0229 31.0447 31.0864 31.1108
 31.2396 31.2754 31.304  31.3663 31.4186 31.4545 31.5124 31.53   31.6
 31.614  31.6287 31.6485 31.6764 31.6936 31.7128 31.7251 31.7397 31.755
 31.769  31.7823 31.7944 31.8111 31.8275 31.8479 31.8588 31.8699 31.8852
 31.8987 31.9115 31.9231 31.9359 31.9468 31.96   31.9714 31.9851 31.9987
 32.0092 32.0205 32.0298 32.0393 32.0543 32.0694 32.0821 32.0925 32.1015
 32.1111 32.1226 32.1329 32.1441 32.1566 32.167  32.177  32.1885 32.1981
 32.207  32.2162 32.2264 32.2365 32.2471 32.2568 32.2673 32.277  32.2867
 32.2953 32.3048 32.3143 32.3227 32.3305 32.3399 32.3494 32.3593 32.3685
 32.3777 32.3865 32.3958 32.4041 32.4131 32.4222 32.4314 32.4417 32.4509
 32.4608 32.4702 32.4805 32.4894 32.5017 32.511  32.5225 32.532  32.5402
 32.5502 32.5595 32.5685 32.5777 32.5873 32.5978 32.6082 32.6173 32.6281
 32.6385 32.6487 32.6575 32.6676 32.6773 32.6892 32.6985 32.7089 32.7196
 32.7295 32.7387 32.7477 32.7589 32.77   32.7798 32.7902 32.8003 32.8117
 32.8204 32.8306 32.8415 32.8531 32.8638 32.8742 32.8837 32.8949 32.9061
 32.9162 32.927  32.9389 32.9515 32.9632 32.9746 32.9874 32.999  33.0097
 33.0205 33.0304 33.0412 33.0551 33.0665 33.0769 33.0884 33.0983 33.1118
 33.122  33.1327 33.1435 33.1542 33.1654 33.1775 33.187  33.2025 33.2186
 33.2303 33.2456 33.2606 33.2744 33.2891 33.3008 33.3161 33.3324 33.3478
 33.3643 33.3814 33.3977 33.4158 33.4351 33.4792 33.5066 33.6356 33.6816
 33.7517 33.8918 34.0008 38.3706 38.8379 39.1639 39.4547 39.4787 39.5004
 39.7829 39.8719 39.9153 39.9637 39.9926
40.0202 40.0622 40.0814 40.1132 40.1327 40.1509 40.1789 40.1955 40.2108
 40.2303 40.2439 40.2586 40.2731 40.2949 40.3089 40.3239 40.3403 40.3563
 40.37   40.3825 40.3944 40.4043 40.4195 40.4378 40.4531 40.4648 40.478
 40.4941 40.5056 40.5193 40.5335 40.5481 40.5606 40.579  40.5921 40.6045
 40.6185 40.6289 40.6425 40.6537 40.6635 40.6741 40.6892 40.7046 40.715
 40.7262 40.7375 40.748  40.7585 40.769  40.7798 40.7918 40.8021 40.8119
 40.822  40.8319 40.844  40.8551 40.8657 40.8759 40.8857 40.897  40.9077
 40.9179 40.9275 40.9387 40.948  40.9605 40.9704 40.98   40.989  40.9986
 41.0079 41.0172 41.0291 41.0411 41.0517 41.062  41.0737 41.0845 41.0943
 41.1056 41.1185 41.1291 41.1401 41.1486 41.1575 41.1667 41.1759 41.1864
 41.1972 41.2056 41.2153 41.2252 41.2345 41.244  41.253  41.2631 41.2722
 41.2821 41.2916 41.3022 41.3129 41.323  41.3332 41.3441 41.3573 41.3672
 41.378  41.3878 41.3986 41.4069 41.4169 41.4287 41.4386 41.4489 41.4619
 41.4722 41.4848 41.4946 41.505  41.5184 41.5306 41.5418 41.5513 41.5627
 41.5743 41.5881 41.5986 41.6096 41.6209 41.6329 41.6455 41.6636 41.6826
 41.6995 41.7109 41.7251 41.7387 41.7524 41.7645 41.7764 41.7918 41.806
 41.8212 41.8377 41.8515 41.8647 41.8906 41.9053 41.9276 41.9486 41.9687
 41.9969 42.0164 42.0417 42.065  42.0917 42.2025 42.2546 42.2963 47.9647
 48.3739 48.5485 48.8549 48.8969 48.9414 48.9834 49.0093 49.0899 49.1662
 49.2531 49.3148 49.3742 49.3905 49.4191 49.4781 49.4984 49.5134 49.5266
 49.5407 49.558  49.5957 49.6194 49.6329 49.6471 49.6619 49.6767 49.6954
 49.7239 49.7358 49.7606 49.7723 49.7903 49.8037 49.8158 49.8302 49.8506
 49.867  49.8784 49.8924 49.9056 49.9222 49.9338 49.9451 49.9559 49.9687
 49.9809 49.9964
50.0103 50.0208 50.0312 50.0416 50.0525 50.066  50.0787 50.0904 50.1024
 50.1123 50.1246 50.1378 50.1484 50.158  50.1683 50.1827 50.1934 50.2055
 50.2173 50.2288 50.2393 50.2503 50.2611 50.2714 50.2822 50.2934 50.3045
 50.3154 50.3302 50.3408 50.3525 50.3653 50.3747 50.384  50.3934 50.4039
 50.4166 50.4269 50.4368 50.4472 50.4581 50.4717 50.4832 50.495  50.5062
 50.5164 50.5266 50.5359 50.5473 50.5657 50.5785 50.5906 50.6029 50.6151
 50.6276 50.6404 50.6524 50.6638 50.6801 50.6905 50.7033 50.716  50.7308
 50.7458 50.7599 50.776  50.7957 50.8117 50.8226 50.8412 50.8576 50.8686
 50.8808 50.894  50.9058 50.9197 50.9353 50.9523 50.9641 50.9785 50.9979
 51.015  51.0325 51.0545 51.0677 51.0899 51.1091 51.1376 51.1613 51.1754
 51.1961 51.2232 51.2718 51.3122 53.9142 57.4071 57.564  57.9974 58.0891
 58.1184 58.1429 58.1667 58.2168 58.2407 58.2626 58.2929 58.3173 58.3688
 58.4009 58.4303 58.4704 58.5093 58.5274 58.5603 58.5811 58.5948 58.6091
 58.6225 58.6358 58.6529 58.6718 58.6934 58.7094 58.7297 58.7484 58.7646
 58.777  58.794  58.8075 58.8224 58.8335 58.846  58.8606 58.8745 58.8906
 58.9011 58.9156 58.9279 58.9426 58.9535 58.9642 58.9757 58.9864 58.9996
 59.0104 59.0212 59.0362 59.0471 59.0579 59.0722 59.0832 59.0927 59.1062
 59.1173 59.1273 59.139  59.1503 59.1613 59.1728 59.1848 59.1968 59.2063
 59.218  59.2295 59.2398 59.2552 59.2677 59.2782 59.289  59.2996 59.3096
 59.32   59.3305 59.3398 59.3509 59.3638 59.3743 59.3848 59.3947 59.4047
 59.4148 59.4235 59.4329 59.443  59.4525 59.462  59.4746 59.4859 59.4958
 59.5058 59.5157 59.5267 59.537  59.5475 59.5573 59.5665 59.5759 59.5851
 59.5945 59.6049 59.6155 59.6281 59.6394 59.6488 59.6583 59.668  59.6772
 59.6872 59.6963 59.7046 59.7141 59.7232 59.7325 59.7436 59.7541 59.7646
 59.7727 59.7825 59.7907 59.8008 59.8126 59.8234 59.8362 59.8465 59.8588
 59.8719 59.8859 59.9018 59.917  59.9295 59.9403 59.9518 59.9615 59.9728
 59.9847 59.9968
60.0078 60.0194 60.0305 60.0434 60.0551 60.0676 60.0798 60.0946 60.1092
 60.1225 60.1351 60.1477 60.1633 60.1811 60.1957 60.211  60.2221 60.2426
 60.2653 60.2822 60.3006 60.3233 60.3489 60.3687 60.4081 60.4682 60.5084
 60.5295 60.7057 65.3426 66.2557 66.2743 66.5661 66.635  66.6978 66.7189
 66.7825 66.8297 66.8932 66.92   66.9438 66.9827 66.9973 67.0376 67.0678
 67.0884 67.1141 67.1391 67.1521 67.173  67.1956 67.2177 67.2322 67.2444
 67.2607 67.2799 67.2946 67.308  67.3223 67.3332 67.3448 67.3573 67.3721
 67.3906 67.4016 67.4132 67.4269 67.4369 67.4504 67.4663 67.4798 67.4979
 67.5124 67.5245 67.5357 67.5473 67.5624 67.5756 67.5897 67.6009 67.6162
 67.6297 67.6395 67.6488 67.6602 67.6708 67.6824 67.693  67.7059 67.7196
 67.7366 67.7556 67.7671 67.7805 67.7911 67.8023 67.8135 67.825  67.8399
 67.8516 67.8662 67.8766 67.887  67.898  67.9084 67.9197 67.9314 67.9431
 67.9544 67.9647 67.9778 67.9896 68.0043 68.0154 68.0245 68.0338 68.0457
 68.0572 68.0737 68.0898 68.0996 68.1113 68.1227 68.1336 68.1439 68.1548
 68.167  68.1777 68.1919 68.2046 68.2191 68.2326 68.2471 68.2611 68.2745
 68.2891 68.3006 68.3122 68.3257 68.3399 68.3544 68.3733 68.3889 68.4029
 68.4153 68.4322 68.4458 68.465  68.4811 68.5142 68.5338 68.5604 68.5794
 68.6    68.6194 68.6349 68.653  68.6741 68.6914 68.7129 68.7457 68.7694
 68.8137 68.8386 68.9059 68.9505

