12.2456 12.5595 12.649  12.8014 12.881  12.9478 13.004  13.0415 13.0674
 13.1047 13.1387 13.1586 13.1873 13.2077 13.2269 13.2469 13.2674 13.2879
 13.3315 13.3526 13.3756 13.3889 13.4187 13.4355 13.4701 13.4821 13.4968
 13.5148 13.5257 13.5397 13.5557 13.5728 13.5904 13.6063 13.624  13.6362
 13.6466 13.6633 13.6887 13.7062 13.7231 13.7419 13.7531 13.7657 13.7779
 13.7904 13.7999 13.8102 13.8226 13.8335 13.8451 13.855  13.8677 13.8768
 13.886  13.8948 13.9084 13.9195 13.9337 13.947  13.9605 13.9708 13.9808
 13.991  14.0016 14.0107 14.0219 14.0333 14.0429 14.054  14.0641 14.0746
 14.0838 14.094  14.1056 14.1167 14.1266 14.1362 14.146  14.1573 14.1695
 14.1807 14.1903 14.2007 14.2132 14.2253 14.2395 14.2507 14.2596 14.2686
 14.2803 14.2904 14.3011 14.3113 14.3214 14.3339 14.3455 14.3551 14.3648
 14.3741 14.3824 14.3926 14.4036 14.4154 14.426  14.4364 14.4463 14.457
 14.4685 14.4783 14.4882 14.4997 14.5091 14.5187 14.5296 14.5413 14.5526
 14.5618 14.5714 14.5815 14.5913 14.6024 14.6152 14.6274 14.6391 14.6496
 14.6588 14.6688 14.6795 14.6903 14.7008 14.7115 14.7212 14.7332 14.7449
 14.7596 14.7777 14.7976 14.8119 14.8247 14.8365 14.8489 14.8604 14.8744
 14.886  14.8989 14.9109 14.9232 14.9388 14.9519 14.9689 14.9836 14.9988
 15.0176 15.0335 15.0538 15.0741 15.092  15.1133 15.1324 15.1606 15.1804
 15.2007 15.2187 15.2564 15.2776 15.301  15.3202 15.3362 15.3627 15.3858
 15.417  15.4434 15.4881 15.5743 15.6886 19.4634
21.4927 21.7408 21.7944 21.8271 21.9032 21.9547 22.0281 22.1144 22.1404
 22.1584 22.1733 22.1963 22.2183 22.2349 22.2569 22.2723 22.2878 22.3006
 22.3118 22.3286 22.3397 22.355  22.3685 22.3893 22.4054 22.4253 22.4448
 22.4629 22.4759 22.4917 22.5024 22.5152 22.5336 22.5471 22.5581 22.5726
 22.5856 22.5993 22.6142 22.6276 22.6387 22.6491 22.6616 22.6764 22.692
 22.7024 22.7131 22.7228 22.7343 22.7467 22.7586 22.7686 22.7803 22.7921
 22.8017 22.8125 22.8252 22.8351 22.8482 22.8593 22.8714 22.8808 22.8908
 22.902  22.9112 22.9212 22.9313 22.9434 22.9542 22.9655 22.9746 22.9851
 22.9946 23.0044 23.0137 23.0238 23.0327 23.0423 23.0515 23.0612 23.0701
 23.0809 23.0905 23.1001 23.1105 23.12   23.1294 23.1392 23.1482 23.1578
 23.1665 23.1771 23.19   23.2016 23.2104 23.2196 23.2282 23.238  23.2481
 23.2594 23.2693 23.278  23.2874 23.2958 23.3048 23.315  23.3247 23.3332
 23.3423 23.3512 23.361  23.3686 23.3773 23.3861 23.3943 23.4035 23.4143
 23.4244 23.4331 23.4416 23.4506 23.4595 23.4699 23.4792 23.4886 23.4986
 23.508  23.5172 23.5282 23.5371 23.547  23.5567 23.5669 23.5769 23.5854
 23.5961 23.6065 23.6152 23.6239 23.6342 23.6454 23.656  23.6684 23.6781
 23.6877 23.6975 23.7101 23.7235 23.7348 23.7445 23.7548 23.7652 23.7756
 23.7851 23.7949 23.8047 23.8156 23.827  23.8392 23.8496 23.8603 23.8711
 23.8866 23.8975 23.9082 23.9231 23.935  23.9452 23.9569 23.9697 23.9837
 23.9988 24.012  24.0255 24.0432 24.0594 24.0721 24.0891 24.1054 24.1259
 24.1414 24.1634 24.1773 24.1928 24.2124 24.2286 24.2458 24.2681 24.2838
 24.3032 24.3251 24.3489 24.3872 24.4113 24.438  24.4785 24.5499 24.6037
 24.651
30.272  30.4559 30.794  30.8424 30.9286 30.992  31.0191 31.0969 31.1576
 31.1893 31.213  31.2449 31.2626 31.2839 31.2979 31.3255 31.3447 31.3675
 31.3931 31.4127 31.4289 31.4477 31.4619 31.4768 31.5056 31.5179 31.5368
 31.5534 31.5732 31.5957 31.6089 31.6248 31.6389 31.6515 31.6662 31.683
 31.7029 31.7138 31.7266 31.7441 31.7581 31.7705 31.784  31.7951 31.8114
 31.8266 31.8385 31.8555 31.8649 31.8783 31.8878 31.8994 31.911  31.9217
 31.9352 31.9489 31.9603 31.9787 31.9947 32.0048 32.0172 32.0286 32.0406
 32.0549 32.0653 32.0786 32.09   32.102  32.1158 32.1268 32.1374 32.1503
 32.1634 32.1739 32.1858 32.196  32.2098 32.2201 32.2321 32.2433 32.2546
 32.2665 32.2769 32.286  32.2958 32.307  32.3173 32.3277 32.3381 32.3495
 32.3606 32.3714 32.382  32.3942 32.4046 32.4156 32.427  32.4378 32.4473
 32.4584 32.4704 32.4825 32.4948 32.5066 32.5174 32.5286 32.5381 32.5486
 32.5586 32.571  32.5809 32.5935 32.6056 32.6159 32.6263 32.6351 32.6476
 32.6602 32.6697 32.6836 32.6946 32.7051 32.718  32.731  32.7421 32.753
 32.7646 32.7765 32.7903 32.8018 32.815  32.8295 32.8427 32.8573 32.8692
 32.8823 32.8932 32.9035 32.9159 32.9284 32.9383 32.9537 32.9667 32.983
 32.9939 33.0076 33.0249 33.0384 33.0538 33.0671 33.0841 33.0975 33.1165
 33.1328 33.1473 33.1675 33.1944 33.2202 33.2347 33.2531 33.2704 33.2947
 33.3151 33.3374 33.3938 33.4592 33.5043 33.6196 33.6473 33.7562 39.0995
 39.3007 39.3489 39.6133 39.6397 39.7889 39.8535 39.9117 39.9512
40.0028 40.0394 40.0777 40.105  40.1361 40.1542 40.1766 40.1931 40.2124
 40.2309 40.2639 40.2908 40.3269 40.3494 40.3681 40.389  40.4085 40.4262
 40.4487 40.468  40.4939 40.5103 40.5243 40.5374 40.5505 40.5643 40.578
 40.5968 40.615  40.6283 40.6437 40.6607 40.6749 40.6876 40.7014 40.7176
 40.7318 40.7447 40.7548 40.7643 40.7738 40.7875 40.798  40.8116 40.822
 40.8343 40.8466 40.8566 40.8671 40.8774 40.8874 40.9006 40.9143 40.9278
 40.9386 40.949  40.9597 40.9712 40.9847 40.9957 41.0073 41.0192 41.0316
 41.0411 41.0514 41.0614 41.07   41.0802 41.09   41.0989 41.1093 41.1228
 41.134  41.1442 41.1553 41.166  41.1782 41.1867 41.1965 41.207  41.2175
 41.2287 41.2389 41.2485 41.259  41.2711 41.2823 41.2925 41.3032 41.3166
 41.3254 41.3374 41.3527 41.3627 41.3727 41.3828 41.3937 41.404  41.4141
 41.4279 41.4394 41.4499 41.4589 41.469  41.4795 41.4902 41.5004 41.5107
 41.5232 41.5342 41.5448 41.5547 41.5665 41.5758 41.5853 41.5944 41.6039
 41.6141 41.6257 41.6384 41.6504 41.6621 41.6722 41.6815 41.6925 41.7022
 41.7131 41.7236 41.7343 41.7442 41.7564 41.7687 41.7818 41.7922 41.8074
 41.8223 41.836  41.8473 41.8616 41.8739 41.8857 41.9018 41.9174 41.9354
 41.9531 41.966  41.978  41.9889 42.0057 42.0223 42.0384 42.0539 42.0662
 42.0796 42.0954 42.1121 42.1286 42.1544 42.1721 42.1906 42.2207 42.2399
 42.275  42.3153 42.3538 42.5817 47.8628 48.3722 48.6852 48.8953 48.9227
 49.0061 49.0327 49.0661 49.1058 49.1319 49.1592 49.1897 49.215  49.2384
 49.2579 49.2751 49.2907 49.3115 49.3278 49.3475 49.3667 49.3813 49.3995
 49.4109 49.4236 49.4379 49.4511 49.4673 49.4855 49.4962 49.5092 49.5257
 49.5363 49.553  49.568  49.5837 49.5954 49.6078 49.6212 49.6361 49.6521
 49.6658 49.681  49.6933 49.7082 49.7184 49.7278 49.7384 49.7484 49.7624
 49.7749 49.7847 49.7965 49.8086 49.8231 49.8352 49.8472 49.8591 49.8716
 49.8827 49.8922 49.9017 49.9113 49.9212 49.931  49.94   49.9517 49.9615
 49.9711 49.9819 49.992
50.0034 50.0131 50.0239 50.0351 50.0452 50.0559 50.0679 50.0786 50.0888
 50.0968 50.1056 50.1157 50.1253 50.1339 50.1416 50.1504 50.1602 50.1702
 50.1799 50.191  50.2005 50.2089 50.2169 50.2252 50.2339 50.2417 50.2515
 50.2613 50.2704 50.2794 50.2893 50.3    50.3092 50.3183 50.3273 50.3361
 50.3452 50.3539 50.3627 50.3733 50.3819 50.3906 50.399  50.4072 50.4184
 50.4272 50.4357 50.4443 50.4534 50.4627 50.4721 50.4808 50.4904 50.4999
 50.5083 50.5171 50.5252 50.5344 50.5438 50.5528 50.5619 50.572  50.5814
 50.5904 50.5988 50.6085 50.6189 50.6295 50.6398 50.6489 50.6585 50.6677
 50.6773 50.6867 50.6979 50.7078 50.7192 50.728  50.7382 50.7521 50.7613
 50.7711 50.7825 50.7943 50.8053 50.819  50.8313 50.8419 50.8524 50.8652
 50.8761 50.8863 50.8969 50.9125 50.9255 50.9368 50.9492 50.9592 50.9722
 50.9837 50.9967 51.0106 51.0227 51.0356 51.0484 51.0605 51.0707 51.0845
 51.0966 51.1119 51.1256 51.1414 51.1602 51.1774 51.1987 51.2269 51.2429
 51.2664 51.2802 51.2961 51.3156 51.3368 51.3655 51.4055 51.4353 51.5177
 57.2327 57.5629 57.5909 57.6299 57.6831 57.726  57.7669 57.7893 57.8339
 57.951  57.9853 58.0168 58.0379 58.0885 58.1279 58.1708 58.198  58.2159
 58.2376 58.2513 58.2714 58.288  58.3192 58.3345 58.3584 58.3733 58.3929
 58.4071 58.4248 58.4391 58.4534 58.4679 58.4826 58.5047 58.5227 58.5375
 58.55   58.5743 58.5892 58.6004 58.6121 58.6262 58.6417 58.6549 58.6723
 58.6975 58.7141 58.7356 58.7483 58.7691 58.7804 58.7939 58.8033 58.8156
 58.8316 58.8459 58.8589 58.8709 58.8832 58.8968 58.9083 58.92   58.9337
 58.9469 58.9602 58.9745 58.9866 58.9955 59.0048 59.0152 59.028  59.0427
 59.0558 59.0667 59.0774 59.0872 59.0969 59.1077 59.119  59.1292 59.1404
 59.1498 59.1606 59.1721 59.1814 59.1904 59.202  59.2145 59.2259 59.2429
 59.2512 59.2617 59.2713 59.2827 59.2939 59.304  59.3163 59.3268 59.3359
 59.347  59.3617 59.3737 59.3852 59.3987 59.4075 59.4166 59.4257 59.4368
 59.4467 59.4561 59.4668 59.4773 59.4867 59.4964 59.5063 59.5162 59.5273
 59.5363 59.5455 59.5587 59.5692 59.5791 59.5901 59.6013 59.6138 59.6242
 59.6339 59.6471 59.6595 59.675  59.6861 59.6975 59.708  59.718  59.7295
 59.7462 59.7589 59.7717 59.7849 59.7965 59.8081 59.8204 59.8319 59.8432
 59.8555 59.8723 59.8896 59.9064 59.9185 59.932  59.9537 59.9694 59.9952
60.024  60.0463 60.06   60.0788 60.1029 60.1239 60.1555 60.1683 60.1841
 60.2006 60.2399 60.2584 60.2942 60.3318 60.3556 60.3802 60.4251 60.4899
 60.5323 60.5858 65.0407 66.0845 66.5668 66.6919 66.7308 66.7563 66.8773
 66.9445 66.9813 67.0256 67.0679 67.0915 67.1364 67.1743 67.2022 67.2216
 67.2506 67.2857 67.3117 67.3423 67.3561 67.3783 67.4022 67.4208 67.4475
 67.4646 67.4835 67.5009 67.5218 67.5477 67.5614 67.575  67.5861 67.6008
 67.6133 67.6298 67.6428 67.6546 67.6675 67.6804 67.697  67.709  67.7232
 67.739  67.7515 67.7662 67.7778 67.7891 67.8015 67.8161 67.8272 67.841
 67.8549 67.8655 67.8759 67.8899 67.9022 67.9113 67.9229 67.9332 67.942
 67.9513 67.9635 67.9771 67.9877 68.0011 68.0138 68.0259 68.0362 68.0486
 68.058  68.0703 68.0829 68.0954 68.1084 68.1207 68.1371 68.1471 68.1586
 68.171  68.1831 68.1932 68.2043 68.2146 68.229  68.2411 68.2545 68.2661
 68.2793 68.2899 68.2998 68.3104 68.321  68.33   68.3396 68.3493 68.3596
 68.3696 68.3786 68.3879 68.3964 68.4052 68.4143 68.4231 68.4323 68.4411
 68.4497 68.4608 68.4715 68.4819 68.4919 68.5028 68.5121 68.5212 68.5308
 68.5416 68.5523 68.5648 68.5746 68.5854 68.596  68.6068 68.6165 68.6272
 68.6414 68.6512 68.6615 68.6754 68.6845 68.6932 68.7051 68.7155 68.7294
 68.7463 68.7613 68.7738 68.7869 68.8008 68.8119 68.8237 68.8389 68.8516
 68.8622 68.8735 68.8895 68.9033 68.9164 68.9304 68.9488 68.9662 68.9832
 69.0014 69.0149 69.0318 69.0472 69.0654 69.0979 69.1148 69.1329 69.1509
 69.1751 69.2018 69.224  69.2451 69.2694 69.3055 69.3304 69.3668 69.3959
 69.4601 69.5025

