11.8208 12.4903 12.8245 13.1784 13.3073 13.4195 13.4812 13.5089 13.5366
 13.7793 13.8767 13.8929 13.9757
21.5156 21.7095 21.8007 22.0481 22.2085 22.2757 22.3575 22.3935 22.4588
 22.4791 22.4985 22.6203 22.6489 23.0299
30.4347 30.7077 30.8591 31.1132 31.144  31.2028 31.2485 31.2989 31.3185
 31.4303 31.4845 31.5382 31.5568 31.6159 31.7946 39.1648 39.8123
40.178  40.2067 40.3122 40.3409 40.3985 40.4163 40.5436 40.6025 40.7271
 40.7767 48.6233 48.6785 48.7168 48.748  48.9181 49.0937 49.116  49.2126
 49.3442 49.4109 49.6394
55.2898 57.3969 57.5721 57.7143 57.7768 57.8724 57.9467 58.1005 58.23
 58.2977 58.3825 58.5825 58.6001 58.6587 58.7948 58.8911
66.286  66.7408 66.7662 66.8647 66.9849 67.1429 67.1564 67.202  67.2586
 67.3038 67.3607 67.561  67.6147 67.6592

