12.5775 13.0629 13.3725 13.409  13.5614 13.7152 13.7908 13.9098 13.9558
22.1532 22.4463 22.4624 22.4947 22.5287 22.5529 22.7376 22.8616 22.9972
 23.0723 23.1203 28.1116
30.8414 31.3248 31.6089 31.7035 31.775  31.8027 31.8339 31.8803 38.0555
 39.9227
40.5807 40.6228 40.7012 40.7718 40.8387 40.859  40.8908 49.3774 49.4563
 49.5354 49.5672 49.655  49.6862 49.7951
57.6878 57.7172 57.9231 58.2803 58.6147 58.6443 58.9485
67.2955 67.4314 67.5001 67.5271 67.5599 67.6726 67.7801 67.8509 67.9985
 68.0346

