12.3155 12.3608 12.6267 12.7059 12.8984 12.9955 13.2442 13.3497 13.4397
 13.6842 13.7274
20.0385 21.5616 21.6348 21.6953 21.7282 21.8881 21.9472 22.0008 22.0239
 22.0586 22.1321 22.2528 22.3054 22.3979 22.4563 22.4697 22.4863 22.5104
 22.6419 22.7322 22.7714 29.2372
30.356  30.5787 30.6329 30.7548 30.7718 30.9939 31.0866 31.1046 31.1465
 31.2128 31.3073 31.3392 31.4166 31.4627 31.4952 31.5128 31.6073 31.6537
 31.6975 31.7451 31.7764 31.9036 37.7967 38.4355 39.5803 39.6633 39.882
 39.9436
40.1124 40.2267 40.2776 40.4436 40.5214 40.5729 48.4509 48.7899 48.8609
 48.9013 48.9293 49.0062 49.0906 49.1129 49.1322 49.1726 49.2306 49.2614
 49.3477 49.3726 49.3863 49.4038 49.4222 49.4447 49.4669 49.4925 49.5145
 49.5408 49.6466 49.6587 49.6772
56.5982 57.5306 57.558  57.8428 57.9958 58.0504 58.1096 58.1347 58.1504
 58.1757 58.192  58.2528 58.3869 58.412
65.192  66.4765 66.5158 66.5596 66.6468 66.6986 66.7905 66.9188 66.9482
 67.0154 67.1351 67.1852 67.2245 67.2775 67.2955 67.3772 67.426  67.4624
 67.5788 67.6802 67.7276

