12.0648 12.4045 12.6836 13.0913 13.1164 13.1565 13.2072 13.3572 13.378
 13.4294 13.4472 13.4764 13.4921 13.5184 13.5525 13.5696 13.6082 13.6222
 13.6357 13.653  13.6765 13.6915 13.7416 13.7799 13.7918 13.8086 13.8266
 13.8544 13.8689 13.889  13.9248
20.329  20.6849 20.9859 21.0235 21.2638 21.3294 21.3617 21.4438 21.4685
 21.5672 21.6194 21.7094 21.7257 21.7443 21.7709 21.8006 21.8244 22.0019
 22.017  22.043  22.0742 22.1018 22.1211
30.3598 30.3782 30.488  30.6278 30.6461 30.68   30.725  30.7793 30.8026
 30.8358 30.8683 30.8927 30.9382 30.9872 31.0208 31.0652 31.1246 31.1965
 31.2143 31.2706 31.2873 31.3029 31.3316 31.3454 31.3953 31.4536 38.5044
 38.7233 38.8504 39.0301 39.0889 39.1424 39.1745 39.2213 39.3128 39.3419
 39.3691 39.3918 39.4174 39.4582 39.4853 39.5011 39.5215 39.5434 39.5899
 39.6148 39.6324 39.6474 39.6656 39.6803 39.6952 39.7187 39.7502 39.7692
 39.7835 39.7985 39.8228 39.8384 39.8659 39.8947 39.9064 39.9304 39.9519
 39.9676 39.9804
40.0147 40.0506 47.6026 47.6557 47.7527 47.8248 47.8431 47.8788 47.9122
 47.9464 48.0139 48.0436 48.072  48.0913 48.1704 48.2117 48.2339 48.2561
 48.2822 48.299  48.323  48.3796 48.4099 48.4284 48.4467 48.4667 48.4786
 48.4961 48.516  48.5307 48.5505 48.5684 48.6266 48.6446 48.6639 48.6864
 48.7092 48.7795 48.8407
54.5249 55.1291 55.8316 55.8688 55.9947 56.0364 56.1336 56.2001 56.3187
 56.3856 56.4215 56.5096 56.5273 56.5582 56.6812 56.7101 56.7425 56.7577
 56.7778 56.7917 56.8069 56.8352 56.8467 56.8715 56.9033 56.9365 56.9483
 56.9658 56.9964 57.0264 57.0673 57.0936 57.1399 57.1814
63.753  64.1089 64.8831 64.9069 64.9533 64.9869 65.0027 65.0564 65.0713
 65.1301 65.1734 65.1883 65.2145 65.236  65.2587 65.304  65.3666 65.3933
 65.4123 65.4444 65.4603 65.4728 65.4942 65.527  65.5379 65.5673 65.6256
 65.7839 65.7967

