11.2858 12.6359 13.2456 13.2918 13.3867 13.5257 18.6727
21.2509 21.2806 21.3039 21.433  21.4946 21.573  21.6198 21.9046 21.9279
 22.0899 22.1297
30.3179 30.6627 30.7192 30.7664 30.8205 30.9102 30.928  30.9668 31.1314
 31.1743 38.9342 39.1519 39.2888 39.4451 39.507  39.5299 39.5776 39.6187
 39.6712 39.6898 39.7979
44.4798 45.8464 46.0654 47.707  47.8963 48.0092 48.4002 48.4608 48.5825
54.9176 55.692  56.1643 56.2949 56.5375 56.6419 56.7456 56.8073 56.899
 56.9578 56.9849
63.8356 64.4145 64.7683 64.8268 65.1913 65.3054 65.5505 65.5734 65.7077

