12.7198 12.8569 12.9486 13.0716 13.1008 13.1238 13.1598 13.2265 13.2563
 13.2945 13.3427 13.3711 13.3946 13.4366 13.4608 13.4791 13.4994 13.5173
 13.5416 13.5597 13.5809 13.5969 13.6196 13.6396 13.6561 13.6725 13.6861
 13.7001 13.7129 13.7369 13.7514 13.7662 13.7799 13.7931 13.8055 13.823
 13.836  13.8473 13.8593 13.8747 13.8848 13.8955 13.9079 13.9222 13.9348
 13.9478 13.96   13.9739 13.9871 13.9982 14.0094 14.0211 14.0308 14.0396
 14.0511 14.0615 14.0721 14.0821 14.0917 14.1027 14.1141 14.1231 14.1323
 14.143  14.1535 14.1656 14.177  14.1874 14.1969 14.206  14.2158 14.2265
 14.2363 14.2471 14.2588 14.2711 14.281  14.2908 14.3009 14.3108 14.3205
 14.3296 14.3423 14.3533 14.3639 14.3773 14.3884 14.3978 14.4091 14.4199
 14.4297 14.4397 14.4486 14.4576 14.466  14.4743 14.4835 14.4941 14.5056
 14.5168 14.5292 14.541  14.5529 14.5671 14.5807 14.5922 14.6041 14.6141
 14.6224 14.6346 14.645  14.6558 14.6666 14.6784 14.6906 14.7039 14.7162
 14.7279 14.74   14.7557 14.7684 14.78   14.7959 14.8135 14.8275 14.8448
 14.8591 14.8716 14.8831 14.8971 14.9096 14.9228 14.9386 14.951  14.9677
 14.9809 14.9916 15.0045 15.0313 15.049  15.0643 15.084  15.1087 15.1223
 15.1458 15.1658 15.1855 15.2126 15.2301 15.2437 15.2649 15.2948 15.3236
 15.3555 15.3906 15.4291 15.5219 15.5881 15.7175 15.7422 19.9411
20.6298 20.8262 21.0569 21.1172 21.1459 21.3365 21.3565 21.3823 21.4495
 21.5081 21.5487 21.5651 21.585  21.6078 21.6233 21.7014 21.7419 21.7686
 21.7882 21.8062 21.8268 21.8743 21.8893 21.9235 21.9478 21.96   21.9755
 21.9947 22.0077 22.026  22.0382 22.0495 22.0613 22.0735 22.0892 22.1041
 22.1202 22.1322 22.145  22.1556 22.1677 22.1773 22.1882 22.1972 22.2095
 22.2216 22.2344 22.2463 22.256  22.2668 22.2784 22.2887 22.2993 22.3111
 22.3207 22.3351 22.346  22.3594 22.3698 22.3805 22.39   22.3995 22.41
 22.4192 22.4304 22.4405 22.4508 22.4616 22.4717 22.4827 22.4926 22.5017
 22.5107 22.5199 22.5291 22.5398 22.5478 22.5576 22.568  22.5798 22.5925
 22.6063 22.6158 22.6279 22.6369 22.6485 22.6591 22.6705 22.6801 22.6907
 22.7015 22.7121 22.7221 22.7349 22.7446 22.7562 22.7677 22.7791 22.7904
 22.7995 22.8095 22.8192 22.8292 22.8395 22.8501 22.8601 22.8708 22.8818
 22.8922 22.9028 22.9141 22.925  22.9356 22.9445 22.9546 22.966  22.9776
 22.9916 23.0025 23.0173 23.0322 23.0437 23.0575 23.0741 23.0855 23.0991
 23.1139 23.1306 23.1415 23.1623 23.1756 23.1896 23.2024 23.2207 23.2365
 23.2491 23.2671 23.284  23.3028 23.3166 23.3305 23.343  23.3564 23.3739
 23.4096 23.4253 23.4455 23.4683 23.4948 23.5189 23.5707 23.6051 23.648
 23.6691 23.6987 23.7205 23.8942 23.9997 25.4189 25.9502
30.1643 30.3209 30.5603 30.7165 30.8092 30.8605 30.8829 30.9581 30.9758
 31.0029 31.0178 31.0338 31.0605 31.0782 31.097  31.1106 31.1357 31.1541
 31.181  31.196  31.2098 31.2257 31.2451 31.2588 31.2723 31.2884 31.3026
 31.3153 31.3272 31.3392 31.3513 31.3632 31.3733 31.3869 31.3994 31.4117
 31.425  31.4383 31.4493 31.4623 31.4721 31.4852 31.5002 31.5114 31.5221
 31.5322 31.5427 31.553  31.5641 31.5747 31.5859 31.5967 31.6071 31.6187
 31.6314 31.6423 31.6537 31.6635 31.6742 31.6861 31.696  31.7053 31.7151
 31.725  31.736  31.7458 31.7551 31.7654 31.774  31.7827 31.7923 31.8009
 31.8092 31.8178 31.8276 31.838  31.8485 31.8584 31.8689 31.8785 31.8877
 31.8968 31.9065 31.9156 31.9248 31.9327 31.9417 31.95   31.9587 31.9679
 31.9787 31.9873 31.9951 32.0037 32.0121 32.021  32.0293 32.0376 32.0471
 32.0567 32.066  32.0746 32.0844 32.0946 32.1033 32.1139 32.1226 32.1306
 32.1396 32.1487 32.1576 32.1672 32.1779 32.1863 32.1962 32.2065 32.2167
 32.2271 32.2366 32.2477 32.2578 32.2672 32.278  32.2889 32.3011 32.3112
 32.3234 32.3352 32.3452 32.3565 32.3688 32.3789 32.3886 32.4015 32.4122
 32.4236 32.4358 32.4498 32.464  32.476  32.487  32.5004 32.5201 32.5384
 32.5509 32.5613 32.572  32.5836 32.5988 32.6111 32.6231 32.634  32.6472
 32.6588 32.6759 32.6895 32.7049 32.7292 32.7551 32.7725 32.7884 32.8137
 32.8355 32.8567 32.8731 32.8972 32.9163 32.9498 33.0087 33.053  33.1873
 33.2378 33.3253 33.4926 33.5294 38.9688 39.1346 39.1712 39.2177 39.2859
 39.3509 39.3677 39.3917 39.4261 39.471  39.4965 39.5212 39.5398 39.5556
 39.5748 39.595  39.6132 39.6437 39.6638 39.6791 39.6958 39.7134 39.7353
 39.7591 39.778  39.7924 39.8083 39.8257 39.8404 39.8557 39.8706 39.885
 39.8989 39.9094 39.9249 39.9381 39.9519 39.9611 39.9709 39.9811 39.9925
40.0047 40.0148 40.0259 40.0365 40.0465 40.059  40.0714 40.0827 40.0924
 40.102  40.1116 40.1218 40.1326 40.1429 40.1531 40.1637 40.173  40.1853
 40.1957 40.2053 40.2145 40.2234 40.2323 40.2423 40.2519 40.2627 40.2741
 40.2835 40.2923 40.3025 40.3103 40.3199 40.3276 40.3374 40.3468 40.3555
 40.3641 40.3741 40.3834 40.3929 40.4014 40.4099 40.4188 40.4271 40.4361
 40.4438 40.4526 40.4637 40.4722 40.4813 40.4906 40.5005 40.5092 40.5186
 40.5268 40.5354 40.5444 40.554  40.5625 40.5715 40.5801 40.5885 40.5985
 40.6089 40.6173 40.6268 40.6373 40.6469 40.6564 40.6654 40.6752 40.6855
 40.6961 40.705  40.7145 40.723  40.7334 40.7436 40.753  40.7631 40.7745
 40.7857 40.7948 40.8033 40.8135 40.8244 40.8331 40.8423 40.8522 40.8615
 40.8744 40.8835 40.8947 40.9074 40.917  40.929  40.9416 40.9515 40.9625
 40.9743 40.9858 40.9959 41.0101 41.0251 41.0352 41.0458 41.0586 41.0723
 41.0827 41.0966 41.1103 41.1219 41.1333 41.1478 41.1619 41.1847 41.2008
 41.2147 41.2295 41.245  41.2636 41.2813 41.2996 41.3205 41.3353 41.3498
 41.3639 41.3786 41.3984 41.4227 41.4398 41.4606 41.4865 41.5039 41.5415
 41.5669 41.6133 41.6548 44.3199 47.3495 47.5017 47.7704 48.0326 48.0785
 48.1142 48.1574 48.2248 48.2531 48.2884 48.3073 48.3211 48.336  48.3488
 48.3736 48.3969 48.4238 48.4409 48.4567 48.4712 48.4884 48.5013 48.5168
 48.5389 48.5709 48.5858 48.5985 48.6114 48.6249 48.6354 48.6492 48.6616
 48.6705 48.6804 48.6927 48.7028 48.7151 48.7244 48.734  48.7448 48.756
 48.766  48.7785 48.7884 48.7971 48.8054 48.8148 48.825  48.8349 48.845
 48.8555 48.8642 48.8738 48.884  48.8937 48.9025 48.9134 48.9221 48.9306
 48.9395 48.9485 48.9581 48.9682 48.9767 48.9859 48.9937 49.0019 49.0108
 49.0196 49.0285 49.0374 49.0468 49.0567 49.065  49.0742 49.0827 49.0919
 49.1006 49.1089 49.1179 49.1269 49.136  49.1442 49.1527 49.1608 49.17
 49.1786 49.1865 49.195  49.2028 49.2109 49.2194 49.2271 49.2351 49.2424
 49.2502 49.2585 49.267  49.2752 49.2832 49.2912 49.2989 49.3071 49.3147
 49.3223 49.3301 49.3381 49.347  49.3552 49.3638 49.3722 49.3809 49.3885
 49.3972 49.4059 49.4145 49.4233 49.433  49.442  49.4504 49.4581 49.4666
 49.476  49.4857 49.4948 49.503  49.5112 49.5195 49.5279 49.5369 49.546
 49.5555 49.564  49.5726 49.5831 49.5927 49.6013 49.6113 49.6209 49.6295
 49.6388 49.6476 49.6564 49.6656 49.6755 49.6853 49.6942 49.7036 49.7129
 49.7226 49.7325 49.7428 49.7546 49.7631 49.773  49.783  49.7933 49.8029
 49.8145 49.8241 49.834  49.8447 49.8564 49.8669 49.8771 49.889  49.9002
 49.9119 49.9218 49.9351 49.9476 49.9593 49.9752 49.9879 49.9984
50.0123 50.0231 50.0386 50.052  50.0622 50.0778 50.0932 50.1089 50.1249
 50.1417 50.1559 50.1712 50.1932 50.2153 50.2322 50.2464 50.2641 50.279
 50.2985 50.3202 50.3483 50.3672 50.4058 50.4429 50.4842 50.5113 50.5993
 50.6437 50.7208 50.7478 55.8364 56.0768 56.1259 56.2943 56.3229 56.4268
 56.4472 56.4822 56.5621 56.5857 56.5997 56.6207 56.6434 56.7117 56.7259
 56.7389 56.7615 56.7802 56.8076 56.8258 56.8513 56.8652 56.8794 56.8921
 56.9059 56.9206 56.9307 56.9442 56.9581 56.9716 56.9854 57.0007 57.013
 57.0232 57.0334 57.0466 57.0576 57.0693 57.0805 57.0923 57.1025 57.1122
 57.1228 57.1318 57.1418 57.1519 57.1626 57.1729 57.1828 57.1946 57.2035
 57.2136 57.2232 57.2314 57.2426 57.2512 57.2601 57.2716 57.2831 57.295
 57.3042 57.3143 57.3259 57.335  57.345  57.3547 57.3647 57.3736 57.3823
 57.3905 57.3995 57.4099 57.4189 57.4276 57.4361 57.4443 57.4535 57.4624
 57.4717 57.4801 57.4885 57.4966 57.5054 57.5142 57.5222 57.5315 57.5398
 57.5481 57.5572 57.5656 57.5737 57.5821 57.5905 57.5991 57.6071 57.6162
 57.6243 57.6332 57.6413 57.6494 57.6573 57.6658 57.675  57.684  57.6922
 57.7005 57.7088 57.7177 57.7264 57.7345 57.7441 57.7539 57.7629 57.7715
 57.7806 57.789  57.7968 57.8064 57.8164 57.8264 57.8358 57.8447 57.8541
 57.864  57.8729 57.8833 57.8924 57.9025 57.912  57.9237 57.9341 57.9434
 57.9538 57.9627 57.9751 57.9858 57.9949 58.0045 58.016  58.0264 58.0389
 58.049  58.0595 58.0694 58.0807 58.0903 58.1003 58.1107 58.1201 58.1315
 58.145  58.1622 58.1762 58.1875 58.1982 58.2084 58.2191 58.2321 58.251
 58.2682 58.284  58.3017 58.3146 58.3317 58.3503 58.364  58.3787 58.3957
 58.414  58.4314 58.4498 58.4688 58.4855 58.5018 58.5175 58.5348 58.5485
 58.5801 58.6031 58.6263 58.6514 58.6899 58.7279 58.8296 58.8847 58.9964
62.6355 64.2093 64.5087 64.8237 64.9147 65.0537 65.1237 65.1725 65.2132
 65.2569 65.28   65.3007 65.3194 65.337  65.3944 65.4117 65.4281 65.4581
 65.4757 65.4906 65.516  65.5399 65.5542 65.57   65.5836 65.5963 65.6114
 65.6224 65.6365 65.6527 65.665  65.6783 65.69   65.7032 65.7167 65.733
 65.7428 65.7547 65.7669 65.7799 65.7906 65.8018 65.8164 65.835  65.8466
 65.8566 65.8681 65.8784 65.8867 65.8976 65.9117 65.922  65.9318 65.9427
 65.9523 65.9627 65.9741 65.9847 65.9945 66.0042 66.014  66.0246 66.0337
 66.0421 66.052  66.0601 66.0699 66.0785 66.0876 66.0963 66.1052 66.1152
 66.1237 66.1328 66.1433 66.1527 66.162  66.1711 66.1814 66.19   66.1997
 66.2096 66.2186 66.2276 66.2365 66.2455 66.2537 66.2642 66.2723 66.2818
 66.2928 66.3024 66.3118 66.3204 66.3305 66.3407 66.35   66.3592 66.3686
 66.3805 66.3907 66.3998 66.4096 66.4216 66.4328 66.4434 66.4552 66.4639
 66.4745 66.4838 66.4955 66.5068 66.5181 66.528  66.5394 66.5488 66.5603
 66.5701 66.5791 66.5888 66.601  66.6107 66.6204 66.6298 66.6409 66.6501
 66.6599 66.6719 66.6809 66.6916 66.703  66.713  66.7246 66.7367 66.7477
 66.7619 66.7787 66.7927 66.8099 66.8218 66.8361 66.8566 66.8824 66.8963
 66.9121 66.9261 66.9472 66.9605 66.9742 66.9937 67.0083 67.0377 67.0574
 67.0823 67.0968 67.1132 67.1386 67.1563 67.1775 67.2012 67.2328 67.2554
 67.2846 67.3178 67.3718 67.4385 67.4694 67.5355

