11.5286 11.6401 11.9671 13.1804 13.2933 13.3399 13.3591 13.5212 13.5793
 13.5993 13.7109 13.7461 13.8608 13.9768 14.0101 14.0447 14.1788 14.193
 14.2821 19.5941
21.0231 21.8318 21.8918 22.0001 22.0624 22.0986 22.1477 22.1889 22.2386
 22.3122 22.3441 22.3605 22.394  22.4243 22.4882 27.1179 29.2379 29.3007
 29.8422
30.1869 30.2059 30.2498 30.3833 30.4226 30.5052 30.5384 30.558  30.5832
 30.6336 30.6475 30.6666 30.823  30.8485 30.8656 30.8952 30.9393 31.0469
 31.1347 31.2296 38.2696 38.3448 38.4076 38.4506 38.4969 38.5902 38.6483
 38.6696 38.8434 39.0228 39.0478 39.0651 39.1134 39.1354 39.1582 39.2092
 39.2439 39.3342 39.3752 39.4194 39.4669 39.4773 39.4978
46.5586 46.8836 47.019  47.0928 47.218  47.2388 47.4558 47.4907 47.5089
 47.546  47.5819 47.6147 47.7186 47.8116 47.8757 47.8978 47.9649 47.9949
 48.0149 48.0439 48.1139 48.1378 48.1986 48.4288
56.1818 56.5227 56.5739 56.6078 56.8319 56.8629 56.9523 56.9679 57.0026
 57.0748 57.1002 57.1321 57.1668 57.1842 57.1966 57.2386 57.2639 57.2946
 57.3447 57.3925 57.4221 57.4944 57.5177 57.5313
64.6616 65.005  65.118  65.1534 65.2063 65.278  65.3472 65.387  65.4535
 65.4698 65.4948 65.5076 65.5216 65.5911 65.6116 65.6274 65.7408 65.7626
 65.8262 65.8656 65.8999 65.9614

