11.3106 13.0118 13.1552 13.3816 13.8098 13.8686 13.903  14.0938 19.5573
21.7098 21.9615 22.1144 22.3898 22.4611 29.9859
30.3605 30.4765 30.5049 30.5381 30.6049 30.789  30.9435 31.0045 31.0588
 31.1625 31.2224 37.0628 38.8698 38.8915 38.9199 39.0505 39.2474 39.2753
 39.3005 39.3174 39.3317
45.9117 47.3238 47.5107 47.8123 47.8837 47.9135 47.9737 47.9948 48.1222
 48.1637 48.2203 48.2793
56.1189 56.6651 57.1012 57.1547 57.1948 57.2766 57.3144 57.382
65.2751 65.3182 65.5792 65.6251 65.6672 65.6947 65.7103 65.7384 65.7859
 65.8277 66.0745

