12.5165 13.0014 13.3628 13.7028 13.7419 13.8863 14.0077
21.6929 21.72   21.7767 21.8484 21.9854 22.1132 22.227  22.2625 22.3977
 22.4514 28.0779 29.4494
30.2726 30.4837 30.4974 30.5421 30.6034 30.728  30.8315 30.8879 31.0386
 31.1864 38.0342 38.5277 38.5787 38.7155 38.8298 38.8527 38.9234 38.9665
 39.0073 39.1412 39.1845
45.8658 46.4316 47.1117 47.1759 47.3144 47.356  47.4625 47.5211 47.6204
 47.7026 47.7438 47.7772 47.8321 47.8507 47.8738 47.9723 48.0133 48.0438
 48.0661 48.1753
55.631  56.1532 56.2416 56.7487 56.7735 56.9763 57.0277 57.0647 57.0948
 57.187  57.2332 57.2712 57.2948 57.4384 57.5273
64.6794 65.5597 65.7006 65.7193 65.7469 65.7798 65.8057

