13.1818 13.2928 13.4503 13.4981 13.6518 13.7605 13.8052 13.8376 13.8965
 13.913  13.9354 13.9507 13.9662 13.9846 14.0497 14.0753 14.1046 14.1198
 14.1446 14.1653 14.1825 14.2082 14.2246 14.2525 14.2882 14.3039 14.3227
 14.3984 14.4494 14.4702 14.4989 14.5276 14.5952 14.6115 14.6279 14.6606
 14.716  14.7448 14.8399 14.8616
21.1529 21.608  21.7974 21.8311 21.8567 21.9405 21.9947 22.0288 22.2947
 22.3122 22.3309 22.366  22.4218 22.4346 22.4518 22.4918 22.5167 22.5345
 22.5507 22.5806 22.6107 22.6496 22.6638 22.6759 22.6969 22.7254 22.7417
 22.776  22.8316 22.8584 22.8817 22.9839 23.0118 23.055  23.0913 23.1197
 23.1688 23.1882 29.1453 29.3796
30.1401 30.3704 30.4768 30.5214 30.6045 30.6295 30.6609 30.7151 30.7382
 30.7709 30.7925 30.8087 30.8343 30.8782 30.896  30.9203 30.9525 30.9826
 31.006  31.0217 31.0357 31.0519 31.0721 31.0867 31.1025 31.1213 31.1378
 31.1568 31.1745 31.1966 31.2096 31.2267 31.2512 31.2656 31.2815 31.3078
 31.3238 31.3369 31.3494 31.3625 31.379  31.3958 31.4071 31.4193 31.432
 31.4435 31.4633 31.4795 31.4947 31.5114 31.5276 31.541  31.5519 31.5626
 31.5787 31.5919 31.6108 31.6382 31.6556 31.6686 31.6805 31.7039 31.7342
 31.7561 31.8073 31.8358 31.9044 38.9644 38.9886 39.02   39.0598 39.107
 39.1397 39.1599 39.1829 39.2091 39.2328 39.2567 39.2848 39.3093 39.3364
 39.3634 39.3785 39.3954 39.4221 39.4401 39.4664 39.4837 39.4999 39.5166
 39.5344 39.567  39.5964 39.617  39.6344 39.6548 39.6658 39.6833 39.6994
 39.7101 39.7232 39.7368 39.7558 39.7754 39.7885 39.8041 39.8243 39.8405
 39.8546 39.8686 39.8848 39.8961 39.9142 39.9303 39.9471 39.9644 39.9922
40.0206 40.044  47.0355 47.1909 47.2968 47.6458 47.7638 47.7888 47.8774
 47.9289 47.9404 47.9525 47.9693 47.9868 48.008  48.0393 48.0559 48.0719
 48.09   48.114  48.1299 48.1424 48.1604 48.1739 48.1915 48.2055 48.2248
 48.2398 48.2514 48.2632 48.2742 48.2909 48.3105 48.3256 48.3389 48.3531
 48.3735 48.3868 48.3996 48.4294 48.4402 48.4534 48.4666 48.477  48.4922
 48.5135 48.5278 48.5388 48.556  48.5672 48.5809 48.5922 48.6083 48.6206
 48.633  48.645  48.6554 48.6674 48.6803 48.6934 48.7067 48.7177 48.7311
 48.7433 48.7558 48.7673 48.7786 48.7885 48.8015 48.8254 48.8369 48.8518
 48.8632 48.9109 48.9314 48.9534 48.9779 49.0062 49.0326 49.0461 49.0775
55.8484 56.0314 56.6366 56.9336 56.9721 56.9946 57.0619 57.1841 57.2377
 57.2662 57.3578 57.3751 57.4133 57.4394 57.4836 57.4992 57.5464 57.5689
 57.5873 57.6145 57.6353 57.6586 57.6734 57.6929 57.7076 57.7246 57.7397
 57.7517 57.7735 57.7912 57.8072 57.8257 57.8567 57.8705 57.8908 57.9072
 57.9213 57.9394 57.9578 57.9762 57.9887 58.0092 58.0247 58.0414 58.0554
 58.0691 58.0992 58.1222 58.141  58.1814 58.2188
64.9309 64.9809 65.2002 65.3421 65.3782 65.4814 65.5268 65.68   65.7308
 65.754  65.7699 65.7827 65.7965 65.8192 65.8396 65.8712 65.8914 65.9193
 65.9415 65.9529 65.9675 65.9994 66.0274 66.0443 66.061  66.074  66.0874
 66.1115 66.13   66.1598 66.1803 66.1922 66.2098 66.225  66.2364 66.2522
 66.2651 66.2785 66.305  66.3204 66.3581 66.3744 66.3884 66.4086 66.429
 66.4465 66.4631 66.4797 66.493  66.5628 66.6028 66.6357 66.7088

