11.2447 12.6223 13.0026 13.0469 13.1704 13.2231 13.2414 13.2757 13.4064
 13.4302 13.4586 13.4887 13.5182 13.5343 13.5509 13.5988 13.627  13.6402
 13.6524 13.6766 13.6891 13.7151 13.7296 13.7499 13.7668 13.8171 13.8296
 13.8439 13.8617 13.8728 13.8949 13.9132 13.9237 13.9388 13.9573 13.972
 13.997  14.0082 14.0221 14.0407 14.0516 14.0648 14.0797 14.0924 14.1098
 14.1222 14.1425 14.1589 14.1694 14.1795 14.1928 14.2092 14.2227 14.2396
 14.2539 14.2719 14.2843 14.2979 14.31   14.3207 14.332  14.348  14.3603
 14.374  14.412  14.441  14.4686 14.4841 14.4953 14.512  14.5256 14.5392
 14.5598 14.5852 14.5994 14.617  14.6441 14.6785 14.7168 14.7706 19.3857
 19.5138
20.8075 21.6119 21.6462 21.7823 21.9105 21.9327 21.971  22.1042 22.1227
 22.1367 22.1724 22.1928 22.2428 22.2678 22.2928 22.3106 22.3239 22.3453
 22.3639 22.379  22.3907 22.4017 22.4159 22.4326 22.4553 22.4748 22.4855
 22.4999 22.5154 22.5298 22.5533 22.5632 22.5771 22.5892 22.5999 22.6154
 22.6281 22.6414 22.6537 22.6665 22.6778 22.695  22.7086 22.7209 22.7326
 22.7491 22.7592 22.7733 22.7856 22.8039 22.821  22.8437 22.8578 22.8843
 22.8981 22.9129 22.9278 22.9372 22.951  22.9605 22.9723 22.9929 23.0035
 23.0157 23.0391 23.0512 23.0634 23.0785 23.0956 23.1174 23.1433 23.1581
 23.1709 23.1848 23.1977 23.2123 23.2229 23.2417 23.2674 23.3032 23.3144
 23.3699
30.3723 30.4615 30.5576 30.6091 30.6646 30.7381 30.7647 30.8718 30.9008
 30.9286 30.9587 30.9946 31.0152 31.0396 31.0517 31.0669 31.0966 31.1303
 31.1488 31.1617 31.1743 31.1951 31.2075 31.247  31.2637 31.2765 31.2878
 31.3036 31.3164 31.3285 31.3449 31.3656 31.3786 31.3914 31.4039 31.4154
 31.4288 31.4402 31.4529 31.4763 31.4979 31.5126 31.5287 31.5424 31.5571
 31.5778 31.5915 31.6108 31.6252 31.6417 31.6564 31.6727 31.6902 31.701
 31.7167 31.7393 31.7521 31.7683 31.7838 31.8    31.8154 31.8358 31.8518
 31.8697 31.8934 31.9183 31.9413 31.9593 32.0308 32.0455 32.0632 32.0929
 38.5281 38.9349 39.2988 39.3625 39.4039 39.4224 39.5029 39.5328 39.5715
 39.6085 39.6547 39.6704 39.7199 39.744  39.7622 39.7909 39.823  39.84
 39.8579 39.868  39.878  39.8887 39.9056 39.9407 39.9519 39.9628 39.9765
 39.9937
40.0093 40.0235 40.0385 40.0524 40.0679 40.0902 40.104  40.1166 40.1268
 40.1369 40.1541 40.1655 40.1868 40.2067 40.2193 40.2302 40.2453 40.257
 40.2719 40.285  40.2947 40.3047 40.3134 40.324  40.3341 40.3546 40.3654
 40.3858 40.4056 40.421  40.4328 40.4436 40.4597 40.4834 40.4974 40.5122
 40.5241 40.5341 40.548  40.5588 40.5718 40.5912 40.6121 40.625  40.6357
 40.6529 40.6707 40.6906 40.7406 40.7587 40.7873 40.8644 45.7788 47.2732
 47.7588 47.8499 47.9011 47.9723 48.0375 48.0785 48.108  48.1452 48.2465
 48.2769 48.3049 48.3223 48.3547 48.3879 48.4139 48.4307 48.449  48.4635
 48.4808 48.5164 48.537  48.5546 48.5706 48.5878 48.6107 48.6265 48.6416
 48.6585 48.6782 48.6936 48.708  48.7222 48.745  48.7593 48.7813 48.7991
 48.8231 48.842  48.8596 48.873  48.8906 48.9019 48.9159 48.9325 48.9552
 48.9702 48.98   48.9929 49.0073 49.0273 49.0394 49.0553 49.0683 49.086
 49.0992 49.1148 49.1281 49.1483 49.1701 49.1862 49.2201 49.2584 49.2713
 49.2861 49.2975 49.3187 49.3429 49.3572 49.4034 49.4278 49.4443 49.4801
55.685  56.2341 56.3064 56.4874 56.5069 56.7228 56.7607 56.8269 56.8403
 56.8585 56.8837 56.9149 56.9393 56.9514 56.9642 56.9823 57.0118 57.0432
 57.0655 57.0786 57.0966 57.1104 57.127  57.1404 57.1545 57.1698 57.1835
 57.1958 57.2094 57.2253 57.2369 57.2513 57.262  57.2776 57.293  57.308
 57.3227 57.3361 57.3495 57.3706 57.382  57.3994 57.4146 57.4324 57.4494
 57.4605 57.4742 57.4849 57.494  57.5045 57.5157 57.5269 57.5437 57.5577
 57.5777 57.5942 57.6048 57.6242 57.6386 57.6481 57.6577 57.6691 57.6789
 57.6896 57.7013 57.7124 57.7284 57.7409 57.7512 57.761  57.7721 57.7835
 57.8039 57.8156 57.8279 57.8386 57.8479 57.8601 57.8713 57.8835 57.9015
 57.9119 57.9223 57.9315 57.9453 57.9604 57.9788 57.9881 57.9997 58.0118
 58.0265 58.0424 58.0712 58.0947 58.1105 58.1454 58.162  58.1898
64.8709 65.3954 65.5948 65.6274 65.7827 65.8037 65.8383 65.8646 65.9096
 65.9713 66.0682 66.1082 66.1301 66.1559 66.205  66.2243 66.2865 66.3037
 66.3235 66.3535 66.432  66.4509 66.486  66.5034 66.5319 66.5582 66.5755
 66.5985 66.6226 66.6345 66.6486 66.6719 66.7149 66.8866

