11.8208 12.3979 12.6644 12.7985 12.8945 13.0273 13.0947 13.1329 13.1803
 13.2102 13.2509 13.2778 13.2981 13.3206 13.3476 13.3946 13.409  13.4259
 13.4401 13.4607 13.4805 13.494  13.5064 13.5239 13.5386 13.5551 13.5687
 13.5818 13.5993 13.6149 13.6304 13.6481 13.6597 13.6726 13.6837 13.6959
 13.7069 13.7213 13.7382 13.7509 13.7641 13.7743 13.7853 13.7951 13.8068
 13.8193 13.8291 13.8403 13.8539 13.8684 13.8788 13.8908 13.8997 13.9122
 13.9214 13.9307 13.9401 13.9493 13.959  13.9698 13.9792 13.989  13.998
 14.007  14.0168 14.0283 14.04   14.0509 14.0609 14.0727 14.0831 14.0938
 14.103  14.1151 14.1261 14.134  14.143  14.1522 14.1605 14.1697 14.1797
 14.1889 14.1976 14.2064 14.216  14.2247 14.2335 14.2436 14.2526 14.2628
 14.2719 14.2799 14.2892 14.2977 14.307  14.3151 14.3238 14.3321 14.3407
 14.3498 14.3575 14.3663 14.3744 14.3822 14.3901 14.3982 14.4062 14.4146
 14.423  14.4304 14.4392 14.4477 14.4556 14.4635 14.4719 14.4795 14.4879
 14.4965 14.5044 14.5125 14.52   14.5283 14.5362 14.5449 14.5532 14.5617
 14.5705 14.5787 14.5871 14.5952 14.6031 14.6109 14.6185 14.626  14.6333
 14.6413 14.6493 14.6573 14.6654 14.6733 14.6812 14.6896 14.6977 14.706
 14.7139 14.7225 14.7305 14.7391 14.7474 14.7553 14.7637 14.7716 14.7803
 14.7886 14.7964 14.8054 14.8136 14.8215 14.8294 14.8377 14.8467 14.8556
 14.8641 14.8732 14.882  14.8903 14.8993 14.9094 14.9191 14.9279 14.9362
 14.9459 14.9539 14.9635 14.9729 14.9823 14.9907 14.9995 15.0082 15.0181
 15.0282 15.0371 15.0461 15.0549 15.0657 15.075  15.0842 15.0941 15.1034
 15.1135 15.1246 15.1355 15.1461 15.1565 15.168  15.1781 15.1897 15.2012
 15.2119 15.2219 15.2335 15.2438 15.2548 15.266  15.2769 15.2891 15.3015
 15.3138 15.3242 15.3366 15.3479 15.3617 15.3756 15.3888 15.4032 15.4166
 15.4284 15.4418 15.454  15.4663 15.4786 15.492  15.5035 15.5162 15.5322
 15.5508 15.5649 15.5855 15.6016 15.6228 15.6381 15.6698 15.698  15.7267
 15.7847
20.2007 20.6618 21.1989 21.5868 21.6309 21.6606 21.7126 21.7524 21.7798
 21.8072 21.8558 21.9021 21.9439 21.9857 22.0209 22.0515 22.0717 22.0932
 22.1094 22.1241 22.1451 22.1623 22.1772 22.1919 22.2077 22.2224 22.2376
 22.2536 22.2716 22.2923 22.3062 22.316  22.3312 22.3467 22.3611 22.3719
 22.3839 22.3999 22.4112 22.422  22.4321 22.4441 22.4585 22.4713 22.4837
 22.4998 22.5095 22.5201 22.5299 22.5388 22.5496 22.5611 22.5714 22.5817
 22.5913 22.601  22.6107 22.62   22.6305 22.64   22.648  22.6574 22.6664
 22.6772 22.6863 22.697  22.7057 22.7144 22.7229 22.7314 22.7397 22.749
 22.7587 22.7671 22.7764 22.7861 22.7949 22.8057 22.8153 22.824  22.8332
 22.8418 22.8503 22.8589 22.8673 22.8765 22.8848 22.8948 22.9038 22.9134
 22.9219 22.9302 22.9379 22.9472 22.9562 22.9642 22.9719 22.9793 22.9865
 22.9946 23.0035 23.0128 23.0205 23.0291 23.0374 23.0457 23.054  23.0618
 23.0696 23.0777 23.0856 23.0932 23.1022 23.1106 23.1189 23.1268 23.1353
 23.1432 23.1511 23.1591 23.1669 23.1745 23.1823 23.1907 23.1986 23.2068
 23.2144 23.2219 23.2293 23.2373 23.2455 23.2542 23.2619 23.2701 23.2786
 23.2865 23.2951 23.3027 23.3108 23.3186 23.326  23.3332 23.3406 23.3482
 23.3555 23.3636 23.3717 23.38   23.3875 23.3951 23.4031 23.4119 23.4196
 23.429  23.436  23.4444 23.4531 23.4607 23.4682 23.4756 23.4827 23.4904
 23.4988 23.5066 23.5148 23.5236 23.5317 23.54   23.5489 23.5576 23.5662
 23.575  23.5831 23.5915 23.5996 23.6078 23.6162 23.6242 23.6328 23.6411
 23.6503 23.6591 23.6682 23.6762 23.6847 23.6936 23.7029 23.7115 23.7201
 23.7285 23.7371 23.7465 23.7547 23.7642 23.773  23.782  23.7926 23.8018
 23.8109 23.8213 23.8301 23.8387 23.8487 23.8583 23.8674 23.8775 23.8885
 23.8987 23.9096 23.9196 23.9291 23.9383 23.9481 23.9574 23.9677 23.9794
 23.9922 24.0041 24.0152 24.0261 24.037  24.0476 24.06   24.0696 24.0801
 24.0934 24.1045 24.1166 24.1293 24.1432 24.1582 24.1746 24.1881 24.2001
 24.2147 24.2294 24.2436 24.266  24.2834 24.3017 24.3228 24.3623 24.403
 24.4398
30.0745 30.2148 30.3846 30.4431 30.4799 30.5062 30.5323 30.5628 30.5948
 30.6537 30.6929 30.7612 30.8017 30.8151 30.8377 30.8521 30.8731 30.8889
 30.9036 30.927  30.9436 30.9572 30.9739 30.9949 31.01   31.029  31.0432
 31.0585 31.0772 31.0916 31.1125 31.1284 31.1406 31.1524 31.1639 31.1813
 31.1961 31.2063 31.2177 31.2301 31.2407 31.2509 31.2609 31.2726 31.2828
 31.2951 31.3044 31.3154 31.3254 31.338  31.3521 31.3643 31.3781 31.389
 31.3985 31.4076 31.4183 31.4284 31.4365 31.446  31.4551 31.4665 31.4797
 31.4891 31.4981 31.5079 31.5184 31.5272 31.5365 31.5452 31.5541 31.5624
 31.5716 31.5802 31.5885 31.5968 31.6049 31.6134 31.6228 31.6308 31.6404
 31.6489 31.6577 31.6657 31.6743 31.6823 31.6917 31.7006 31.7091 31.7178
 31.7266 31.735  31.7426 31.7505 31.7586 31.7677 31.7771 31.7854 31.7933
 31.8025 31.8117 31.8208 31.8295 31.8372 31.8455 31.8536 31.8622 31.8698
 31.8792 31.8875 31.8955 31.9051 31.9139 31.9217 31.9306 31.9386 31.9471
 31.9554 31.9629 31.9707 31.9783 31.9864 31.9939 32.0021 32.01   32.018
 32.0255 32.0333 32.0412 32.0508 32.0591 32.0675 32.0758 32.0843 32.0923
 32.1002 32.109  32.1173 32.1255 32.1347 32.1434 32.1516 32.1596 32.1693
 32.1784 32.1871 32.1959 32.2046 32.2122 32.2208 32.2292 32.2374 32.2466
 32.2555 32.2644 32.2744 32.2833 32.2925 32.3006 32.3085 32.3172 32.3264
 32.3352 32.3434 32.3518 32.3603 32.3698 32.3781 32.387  32.3961 32.4048
 32.4156 32.4259 32.435  32.4447 32.4543 32.4631 32.4723 32.4818 32.4905
 32.4994 32.5087 32.5176 32.5272 32.5364 32.5457 32.5558 32.5648 32.5747
 32.5848 32.5942 32.6053 32.6148 32.6248 32.6354 32.6456 32.6554 32.6651
 32.6752 32.6858 32.6972 32.7081 32.7209 32.7329 32.7454 32.7576 32.7702
 32.7809 32.7927 32.8076 32.8204 32.8336 32.8451 32.8621 32.8736 32.8847
 32.9001 32.9145 32.9283 32.9418 32.9546 32.9699 32.9842 33.0041 33.0239
 33.0472 33.0671 33.0855 33.1142 33.1416 37.2523 38.7157 38.8988 39.267
 39.3099 39.3285 39.3878 39.4214 39.4387 39.4709 39.4943 39.5215 39.54
 39.5805 39.6006 39.6239 39.6407 39.6575 39.6701 39.6936 39.7087 39.7262
 39.7427 39.7583 39.7784 39.7968 39.808  39.8204 39.8343 39.8435 39.8543
 39.865  39.8798 39.891  39.9067 39.9193 39.9309 39.9402 39.9494 39.9605
 39.9728 39.9861 39.9972
40.0071 40.0157 40.0263 40.0364 40.0472 40.0581 40.067  40.0766 40.0864
 40.0963 40.1042 40.1126 40.1231 40.1318 40.1416 40.1509 40.1596 40.1687
 40.1772 40.1874 40.1957 40.2045 40.215  40.2247 40.2346 40.2434 40.2518
 40.2608 40.2699 40.278  40.2864 40.2954 40.3039 40.3126 40.3216 40.3303
 40.3392 40.3482 40.3561 40.3638 40.3727 40.3813 40.3892 40.3981 40.4066
 40.4171 40.4252 40.4332 40.4422 40.4505 40.4589 40.4671 40.4758 40.4836
 40.4909 40.4989 40.5077 40.5158 40.5237 40.5319 40.5398 40.5473 40.5551
 40.5637 40.5719 40.5803 40.5891 40.5966 40.6048 40.6132 40.6218 40.6297
 40.6376 40.6453 40.6536 40.6616 40.6699 40.6773 40.686  40.6934 40.7012
 40.7091 40.7169 40.7244 40.7325 40.7402 40.7481 40.7566 40.765  40.7733
 40.7821 40.79   40.7981 40.8063 40.8144 40.8226 40.8308 40.8387 40.8468
 40.8545 40.8629 40.8708 40.8789 40.8868 40.895  40.9028 40.9101 40.9185
 40.9269 40.935  40.9433 40.9513 40.96   40.9681 40.9763 40.9847 40.9933
 41.0012 41.0098 41.0182 41.0265 41.0353 41.0437 41.0524 41.0607 41.0691
 41.078  41.0863 41.0947 41.103  41.1113 41.1191 41.1279 41.136  41.1453
 41.1549 41.1647 41.1737 41.1828 41.1918 41.2014 41.2099 41.2194 41.2294
 41.2398 41.2508 41.261  41.271  41.2822 41.2919 41.3028 41.3115 41.3222
 41.3331 41.3438 41.3537 41.3633 41.3738 41.3821 41.392  41.4045 41.4139
 41.4241 41.4369 41.4468 41.4575 41.471  41.4837 41.4951 41.5058 41.5187
 41.531  41.5481 41.563  41.5756 41.5887 41.6091 41.6227 41.6375 41.6569
 41.6778 41.7032 41.7301 41.7557 41.7782 41.7986 41.8593 41.9146 46.616
 47.406  47.7495 47.7949 47.843  47.9217 48.0665 48.0819 48.1232 48.1518
 48.1964 48.2173 48.2712 48.2889 48.302  48.3189 48.3388 48.359  48.3827
 48.4002 48.4168 48.4305 48.446  48.459  48.4721 48.4904 48.5046 48.5258
 48.5366 48.5491 48.5608 48.5713 48.583  48.5976 48.6096 48.6222 48.6326
 48.6426 48.6551 48.6666 48.6769 48.6886 48.7003 48.7109 48.7204 48.7304
 48.741  48.7517 48.7613 48.7714 48.7824 48.7928 48.805  48.8159 48.8258
 48.8369 48.8521 48.8626 48.8725 48.8824 48.8924 48.9062 48.9169 48.9284
 48.9389 48.9501 48.9603 48.9697 48.9781 48.9868 48.9961 49.0047 49.0128
 49.0215 49.0298 49.0387 49.0471 49.0563 49.0649 49.0747 49.0838 49.0913
 49.0996 49.1076 49.1162 49.1244 49.1329 49.142  49.1515 49.1608 49.1693
 49.1778 49.1866 49.1961 49.2046 49.2137 49.222  49.2301 49.2391 49.249
 49.2572 49.2665 49.2746 49.2844 49.2953 49.3034 49.3113 49.3192 49.3281
 49.3357 49.3441 49.3527 49.3605 49.369  49.378  49.3871 49.3953 49.4035
 49.4113 49.4203 49.4289 49.4381 49.4464 49.454  49.463  49.4717 49.4801
 49.4897 49.4978 49.5059 49.5146 49.5232 49.5322 49.5404 49.5491 49.5576
 49.5657 49.5739 49.5812 49.5897 49.5984 49.6073 49.6157 49.627  49.6362
 49.6453 49.6539 49.6631 49.6715 49.6804 49.6891 49.6982 49.7072 49.7163
 49.7255 49.7343 49.743  49.7521 49.7619 49.7704 49.7804 49.7894 49.7992
 49.8088 49.8186 49.8282 49.8379 49.8466 49.8564 49.8655 49.8739 49.8834
 49.8925 49.9024 49.9118 49.9213 49.9308 49.9414 49.9527 49.9638 49.9726
 49.9825 49.9919
50.0013 50.0123 50.0233 50.0334 50.0444 50.0559 50.0667 50.0773 50.089
 50.1002 50.1114 50.1266 50.137  50.1493 50.1615 50.1754 50.1872 50.2029
 50.2178 50.2321 50.2441 50.2657 50.2775 50.2924 50.3115 50.3278 50.3519
 50.3793 50.3982 50.4224 50.4471 50.5266 55.3438 55.8975 56.1075 56.2208
 56.2566 56.3019 56.3587 56.4433 56.4633 56.5919 56.6302 56.6536 56.6804
 56.6968 56.718  56.7357 56.7545 56.773  56.8071 56.8441 56.8584 56.8706
 56.8879 56.9004 56.9285 56.9526 56.9693 56.9841 56.9976 57.0081 57.0211
 57.0362 57.0476 57.0591 57.0706 57.0818 57.0948 57.1115 57.1271 57.1392
 57.1497 57.1621 57.1708 57.1812 57.1901 57.2001 57.2111 57.2214 57.2315
 57.2425 57.2542 57.265  57.2762 57.286  57.2985 57.3087 57.3191 57.3285
 57.3368 57.3469 57.3575 57.3665 57.3748 57.3827 57.3915 57.4015 57.4113
 57.4199 57.4297 57.4402 57.4504 57.4593 57.4683 57.4764 57.4856 57.4941
 57.5032 57.5115 57.5206 57.5294 57.5383 57.5465 57.5543 57.5627 57.5713
 57.5788 57.5871 57.5953 57.6028 57.6111 57.6191 57.6271 57.6354 57.6436
 57.6513 57.6588 57.6663 57.674  57.682  57.6903 57.6979 57.7058 57.7129
 57.7198 57.7275 57.7346 57.7418 57.7493 57.7561 57.7636 57.7711 57.7786
 57.7866 57.7936 57.801  57.8087 57.816  57.8238 57.8311 57.8386 57.8458
 57.853  57.8601 57.8678 57.8751 57.8821 57.8901 57.8975 57.9046 57.9117
 57.9189 57.9259 57.9334 57.9407 57.9475 57.9544 57.9614 57.9683 57.9754
 57.9824 57.9896 57.9969 58.0042 58.0113 58.0184 58.0252 58.0321 58.0395
 58.0471 58.0549 58.0622 58.0695 58.0767 58.084  58.0915 58.0984 58.1053
 58.1121 58.1192 58.1263 58.1337 58.1409 58.148  58.1557 58.1626 58.1701
 58.1771 58.1842 58.1911 58.198  58.2052 58.2127 58.2198 58.2269 58.2339
 58.2408 58.2478 58.2552 58.2626 58.2697 58.2769 58.2837 58.2908 58.298
 58.3056 58.3133 58.3209 58.3284 58.3357 58.3434 58.3515 58.3592 58.3668
 58.3739 58.3817 58.389  58.3967 58.4043 58.413  58.4205 58.4285 58.4361
 58.4438 58.4523 58.46   58.4676 58.4752 58.4826 58.4901 58.4983 58.5062
 58.514  58.522  58.5296 58.5377 58.5457 58.5535 58.5619 58.5693 58.5768
 58.585  58.5927 58.6004 58.609  58.6169 58.6247 58.6332 58.6422 58.6504
 58.6582 58.6665 58.6757 58.6849 58.6931 58.7013 58.7114 58.7204 58.729
 58.7389 58.7475 58.7563 58.7658 58.7749 58.7833 58.7929 58.8018 58.8113
 58.8206 58.83   58.8384 58.8481 58.8584 58.8676 58.8775 58.8864 58.8963
 58.9072 58.9166 58.9271 58.937  58.9469 58.9565 58.9659 58.9782 58.9889
 59.0016 59.0147 59.0263 59.039  59.0514 59.0626 59.0779 59.0934 59.1071
 59.1195 59.1316 59.1429 59.1554 59.1757 59.1921 59.2086 59.2255 59.2487
 59.2921 59.3369
63.5452 64.4019 65.4142 65.4499 65.5069 65.5969 65.6525 65.7353 65.7881
 65.8092 65.8495 65.8714 65.8953 65.9319 65.9522 65.9731 65.9988 66.0294
 66.0467 66.0652 66.08   66.0969 66.1162 66.1307 66.1454 66.1577 66.178
 66.1918 66.2149 66.2394 66.2572 66.2735 66.2856 66.3048 66.3161 66.3292
 66.3423 66.3546 66.3682 66.3832 66.3948 66.4077 66.4227 66.4391 66.4521
 66.4662 66.4785 66.4957 66.5097 66.5208 66.5317 66.5442 66.5567 66.5669
 66.5784 66.5948 66.6056 66.6157 66.627  66.6362 66.646  66.658  66.6689
 66.6824 66.6946 66.7045 66.7137 66.7257 66.7359 66.7476 66.7586 66.7698
 66.7802 66.7925 66.8046 66.8189 66.832  66.8422 66.8548 66.8659 66.8763
 66.8889 66.8992 66.9115 66.9217 66.9324 66.9432 66.9572 66.9686 66.9785
 66.989  67.0018 67.0131 67.0254 67.0367 67.0488 67.0609 67.0753 67.0849
 67.0963 67.1065 67.1173 67.1279 67.1381 67.1477 67.1562 67.1648 67.1748
 67.1866 67.196  67.2069 67.2222 67.2337 67.2474 67.259  67.2709 67.2818
 67.2924 67.305  67.3162 67.3309 67.3426 67.3632 67.3797 67.4059 67.4187
 67.4317 67.4447 67.4572 67.4693 67.4884 67.5039 67.52   67.5348 67.5473
 67.5624 67.5738 67.5864 67.6021 67.6173 67.6339 67.6536 67.6715 67.6927
 67.7148 67.7396 67.7659 67.8005 67.8771 67.8983 67.9424

