13.2172 13.3639 13.4145 13.4521 13.48   13.5004 13.5259 13.5994 13.6178
 13.6483 13.6712 13.7    13.7189 13.7335 13.7508 13.7709 13.7955 13.8188
 13.8346 13.8452 13.8599 13.8764 13.8998 13.91   13.9233 13.9352 13.953
 13.9658 13.9856 13.9995 14.0136 14.0242 14.0391 14.0507 14.0627 14.0736
 14.0854 14.0952 14.1071 14.1196 14.1315 14.144  14.1556 14.1668 14.1757
 14.1859 14.1954 14.2068 14.219  14.2293 14.2393 14.2501 14.2613 14.2719
 14.2814 14.2924 14.3026 14.3118 14.3206 14.3293 14.34   14.3489 14.3583
 14.3681 14.3787 14.3877 14.3985 14.4099 14.42   14.4308 14.4425 14.4514
 14.4644 14.4741 14.484  14.4972 14.507  14.517  14.5268 14.5362 14.546
 14.5551 14.5659 14.5767 14.5867 14.5951 14.6061 14.6162 14.6265 14.6366
 14.6461 14.6556 14.6643 14.6737 14.6834 14.6929 14.7019 14.7114 14.7203
 14.7292 14.738  14.7479 14.7571 14.7649 14.7753 14.7851 14.7967 14.8059
 14.8147 14.8233 14.8341 14.8442 14.8544 14.8643 14.873  14.8826 14.8924
 14.9021 14.9104 14.9194 14.9282 14.9378 14.9464 14.9563 14.9649 14.9753
 14.9857 14.9956 15.0044 15.0119 15.0202 15.0288 15.0374 15.0473 15.0579
 15.0678 15.0791 15.0889 15.0982 15.1088 15.1193 15.1304 15.1398 15.1491
 15.1591 15.168  15.1786 15.1895 15.1986 15.2077 15.2169 15.226  15.2347
 15.243  15.252  15.2618 15.2725 15.2817 15.2915 15.3025 15.312  15.3216
 15.3311 15.3412 15.3524 15.3622 15.3726 15.3826 15.3917 15.4007 15.4107
 15.4207 15.4326 15.4417 15.4505 15.4615 15.4719 15.4818 15.4915 15.5014
 15.5115 15.5221 15.5334 15.5435 15.5547 15.565  15.5761 15.5871 15.5991
 15.6117 15.626  15.6383 15.6501 15.6648 15.6766 15.6878 15.7002 15.7121
 15.7254 15.7386 15.7508 15.7672 15.7778 15.7925 15.8096 15.8225 15.8393
 15.8564 15.8696 15.8882 15.9017 15.9188 15.9416 15.9835 16.0055 16.0244
 16.058  16.1004 16.1643 16.2147 16.3465
21.8538 21.9247 21.9849 22.0161 22.0675 22.0963 22.1353 22.1731 22.1911
 22.2137 22.2319 22.2518 22.2774 22.293  22.3083 22.3266 22.3431 22.361
 22.3757 22.3936 22.4143 22.4361 22.4598 22.4756 22.4901 22.5059 22.5293
 22.5455 22.5573 22.5712 22.5855 22.597  22.6098 22.6222 22.6349 22.646
 22.6606 22.6711 22.6811 22.6942 22.7052 22.7193 22.733  22.7433 22.7561
 22.7701 22.7801 22.7891 22.8012 22.8139 22.8247 22.8372 22.847  22.8574
 22.869  22.8811 22.892  22.9007 22.913  22.9252 22.9349 22.945  22.9542
 22.9636 22.9732 22.9825 22.9916 23.0007 23.0095 23.0178 23.0267 23.0363
 23.0474 23.0582 23.0677 23.076  23.0843 23.0943 23.1035 23.1126 23.123
 23.1325 23.1419 23.1515 23.1617 23.1706 23.1791 23.1879 23.1967 23.2057
 23.2141 23.223  23.2313 23.2408 23.2519 23.2616 23.2706 23.2806 23.2912
 23.3004 23.3111 23.3206 23.3293 23.3383 23.3468 23.3565 23.3658 23.3744
 23.3839 23.3928 23.401  23.4096 23.418  23.4276 23.4362 23.4459 23.4554
 23.4639 23.4728 23.4808 23.4892 23.4973 23.5067 23.5149 23.5238 23.5322
 23.5408 23.55   23.5598 23.5689 23.5776 23.5861 23.5947 23.6047 23.6139
 23.6228 23.6325 23.642  23.6526 23.6621 23.6704 23.68   23.6911 23.6995
 23.7086 23.7185 23.728  23.7375 23.7473 23.7567 23.7664 23.7753 23.7842
 23.7926 23.8016 23.8099 23.8185 23.8271 23.8358 23.8454 23.8551 23.865
 23.8767 23.8859 23.8951 23.9035 23.9117 23.9211 23.9301 23.9398 23.9485
 23.9573 23.9658 23.9746 23.9835 23.9925 24.0029 24.0123 24.0213 24.0299
 24.0391 24.0473 24.0563 24.0653 24.0737 24.0832 24.0923 24.103  24.113
 24.1219 24.1313 24.1415 24.1514 24.1616 24.1735 24.183  24.192  24.2013
 24.2117 24.2221 24.2319 24.2432 24.2537 24.2635 24.2741 24.2843 24.2947
 24.3046 24.3149 24.3261 24.3377 24.3484 24.3589 24.3732 24.3847 24.3965
 24.4084 24.4197 24.4314 24.445  24.4552 24.4673 24.4781 24.4899 24.5041
 24.518  24.5372 24.5526 24.5642 24.5769 24.5933 24.6152 24.6301 24.6445
 24.6648 24.6797 24.6964 24.7138 24.7347 24.7837 24.817  24.8445 25.0246
 29.7376
30.2092 30.2715 30.3525 30.4616 30.5064 30.5397 30.6412 30.7039 30.7996
 30.8351 30.8516 30.8835 30.9233 30.9417 30.9703 30.9893 31.0226 31.0404
 31.0741 31.1024 31.1188 31.1339 31.1543 31.1739 31.1895 31.2096 31.2262
 31.24   31.2604 31.2805 31.2942 31.3107 31.3341 31.3471 31.359  31.3751
 31.3883 31.403  31.4191 31.4289 31.4381 31.4511 31.4639 31.477  31.4895
 31.5009 31.5121 31.5256 31.5384 31.5502 31.561  31.5717 31.5816 31.5914
 31.604  31.6151 31.627  31.6379 31.647  31.6558 31.6655 31.6778 31.6884
 31.6982 31.7091 31.7196 31.7292 31.7396 31.752  31.7622 31.773  31.7836
 31.7935 31.8049 31.8141 31.8244 31.8347 31.845  31.8543 31.8641 31.8749
 31.8841 31.8943 31.9043 31.9138 31.9242 31.9335 31.9426 31.9507 31.9612
 31.9724 31.9826 31.9923 32.0023 32.0114 32.0199 32.0295 32.0392 32.0483
 32.0579 32.0686 32.0782 32.0871 32.0962 32.106  32.1165 32.1261 32.1355
 32.1445 32.1532 32.1622 32.1716 32.181  32.1903 32.1999 32.2115 32.2221
 32.2307 32.2417 32.2521 32.2633 32.2731 32.2833 32.2923 32.3008 32.3098
 32.3189 32.3281 32.3373 32.3461 32.3555 32.3642 32.3736 32.3831 32.3932
 32.4047 32.4131 32.4224 32.4327 32.4432 32.4525 32.4622 32.4716 32.4808
 32.4899 32.4993 32.5089 32.5184 32.5284 32.5387 32.5493 32.5583 32.5687
 32.5794 32.5901 32.6006 32.61   32.619  32.6285 32.6392 32.6485 32.6577
 32.6672 32.6759 32.6845 32.6933 32.7019 32.7108 32.7196 32.7287 32.7378
 32.7469 32.756  32.7659 32.7753 32.7843 32.7952 32.8039 32.8146 32.8245
 32.8355 32.8453 32.8558 32.8665 32.8788 32.8908 32.9007 32.9121 32.922
 32.9329 32.9456 32.9568 32.9681 32.9825 32.9937 33.0047 33.0161 33.0289
 33.0416 33.0545 33.0693 33.0808 33.0949 33.1071 33.1196 33.1315 33.1448
 33.1593 33.1778 33.1932 33.2074 33.2288 33.2478 33.2656 33.2804 33.2967
 33.3125 33.3363 33.3581 33.3774 33.3995 33.4206 33.4433 33.4658 33.496
 33.5174 38.6129 39.0395 39.2398 39.3069 39.4121 39.4682 39.4908 39.5313
 39.621  39.6471 39.6805 39.7156 39.7338 39.7497 39.7687 39.7916 39.8168
 39.8318 39.8462 39.8685 39.8858 39.9015 39.9185 39.9355 39.952  39.9705
 39.9921
40.0108 40.0236 40.0383 40.053  40.0633 40.0751 40.0858 40.0963 40.1078
 40.1224 40.1332 40.1471 40.1611 40.1744 40.1859 40.1953 40.2064 40.2185
 40.2315 40.2429 40.2533 40.2674 40.2782 40.2912 40.3035 40.3158 40.3278
 40.3372 40.3483 40.3596 40.3682 40.379  40.3877 40.3979 40.4067 40.4165
 40.4255 40.4344 40.445  40.4539 40.4636 40.4739 40.4845 40.4974 40.5078
 40.5178 40.5287 40.5376 40.5464 40.5554 40.5656 40.575  40.5849 40.5939
 40.604  40.6148 40.6243 40.6352 40.6455 40.6553 40.6662 40.6746 40.6835
 40.6918 40.7005 40.7113 40.7213 40.7314 40.7407 40.7508 40.76   40.768
 40.7763 40.7852 40.7946 40.8043 40.8126 40.8211 40.8303 40.8386 40.8489
 40.8591 40.8694 40.8788 40.888  40.8983 40.9088 40.9186 40.9293 40.9384
 40.9482 40.9573 40.9662 40.9769 40.9858 40.995  41.0032 41.0124 41.0214
 41.0303 41.0398 41.0483 41.0574 41.0667 41.0768 41.0851 41.094  41.1039
 41.114  41.1238 41.1336 41.1423 41.1519 41.1623 41.1712 41.1803 41.1907
 41.1999 41.2097 41.2192 41.2278 41.2366 41.2456 41.2549 41.2645 41.2735
 41.2834 41.2921 41.3016 41.31   41.3195 41.3284 41.3379 41.3461 41.3569
 41.3663 41.375  41.384  41.3937 41.4028 41.411  41.422  41.4305 41.4392
 41.4479 41.4575 41.4663 41.4757 41.4849 41.4935 41.5023 41.5113 41.52
 41.5287 41.5382 41.5476 41.557  41.5666 41.5755 41.5865 41.5967 41.6068
 41.6166 41.6275 41.6382 41.6484 41.6569 41.6671 41.6777 41.6866 41.6968
 41.7062 41.7165 41.7281 41.7411 41.7517 41.7648 41.7766 41.7871 41.7989
 41.8131 41.8265 41.8387 41.8496 41.861  41.8739 41.8869 41.899  41.9115
 41.9248 41.9389 41.9515 41.9651 41.9824 42.0011 42.0184 42.0372 42.0565
 42.0715 42.0898 42.1117 42.1367 42.1708 42.214  42.2396 42.2614 42.2915
 42.3286 46.3914 47.6709 47.741  47.9802 48.0069 48.0995 48.1245 48.2183
 48.316  48.3305 48.3633 48.3857 48.4021 48.4345 48.4544 48.4738 48.4952
 48.512  48.5256 48.5436 48.5584 48.5928 48.6073 48.6214 48.6395 48.6545
 48.6692 48.6814 48.7016 48.7212 48.7388 48.7509 48.7684 48.7811 48.7936
 48.804  48.8159 48.8259 48.8354 48.8477 48.8611 48.8741 48.8859 48.9011
 48.9128 48.9247 48.938  48.9499 48.9597 48.9702 48.9802 48.9905 48.9997
 49.0103 49.0219 49.0322 49.0413 49.052  49.0631 49.0751 49.0872 49.0997
 49.111  49.121  49.1318 49.1436 49.1552 49.167  49.1761 49.1867 49.1969
 49.2058 49.2154 49.2272 49.2373 49.2469 49.2569 49.2654 49.2769 49.2882
 49.2996 49.3091 49.3185 49.3283 49.3395 49.3502 49.3609 49.3701 49.38
 49.3926 49.4016 49.4111 49.4201 49.4295 49.4413 49.451  49.4597 49.4698
 49.4796 49.4899 49.4993 49.5104 49.5197 49.5293 49.5401 49.5517 49.5618
 49.571  49.5804 49.5918 49.6025 49.6123 49.6225 49.6318 49.6426 49.6528
 49.6612 49.6698 49.6797 49.6896 49.6992 49.7099 49.72   49.7299 49.7405
 49.7497 49.7597 49.7704 49.7799 49.79   49.8    49.8088 49.8176 49.8283
 49.8372 49.8459 49.8555 49.865  49.8739 49.8824 49.8927 49.9031 49.9124
 49.9215 49.9308 49.941  49.9511 49.9624 49.9718 49.9826 49.9926
50.003  50.0142 50.0248 50.0349 50.0441 50.0546 50.064  50.0736 50.0837
 50.0931 50.1028 50.1124 50.1223 50.1334 50.1435 50.1524 50.1624 50.1731
 50.1834 50.1936 50.2027 50.2144 50.2265 50.2377 50.2491 50.2605 50.2734
 50.2832 50.2933 50.3038 50.3143 50.3248 50.3348 50.3465 50.3609 50.3731
 50.3853 50.399  50.4103 50.4231 50.4357 50.4514 50.4683 50.4853 50.4998
 50.5155 50.5334 50.5472 50.5622 50.5792 50.5935 50.6071 50.6211 50.6407
 50.6633 50.6825 50.6978 50.722  50.738  50.7548 50.7808 50.809  50.8256
 50.8575 50.917  50.9634 52.5876 54.3968 56.5317 56.572  56.6497 56.7291
 56.7546 56.7849 56.8137 56.8323 56.8826 56.9047 56.925  56.9548 56.9719
 57.0036 57.0202 57.0456 57.0598 57.0728 57.0948 57.1065 57.1318 57.1548
 57.1656 57.1781 57.1899 57.2001 57.2132 57.2272 57.2412 57.2511 57.2641
 57.2758 57.2865 57.2993 57.3104 57.3222 57.3355 57.346  57.3573 57.3671
 57.3791 57.3904 57.4027 57.4153 57.4269 57.4389 57.4495 57.4604 57.4712
 57.4841 57.4958 57.5076 57.5161 57.526  57.536  57.5451 57.5544 57.5636
 57.5726 57.5815 57.5916 57.601  57.6096 57.6192 57.6277 57.6364 57.6493
 57.6588 57.6683 57.6767 57.6846 57.6932 57.7011 57.7094 57.718  57.7271
 57.7357 57.7437 57.7528 57.7619 57.7712 57.78   57.7885 57.7979 57.8066
 57.8153 57.8231 57.8315 57.8412 57.8501 57.8581 57.8672 57.8754 57.8836
 57.8915 57.8999 57.9083 57.9171 57.9253 57.935  57.9444 57.9535 57.9613
 57.969  57.9769 57.9854 57.9943 58.0029 58.0112 58.0208 58.0295 58.0384
 58.048  58.0565 58.0649 58.074  58.0824 58.0909 58.0992 58.1067 58.1145
 58.1221 58.1308 58.1393 58.1478 58.1556 58.1639 58.1718 58.1797 58.1879
 58.1971 58.2055 58.2136 58.2225 58.2321 58.24   58.2487 58.2563 58.2648
 58.2726 58.2812 58.2906 58.2995 58.3074 58.3156 58.3241 58.3327 58.3414
 58.3494 58.3577 58.3661 58.3745 58.3826 58.3911 58.3987 58.4074 58.4163
 58.425  58.4334 58.4416 58.4495 58.4579 58.4664 58.4746 58.4826 58.4918
 58.4991 58.5069 58.515  58.5242 58.5333 58.5417 58.5496 58.5573 58.5658
 58.5743 58.5819 58.5899 58.5983 58.6064 58.614  58.6218 58.6298 58.6382
 58.6463 58.6549 58.6628 58.6708 58.679  58.6873 58.6951 58.7023 58.7108
 58.7184 58.7262 58.7339 58.7413 58.7497 58.7581 58.7663 58.7739 58.7818
 58.7896 58.7981 58.8064 58.8144 58.8223 58.8298 58.8386 58.847  58.8557
 58.8637 58.8721 58.8802 58.8884 58.896  58.9046 58.9137 58.9228 58.9316
 58.9403 58.949  58.957  58.9649 58.9732 58.9822 58.9905 59.     59.0081
 59.0167 59.0261 59.0347 59.0437 59.0519 59.0598 59.0686 59.0782 59.0868
 59.0954 59.1039 59.113  59.1222 59.1306 59.14   59.1488 59.1599 59.169
 59.1784 59.1875 59.1962 59.2066 59.2155 59.2248 59.2341 59.2453 59.2562
 59.2662 59.2787 59.2894 59.3011 59.3131 59.324  59.3351 59.3467 59.3569
 59.3676 59.3795 59.3904 59.4025 59.4137 59.4283 59.4398 59.4568 59.4687
 59.4799 59.4942 59.5068 59.5212 59.5345 59.5474 59.5616 59.5809 59.5971
 59.6166 59.6389 59.6519 59.6676 59.6904 59.7183 59.7437 59.8322
64.7385 65.3899 65.481  65.5946 65.687  65.735  65.7554 65.7808 65.8686
 65.9085 65.9485 65.995  66.0372 66.0667 66.0818 66.1219 66.1534 66.1748
 66.2118 66.2351 66.2665 66.2892 66.3066 66.3403 66.3657 66.3947 66.4132
 66.4378 66.4503 66.4669 66.4921 66.5079 66.5231 66.5407 66.5633 66.5792
 66.5951 66.6076 66.621  66.6357 66.6592 66.6721 66.6856 66.7007 66.7135
 66.7287 66.7489 66.7678 66.7872 66.8106 66.8289 66.8465 66.8619 66.8756
 66.8901 66.9076 66.9229 66.9394 66.9532 66.9707 66.989  67.0068 67.0241
 67.0375 67.0553 67.0683 67.0796 67.0922 67.1058 67.1208 67.1346 67.1487
 67.1598 67.175  67.1896 67.2035 67.2219 67.2374 67.2561 67.2675 67.2796
 67.2922 67.3023 67.3135 67.3259 67.339  67.3518 67.3656 67.3796 67.3902
 67.4006 67.4128 67.4285 67.4401 67.4513 67.4642 67.4777 67.4892 67.5024
 67.5169 67.5298 67.5463 67.5635 67.5797 67.5941 67.614  67.6307 67.6426
 67.6581 67.669  67.6859 67.6992 67.7141 67.725  67.7409 67.7563 67.7701
 67.7942 67.8081 67.8187 67.8318 67.8458 67.8637 67.8798 67.9002 67.9144
 67.9413 67.9749 68.0021 68.0242 68.0417 68.0565 68.0743 68.102  68.1241
 68.1574 68.1801 68.2029 68.2367 68.2587 68.285  68.3431 68.5909

