12.9569 13.27   13.4491 13.5097 13.6166 13.6373 13.7814 13.8758 13.8919
 13.9693 14.0831 14.3284
21.649  21.8046 21.9352 22.0341 22.1465 22.2799 22.5015 22.5338 22.551
 22.6036 22.6449 22.735  22.8307
30.3136 30.5764 30.7147 30.8062 30.8507 30.9408 31.0239 31.0588 31.1054
 31.1342 31.2229 31.2473 31.2672 31.3581 31.3866 31.5075 31.5863 31.6349
 38.3178 39.1881 39.3498 39.4063 39.6158 39.6457 39.6906 39.7748 39.9765
40.0661 40.1253 40.1394 40.1815 40.3315 40.3477 47.6165 48.0173 48.3053
 48.6672 48.7716 48.8061 48.8934 48.9757 49.1933
56.028  56.7376 56.8399 56.9082 56.9488 56.9836 57.0645 57.1067 57.1472
 57.1663 57.2867 57.3979 57.4216 57.5722
65.9056 65.9428 66.1701 66.1851 66.2928 66.3847 66.4108 66.527

