12.8814 12.9287 13.2155 13.2482 13.5559 13.5789 13.6458 13.7264 13.7987
 13.8681 13.9232 14.0189 14.0889 14.1143 18.5318
20.1302 20.8481 21.6336 21.8584 21.9818 22.1409 22.185  22.2113 22.2607
 22.3427 22.3591 22.3831 22.4351 22.5251 22.5467 22.5922 22.6832 22.6977
 22.7137 22.7438 22.7744 22.8105 22.9292 22.9632 22.9899 23.0676 23.1232
 23.1711 29.4128 29.6648 29.9768
30.3521 30.9666 31.0397 31.0924 31.1122 31.1605 31.3593 31.3877 31.4206
 31.4357 31.4542 31.4714 31.5306 31.5694 31.6572 31.6737 31.7558 39.2998
 39.4207 39.5805 39.6517 39.6881 39.7318 39.8863 39.9023 39.92   39.9463
 39.9954
40.0216 40.0856 40.099  40.137  40.1543 40.1744 40.3681 40.3848 40.4442
 40.5323 40.5771 47.3402 47.5102 47.7446 48.0407 48.1151 48.3527 48.3828
 48.4517 48.482  48.5683 48.7537 48.8288 48.9707 48.999  49.0163 49.0669
 49.0942 49.1194 49.1824
55.5704 56.3569 56.9295 56.953  57.0409 57.3265 57.3449 57.3583 57.379
 57.3963 57.4104 57.4284 57.4591 57.474  57.5011 57.5215 57.587  57.6101
 57.6415 57.6771 57.695  57.7419 57.7666 57.8421 57.8764 57.9188 58.004
65.9742 66.0412 66.0573 66.2016 66.2395 66.342  66.4814 66.5497 66.5871
 66.6828 66.7912

