12.0074 12.2206 12.2466 12.4478 12.5974 12.6456 12.8056 12.8437 12.906
 12.9446 12.9784 13.2046 13.3034 18.3268
20.3145 21.414  21.7444 21.9954 22.1474 22.1701 22.1891 22.3745 27.8918
 29.4953
30.3827 30.4348 30.7507 30.9924 37.9129 38.429  38.6307 38.6595 38.7172
 38.9245 39.0709 39.1131
46.1846 46.6019 47.1135 47.3261 47.5527 47.6961 47.7701 47.8335 47.8996
 48.0686 48.1731 48.2202 48.4339 48.5843
55.4869 56.3267 56.7877 56.8069 56.9038 56.9756 57.0671 57.1319
62.8457 64.3088 64.7526 64.9646 64.9855 65.0337 65.0903 65.4422 65.5055
 65.6178

