12.0505 12.6168 12.8716 12.9105 12.9389 12.9557 13.0169 13.0402 13.0566
 13.0763 13.1798 13.2286 13.2939 13.3641 13.4253 13.5155
20.6415 21.4053 21.4335 21.5741 21.7095 21.7619 21.9265 21.9546 21.9948
 22.0433 22.0747 22.2224 22.2448 22.2666 22.3203 22.4128 22.4983 22.5557
 22.6818 29.4524
30.0132 30.4073 30.533  30.5731 30.6066 30.6501 30.6846 30.7829 30.8164
 30.8585 31.0149 31.0391 31.0685 31.1019 31.1438 31.2445 31.2626 31.3007
 31.3215 31.3339 38.2268 38.9285 38.9706 39.0024 39.0425 39.1032 39.1186
 39.1315 39.1743 39.2819 39.3517
45.7553 47.4774 47.7771 48.0553 48.0935 48.1291 48.2718 48.3399 48.4345
 48.4932 48.5171 48.5406 48.5596 48.6121 48.65   48.7715
55.8667 56.0317 56.1797 56.2043 56.4948 56.5343 56.6841 56.7047 56.7525
 56.7726 56.7995 56.8627 56.903  56.9518 56.969  57.0246 57.0513 57.0911
 57.1054 57.1902 57.2634 57.353  57.3953 57.4164 57.433
61.6336 65.1604 65.2448 65.3425 65.3991 65.4669 65.5746 65.6098 65.6267
 65.6484 65.7122 65.8468 65.8658 65.9339 65.9704

