12.9305 13.0315 13.1018 13.1403 13.1726 13.2081 13.2731 13.2972 13.3244
 13.3441 13.374  13.4035 13.4368 13.4572 13.4863 13.5142 13.5282 13.5443
 13.5606 13.5947 13.6104 13.6287 13.6491 13.6648 13.694  13.7302 13.7471
 13.767  13.7821 13.7999 13.8168 13.8408 13.8533 13.8666 13.8812 13.894
 13.9083 13.9226 13.9342 13.9461 13.9645 13.9797 13.9935 14.0079 14.0214
 14.0333 14.0439 14.0547 14.0684 14.0827 14.0929 14.1087 14.1202 14.1323
 14.1432 14.1551 14.1675 14.179  14.1902 14.2009 14.212  14.2235 14.2352
 14.2479 14.2615 14.2756 14.2875 14.2994 14.3092 14.321  14.331  14.3408
 14.3508 14.3605 14.3694 14.38   14.3897 14.4002 14.4153 14.4269 14.4399
 14.451  14.4618 14.4746 14.4858 14.4968 14.5077 14.5179 14.5287 14.5401
 14.5501 14.5605 14.5721 14.5818 14.5923 14.6022 14.6128 14.6245 14.6332
 14.6441 14.6545 14.6647 14.6756 14.6858 14.6967 14.7076 14.7179 14.7298
 14.7399 14.7502 14.7594 14.7697 14.7796 14.7909 14.8013 14.8102 14.8197
 14.8304 14.8402 14.8496 14.8597 14.8706 14.88   14.89   14.8996 14.91
 14.9226 14.9333 14.9434 14.9528 14.9639 14.9735 14.9865 14.9979 15.0092
 15.0206 15.0334 15.0457 15.0584 15.0701 15.0819 15.0926 15.105  15.1172
 15.1277 15.1404 15.1554 15.1692 15.181  15.1927 15.2058 15.2172 15.2308
 15.2472 15.2643 15.2777 15.2903 15.3016 15.3162 15.3269 15.3393 15.3535
 15.3693 15.3864 15.4007 15.4153 15.4286 15.4431 15.4605 15.4777 15.493
 15.508  15.5263 15.5443 15.5586 15.5838 15.6079 15.6254 15.6499 15.6681
 15.6943 15.717  15.7385 15.7659 15.7913 15.8183 15.8539 15.9333 15.9619
21.5628 21.9218 22.0764 22.1628 22.1996 22.3111 22.3577 22.3897 22.4297
 22.4479 22.4924 22.5239 22.5996 22.6175 22.6464 22.667  22.6832 22.6995
 22.7182 22.7299 22.7482 22.7666 22.7831 22.7965 22.8259 22.8507 22.8678
 22.89   22.9045 22.9163 22.9315 22.9419 22.9544 22.9707 22.9901 23.0073
 23.0243 23.0383 23.0532 23.0686 23.0977 23.112  23.1269 23.1471 23.1607
 23.1749 23.1873 23.2019 23.218  23.2322 23.2457 23.2563 23.2681 23.2803
 23.2978 23.3113 23.3236 23.3349 23.3447 23.3553 23.3655 23.3771 23.391
 23.4026 23.4126 23.4231 23.4329 23.4458 23.4577 23.4701 23.4802 23.4896
 23.5005 23.5126 23.5249 23.534  23.5444 23.5554 23.5643 23.5743 23.5851
 23.5955 23.6062 23.6167 23.6271 23.6361 23.6464 23.6554 23.6652 23.6742
 23.6842 23.6933 23.7031 23.7126 23.7223 23.7316 23.7404 23.7488 23.7585
 23.7671 23.7773 23.7889 23.799  23.808  23.8175 23.8272 23.8378 23.8466
 23.8563 23.8657 23.8758 23.8852 23.8956 23.9049 23.9144 23.923  23.9322
 23.9406 23.9493 23.9581 23.9668 23.9761 23.9844 23.9927 24.0015 24.0106
 24.0209 24.031  24.0424 24.0517 24.0605 24.0718 24.0821 24.0917 24.1008
 24.1112 24.1219 24.1339 24.144  24.1542 24.1654 24.1761 24.1871 24.1983
 24.2096 24.2193 24.2293 24.2399 24.2507 24.2607 24.272  24.2836 24.2955
 24.3074 24.3193 24.3287 24.3399 24.3526 24.3638 24.3795 24.3921 24.406
 24.4188 24.4322 24.4434 24.4545 24.4661 24.477  24.4903 24.504  24.5184
 24.533  24.5454 24.5581 24.5719 24.5866 24.6023 24.6199 24.6357 24.6492
 24.6633 24.6812 24.6987 24.7144 24.7317 24.7451 24.7694 24.7888 24.8068
 24.8245 24.8463 24.8704 24.8975 24.921  24.939  24.9578 24.9867 25.014
 25.0842 25.1087 25.1375 29.5812
30.0986 30.3618 30.6309 30.7846 30.8316 30.9713 31.1461 31.1895 31.2882
 31.3252 31.3552 31.3966 31.4239 31.4427 31.4609 31.4733 31.4981 31.5201
 31.5351 31.5508 31.5688 31.5954 31.6265 31.645  31.6634 31.6832 31.6961
 31.7107 31.7276 31.7401 31.7523 31.7645 31.7807 31.7941 31.8094 31.8224
 31.8351 31.85   31.8647 31.8781 31.8918 31.907  31.9186 31.9363 31.9519
 31.9629 31.9791 31.9936 32.007  32.0214 32.0336 32.0453 32.0563 32.0662
 32.0762 32.0877 32.1013 32.1128 32.1231 32.1362 32.1456 32.1561 32.169
 32.1847 32.1963 32.2069 32.2174 32.2274 32.2378 32.2496 32.2611 32.2721
 32.2819 32.2922 32.3032 32.3171 32.3305 32.3421 32.3518 32.3624 32.3736
 32.3834 32.3946 32.4048 32.4159 32.429  32.4401 32.449  32.4603 32.4712
 32.4834 32.4937 32.5029 32.5134 32.5228 32.5335 32.5428 32.5537 32.5638
 32.5735 32.5838 32.5936 32.6045 32.6138 32.6236 32.6335 32.6422 32.6515
 32.6614 32.6718 32.6825 32.6919 32.7029 32.7139 32.7236 32.7336 32.7449
 32.7568 32.768  32.7796 32.7896 32.8017 32.8114 32.8219 32.8323 32.8441
 32.8568 32.8683 32.8792 32.8908 32.9025 32.9139 32.9252 32.936  32.9493
 32.9616 32.9726 32.988  32.9996 33.0126 33.0233 33.0354 33.0467 33.0618
 33.0763 33.0873 33.1008 33.1142 33.1291 33.1421 33.1543 33.1672 33.1821
 33.1956 33.2119 33.2291 33.2426 33.2625 33.2794 33.2966 33.3144 33.3383
 33.356  33.3772 33.3959 33.4159 33.4416 33.4703 33.5019 33.5329 33.5512
 33.5754 33.596  33.6252 33.645  33.6962 33.7229 38.8348 39.0136 39.0701
 39.1094 39.1646 39.1892 39.2213 39.2526 39.2877 39.3545 39.3822 39.5165
 39.541  39.5565 39.5726 39.5906 39.617  39.6436 39.6582 39.6738 39.6893
 39.7037 39.7256 39.739  39.7543 39.7699 39.7892 39.8054 39.8208 39.8327
 39.849  39.8715 39.8916 39.91   39.9228 39.9389 39.9531 39.9705 39.9846
 39.9959
40.0085 40.0224 40.0345 40.0462 40.0592 40.0728 40.0843 40.101  40.1137
 40.1275 40.14   40.1552 40.1671 40.1818 40.196  40.2068 40.2177 40.2303
 40.2442 40.2576 40.2695 40.2824 40.2946 40.3049 40.3151 40.3257 40.3366
 40.3478 40.359  40.371  40.3816 40.3919 40.407  40.4192 40.4291 40.4416
 40.4542 40.4658 40.4768 40.4889 40.4993 40.5091 40.5196 40.5316 40.5423
 40.5541 40.5666 40.5763 40.587  40.5975 40.6091 40.6205 40.6298 40.6407
 40.6503 40.6605 40.6717 40.6827 40.6917 40.7015 40.71   40.719  40.7298
 40.7402 40.7498 40.7595 40.7683 40.777  40.7866 40.7957 40.8053 40.8144
 40.8237 40.8338 40.8436 40.8542 40.8625 40.8716 40.8803 40.8891 40.8976
 40.9061 40.9147 40.9242 40.9355 40.9454 40.9562 40.9645 40.9734 40.984
 40.9934 41.0036 41.0142 41.024  41.0336 41.0426 41.0522 41.0607 41.0717
 41.0829 41.0968 41.107  41.1166 41.1278 41.1388 41.1484 41.159  41.1689
 41.1777 41.1872 41.1981 41.2086 41.2191 41.2291 41.2406 41.2524 41.2649
 41.2775 41.2879 41.3005 41.3133 41.3271 41.3379 41.3519 41.363  41.3752
 41.3874 41.4016 41.4158 41.4325 41.4451 41.4584 41.4725 41.4874 41.5037
 41.5215 41.5403 41.5535 41.5706 41.5862 41.6025 41.6179 41.6383 41.6576
 41.6739 41.6898 41.7109 41.7349 41.7549 41.7715 41.7932 41.8135 41.8332
 41.8552 41.8801 41.9245 41.9645 42.0006 42.0625 44.0776 45.6884 48.0265
 48.2148 48.2353 48.2672 48.3927 48.4131 48.508  48.5364 48.5791 48.6111
 48.6386 48.6755 48.6915 48.7209 48.7495 48.7706 48.7903 48.8098 48.8319
 48.8575 48.8813 48.9086 48.9408 48.9616 48.9782 48.9907 49.0059 49.0255
 49.0401 49.0595 49.0765 49.0923 49.1086 49.1336 49.1489 49.1655 49.1822
 49.1962 49.2091 49.2232 49.2414 49.2554 49.2717 49.2852 49.2997 49.312
 49.3229 49.3366 49.3542 49.3667 49.3795 49.3941 49.4066 49.4204 49.4311
 49.443  49.4576 49.4694 49.4814 49.4908 49.5012 49.5116 49.5218 49.5323
 49.5432 49.5561 49.566  49.5762 49.587  49.5979 49.6078 49.6216 49.6316
 49.6412 49.6508 49.6622 49.6729 49.6817 49.6916 49.7032 49.7142 49.7245
 49.7346 49.7447 49.7556 49.7672 49.7773 49.7876 49.7983 49.8084 49.8186
 49.8287 49.8381 49.8474 49.8576 49.8663 49.8755 49.8849 49.8971 49.9089
 49.9195 49.9293 49.9398 49.9494 49.96   49.9707 49.9809 49.9911
50.0027 50.0119 50.0214 50.0326 50.0426 50.0524 50.0624 50.0714 50.0816
 50.0912 50.1003 50.1095 50.1184 50.1281 50.1396 50.1489 50.1585 50.169
 50.1785 50.1889 50.1988 50.2088 50.2189 50.2295 50.2384 50.2487 50.2578
 50.2698 50.2809 50.2914 50.3022 50.3123 50.321  50.3316 50.3429 50.354
 50.3648 50.3751 50.3862 50.3991 50.4108 50.4202 50.4333 50.4423 50.4543
 50.4712 50.4831 50.4966 50.513  50.5265 50.5371 50.5504 50.563  50.574
 50.5854 50.5986 50.6122 50.6239 50.6383 50.6507 50.6627 50.6757 50.6919
 50.7152 50.7326 50.7513 50.7649 50.7799 50.7972 50.8133 50.8268 50.8564
 50.8839 50.9006 50.9256 50.9578 50.9837 51.0077 51.0279 51.0538 51.0731
 51.0922 51.1113 51.1294 51.152  51.1834 51.2985 56.7553 56.8799 56.9113
 56.9729 56.9958 57.0225 57.187  57.2035 57.2262 57.2429 57.2785 57.2999
 57.3213 57.3545 57.3717 57.3875 57.4057 57.4239 57.4435 57.4628 57.4759
 57.4916 57.5054 57.5238 57.5463 57.5698 57.5947 57.6104 57.6313 57.6466
 57.6619 57.6794 57.6923 57.7054 57.7215 57.7347 57.7538 57.7684 57.7822
 57.7941 57.8078 57.824  57.8376 57.8529 57.865  57.8766 57.8895 57.9018
 57.9153 57.9295 57.9412 57.952  57.9623 57.9754 57.988  57.9998 58.0123
 58.0234 58.0333 58.047  58.0586 58.0707 58.0829 58.0926 58.1027 58.1133
 58.1265 58.1371 58.1478 58.1565 58.1657 58.1767 58.1865 58.1966 58.2055
 58.2155 58.2263 58.2356 58.2468 58.2575 58.268  58.2766 58.2861 58.2971
 58.3065 58.3161 58.3268 58.3359 58.3451 58.3545 58.3639 58.3751 58.3837
 58.3928 58.4014 58.4103 58.4201 58.4304 58.4391 58.448  58.4575 58.4657
 58.4748 58.4834 58.4927 58.5022 58.5111 58.5198 58.5287 58.5376 58.5465
 58.5548 58.5639 58.5728 58.5814 58.5899 58.5991 58.6074 58.6165 58.625
 58.6336 58.6428 58.653  58.6616 58.6704 58.6792 58.6903 58.6993 58.7082
 58.7174 58.7269 58.7355 58.7442 58.7527 58.7611 58.7693 58.7788 58.7883
 58.7983 58.8078 58.8179 58.8269 58.8354 58.8444 58.8538 58.8624 58.8721
 58.8812 58.8898 58.8998 58.9085 58.9182 58.9276 58.9372 58.9471 58.957
 58.968  58.9782 58.9874 58.9964 59.0064 59.0153 59.026  59.0354 59.0458
 59.0552 59.0652 59.0751 59.0851 59.0943 59.1032 59.1128 59.1219 59.1325
 59.1435 59.1547 59.1657 59.1754 59.1889 59.1997 59.2104 59.221  59.2326
 59.2435 59.2536 59.2649 59.2764 59.288  59.2996 59.3105 59.3217 59.3327
 59.345  59.3576 59.371  59.384  59.3958 59.4078 59.419  59.4334 59.4469
 59.4594 59.4752 59.4919 59.5065 59.5201 59.5364 59.5573 59.577  59.5979
 59.6137 59.6322 59.6514 59.6767 59.6966 59.7206 59.7355 59.7515 59.7718
 59.7895 59.8064 59.8292 59.8551 59.8794 59.9175 59.965
64.2766 64.4916 65.0507 65.3657 65.7806 65.8289 65.8675 65.8901 65.9236
 65.9402 65.9625 65.981  66.0149 66.0338 66.1078 66.1278 66.1543 66.1679
 66.1805 66.199  66.2189 66.2364 66.2584 66.2783 66.2931 66.3105 66.3248
 66.3393 66.3497 66.3637 66.3802 66.3969 66.4117 66.4264 66.4429 66.4566
 66.4698 66.4823 66.4934 66.5075 66.5226 66.537  66.5496 66.5599 66.5727
 66.5881 66.5991 66.6126 66.6232 66.6345 66.6445 66.6551 66.6703 66.6823
 66.6942 66.7072 66.7185 66.7288 66.7397 66.7502 66.7604 66.7702 66.7813
 66.7953 66.807  66.82   66.8311 66.8404 66.8512 66.8631 66.8724 66.8813
 66.8925 66.9021 66.9116 66.9212 66.9322 66.9427 66.9527 66.9637 66.9726
 66.9831 66.9936 67.0032 67.0121 67.0215 67.0305 67.042  67.0519 67.0634
 67.0726 67.0825 67.092  67.1015 67.1118 67.1204 67.1287 67.1388 67.1469
 67.1568 67.1663 67.175  67.1851 67.194  67.2028 67.2111 67.221  67.231
 67.2406 67.2507 67.2601 67.2701 67.2797 67.2883 67.2975 67.3069 67.3163
 67.3256 67.3351 67.3449 67.3534 67.3634 67.3716 67.3809 67.3905 67.4001
 67.4093 67.4185 67.4274 67.4365 67.4457 67.4544 67.4636 67.4729 67.4818
 67.4905 67.4995 67.5106 67.5206 67.5306 67.5402 67.5499 67.5595 67.5687
 67.5775 67.5881 67.5974 67.6063 67.617  67.6273 67.6379 67.6481 67.6571
 67.6664 67.676  67.6871 67.6968 67.7084 67.7199 67.7295 67.7397 67.7501
 67.7595 67.7711 67.7821 67.7928 67.8021 67.8143 67.8247 67.8337 67.8459
 67.8578 67.8696 67.88   67.8922 67.9047 67.9156 67.9259 67.9386 67.9489
 67.9596 67.9738 67.9847 67.9964 68.0073 68.0206 68.0353 68.0468 68.0601
 68.0723 68.0844 68.0979 68.1127 68.1262 68.1385 68.1559 68.1782 68.1974
 68.2139 68.2311 68.2486 68.2645 68.292  68.3114 68.3272 68.3451 68.3604
 68.3826 68.3996 68.4182 68.4374 68.452  68.4755 68.4996 68.5638 68.6086
 68.6929

