12.3818 12.4725 12.6069 12.8443 12.8563 12.8833 12.9422 12.9605 13.0529
 13.1069 13.21
20.2738 21.2803 21.351  21.4248 21.6682 21.7376 21.7787 21.9965 22.0979
 22.1874 22.3039 22.3492 22.3609 22.4677 28.1586 29.8484
30.1854 30.2475 30.3626 30.5188 30.6184 30.7082 30.8707 30.9066 30.962
 31.3466 37.7074 37.9861 38.047  38.1904 38.5009 38.6566 38.6839 38.749
 38.8223 38.86   38.9248 38.9636 39.0495 39.0692 39.3454 39.6114
45.2728 47.7673 48.0218 48.0695 48.1075 48.2099 48.2496 48.2982 48.4378
53.1389 56.0948 56.1243 56.3054 56.4063 56.4536 56.5645 56.5942 56.6511
 56.6718 56.6958 56.803  56.8298 56.897  56.963  56.9882
64.6487 64.7356 64.7784 65.0265 65.443  65.5072 65.5358 65.5758 65.9215

