10.5184 11.7159 12.1128 12.2693 12.5166 12.7177 12.8061
21.1551 21.276  21.328  21.4295 21.4642 21.6164 21.9373 22.0055 22.0317
 22.1394 22.2268 29.9434
30.2428 30.2839 30.3177 30.3403 30.3816 30.4418 30.5336 30.6365 30.6721
 30.7027 30.7507 31.0657 31.0982 31.1251 31.1763 37.4748 38.2356 38.4121
 38.4532 38.6898 38.7188 38.7831 38.9128 39.0058 39.1739
47.929  48.0796 48.1079 48.1496 48.2988 48.4079 48.6023
55.2727 56.0885 56.2816 56.3057 56.3607 56.5489 56.5804 56.6309 56.6767
 56.8444 56.8913 56.9509 57.0064 57.0266 57.2328
63.7388 63.8577 64.7064 64.9936 65.0348 65.1632 65.1919 65.366  65.4191
 65.6969 65.7519 65.7973 65.8381 65.8616

