11.8699 11.9767 12.1879 12.4762 12.6535 12.7703 12.8097 12.8243 12.8465
 12.8675 12.8883 12.9286 12.9607 13.0078 13.0247 13.0521 13.0692 13.0917
 13.1123 13.1347 13.1529 13.1701 13.1874 13.2028 13.2191 13.2523 13.2631
 13.2992 13.3196 13.3509 13.3726 13.3921 13.4228 13.4384 13.4696 13.4933
21.7765 21.8172 21.8416 21.8787 21.9113 21.9448 22.0136 22.0317 22.0514
 22.0857 22.1108 22.1278 22.1496 22.193  22.2393 22.2624 22.2766 22.2992
 22.3248 22.3538 22.3718 22.3956 22.4111 22.4234 22.4367 22.4568 22.4725
 22.5576 22.5975 27.4308
30.5388 30.6796 30.7182 30.7348 30.8014 30.8276 30.8684 30.9294 30.9491
 30.9616 30.9762 31.0096 31.0244 31.0693 31.0889 31.1095 31.1447 31.2053
 31.2198 31.2698 31.2934 31.3296 31.3708 31.4118 31.499  35.1587 36.7712
 37.6909 38.1275 38.5471 38.6186 38.6619 38.7506 38.7794 38.8107 38.8348
 38.8675 38.8877 38.9066 38.9428 38.9603 38.9807 38.9948 39.0392 39.0545
 39.0909 39.124  39.1487 39.1689 39.2215 39.2375 39.2555 39.2742 39.294
 39.3083 39.3434 39.3643 39.4002 39.4144 39.4267 39.4529 39.5528 39.6973
47.4789 47.6954 47.7386 47.8171 47.8608 47.9515 48.0069 48.0394 48.0604
 48.0794 48.1213 48.158  48.1739 48.2006 48.2272 48.25   48.2772 48.2956
 48.3207 48.3437 48.3579 48.3767 48.4291 48.4474 48.4647 48.4926 48.5134
 48.5387 48.5548 48.5868 48.6015 48.6138 48.6657 48.7198 48.7418 48.7547
 48.7716 48.8101 48.8746
56.11   56.1752 56.3569 56.3959 56.4209 56.4656 56.516  56.567  56.6019
 56.6303 56.6785 56.7017 56.7239 56.756  56.7707 56.8306 56.8555 56.8737
 56.887  56.9138 56.9408 56.9649 56.9798 56.9984 57.0128 57.0318 57.0846
 57.1008 57.1276 57.1568 57.1756 57.1979 57.2138 57.2277 57.2417 57.2531
 57.2838 57.305  57.3239 57.3525 57.3727 57.4885
63.5732 64.6098 64.9025 65.1528 65.1906 65.2123 65.2715 65.3437 65.4156
 65.4455 65.4669 65.4841 65.5009 65.5295 65.5429 65.5613 65.5762 65.6012
 65.6269 65.6435 65.6598 65.68   65.7077 65.7317 65.7495 65.7631 65.7858
 65.821  65.8411 65.8689 65.89   65.9342 65.9483 65.9667 65.9918 66.0087
 66.025  66.039  66.0513 66.0732 66.0908 66.1254

