11.9292 12.1512 12.9053 12.9551 12.9872 13.0508 13.0919 13.1407 13.1666
 13.1846 13.2589 13.3067 13.3261 13.3631 13.3837 13.4001 13.4376 13.457
 13.4758 13.4909 13.5075 13.5299 13.5453 13.5713 13.5911 13.6079 13.6377
 13.6493 13.6646 13.6893 13.7064 13.7288 13.7435 13.7595 13.7742 13.7865
 13.8042 13.8182 13.8312 13.8451 13.8555 13.8653 13.8762 13.8871 13.9007
 13.9136 13.9247 13.9357 13.9473 13.9587 13.98   13.9972 14.0104 14.0231
 14.0359 14.0458 14.0575 14.0706 14.0838 14.0942 14.1069 14.1172 14.1276
 14.1382 14.153  14.1644 14.1764 14.1901 14.201  14.2119 14.2224 14.2327
 14.242  14.2532 14.2627 14.2729 14.284  14.2929 14.3038 14.3126 14.3238
 14.3349 14.3467 14.3563 14.3677 14.3782 14.3895 14.3999 14.4112 14.4215
 14.4316 14.443  14.4557 14.4648 14.4748 14.4869 14.4972 14.5084 14.518
 14.5285 14.538  14.548  14.5591 14.57   14.5802 14.5914 14.601  14.614
 14.6236 14.6337 14.6424 14.6533 14.6637 14.6737 14.6842 14.6951 14.7063
 14.7166 14.7272 14.7396 14.7509 14.7619 14.7728 14.7834 14.7964 14.8082
 14.8175 14.8284 14.8388 14.8497 14.8624 14.8736 14.8859 14.8987 14.9114
 14.9237 14.9373 14.9517 14.9638 14.9735 14.9845 14.9953 15.0112 15.0226
 15.0366 15.0497 15.0613 15.0714 15.084  15.0945 15.1058 15.1197 15.134
 15.1471 15.1579 15.1679 15.1837 15.1944 15.2064 15.2182 15.2332 15.2516
 15.2685 15.2824 15.2945 15.309  15.3246 15.3387 15.3525 15.366  15.3838
 15.4008 15.4231 15.4423 15.4594 15.5033 15.5251 15.5517 15.5979 15.6238
 15.6571 15.6897 15.7134 15.7473 15.7868 15.8163 15.8608 15.8893 15.985
 16.0256 16.2133
21.3711 21.7026 21.8298 21.9366 22.1075 22.1794 22.2373 22.4978 22.5381
 22.5915 22.6121 22.6276 22.6459 22.6673 22.7066 22.7199 22.7337 22.7511
 22.7714 22.7869 22.8025 22.8216 22.8394 22.8942 22.9217 22.9333 22.9508
 22.9693 22.9916 23.0334 23.0477 23.066  23.0815 23.0937 23.1066 23.1168
 23.1315 23.1476 23.1724 23.1859 23.1999 23.2123 23.2286 23.2444 23.2567
 23.2695 23.2822 23.2981 23.3117 23.3242 23.3353 23.3472 23.3592 23.3747
 23.3914 23.4041 23.4172 23.4287 23.4421 23.4537 23.4649 23.4757 23.4887
 23.4989 23.5122 23.5258 23.5366 23.5493 23.5593 23.5736 23.5864 23.5982
 23.6101 23.6208 23.6313 23.6454 23.659  23.6709 23.6826 23.6985 23.7118
 23.7285 23.7381 23.7497 23.7643 23.7769 23.7924 23.8042 23.8159 23.8262
 23.8394 23.8521 23.8638 23.8762 23.8895 23.9006 23.9122 23.9289 23.9423
 23.9532 23.9647 23.9782 23.9899 24.0059 24.0223 24.0356 24.052  24.0684
 24.0819 24.0949 24.1071 24.1228 24.1344 24.1457 24.1609 24.1754 24.19
 24.2028 24.2215 24.236  24.2491 24.2654 24.2814 24.2973 24.3193 24.336
 24.3514 24.3681 24.3827 24.4009 24.4242 24.4437 24.4632 24.4826 24.5073
 24.5237 24.5424 24.5693 24.6032 24.6262 24.6559 24.6802 24.7294 24.766
 24.7978 24.8225 24.8481 24.8708 24.9667 24.9932 25.0287 25.0894 25.2549
30.3728 30.8113 31.0148 31.2056 31.2356 31.2693 31.3096 31.3291 31.4196
 31.449  31.4708 31.4968 31.5554 31.6005 31.6147 31.6349 31.651  31.6762
 31.7013 31.7143 31.7289 31.7408 31.7649 31.7864 31.804  31.8258 31.8434
 31.8583 31.8708 31.8844 31.8984 31.9118 31.9249 31.9364 31.9519 31.9678
 31.983  31.9973 32.0117 32.0226 32.0401 32.0526 32.0657 32.0773 32.0963
 32.1103 32.1212 32.1355 32.1536 32.1646 32.1781 32.191  32.2056 32.22
 32.2327 32.2468 32.2583 32.2701 32.2825 32.2938 32.3051 32.3158 32.3298
 32.3402 32.355  32.3777 32.395  32.4092 32.4251 32.4443 32.4588 32.4719
 32.4827 32.492  32.5055 32.5205 32.5361 32.5538 32.5664 32.5797 32.5977
 32.6144 32.6287 32.6454 32.656  32.6677 32.6827 32.6985 32.712  32.7236
 32.7356 32.7488 32.7634 32.7771 32.7892 32.8016 32.8179 32.8318 32.844
 32.8542 32.8649 32.8775 32.8903 32.9064 32.9204 32.9348 32.9459 32.9592
 32.9713 32.9866 32.9976 33.0118 33.0278 33.045  33.0615 33.0804 33.1056
 33.1266 33.1459 33.1583 33.1788 33.1962 33.2127 33.2278 33.2446 33.2598
 33.2732 33.3025 33.3383 33.3601 33.3757 33.4013 33.425  33.4619 33.4967
 33.5191 33.5758 33.6136 33.6642 33.6952 33.7468 33.8535 33.8798 34.0571
 39.5366 39.5639 39.9172
40.0099 40.0694 40.1186 40.151  40.178  40.222  40.2427 40.2805 40.3008
 40.3349 40.363  40.3858 40.4137 40.4779 40.516  40.5334 40.5684 40.5866
 40.6059 40.6248 40.6415 40.6589 40.6764 40.6989 40.722  40.7382 40.7546
 40.7662 40.7787 40.7934 40.8091 40.8204 40.8358 40.8517 40.8628 40.8762
 40.8911 40.902  40.9139 40.9244 40.9378 40.9489 40.9635 40.9764 41.0002
 41.0171 41.0356 41.0534 41.0653 41.0763 41.0943 41.1096 41.1258 41.1401
 41.153  41.1674 41.1786 41.1949 41.2073 41.2196 41.2318 41.2456 41.2599
 41.2734 41.286  41.2958 41.3072 41.3216 41.3342 41.35   41.3629 41.3805
 41.3946 41.4082 41.4197 41.4343 41.4444 41.4569 41.468  41.4785 41.489
 41.4997 41.5111 41.5223 41.5327 41.5436 41.5568 41.5703 41.5833 41.5967
 41.6075 41.6203 41.6335 41.6473 41.6594 41.6775 41.6925 41.7094 41.7239
 41.7364 41.7524 41.7649 41.7776 41.7926 41.8063 41.8238 41.8397 41.858
 41.8766 41.8997 41.9225 41.9411 41.9552 41.9766 41.9923 42.0088 42.0248
 42.0384 42.0561 42.0689 42.0882 42.1287 42.1473 42.1652 42.1991 42.2235
 42.2767 42.3162 42.3399 42.3762 42.4519 42.4715 42.5149 42.5479 42.5754
 42.6226 42.6569 42.6906 42.8003 43.0848 48.366  49.1429 49.2765 49.3126
 49.3508 49.3832 49.4218 49.5504 49.692  49.7578 49.8099 49.8303 49.8514
 49.8759 49.9338 49.9635
50.0079 50.0426 50.0672 50.0805 50.1078 50.1259 50.1446 50.1579 50.1721
 50.1921 50.2066 50.2184 50.23   50.2466 50.265  50.2796 50.2952 50.3079
 50.3258 50.3384 50.3561 50.3688 50.3812 50.3999 50.4145 50.4296 50.4482
 50.4621 50.4818 50.4936 50.5037 50.5191 50.534  50.5507 50.5641 50.5805
 50.5939 50.6044 50.6148 50.6278 50.6394 50.6549 50.6664 50.6807 50.6916
 50.7024 50.7132 50.7272 50.7402 50.7531 50.7637 50.7773 50.7888 50.8006
 50.8142 50.8292 50.8453 50.8597 50.8764 50.8896 50.9013 50.9127 50.9257
 50.9393 50.951  50.9616 50.9746 50.9903 50.9998 51.0119 51.0272 51.0423
 51.0556 51.0717 51.0859 51.1    51.1136 51.1304 51.1449 51.1617 51.175
 51.1867 51.2024 51.217  51.2311 51.2501 51.2648 51.2828 51.2971 51.312
 51.3248 51.3408 51.3569 51.3758 51.4005 51.4198 51.4368 51.4566 51.4778
 51.5019 51.5192 51.5391 51.5532 51.5736 51.5871 51.6016 51.626  51.669
 51.6915 51.7163 51.7743 51.9285 51.9601 52.0013 52.0408 52.1298 52.1982
 52.2988 52.4322 56.8516 57.9286 58.283  58.3393 58.3629 58.3885 58.4631
 58.4838 58.5075 58.5285 58.5492 58.5876 58.6153 58.6407 58.6648 58.683
 58.7002 58.7302 58.7438 58.7606 58.7739 58.7873 58.7991 58.8143 58.8272
 58.8409 58.8629 58.8774 58.8971 58.9212 58.9401 58.9552 58.9729 58.9854
 59.0004 59.0162 59.0363 59.0484 59.0629 59.0817 59.1003 59.1161 59.1375
 59.1664 59.1848 59.2025 59.2217 59.2444 59.2568 59.2687 59.2804 59.2933
 59.3111 59.325  59.3354 59.3484 59.3624 59.3743 59.3908 59.4112 59.4268
 59.44   59.4533 59.4701 59.4864 59.4978 59.5151 59.5298 59.5444 59.554
 59.5665 59.5818 59.6004 59.6224 59.6394 59.6551 59.6675 59.6809 59.6941
 59.7115 59.7241 59.742  59.7551 59.773  59.7866 59.7983 59.8121 59.8233
 59.8385 59.8528 59.8658 59.8782 59.8892 59.916  59.9389 59.9555 59.9692
 59.9819 59.9953
60.0179 60.0369 60.0525 60.0712 60.0947 60.112  60.1324 60.1512 60.1857
 60.2142 60.2339 60.2518 60.2818 60.3045 60.3329 60.3519 60.3772 60.4165
 60.4496 60.4733 60.5367 60.5926 60.6337 60.7221 61.047  66.7263 66.7871
 66.9656 67.0646 67.1144 67.2159 67.2451 67.3029 67.3574 67.3729 67.4087
 67.4897 67.529  67.5487 67.5698 67.5921 67.6069 67.6249 67.6416 67.6598
 67.6737 67.6925 67.7083 67.731  67.7504 67.7651 67.7817 67.798  67.811
 67.8331 67.855  67.8741 67.8877 67.9066 67.9197 67.933  67.9445 67.9554
 67.9671 67.9768 67.9864 67.9981 68.0123 68.0242 68.0378 68.0494 68.0611
 68.0722 68.0854 68.0971 68.1081 68.1197 68.1347 68.1467 68.1606 68.1739
 68.1846 68.1969 68.209  68.2222 68.2317 68.2423 68.2525 68.2664 68.2767
 68.2873 68.2976 68.3083 68.3202 68.331  68.3453 68.3565 68.3689 68.3797
 68.3912 68.4023 68.4138 68.4263 68.4369 68.4505 68.4625 68.4753 68.4858
 68.495  68.5042 68.515  68.5237 68.5347 68.5453 68.5547 68.5642 68.5753
 68.5862 68.5968 68.6077 68.6179 68.6283 68.6377 68.6485 68.6617 68.6735
 68.6846 68.6944 68.7065 68.7156 68.7284 68.7393 68.7492 68.7611 68.7736
 68.7831 68.7943 68.806  68.8182 68.8286 68.8396 68.849  68.8601 68.8701
 68.8826 68.8959 68.9063 68.9172 68.9275 68.9404 68.9533 68.9672 68.9812
 68.9934 69.0048 69.0196 69.0319 69.0436 69.058  69.0704 69.0829 69.0983
 69.1092 69.1252 69.1404 69.1546 69.1703 69.1854 69.1982 69.2167 69.2311
 69.2548 69.2772 69.2986 69.3174 69.3336 69.3826 69.4191 69.4458 69.4739
 69.4905 69.5051 69.5305 69.5625 69.5845 69.6019 69.6261 69.6498 69.6707
 69.7004 69.7396 69.7615 69.7852 69.8278 69.9008 69.9308 69.9931

