11.1441 12.3309 12.4858 12.6347 12.9375 13.2143 13.2505 13.3457 13.4274
 13.5768 13.6092 13.6319 13.6863 13.7073 13.7322 13.7507
21.7189 21.7927 22.0544 22.1585 22.3308 22.4699 22.5637 22.6231 22.637
 29.9378
30.9796 31.0803 31.1214 31.3437 37.7544
40.0503 40.1149 40.3338 40.4997 40.6084 48.6499 48.8836 49.2667 49.3882
 49.4256 49.5855 49.676  49.725  49.7447 49.8483 49.8836 49.9978
57.2566 57.5053 57.9194 58.0685 58.3418 58.3725 58.4644 58.5284 58.5489
 58.7633
65.7282 66.5383 67.0284 67.1313 67.1994 67.2855 67.3212 67.3852 67.4917
 67.6052 67.8194

