12.6759 13.0646 13.1539 13.1807 13.2214 13.2529 13.3058 13.4058 13.4333
 13.4649 13.5375 13.5899 13.6064 13.63   13.6931 13.7314 13.7815 13.8701
 13.8901 13.9839
21.6336 21.8767 22.1009 22.18   22.3501 22.7091 22.7387 23.0477 27.9543
 29.6367
30.8841 31.0248 31.3025 31.3415 31.4629 31.5204 31.6093 31.7571 32.0337
 38.6963 39.6096 39.7592 39.8015 39.8406
40.0397 40.1897 40.2127 40.2849 40.4853 40.5748 40.652  49.3715 49.4399
 49.4996 49.5435 49.6221 49.6403 49.739  49.8519 49.9604 49.9842
50.0241 50.1105 50.2955 50.3385 50.3668 57.6558 58.2108 58.4136 58.4625
 58.5143 58.7117 58.7466 58.7659 58.8677
65.1184 65.273  66.6107 66.7655 67.1544 67.2715 67.3283 67.3566 67.3939
 67.472  67.4985 67.5238 67.6449 67.6752 67.7024 67.7372 67.7798

