12.5661 13.0883 13.1106 13.2762 13.3137 13.3519 13.3728 13.5245 13.5415
 13.5662 13.5995 13.8012 13.8535
21.8763 22.1416 22.4094 22.4518 22.533  22.5919 22.6766 22.7258 22.7528
 22.784  22.8424 22.8571 22.8769 23.0024 27.6809 29.0892
30.3866 30.5884 30.6509 30.9894 31.3202 31.4376 31.4799 31.6185 31.6535
 31.7258 31.8217 31.8583 31.9287 38.1489 39.2125 39.4882 39.6287 39.6692
 39.8101 39.8356 39.8814 39.9351 39.9686
40.0576 40.1492 40.1845 40.2097 40.2616 40.2758 40.2996 40.3386 40.3628
 40.3791 40.4457 40.5097 40.6959 48.7974 48.9711 49.6574 49.6972 49.7288
 49.8465 49.8846 49.9353 49.9672
50.0095 50.1377 50.1631 50.3152 56.3106 57.9459 58.2214 58.3049 58.3345
 58.3909 58.514  58.5364 58.7693 58.9857
66.9797 67.0332 67.0977 67.1537 67.1893 67.2626 67.3322 67.4028 67.4475
 67.4738 67.4994 67.5204 67.6757 67.7114 67.7578

