12.237  12.6151 12.6726 12.8817 12.9649 13.0088 13.0714 13.1729 13.296
 13.3416 13.3641 13.3917 13.4081 13.4271 13.4471 13.4617 13.4795 13.4953
 13.5262 13.578  13.5997 13.6272 13.6418 13.667  13.6912 13.7309 13.751
 13.7678 13.7855 13.8016 13.816  13.8355 13.8653 13.8833 13.9    13.9154
 13.931  13.9482 13.9702 13.9859 14.0007 14.0211 14.0622 14.11   14.1292
 14.1467 14.1579 14.1819 14.2779
21.5896 21.9177 21.9484 22.0388 22.1289 22.2296 22.328  22.4457 22.4887
 22.5718 22.595  22.6155 22.6442 22.6725 22.733  22.7474 22.7685 22.7944
 22.849  22.9241 22.947  22.9784 22.9994 23.0151 23.0281 23.0475 23.0645
 23.0912 23.1041 23.1158 23.1369 23.1523 23.1664 23.221  23.2837 23.3047
 23.347  23.3692 29.3975 29.6856
30.6139 30.803  30.9998 31.0778 31.098  31.2156 31.2778 31.3116 31.3741
 31.3946 31.4877 31.5079 31.5299 31.5698 31.6169 31.6798 31.7205 31.7353
 31.7476 31.7645 31.7822 31.7976 31.8445 31.8589 31.8738 31.8942 31.9087
 31.9283 31.9595 31.9949 32.0559 32.067  32.1744 32.1956 38.3736 38.8229
 39.1593 39.5197 39.614  39.8106 39.8914
40.0858 40.1297 40.1761 40.2307 40.2644 40.2943 40.3166 40.3317 40.3875
 40.4105 40.4381 40.4495 40.5164 40.5321 40.5508 40.5637 40.5862 40.6009
 40.6135 40.6393 40.7031 40.7353 40.7546 40.7864 40.8037 40.8257 40.8782
 40.9262 47.6427 49.3602 49.3874 49.4991 49.6171 49.8174 49.8545 49.8723
 49.9179 49.9346 49.9755 49.9922
50.0082 50.0267 50.0573 50.0726 50.1261 50.1441 50.1606 50.1729 50.1901
 50.2058 50.2176 50.2469 50.2768 50.3039 50.3216 50.3415 50.3834 50.4114
 50.4534 50.6162 56.121  57.4518 57.994  58.1264 58.1443 58.1894 58.2326
 58.3909 58.4217 58.4408 58.4645 58.4961 58.5146 58.6505 58.6696 58.7573
 58.7826 58.8343 58.8587 58.9123 58.9386 58.9722 58.9988 59.2083
65.9676 66.544  66.5856 66.8349 66.9846 67.0473 67.0996 67.2496 67.2859
 67.3293 67.352  67.3702 67.4048 67.4352 67.4751 67.5028 67.5607 67.5953
 67.6193 67.6365 67.6654 67.682  67.6951 67.7225 67.7378 67.7587 67.782
 67.7994 67.8101 67.8324 67.8448 67.8679 67.8828 67.9018 67.9133 67.927
 67.9534 67.9656 67.9776 68.0004 68.0185 68.0343 68.0555 68.0806 68.1466
 68.1899 68.2182 68.2653

