12.2714 12.6355 12.7614 12.8075 12.8981 13.139  13.255  13.2842 13.3349
 13.5726 13.7555 13.7969 13.9931 14.1    14.1156
21.6779 22.1979 22.2417 22.3749 22.4949 22.5526 22.6972 22.8173 22.8993
 22.9977 29.2793 29.7592
31.1233 31.4016 31.5199 31.5536 31.5877 31.6488 31.6986 31.7271 31.9529
 32.1888 38.7806 39.9552
40.0814 40.3851 40.4625 40.5803 40.7891 49.0595 49.8267
50.1104 50.2858 50.3841 50.4791 58.1716 58.2197 58.4409 58.6922 59.0141
66.2157 66.5016 66.9882 67.1841 67.2219 67.3882 67.4393 67.4554 67.5262
 67.612  67.6459 67.8647 68.2917

