13.9785 14.1972 18.7312
20.5188 22.004  22.2125 22.2732 22.4788 22.5726 22.7543 22.8011 23.0027
 23.0596 23.256  23.3359 23.3792 23.4773
30.7057 31.2764 31.6011 31.784  32.5398 39.4672 39.9773
40.0978 40.1206 40.259  40.3273 40.4029 40.4529 40.5272 40.5719 40.6117
 40.641  40.7006 40.7604 40.7872 40.8029 40.8527 40.9169 41.0567 41.1439
 41.1633 41.2481 48.0087 48.6759 49.6316 49.8879 49.9204 49.9629 49.9799
50.0577 50.1424 50.3107 50.3836 50.5889 50.8299 57.8446 58.4654 58.6524
 58.7309 58.8516 59.0002 59.0585 59.4121 59.7237
66.2255 67.2058 67.7529 68.5807

