14.6123 14.6789 14.7696 15.2829 15.3314 15.5155 15.703  15.8001 15.8703
 16.0209 16.069
22.8225 23.036  23.0921 23.1826 23.2302 23.3018 23.3202 23.3365 23.3676
 23.4118 23.4382 23.4766 23.5343 23.5602 23.5871 23.6149 23.6435 23.7002
 23.7273 23.7623 23.7921 23.8089 23.8355 23.868  23.8886 23.9181 23.9408
 23.9599 23.978  24.0055 24.0276 24.0474 24.0646 24.0816 24.0986 24.1115
 24.1262 24.1607 24.1907 24.2089 24.2228 24.2377 24.2548 24.2847 24.3057
 24.3249 24.3447 24.3676 24.3874 24.4074 24.4252 24.4439 24.4643 24.4827
 24.4989 24.533  24.5575 24.5829 24.6084 24.6296 24.6558 24.6709 24.6911
 24.7173 24.7378 24.7616 24.7897 24.812  24.8301 24.8588 24.8784 24.8967
 24.9255 24.9608 24.9803 25.0064 25.0287 25.0441 25.0607 25.0924 25.1142
 25.1598 25.2137 25.2453 25.33   25.4625 25.5209 25.5833 25.6755 25.9046
30.7269 32.1786 32.3337 32.4133 32.4535 32.5012 32.6777 32.7469 32.8278
 32.8483 32.8778 32.9405 32.9689 33.0539 33.0994 33.1344 33.2883 33.336
 33.3547 33.3779 33.4085 33.434  33.4544 33.4835 33.5162 33.5318 33.5506
 33.5934 33.632  33.7035 33.7408 33.8519 33.9245 33.9487 34.0089 34.0668
 34.1528 34.2363 34.2867 34.4878 34.6303 35.174
40.8735 41.2215 41.2549 41.3113 41.3673 41.4068 41.4449 41.4677 41.5049
 41.5239 41.5518 41.5871 41.6019 41.63   41.6439 41.6568 41.6727 41.6915
 41.7219 41.7401 41.7619 41.7765 41.7892 41.8077 41.8565 41.8765 41.896
 41.9086 41.9216 41.9467 41.9652 41.9768 41.9901 42.0255 42.0692 42.0868
 42.1031 42.1146 42.1296 42.1475 42.163  42.1778 42.1955 42.2213 42.2361
 42.2593 42.2792 42.3067 42.3387 42.3534 42.3792 42.4043 42.4369 42.467
 42.4892 42.504  42.5236 42.5444 42.566  42.5814 42.5974 42.6285 42.6571
 42.6817 42.701  42.7238 42.7581 42.7781 42.8039 42.8395 42.8693 42.905
 42.9232 42.9361 42.9555 42.997  43.0269 43.0587 43.1058 43.125  43.165
 43.2066 43.3047 43.3437 43.5046 43.7133 43.8354 43.9402 45.86   49.7888
50.073  50.1179 50.1735 50.2739 50.3338 50.4556 50.5384 50.658  50.6895
 50.7237 50.801  50.8362 50.8759 50.927  50.9444 50.9582 50.982  51.0135
 51.0347 51.0575 51.0794 51.0955 51.1229 51.1432 51.1738 51.2055 51.2206
 51.2348 51.2518 51.2702 51.2886 51.302  51.3174 51.3307 51.3512 51.3678
 51.3935 51.4154 51.4329 51.4608 51.4794 51.5004 51.5146 51.5377 51.5537
 51.5679 51.5867 51.6189 51.6356 51.6515 51.6686 51.6905 51.7104 51.7276
 51.7453 51.7685 51.7862 51.8006 51.8215 51.8348 51.8529 51.8696 51.8872
 51.9078 51.9367 51.9521 51.9681 51.9821 51.9992 52.0137 52.0338 52.0487
 52.0728 52.0961 52.123  52.137  52.154  52.1729 52.1962 52.2129 52.2321
 52.2502 52.2665 52.2907 52.3168 52.3389 52.3776 52.4144 52.4447 52.4724
 52.4973 52.5231 52.5416 52.6047 52.6452 52.6979 52.7222 52.7499 52.7759
 52.8781 52.9568 53.0682 59.2334 59.4555 59.4886 59.5674 59.6149 59.6518
 59.7068 59.7498 59.8713
60.0518 60.0727 60.12   60.2531 60.2781 60.3075 60.3253 60.3763 60.4344
 60.5328 60.5523 60.5733 60.6917 60.7325 60.8789 60.9126 60.9476 61.0123
 61.0965 61.2037 61.2636 61.3994 61.4816 61.5405 61.8168 66.6122 67.2907
 68.3858 68.7819 68.845  68.8989 69.0079 69.0835 69.1597 69.2723 69.3257
 69.4331 69.45   69.5444 69.5697 69.6087 69.666  69.7186 69.7919 69.9769

