13.4024 13.5384 13.7736 13.8076 13.9408 13.9702 14.0112 14.0605 14.1302
 14.2119 14.2384 14.2869 14.3055 14.3238 14.387  14.4331 14.4699 14.5551
 14.5751 14.6748 14.7947 14.8781 14.9372 14.9997 15.0256 19.7719
22.1588 22.4074 22.5682 22.7179 22.8246 22.8399 22.8665 22.8967 22.9731
 23.0604 23.1231 23.1828 23.2169 23.2394 23.2607 23.2817 23.3002 23.3245
 23.3433 23.3899 23.4658 23.4909 23.5297 23.5848 23.6042 23.6337 23.6567
 23.7031 23.7213 23.7449 23.7751 23.7945 23.8094 23.8529 23.9947 24.177
 28.6886
32.0783 32.1507 32.2278 32.3873 32.4136 32.4608 32.5458 32.5817 32.6206
 32.6478 32.669  32.7222 32.745  32.8091 32.8963 33.0105 33.0791 37.0338
 38.6649 39.669
40.1313 40.2041 40.3929 40.5556 40.6141 40.6532 40.6766 40.7052 40.7678
 40.7896 40.808  40.8311 40.8644 40.8825 40.8993 40.9254 40.9775 41.0163
 41.0562 41.073  41.0999 41.1204 41.1579 41.1941 41.2192 41.2398 41.2591
 41.2741 41.2869 41.3277 41.3478 41.441  41.4699 41.4916 41.5153 41.5308
 41.5559 41.6456 48.5754 48.8587 49.1785 49.6164 49.6633 49.6906 49.7289
 49.8346 49.8793 49.9004 49.9561 49.9797
50.0176 50.0461 50.0756 50.1003 50.1477 50.1659 50.1849 50.2788 50.3116
 50.3304 50.3953 50.4134 50.4302 50.4458 50.4775 50.4985 50.5119 50.5275
 50.5482 50.6026 50.6569 50.7217 50.7678 50.9265 50.9426 58.1367 58.352
 58.4287 58.5539 58.8841 58.9092 58.9749 59.0066 59.0393 59.0898 59.1102
 59.1589 59.2107 59.2262 59.2629 59.2897 59.3476 59.3623 59.3827 59.4166
 59.4393 59.4736 59.602  59.6177 59.6372 59.6705 59.7159 59.7428 59.7781
 59.9359
65.6854 66.7015 67.556  67.7216 67.8062 67.9037 67.9775 68.0188 68.1287
 68.2384 68.2981 68.3275 68.3499 68.4517 68.5634 68.6038 68.6463 68.9419

