13.6651 13.9472 14.0556 14.1558 14.2058
21.0314 21.8327 21.9956 22.0715 22.1569 22.2124 22.2925 22.3449 22.4193
 22.57   22.8296 22.917  23.0513 23.0741 23.0955 23.1213 23.1593 23.2198
 23.2836 23.3775 23.4966 23.5604 23.6338 23.6664 28.6099
30.2919 30.8016 31.7113 32.1097 32.2055 32.4537 32.5096 32.544  32.6125
 32.705  32.8447
40.3216 40.3851 40.4828 40.6378 40.671  40.9038 41.1766 41.3339 49.1207
 49.4214 49.5298 49.6291 49.7327 49.8604 49.9995
50.0822 50.1386 50.2309 50.2689 50.2985 50.4205 50.5655 56.3649 57.0687
 57.7128 58.022  58.1645 58.5759 58.7145 58.7951 58.8314 59.0472 59.1038
 59.2545 59.3477 59.4683 59.4994
64.6027 65.8966 67.3353 67.3805 67.4912 67.6876 67.7175 67.7397 67.8407
 67.9157 68.1205 68.192  68.4805

