12.5609 13.0475 14.1447 14.1674 14.1919 14.2431 14.3298 14.3736 14.4363
 14.5104
20.7896 22.3804 22.4698 22.7772 22.9388 22.9624 23.0334 23.0919 23.1882
 23.2169 23.2581 23.3157 23.3488 23.3906 23.4531 23.4778 23.5309 23.5457
 23.6225 23.6502 23.6881 23.7542
31.6935 31.9245 32.0645 32.1159 32.1592 32.2025 32.3297 32.4462 32.4738
 32.4932 32.5909 32.772  32.8019 32.9691 39.0664
40.0278 40.4924 40.6737 40.7051 40.7476 40.7848 40.8738 40.9657 40.9798
 41.0003 41.0357 41.0671 41.1326 41.1795 41.2087 41.2204 41.2426 41.3176
 41.3919 49.03   49.3949 49.5738 49.7425 49.8808 49.9132 49.9526 49.9884
50.0166 50.1339 50.1948 50.2206 50.2382 50.2534 50.2751 50.32   50.352
 50.3731 50.3945 50.4178 50.4678 50.4928 50.5416 50.5575 50.5709 50.5969
 50.6539 50.7129 50.7902 58.1559 58.2538 58.3384 58.3773 58.6176 58.6665
 58.7728 58.8508 58.981  59.0573 59.1392 59.1861 59.2151 59.2394 59.2596
 59.2875 59.3865 59.4663 59.5277 59.6057 59.6353
64.4007 67.1972 67.2639 67.6908 67.724  67.7657 67.8224 67.967  67.9807
 67.9959 68.0653 68.1836 68.2558 68.3439 68.3957

