12.5248 13.043  13.0703 13.2543 13.2866 13.3621 13.4523 13.5149 13.6266
 13.7063 13.7517 13.7679
21.6018 22.0056 22.0302 22.1634 22.2248 22.3394 22.4771 22.5454 22.7836
 29.4978
30.5267 30.5712 30.7006 30.8271 31.0157 31.2398 31.2798 31.2976 31.3169
 31.5195 38.4192 39.2077 39.3525 39.7794
40.0797 40.1212 40.2158 40.3067 40.3528 40.4459 40.5004 48.8099 49.1099
 49.2081 49.2959 49.5476 49.6253 49.8939 49.9599
56.9708 57.9297 58.2305 58.4226 58.4774 58.6132 58.6928 58.8565 58.9074
 59.0118
66.8763 67.1257 67.177  67.3277 67.6373 67.9619

