10.4367 12.553  12.8199 12.9824 13.0801 13.3111 13.4291 13.4602 13.5339
 13.5619 13.6831 13.7492 13.7786 13.815  13.9456
21.0561 21.4767 21.5102 21.7159 21.7533 22.2848 22.3521 22.515  22.5357
 22.6027 22.7314 28.1875
30.0864 30.6765 30.8505 31.0256 31.2406 31.3046 31.3608 31.3812 31.4755
 31.614  38.8356
40.0468 40.1485 40.2356 40.2716 40.3613 40.4291 40.5783 48.0174 48.8028
 48.9843 49.2282 49.3728 49.4803 49.512  49.5809 49.7186 49.7511 49.804
 49.8541 49.9044
50.0574 57.8613 58.0039 58.098  58.2858 58.4332 58.4974 58.5318 58.5753
 58.6621 58.7219 58.7808 58.8254 58.9357 58.9635
66.777  67.1009 67.1492 67.2303 67.3104 67.3931 67.444  67.5058 67.5329
 67.5751 67.6688 67.6918 67.7317 67.7814 67.8014 67.8455 67.8926 67.9807
 68.0842

