10.2084 13.1693 13.3163 14.7414 14.7665 14.8038 14.8603 14.9478 15.018
 15.0399 15.0855 15.1288 15.2573 15.2856 15.3458 15.3976 15.4257 15.4747
 15.5015 15.5247 15.561  15.5937 15.6131 15.6303 15.6488 15.6713 15.7025
 15.7563 15.7887 15.8095 15.8331 15.8558 15.8779 15.9289 15.9532 15.9814
 16.0002 16.0424 16.0827 16.1127 16.1303 16.1504 16.1746 16.2038
20.2449 24.4721 24.6638 24.7108 24.8599 25.0702 25.1234 25.1591 25.3017
 25.3674 25.4245 25.4653 25.4851 25.5119 25.5439 25.5698 25.6112 25.6686
 25.6824 25.7069 25.7213 25.7376 25.757  25.7693 25.7951 25.8242 25.8452
 25.8667 25.8948 25.9092 25.9974 26.025  26.0607 26.0924 26.118  26.1394
 26.1539 26.1705 26.1933 26.2193 26.2511 26.2777 26.2964 26.3141 26.3388
 26.3724 26.4146 26.4807 26.5262 26.5639 26.6048
32.9875 33.8653 34.0492 34.3406 34.4107 34.5744 34.6459 34.7019 34.7681
 34.7876 34.8021 34.8416 34.8659 34.8857 34.9107 34.9315 34.9427 34.9689
 34.9857 35.0079 35.0695 35.0895 35.1104 35.1581 35.1769 35.2021 35.2236
 35.2546 35.3016 35.3172 35.3352 35.3578 35.4032 35.441  35.4765 35.5022
 35.5181 35.5358 35.5689 35.5841 35.6174 35.6688 35.7127 35.728  35.7529
 35.7654 35.7994 35.8196 35.8384 35.8858 35.9038 35.9323 36.0234 36.0852
 39.8165
41.7591 43.1748 43.2608 43.4036 43.4844 43.7561 43.7915 43.8643 43.8829
 43.902  43.935  43.9654 44.0018 44.0201 44.0437 44.0768 44.1263 44.1417
 44.1754 44.225  44.2553 44.2784 44.2935 44.3148 44.3378 44.3533 44.3743
 44.3975 44.4181 44.4376 44.4529 44.4752 44.5038 44.5368 44.5544 44.5796
 44.6056 44.6183 44.6449 44.6615 44.6864 44.7095 44.7567 44.7737 44.8128
 44.853  44.8696 44.8971 44.9233 44.9507 44.9672 44.9811 45.002  45.0247
 45.1156 45.1355 45.1519 45.1704 45.1843 45.2244 45.2484 45.2698 45.2886
 45.3484 45.421
52.6095 52.811  52.8474 52.9149 52.978  53.0878 53.1827 53.304  53.318
 53.3459 53.3621 53.3978 53.4202 53.447  53.4748 53.4926 53.5132 53.5382
 53.6093 53.6264 53.6686 53.6861 53.7037 53.7171 53.7513 53.7713 53.7898
 53.8108 53.8349 53.8604 53.8719 53.8856 53.9034 53.9264 53.9503 53.967
 53.9818 54.0002 54.0208 54.0461 54.0734 54.0866 54.1019 54.1295 54.1461
 54.1705 54.1965 54.2584 54.277  54.2996 54.3405 54.3529 54.3849 54.4035
 54.4191 54.4338 54.4497 54.4735 54.4918 54.5096 54.5258 54.5522 54.5782
 54.597  54.6093 54.6244 54.6574 54.7045 54.7226 54.768  54.7819 54.8024
 54.8189 54.8528 54.8698
62.0722 62.1122 62.2686 62.4247 62.4545 62.4784 62.5145 62.5465 62.5884
 62.6242 62.6464 62.6842 62.7198 62.7677 62.7827 62.8132 62.8418 62.867
 62.8961 62.9098 62.922  62.9615 62.9922 63.0213 63.044  63.0819 63.095
 63.1079 63.1261 63.1392 63.1521 63.1671 63.1817 63.1984 63.2269 63.2568
 63.2776 63.2934 63.3289 63.3499 63.3619 63.3782 63.3893 63.4071 63.4259
 63.4402 63.4508 63.462  63.4824 63.496  63.5125 63.5286 63.5419 63.5569
 63.5781 63.5924 63.6079 63.6243 63.643  63.6551 63.6679 63.6891 63.707
 63.7259 63.7438 63.7668 63.7856 63.8008 63.8129 63.8377 63.854  63.8845
 63.9067 63.922  63.9542 63.9808 64.0071 64.0297 64.0891 64.1102

