13.8726 14.2105 14.4276 14.7592 14.7958 14.8808 15.0085 15.1585 15.1944
 15.2168 15.2429 15.3324 15.3663 15.4385 15.4784 15.5051 15.5293 15.547
 15.7125
24.1346 24.4889 24.6823 24.7158 24.7762 24.9565 25.2608 25.3083 25.3473
 25.4103 25.4437 25.5    25.5249 25.6408 25.7139 25.7428 25.9483
32.5048 34.1148 34.3428 34.5286 34.5665 34.683  34.7052 34.7644 34.8147
 34.8509 34.9905 35.0061 35.0254 35.049  35.1034 35.1929 35.2868
43.2983 43.5308 43.6083 43.6439 43.6734 43.7379 43.8201 43.8484 43.9336
 43.9816 44.0201 44.2107 44.3676 44.4187 44.434  44.4831 44.5188 44.5552
 44.7171
52.5299 52.7109 52.7735 52.8985 52.9283 53.0136 53.2545 53.2769 53.3043
 53.3307 53.3811 53.4391 53.4634 53.4908 53.5053 53.5514 53.5689 53.634
 53.6567 53.6901 53.7758 53.8258 53.8628 53.9419 54.0099
61.0959 61.2813 61.3553 61.6958 62.1229 62.1746 62.2697 62.3195 62.3928
 62.4476 62.4648 62.4828 62.6087 62.6318 62.6552 62.6815 62.7071 62.7442
 62.779  62.7925 62.8096 62.8298 62.8467 62.8628 62.913  63.019  63.0448
 63.0794 63.2608

