12.8489 13.8628 13.9108 14.2149 14.2608 14.3727 14.3977 14.4559 14.4901
 14.6027 14.6174 14.6399 14.6662 14.6805 14.7068 14.7337 14.7544 14.7701
 14.7895 14.8029 14.8198 14.8339 14.8496 14.8656 14.8853 14.899  14.9122
 14.9234 14.9404 14.9582 14.9707 14.9833 15.0026 15.0154 15.0321 15.0461
 15.0577 15.0693 15.0848 15.0975 15.1112 15.122  15.135  15.1484 15.16
 15.17   15.1811 15.1921 15.202  15.211  15.2217 15.2324 15.2422 15.2528
 15.2637 15.2739 15.2831 15.2938 15.3031 15.313  15.325  15.3354 15.347
 15.3581 15.3695 15.3798 15.3894 15.3986 15.4104 15.4206 15.4299 15.439
 15.4482 15.459  15.4692 15.4783 15.488  15.4993 15.5089 15.5183 15.5268
 15.5358 15.5464 15.5565 15.566  15.5751 15.5856 15.5952 15.6071 15.6164
 15.6247 15.6355 15.6461 15.6554 15.6651 15.6743 15.6834 15.6922 15.7032
 15.7118 15.7212 15.7313 15.7422 15.7516 15.7608 15.77   15.7792 15.7897
 15.7984 15.8074 15.8163 15.8256 15.8348 15.8434 15.8532 15.8639 15.874
 15.8838 15.8935 15.902  15.9113 15.9193 15.9291 15.9397 15.9499 15.9598
 15.9709 15.9824 15.9927 16.002  16.0119 16.0223 16.0346 16.045  16.0551
 16.0661 16.0756 16.0871 16.0975 16.1078 16.1173 16.1257 16.1355 16.1457
 16.1589 16.1695 16.1795 16.191  16.2009 16.2128 16.2258 16.2406 16.2527
 16.2655 16.278  16.2926 16.3087 16.3241 16.3387 16.3507 16.3634 16.3772
 16.3929 16.4093 16.4291 16.4461 16.465  16.4946 16.5125 16.5293 16.5479
 16.563  16.5797 16.5998 16.6125 16.6317 16.6571 16.6839 16.7209 16.7702
 16.8814
23.8359 24.1214 24.2354 24.2709 24.3339 24.445  24.5181 24.5839 24.6388
 24.6824 24.7607 24.8355 24.8736 24.9119 24.9525 24.9677 24.9859 25.0096
 25.0298 25.0437 25.0667 25.0841 25.1003 25.1165 25.1316 25.1509 25.1654
 25.1838 25.1986 25.2153 25.236  25.2501 25.2613 25.2786 25.2911 25.3032
 25.3141 25.3294 25.3414 25.3582 25.3752 25.387  25.4002 25.4131 25.4255
 25.4355 25.4459 25.4561 25.4696 25.4826 25.4989 25.5105 25.5223 25.532
 25.5411 25.5508 25.5611 25.5709 25.5816 25.5935 25.6055 25.6152 25.6264
 25.6364 25.6473 25.6589 25.6686 25.6786 25.6893 25.6985 25.7077 25.7189
 25.7299 25.7388 25.7481 25.7572 25.7663 25.7748 25.7847 25.7948 25.8035
 25.8123 25.8213 25.8311 25.8412 25.8496 25.8588 25.8678 25.8767 25.8843
 25.8926 25.9022 25.9126 25.9229 25.9317 25.9407 25.9501 25.9592 25.9686
 25.9781 25.9865 25.9953 26.0046 26.0142 26.0233 26.0318 26.0422 26.0504
 26.0593 26.0681 26.0767 26.0855 26.095  26.1034 26.1117 26.1216 26.1306
 26.1401 26.1488 26.1579 26.166  26.1763 26.1845 26.1928 26.2026 26.2111
 26.2204 26.2298 26.2402 26.2498 26.2585 26.2667 26.2775 26.2874 26.2971
 26.3069 26.3179 26.3271 26.3382 26.3478 26.358  26.3682 26.3796 26.3887
 26.3967 26.4063 26.4151 26.425  26.4346 26.4442 26.4551 26.464  26.475
 26.4853 26.4967 26.5074 26.5178 26.528  26.5383 26.5502 26.5621 26.5725
 26.5831 26.5942 26.6045 26.6155 26.6258 26.6356 26.6491 26.6604 26.676
 26.6893 26.702  26.7202 26.7359 26.7487 26.7618 26.7728 26.7841 26.796
 26.8098 26.8223 26.8398 26.8595 26.8791 26.8929 26.9124 26.9255 26.9479
 26.9635 26.9875 27.0045 27.0242 27.0412 27.0665 27.0996 27.1419
32.271  33.3986 33.6456 34.1544 34.4298 34.6119 34.7613 34.8756 34.9398
 34.9704 35.0213 35.0527 35.0742 35.1145 35.1578 35.18   35.1968 35.2415
 35.2586 35.2774 35.3037 35.325  35.3437 35.3564 35.3727 35.3901 35.4147
 35.435  35.4488 35.4673 35.4822 35.4955 35.5096 35.5222 35.5352 35.5463
 35.5613 35.5741 35.5852 35.5963 35.6076 35.621  35.6331 35.6438 35.6539
 35.6655 35.6774 35.6875 35.696  35.7092 35.7221 35.7323 35.7474 35.7625
 35.7776 35.7932 35.806  35.8171 35.8283 35.838  35.8477 35.8588 35.8681
 35.8789 35.89   35.9008 35.9104 35.9215 35.932  35.9429 35.953  35.9633
 35.9732 35.9853 35.9964 36.0071 36.0177 36.0283 36.0381 36.0512 36.0626
 36.0721 36.0813 36.094  36.1051 36.115  36.1253 36.1364 36.1453 36.1547
 36.1658 36.1743 36.1827 36.192  36.2017 36.2111 36.2223 36.2334 36.2438
 36.2555 36.2669 36.2768 36.2879 36.2977 36.3087 36.3183 36.3281 36.3373
 36.3477 36.3572 36.3701 36.3797 36.3899 36.3992 36.4112 36.4213 36.4313
 36.4437 36.4537 36.4649 36.4772 36.4876 36.4984 36.508  36.5187 36.529
 36.5418 36.554  36.5649 36.576  36.5878 36.6011 36.6111 36.6221 36.6336
 36.6458 36.6584 36.6693 36.6821 36.6924 36.7072 36.7203 36.7317 36.7456
 36.7569 36.7684 36.7816 36.7938 36.8113 36.8235 36.836  36.848  36.8626
 36.8784 36.8929 36.9081 36.9234 36.9432 36.9579 36.9734 36.9932 37.0356
 37.0549 37.0827 37.1343 37.1725 37.2179 37.4089
41.8175 43.1078 43.7936 43.8293 44.0304 44.0786 44.1265 44.1558 44.1769
 44.2289 44.2996 44.3443 44.3736 44.39   44.4156 44.4562 44.4732 44.493
 44.531  44.5646 44.5833 44.6144 44.6412 44.6607 44.675  44.6911 44.7034
 44.7182 44.7322 44.75   44.7702 44.7817 44.7931 44.8066 44.8158 44.8247
 44.8363 44.8492 44.8589 44.8696 44.8863 44.8981 44.9134 44.9232 44.935
 44.9485 44.9597 44.969  44.9798 44.9918 45.0021 45.0118 45.0224 45.0322
 45.0444 45.0572 45.0716 45.0819 45.0905 45.1004 45.1121 45.1224 45.1341
 45.1447 45.1555 45.1658 45.1758 45.1862 45.1985 45.2073 45.2175 45.2276
 45.2379 45.2475 45.2576 45.2666 45.277  45.2882 45.299  45.3079 45.3195
 45.3293 45.3378 45.3475 45.3567 45.3658 45.3748 45.3833 45.3929 45.4016
 45.4118 45.4212 45.4306 45.4398 45.4489 45.4577 45.4659 45.4748 45.4856
 45.4954 45.5039 45.5125 45.5217 45.5303 45.5383 45.5459 45.5541 45.5618
 45.5703 45.5789 45.5882 45.597  45.6058 45.6138 45.6218 45.6298 45.6384
 45.648  45.6567 45.665  45.6737 45.6826 45.6904 45.6989 45.7068 45.7142
 45.7232 45.7322 45.7405 45.7481 45.7572 45.7657 45.7747 45.7822 45.7902
 45.7985 45.8071 45.8159 45.8253 45.8353 45.8434 45.8521 45.8606 45.87
 45.8786 45.8869 45.8956 45.904  45.9128 45.9206 45.9297 45.9379 45.9468
 45.9555 45.9639 45.9737 45.9826 45.9942 46.0033 46.0126 46.0221 46.0316
 46.04   46.0488 46.0577 46.0667 46.0765 46.087  46.0981 46.1079 46.1172
 46.1271 46.1369 46.1468 46.1579 46.1671 46.177  46.1874 46.1988 46.2091
 46.2174 46.2279 46.2385 46.2493 46.2601 46.2704 46.2805 46.2914 46.302
 46.3126 46.3244 46.3371 46.3496 46.3634 46.3774 46.3904 46.4065 46.4199
 46.4318 46.4442 46.4575 46.4708 46.4847 46.4965 46.5143 46.5288 46.5428
 46.5585 46.5807 46.5972 46.6122 46.6282 46.6409 46.6566 46.6749 46.6913
 46.7117 46.7414 46.7595 46.7757 46.8101 46.8677
52.2929 52.8081 54.2524 54.5644 54.6453 54.8548 54.8888 54.9096 54.9287
 54.9639 54.989  55.0286 55.0483 55.0628 55.0849 55.1051 55.1222 55.1422
 55.1629 55.1781 55.1907 55.2077 55.2259 55.2388 55.2552 55.2681 55.2811
 55.2934 55.3082 55.3209 55.3506 55.3715 55.3883 55.3982 55.4102 55.4231
 55.4398 55.455  55.4674 55.4814 55.4984 55.5087 55.5219 55.534  55.5506
 55.561  55.5729 55.5866 55.5973 55.6065 55.618  55.6284 55.6414 55.6561
 55.6678 55.6788 55.689  55.6978 55.7082 55.7175 55.7272 55.7357 55.7457
 55.7552 55.7646 55.7754 55.7867 55.797  55.8066 55.8158 55.8251 55.8353
 55.8456 55.8547 55.8647 55.8745 55.8852 55.8946 55.9036 55.9137 55.9219
 55.932  55.9411 55.9497 55.9585 55.9669 55.9755 55.9849 55.9935 56.0031
 56.0124 56.0221 56.032  56.042  56.0509 56.0604 56.0704 56.0804 56.09
 56.0984 56.1085 56.118  56.1268 56.1365 56.1457 56.1547 56.1646 56.1731
 56.1815 56.1902 56.1986 56.2068 56.2158 56.2267 56.2353 56.2435 56.2522
 56.2615 56.271  56.2796 56.2905 56.2999 56.3087 56.3178 56.3271 56.3392
 56.3493 56.3616 56.3726 56.3815 56.3921 56.402  56.4111 56.4198 56.4292
 56.4406 56.4513 56.4624 56.474  56.4846 56.4961 56.5059 56.5191 56.5296
 56.5423 56.5542 56.5639 56.5748 56.5857 56.5951 56.606  56.6174 56.6278
 56.6407 56.653  56.6669 56.678  56.6898 56.6993 56.7111 56.7213 56.7344
 56.7466 56.7606 56.7724 56.7853 56.7988 56.81   56.8239 56.8396 56.8573
 56.8743 56.8934 56.9096 56.9282 56.9467 56.9645 56.9874 57.0158 57.0317
 57.0504 57.0709 57.0927 57.1085 57.13   57.1592 57.1938 57.3517
63.3024 63.5264 64.1187 64.3775 64.4424 64.5475 64.5901 64.6137 64.633
 64.7054 64.7239 64.7732 64.7897 64.8075 64.8259 64.8485 64.8704 64.8855
 64.9044 64.9258 64.9486 64.9719 64.9863 65.0039 65.0257 65.0561 65.0717
 65.0866 65.0989 65.1165 65.1318 65.1428 65.1563 65.1714 65.1858 65.2
 65.2127 65.2271 65.2382 65.2485 65.2608 65.2726 65.2855 65.298  65.3105
 65.3203 65.3317 65.3435 65.3545 65.3668 65.3773 65.3883 65.4006 65.4118
 65.4235 65.4339 65.4463 65.4589 65.4693 65.4814 65.4925 65.5017 65.5111
 65.5234 65.5331 65.5433 65.5568 65.5673 65.5775 65.5906 65.6017 65.6138
 65.6252 65.639  65.6494 65.6589 65.6671 65.6774 65.6875 65.6972 65.7067
 65.7168 65.7272 65.7368 65.7459 65.7555 65.7665 65.7784 65.7889 65.7979
 65.8072 65.8156 65.8251 65.8353 65.8472 65.8587 65.8689 65.8798 65.8917
 65.9016 65.9125 65.923  65.9334 65.9444 65.9533 65.9637 65.9741 65.984
 65.993  66.0031 66.0125 66.0234 66.0334 66.045  66.0548 66.0659 66.078
 66.0891 66.0996 66.1101 66.1235 66.1344 66.1447 66.1555 66.1666 66.1771
 66.1897 66.204  66.2146 66.229  66.2415 66.2563 66.2703 66.2847 66.2989
 66.3133 66.3266 66.3365 66.3464 66.3622 66.3749 66.3868 66.4008 66.4226
 66.4445 66.4612 66.4761 66.4908 66.5073 66.5317 66.5587 66.5799 66.6055
 66.6485 66.6814 66.7103 66.7308 66.785  66.838

