11.0908 14.1347 14.1955 14.2739 14.3473 14.4104 14.4874 14.6113 14.6386
 14.7116 14.8084 14.8641 14.9096 15.139  15.2832
23.7284 24.2389 24.3669 24.4608 24.5503 24.6999 24.8934 24.938  24.9978
 25.1132 25.1316 25.2104 25.2773 25.3287 25.3508 25.3706 25.4374
33.71   34.4973 34.5578 34.8986 34.951  35.0397 35.1023 35.1397 35.2938
 35.3099 35.3431 35.4307 35.5167 35.5493 35.5843 35.8251 35.8488 35.8975
43.1132 43.3924 43.8785 44.2362 44.3115 44.4286 44.4747 44.5252 44.5435
 44.6179 44.6695 44.7189 44.8023 44.856  45.2262
53.8759 54.6209 54.6892 54.9286 54.9612 55.0493 55.0672 55.1048 55.1314
 55.1592 55.1956 55.2099 55.3857 55.4496 55.6778 55.7517
61.8459 63.6913 64.4396 64.6093 64.6818 64.8486 64.9435 65.0986 65.1253
 65.1765

