13.1661 13.6281 14.1309 14.3469 14.3709 14.4013 14.5127 14.5385 14.5745
 14.6222 14.6599 14.8248 14.8733 14.9318 14.9532 14.9807 15.0028 15.0424
 15.0918 15.1308 15.1673 15.2273 15.2503 15.2778 15.2965 15.3152 15.331
 15.3485 15.3665 15.3884 15.4039 15.4152 15.4355 15.4502 15.4645 15.4834
 15.4944 15.5146 15.5307 15.5469 15.5596 15.5731 15.5884 15.6038 15.6174
 15.6304 15.6441 15.6566 15.6716 15.6857 15.6984 15.7131 15.728  15.7396
 15.7515 15.7654 15.7771 15.794  15.8085 15.8206 15.833  15.8467 15.8615
 15.8758 15.8879 15.8978 15.9116 15.9273 15.9375 15.9503 15.9621 15.9776
 15.988  16.0015 16.0125 16.024  16.0366 16.0482 16.0587 16.0684 16.0781
 16.0903 16.1033 16.1163 16.127  16.1387 16.1522 16.1672 16.1784 16.1887
 16.2009 16.2118 16.2235 16.2347 16.2463 16.2564 16.2673 16.2775 16.2905
 16.306  16.322  16.3348 16.349  16.3705 16.386  16.4007 16.4149 16.4283
 16.4419 16.4579 16.4703 16.4875 16.4985 16.5094 16.521  16.5344 16.548
 16.5665 16.5858 16.6048 16.6163 16.6275 16.641  16.6653 16.6837 16.7019
 16.7212 16.7464 16.77   16.7952 16.8158 16.8317 16.8511 16.8765 16.9009
 16.9344 16.9609 16.9953 17.0191 17.0533 17.0777 17.0943 17.1755 17.3456
23.6167 23.7256 23.7652 24.2986 24.3443 24.4105 24.4281 24.4735 24.4888
 24.5137 24.5394 24.5671 24.6315 24.6476 24.6734 24.6859 24.7037 24.7243
 24.7438 24.7597 24.7833 24.8053 24.8231 24.8389 24.8562 24.8759 24.8927
 24.9238 24.9369 24.95   24.969  24.9815 24.9943 25.0109 25.0318 25.0444
 25.068  25.0809 25.095  25.1106 25.1217 25.1326 25.1437 25.1576 25.1701
 25.1808 25.1919 25.2047 25.2184 25.2289 25.2421 25.2526 25.2647 25.2749
 25.2857 25.298  25.3087 25.3203 25.331  25.345  25.3551 25.3674 25.3793
 25.3929 25.4042 25.4163 25.4281 25.4417 25.4542 25.4657 25.4763 25.4877
 25.4977 25.5116 25.5274 25.5392 25.5532 25.564  25.576  25.5899 25.6039
 25.6148 25.6268 25.6371 25.6468 25.6575 25.669  25.6792 25.6903 25.702
 25.7122 25.7255 25.7359 25.7466 25.7584 25.7697 25.7834 25.7941 25.8094
 25.8208 25.8323 25.8439 25.8549 25.8655 25.8753 25.8904 25.9009 25.9115
 25.9236 25.9342 25.9449 25.957  25.9706 25.9863 25.9985 26.0102 26.0233
 26.0392 26.0509 26.0696 26.0846 26.0987 26.1135 26.1245 26.1381 26.15
 26.1632 26.181  26.1999 26.2131 26.2276 26.2412 26.2572 26.2763 26.2926
 26.3076 26.3287 26.3483 26.3669 26.3797 26.3964 26.4139 26.4413 26.4663
 26.5109 26.5414 26.5692 26.6048 26.6327 26.6599 26.7305 26.9476
33.7863 33.8544 33.9957 34.1357 34.1629 34.1989 34.2645 34.3113 34.3364
 34.3554 34.3801 34.4054 34.4344 34.4551 34.473  34.5135 34.5349 34.5554
 34.5688 34.5956 34.6137 34.632  34.6516 34.6708 34.6832 34.696  34.7087
 34.7296 34.7523 34.7739 34.7901 34.8119 34.824  34.8404 34.8608 34.8758
 34.8901 34.9025 34.9207 34.9368 34.9543 34.9788 35.001  35.0177 35.0311
 35.0436 35.057  35.0669 35.0824 35.0965 35.1105 35.1228 35.133  35.1464
 35.1647 35.18   35.1976 35.2084 35.2214 35.2348 35.2486 35.2613 35.2727
 35.2844 35.3009 35.3145 35.3256 35.3372 35.3509 35.3617 35.3739 35.3881
 35.4003 35.4158 35.4293 35.4459 35.4597 35.4755 35.4902 35.5024 35.5174
 35.5307 35.5474 35.5619 35.5726 35.5856 35.599  35.6172 35.63   35.6452
 35.6593 35.6733 35.6864 35.7126 35.7279 35.7458 35.7594 35.775  35.7956
 35.8199 35.8358 35.8487 35.8658 35.8793 35.904  35.9236 35.9386 35.9549
 35.9774 36.0075 36.0341 36.0557 36.0784 36.1214 36.1433 36.1707 36.1991
 36.2408 36.2588 36.2907 36.3141 36.3539 36.4097 36.5648
43.6363 44.2437 44.3809 44.4937 44.602  44.6444 44.6735 44.7049 44.7649
 44.8102 44.8559 44.8919 44.9377 44.9607 44.9817 44.9994 45.0206 45.0323
 45.0435 45.0596 45.0805 45.101  45.1276 45.1626 45.183  45.1949 45.2122
 45.2298 45.2427 45.2527 45.2669 45.2817 45.3016 45.3171 45.3318 45.3476
 45.3624 45.379  45.3968 45.4089 45.4265 45.4371 45.4538 45.4689 45.4855
 45.4962 45.5108 45.5255 45.5397 45.5527 45.5659 45.5804 45.5923 45.6033
 45.6152 45.6282 45.6397 45.6496 45.6635 45.6754 45.6879 45.7004 45.7126
 45.7227 45.733  45.7449 45.7569 45.7678 45.7763 45.7874 45.7966 45.8075
 45.8185 45.8324 45.8419 45.8537 45.8661 45.8769 45.8869 45.8976 45.9078
 45.9193 45.9309 45.9416 45.95   45.9619 45.9731 45.9831 45.9928 46.0035
 46.0137 46.0262 46.037  46.0468 46.0567 46.0668 46.0786 46.0908 46.1006
 46.1113 46.1237 46.1362 46.1502 46.1613 46.1707 46.1808 46.192  46.2018
 46.2117 46.2233 46.2443 46.2565 46.2687 46.2802 46.2909 46.301  46.3114
 46.3234 46.3342 46.3436 46.3532 46.363  46.3749 46.3866 46.3971 46.407
 46.4179 46.4291 46.4392 46.4499 46.4648 46.4775 46.4894 46.5061 46.5195
 46.5335 46.5453 46.5576 46.57   46.5848 46.5978 46.6101 46.6269 46.6482
 46.6685 46.6853 46.7002 46.7133 46.7325 46.7464 46.7635 46.7765 46.7942
 46.8087 46.8276 46.8477 46.8638 46.8808 46.8976 46.9178 46.9349 46.9641
 46.9849 47.0084 47.032  47.0477 47.0707 47.124  47.1659 47.1955 47.2241
 47.2474 47.2986 47.3228 47.3635
53.2599 53.9568 54.1522 54.178  54.4283 54.5101 54.5586 54.6425 54.6898
 54.7148 54.7387 54.7903 54.8571 54.8787 54.9141 54.931  54.9446 54.9928
 55.0067 55.0254 55.0547 55.0762 55.1112 55.1287 55.1562 55.17   55.1855
 55.2116 55.2245 55.2378 55.2516 55.2648 55.2782 55.2964 55.3122 55.3241
 55.3369 55.3507 55.3637 55.3742 55.3883 55.3977 55.4094 55.421  55.4351
 55.4456 55.4578 55.4703 55.4823 55.4974 55.512  55.5265 55.5378 55.5558
 55.5675 55.58   55.5929 55.6068 55.617  55.6275 55.6397 55.6496 55.6604
 55.6706 55.6808 55.6914 55.7016 55.7144 55.7246 55.7357 55.7464 55.7571
 55.7676 55.7782 55.7885 55.7975 55.8073 55.8166 55.8264 55.8374 55.8488
 55.8604 55.8698 55.8818 55.8938 55.9036 55.9131 55.9226 55.9327 55.9431
 55.9542 55.9642 55.9743 55.9839 55.9937 56.0044 56.0142 56.0231 56.0336
 56.0429 56.0514 56.0602 56.0701 56.0808 56.0908 56.1015 56.1142 56.124
 56.1343 56.1436 56.1528 56.1618 56.1717 56.1806 56.1922 56.2016 56.2117
 56.2218 56.2331 56.2421 56.2509 56.2603 56.2698 56.2803 56.2901 56.3009
 56.3127 56.3226 56.3351 56.3457 56.3564 56.366  56.3779 56.3884 56.3986
 56.4077 56.4178 56.4287 56.4386 56.45   56.4604 56.4734 56.4832 56.4943
 56.5062 56.5174 56.5263 56.5372 56.5476 56.5584 56.5685 56.5781 56.5885
 56.5983 56.6073 56.6191 56.6316 56.6439 56.6549 56.665  56.6766 56.6894
 56.704  56.7162 56.7306 56.743  56.7551 56.7696 56.7824 56.8002 56.815
 56.8331 56.8449 56.8577 56.8708 56.8845 56.8962 56.9091 56.9237 56.9362
 56.9502 56.965  56.9802 56.9938 57.0175 57.0302 57.0441 57.0602 57.0829
 57.1169 57.1398 57.1676 57.1856 57.2051 57.227  57.2809 57.3203 57.3529
 57.3844 57.4465 57.5392 57.5816 57.639  57.6916
62.0846 62.9042 63.0349 64.1386 64.3089 64.4439 64.5138 64.5589 64.6041
 64.6398 64.6549 64.6739 64.6877 64.7086 64.726  64.7453 64.7602 64.7712
 64.7893 64.8033 64.8213 64.8384 64.8528 64.8663 64.8791 64.8926 64.9068
 64.9238 64.9431 64.9564 64.9725 64.9874 65.0016 65.016  65.0276 65.0416
 65.0566 65.0692 65.0817 65.0928 65.1058 65.1185 65.1292 65.1402 65.1536
 65.1683 65.1782 65.1876 65.2011 65.2119 65.2234 65.2388 65.25   65.2608
 65.272  65.2818 65.2947 65.3039 65.313  65.3218 65.3322 65.343  65.3544
 65.365  65.3752 65.3845 65.3945 65.407  65.4175 65.4284 65.4369 65.4468
 65.4577 65.4677 65.4812 65.4898 65.4982 65.5075 65.5159 65.5251 65.5345
 65.5433 65.5514 65.5603 65.5697 65.5782 65.5875 65.596  65.6046 65.6135
 65.6228 65.6314 65.6418 65.6515 65.6608 65.6707 65.6806 65.6881 65.6969
 65.7061 65.7157 65.725  65.7341 65.744  65.7528 65.7613 65.7705 65.78
 65.7886 65.797  65.8056 65.8132 65.8216 65.8297 65.8385 65.8469 65.8556
 65.8649 65.8743 65.883  65.8913 65.9001 65.909  65.918  65.9272 65.9365
 65.9468 65.9574 65.967  65.9757 65.9843 65.9923 66.0014 66.0101 66.0185
 66.0273 66.0358 66.046  66.0561 66.0654 66.0743 66.0829 66.091  66.0992
 66.1078 66.1158 66.1245 66.1339 66.1435 66.1532 66.1623 66.1718 66.1807
 66.1887 66.1976 66.2072 66.2167 66.2264 66.2371 66.2461 66.2556 66.2646
 66.2736 66.2832 66.2919 66.2999 66.3087 66.3171 66.3265 66.3352 66.3441
 66.3528 66.3645 66.3755 66.3865 66.3954 66.405  66.4153 66.4261 66.4357
 66.4449 66.4552 66.4652 66.4758 66.4847 66.495  66.5068 66.518  66.5294
 66.542  66.5552 66.5665 66.5768 66.5882 66.6001 66.611  66.6214 66.6323
 66.645  66.6581 66.6695 66.6819 66.6938 66.708  66.7192 66.7313 66.7451
 66.7592 66.7749 66.7885 66.801  66.8153 66.8273 66.8379 66.8499 66.8634
 66.8761 66.8879 66.9035 66.9174 66.9341 66.9494 66.9644 66.9857 67.0028
 67.0225 67.0362 67.0519 67.0757 67.097  67.1145 67.1337 67.1513 67.177
 67.1947 67.214  67.2276 67.2499 67.2797 67.3042 67.3219 67.3572 67.3725
 67.3971 67.4346 67.4885 67.5623 67.5895 67.6911

