13.3982 13.537  13.8051 13.8613 14.0515 14.2227 14.3212 14.3649 14.4248
 14.4737 14.5635 14.6219 14.6428 14.6856 14.7284 14.7607 14.8639 14.8859
23.2444 23.5138 23.6699 23.7109 24.2156 24.2789 24.4769 24.5753 24.7186
 24.8322
32.5815 32.9126 33.253  33.5915 33.6287 33.7789 33.8239 33.9631 33.9939
 34.02   34.0649 34.0904 34.1406 34.1942 34.2249 34.255
42.0774 42.4679 42.5964 42.6652 42.682  42.7076 42.7492 42.7944 42.8732
 43.201  43.2323 43.2611 43.3663 43.4509 43.5384
51.0406 51.1069 51.3444 51.4183 51.4818 51.5525 51.6204 51.7028 51.8778
 51.9202 52.0088 52.0277 52.0761 52.0927 52.1331 52.2236 52.3873 52.4128
 52.484  52.5462 52.5598 52.6606 52.7279 59.9744
61.1096 61.1371 61.2882 61.5997 61.6399 61.686  61.7119 61.803  61.9888
 62.0058 62.0973 62.1914 62.2151 62.2332 62.2626 62.2773 62.4119 62.4394
 62.4886 62.5193 62.566  62.5948 69.8137

