13.8602 13.9749 14.2114 14.3218 14.3776 14.4127 14.4758 14.5207 14.761
 14.7803 14.8545 14.9016 14.9265 15.0299 15.1308 15.1445 15.3103
23.6207 23.9414 24.2199 24.2662 24.3192 24.4057 24.4733 24.5723 24.6391
 24.7842 25.0365 25.0503 25.1198
33.1332 33.5276 33.641  33.7933 33.8249 33.9567 33.9708 33.9888 34.0345
 34.1807 34.2064 34.3369 34.3758 34.5183 34.6037
42.2551 42.6023 42.6449 42.6929 42.7305 42.7575 42.8459 42.9788 43.0225
 43.1078 43.2057 43.2748 43.3694 43.39   43.4637 43.6033 43.757  43.9678
51.7235 51.9258 51.9616 52.0287 52.0776 52.1195 52.2594 52.3768 52.4116
 52.4331 52.4622 52.5099 52.5508 52.5698 52.5968 52.6936 52.8254 58.95
61.5798 61.7023 61.819  61.8539 61.944  61.9607 62.1825 62.2134 62.2809
 62.3582 62.3792 62.4097 67.7277

