14.3898 14.4945 14.6262 14.7126 14.8695 14.9168 14.9935 15.0394 15.114
 15.3413
22.3887 22.5219 23.3437 23.5614 23.9502 23.9756 24.059  24.1014 24.1291
 24.1653 24.2172 24.2454 24.3829 24.5889 24.6898
30.1594 31.8305 32.0772 33.0575 33.1563 33.266  33.3777 33.4946 33.5832
 33.6569 33.7114 33.8149 33.8719 33.9587 34.0037
41.8705 42.6477 42.7937 43.8566
50.8197 51.7048 51.8542 51.9478 52.0099 52.0818 52.1423 52.3478 52.3852
 52.4593 52.4973 52.5353 52.6027 52.7281 52.8328 52.9404
60.9284 61.0618 61.1806 61.7198 61.8043 61.9641 62.0815 62.1547 62.2611
 62.4238 66.4247

