14.1949 14.3587 14.5496 14.6386 14.6617 14.7379 14.7699 14.9157 14.9807
 15.0168 15.0316 15.0452 15.0812 15.2966 15.4248
21.516  22.3885 22.4933 23.1308 23.7144 23.8141 23.9163 24.0025 24.1782
 24.192  24.3245 24.4068 24.4654 24.5377 24.6068 24.6351 29.6592
31.9583 32.3407 32.4096 32.6009 32.6581 32.7014 33.0575 33.0928 33.1098
 33.2209 33.3797 33.4108 33.4649 33.482  33.4994 33.5533 33.5687 33.6709
 33.7032 33.7356 33.7902 33.8084 33.8297 33.8827 33.9772 34.0293 34.1718
41.6133 42.3315 42.3879 42.7107 42.7382 42.8087 42.8483 42.8731 43.0612
 43.0877 43.1238 43.1687 43.2179 43.2369 43.3158 43.4468
51.5391 51.5913 51.8628 51.9567 52.1963 52.2798 52.3381 52.3545 52.418
 52.5002 52.5364 52.6133 52.6418 52.6899 52.8123 52.8503 52.9855
60.3704 60.7195 60.851  61.2168 61.3726 61.5743 61.8018 61.8396 61.854
 61.908  61.9356 61.9544 62.2025

