13.6183 14.5695 14.6586 14.6918 14.8295 14.8454 14.9236 14.9689 14.9934
 15.0098 15.0244 15.0523 15.0973 15.1183 15.1311 15.1416 15.1628 15.1773
 15.1965 15.2117 15.2271 15.2471 15.2649 15.279  15.2926 15.3169 15.331
 15.3477 15.3625 15.3771 15.3916 15.4081 15.4209 15.4328 15.4468 15.4593
 15.473  15.4919 15.5027 15.5157 15.5332 15.5502 15.5744 15.6006 15.6137
 15.6252 15.638  15.6502 15.6636 15.6742 15.6886 15.7025 15.7159 15.7317
 15.7457 15.7569 15.768  15.7808 15.7929 15.8035 15.8146 15.8261 15.8386
 15.8496 15.8612 15.8754 15.8888 15.8978 15.9075 15.9185 15.9346 15.9469
 15.9575 15.9714 15.9847 15.9967 16.0101 16.0222 16.0351 16.0467 16.0606
 16.0728 16.0843 16.0943 16.1048 16.118  16.1287 16.1416 16.1526 16.164
 16.1787 16.1894 16.2041 16.217  16.2302 16.2412 16.254  16.2657 16.2773
 16.2883 16.3025 16.3162 16.333  16.3496 16.3642 16.3764 16.3902 16.4041
 16.415  16.4296 16.4469 16.4597 16.4742 16.4879 16.5006 16.5134 16.5294
 16.5447 16.5573 16.5717 16.5855 16.6003 16.615  16.6313 16.6449 16.6568
 16.673  16.691  16.7041 16.7169 16.7328 16.7487 16.7652 16.7789 16.7949
 16.8126 16.8295 16.8514 16.8651 16.883  16.8986 16.921  16.9359 16.9516
 16.9663 16.9828 17.0054 17.0261 17.0586 17.0823 17.1015 17.1256 17.1687
 17.2171 17.2499 17.4562
23.634  23.6954 23.8479 23.8832 23.9404 23.9674 23.9849 24.0315 24.0957
 24.1812 24.2233 24.2517 24.2728 24.2946 24.3078 24.3415 24.3633 24.3883
 24.4044 24.4267 24.4485 24.4631 24.4821 24.5022 24.5228 24.5348 24.5525
 24.5734 24.5926 24.608  24.6198 24.6319 24.6435 24.6588 24.6742 24.6876
 24.7031 24.7239 24.7384 24.7522 24.7624 24.7872 24.8027 24.8172 24.8281
 24.8394 24.8516 24.8639 24.8733 24.8857 24.8982 24.9129 24.9281 24.9436
 24.9561 24.9706 24.982  24.9981 25.0104 25.0228 25.0334 25.0482 25.0607
 25.0702 25.0824 25.0942 25.1081 25.1213 25.1318 25.1432 25.155  25.1665
 25.1767 25.1877 25.2001 25.2133 25.2238 25.2332 25.2436 25.256  25.2664
 25.2776 25.2877 25.2977 25.3076 25.3176 25.3283 25.3414 25.3545 25.3646
 25.3747 25.3869 25.3981 25.4078 25.4184 25.4277 25.4392 25.4484 25.4581
 25.4681 25.4774 25.4873 25.4968 25.5069 25.5172 25.528  25.5385 25.5492
 25.5589 25.57   25.5808 25.5913 25.6045 25.618  25.6289 25.6417 25.6526
 25.6692 25.6796 25.6926 25.7043 25.7186 25.73   25.7398 25.7533 25.7665
 25.7771 25.7887 25.8022 25.815  25.8265 25.8367 25.8475 25.8594 25.873
 25.8862 25.8992 25.911  25.9236 25.9355 25.9477 25.9576 25.968  25.9791
 25.9908 26.0023 26.0157 26.0274 26.0387 26.05   26.0626 26.0753 26.0891
 26.1038 26.115  26.1313 26.1436 26.1558 26.1677 26.1801 26.1934 26.2039
 26.2157 26.2292 26.2455 26.2603 26.273  26.2883 26.3123 26.3288 26.3459
 26.3594 26.3756 26.398  26.4128 26.4363 26.4594 26.4786 26.5013 26.5273
 26.5436 26.5605 26.5819 26.6011 26.6309 26.6602 26.696  26.7128 26.7708
 26.8938 27.0859 27.138
32.6391 33.2641 33.5577 33.6655 33.7622 33.8358 34.1481 34.1738 34.1976
 34.2281 34.2803 34.4191 34.4496 34.4964 34.5222 34.5509 34.5648 34.5846
 34.6005 34.6246 34.6431 34.6585 34.673  34.6978 34.7199 34.737  34.7554
 34.7697 34.7851 34.816  34.8349 34.8503 34.8753 34.8946 34.9105 34.9285
 34.9413 34.9602 34.973  34.9862 34.9984 35.0128 35.032  35.0448 35.0559
 35.0671 35.0791 35.0912 35.1033 35.1159 35.1297 35.1436 35.1558 35.1693
 35.1822 35.193  35.2173 35.2404 35.2553 35.2703 35.2872 35.3034 35.316
 35.3298 35.3409 35.3562 35.3668 35.3827 35.3947 35.4076 35.4205 35.4335
 35.4481 35.4597 35.477  35.496  35.5104 35.5265 35.5433 35.5603 35.5753
 35.5925 35.6262 35.6425 35.6602 35.6791 35.7018 35.7232 35.7366 35.7494
 35.7647 35.7925 35.817  35.8343 35.8519 35.8697 35.8855 35.9134 35.932
 35.9629 35.9758 35.99   36.0091 36.0297 36.0609 36.0807 36.1597 36.1894
 36.2227 36.2608 36.3083 36.4002 36.4903
41.2935 41.3719 42.2502 42.3751 42.4318 42.5651 42.6344 42.7124 42.7958
 42.8834 42.9043 42.9453 42.9815 43.0027 43.0339 43.0498 43.0653 43.0789
 43.0955 43.1212 43.1537 43.1798 43.2089 43.2388 43.2769 43.2975 43.3134
 43.3309 43.3456 43.3577 43.373  43.4037 43.422  43.4391 43.4546 43.4716
 43.4848 43.5003 43.5172 43.5321 43.5511 43.5623 43.5758 43.5906 43.6058
 43.622  43.6406 43.654  43.6675 43.6803 43.6948 43.7095 43.7223 43.7337
 43.7473 43.7615 43.7733 43.786  43.7971 43.8108 43.8233 43.8367 43.8539
 43.8681 43.8823 43.8924 43.9073 43.9214 43.9445 43.956  43.976  43.9907
 44.0034 44.0172 44.0287 44.0429 44.0538 44.0696 44.0852 44.1036 44.1183
 44.1337 44.1469 44.1603 44.1723 44.1923 44.2081 44.2253 44.2387 44.2526
 44.2696 44.2851 44.2979 44.3099 44.3261 44.34   44.3556 44.3711 44.3841
 44.3988 44.4131 44.4386 44.4585 44.4742 44.4872 44.5123 44.5253 44.5419
 44.5646 44.58   44.5992 44.6124 44.6292 44.644  44.6574 44.6717 44.6924
 44.7084 44.7243 44.7427 44.7555 44.7681 44.7879 44.7997 44.8118 44.8314
 44.855  44.8715 44.8915 44.9122 44.9267 44.9439 44.9629 44.9952 45.0167
 45.041  45.0602 45.0808 45.1028 45.1391 45.1699 45.1923 45.2148 45.2406
 45.2751 45.2993 45.3652 45.5067 45.5588 49.2151
50.4881 50.6403 51.4504 52.0502 52.2927 52.5833 52.6493 52.7707 52.8614
 52.9054 53.0084 53.0324 53.0536 53.1337 53.1776 53.2271 53.2666 53.2851
 53.3156 53.3596 53.3905 53.4137 53.4475 53.4889 53.5224 53.55   53.5649
 53.5976 53.6188 53.6398 53.6545 53.6688 53.6916 53.735  53.7647 53.7847
 53.815  53.8354 53.8635 53.8808 53.9031 53.9192 53.9454 53.9684 53.983
 54.0032 54.027  54.0414 54.0691 54.0858 54.1058 54.1208 54.1358 54.1589
 54.1768 54.1956 54.2208 54.2475 54.2646 54.2838 54.3141 54.3362 54.3571
 54.3909 54.4298 54.4512 54.4699 54.4868 54.5103 54.5498 54.5794 54.604
 54.6229 54.6424 54.6659 54.6951 54.731  54.7747 54.8137 54.8851 54.9081
 54.9364 55.1244 59.7805
61.1021 61.1445 61.4488 61.5209 61.6429 61.6768 61.7019 61.7229 61.7653
 61.8044 61.8536 61.8778 61.9036 61.9257 61.9903 62.0226 62.0494 62.0672
 62.0915 62.1299 62.1497 62.1636 62.1795 62.1911 62.2056 62.2226 62.2396
 62.2576 62.275  62.2925 62.3084 62.3223 62.3426 62.3556 62.3755 62.3847
 62.3966 62.4084 62.4232 62.4373 62.4499 62.4602 62.4722 62.4826 62.4958
 62.5097 62.5235 62.5371 62.5477 62.5599 62.5722 62.5846 62.5963 62.6063
 62.6174 62.6277 62.6385 62.6479 62.6597 62.671  62.6869 62.6991 62.7112
 62.7218 62.7326 62.7444 62.7544 62.7647 62.7749 62.7859 62.7966 62.8074
 62.8187 62.8289 62.8395 62.8512 62.8621 62.8734 62.8865 62.8986 62.9092
 62.9208 62.9309 62.9423 62.952  62.9656 62.9757 62.9876 62.9991 63.0098
 63.0197 63.0343 63.0469 63.0613 63.0764 63.0882 63.1012 63.1131 63.1244
 63.1369 63.1484 63.1582 63.1701 63.1844 63.1955 63.205  63.2151 63.2254
 63.2379 63.2494 63.2634 63.2759 63.2862 63.3018 63.3173 63.3299 63.3456
 63.3589 63.3709 63.3817 63.3985 63.412  63.426  63.4386 63.4501 63.4637
 63.4757 63.489  63.5015 63.516  63.5269 63.5382 63.5496 63.5609 63.5739
 63.5854 63.5979 63.6118 63.6265 63.6389 63.6559 63.6685 63.6831 63.7063
 63.7229 63.7377 63.7523 63.7682 63.7845 63.8034 63.8221 63.8377 63.8536
 63.8749 63.8928 63.9113 63.9307 63.945  63.9642 63.9835 64.0116 64.0414
 64.0578 64.0757 64.1066 64.1299 64.1554 64.1783 64.2269 64.2805 64.3074
 64.3388

