13.8473 14.2147 14.3334 14.3799 14.4155 14.4771 14.5663 14.6913 14.7143
 14.7439 14.7725 14.7978 14.8244 14.8506 14.8692 14.8899 14.9076 14.9372
 14.9533 14.9707 14.9917 15.0221 15.0413 15.0605 15.0782 15.0986 15.1165
 15.1309 15.1463 15.1607 15.1742 15.1898 15.2048 15.2183 15.237  15.2486
 15.2605 15.2775 15.2919 15.306  15.3179 15.3305 15.3457 15.3592 15.3695
 15.3808 15.395  15.4134 15.4249 15.437  15.4501 15.462  15.4747 15.4857
 15.4969 15.5121 15.5233 15.5353 15.5474 15.5591 15.5748 15.5865 15.5978
 15.6086 15.6194 15.6317 15.6424 15.6523 15.6632 15.6738 15.6845 15.6943
 15.7045 15.715  15.7245 15.7349 15.7456 15.7545 15.766  15.776  15.7869
 15.7977 15.8112 15.8228 15.8338 15.844  15.8578 15.8704 15.8812 15.8935
 15.9055 15.9207 15.9331 15.9452 15.9548 15.9652 15.9763 15.9887 16.0041
 16.0135 16.0265 16.0373 16.0505 16.0657 16.0786 16.0906 16.1021 16.1185
 16.1303 16.1417 16.1562 16.1699 16.1837 16.1977 16.2099 16.2228 16.2344
 16.248  16.2609 16.2723 16.286  16.3021 16.3161 16.3324 16.3488 16.3668
 16.3838 16.4054 16.4347 16.453  16.4742 16.4959 16.5135 16.5358 16.5549
 16.5753 16.5902 16.6103 16.6283 16.6524 16.6797 16.7158 16.7388 16.7564
 16.7787 16.7966 16.8295 16.8491 16.8687 16.9062 16.9294 16.9618 17.0363
 17.0742 17.1156 17.1608 17.2814 17.3158
20.3063 23.0967 23.6549 23.7277 23.8869 23.9553 23.9935 24.048  24.0844
 24.1119 24.1327 24.149  24.2118 24.2715 24.296  24.3226 24.3603 24.3743
 24.3899 24.4074 24.4196 24.4343 24.4481 24.4684 24.4908 24.5044 24.5177
 24.5285 24.5397 24.5562 24.5677 24.5816 24.5953 24.6081 24.6204 24.6372
 24.6515 24.6708 24.683  24.6946 24.7085 24.7226 24.7333 24.7458 24.76
 24.7733 24.7862 24.7969 24.8094 24.821  24.8344 24.8451 24.8555 24.8655
 24.8765 24.8877 24.8994 24.9116 24.9232 24.9342 24.9443 24.9539 24.9634
 24.9736 24.985  24.9966 25.006  25.0172 25.0279 25.0378 25.0496 25.0613
 25.0721 25.0821 25.0934 25.1028 25.1138 25.1249 25.1357 25.1459 25.1569
 25.1668 25.1778 25.1875 25.1978 25.2102 25.2205 25.2321 25.2421 25.2515
 25.2628 25.2729 25.286  25.2973 25.3072 25.3169 25.3262 25.3349 25.344
 25.3531 25.3623 25.3713 25.3807 25.3905 25.4    25.4096 25.4199 25.4303
 25.4414 25.4519 25.4627 25.4737 25.4848 25.4943 25.5037 25.5159 25.5281
 25.5399 25.5527 25.5665 25.5785 25.589  25.6008 25.6136 25.6253 25.6359
 25.6463 25.6564 25.6674 25.6788 25.6908 25.7011 25.7123 25.7247 25.7382
 25.7478 25.7602 25.7726 25.7844 25.7962 25.8096 25.8244 25.8399 25.8563
 25.8677 25.8819 25.8988 25.9141 25.928  25.9422 25.9584 25.9743 25.9879
 26.014  26.034  26.0483 26.0645 26.0797 26.0945 26.1176 26.1354 26.1528
 26.1692 26.1861 26.2023 26.2317 26.254  26.2825 26.2973 26.3264 26.354
 26.3956 26.4288 26.456  26.4773 26.5066 26.5361 26.5578 26.5807 26.6903
 26.7193 26.9322
31.5657 32.5055 32.6188 33.6763 33.7131 33.8754 33.9237 33.983  34.0635
 34.078  34.0957 34.1105 34.1244 34.1826 34.227  34.2467 34.2736 34.2899
 34.3212 34.3442 34.3655 34.3926 34.4073 34.4233 34.4398 34.4561 34.4692
 34.4881 34.5009 34.5182 34.5329 34.5494 34.5678 34.5844 34.5971 34.6118
 34.6301 34.6475 34.6647 34.682  34.7019 34.7246 34.7438 34.7596 34.7728
 34.7852 34.7999 34.8143 34.8269 34.8415 34.8588 34.8743 34.8868 34.8998
 34.9155 34.9273 34.9402 34.9523 34.9647 34.9761 34.9894 35.0006 35.0118
 35.0225 35.0369 35.0493 35.0616 35.076  35.0895 35.1022 35.1144 35.1304
 35.1433 35.1553 35.1716 35.1906 35.2054 35.2216 35.2356 35.2477 35.2618
 35.2742 35.2865 35.3125 35.3296 35.3476 35.3598 35.3747 35.3942 35.4079
 35.4414 35.4546 35.4786 35.4949 35.5085 35.5235 35.5482 35.5692 35.5968
 35.6103 35.6263 35.6752 35.7025 35.7369 35.7532 35.7858 35.8389 35.8664
 35.8849 35.907  35.9245 35.9502 35.9742 36.0168 36.0507 36.0784 36.1447
 36.2729 36.543  37.8336
42.089  42.1362 42.1845 42.2554 42.6011 42.6667 42.6978 42.7701 42.8096
 42.907  42.9284 42.9531 42.9736 42.9935 43.0175 43.0347 43.0545 43.0732
 43.1016 43.1206 43.1361 43.1557 43.1698 43.19   43.2105 43.2228 43.2369
 43.2527 43.2691 43.2861 43.2994 43.3142 43.3268 43.3448 43.3591 43.3752
 43.389  43.4066 43.4215 43.4372 43.4497 43.4627 43.4747 43.4878 43.5031
 43.528  43.5437 43.5588 43.5732 43.5877 43.5979 43.6145 43.6311 43.6439
 43.6565 43.6725 43.6857 43.7034 43.7152 43.7268 43.7385 43.7506 43.7601
 43.7758 43.7889 43.8016 43.8129 43.8233 43.8336 43.8446 43.8569 43.8707
 43.8832 43.8956 43.913  43.9304 43.9423 43.9534 43.9642 43.9785 43.9891
 44.0025 44.0143 44.0249 44.0371 44.0495 44.0622 44.0774 44.0901 44.1029
 44.1173 44.1292 44.1439 44.1581 44.171  44.1881 44.199  44.2169 44.232
 44.2474 44.2611 44.2752 44.2891 44.2997 44.3121 44.3266 44.3419 44.356
 44.3684 44.3827 44.3979 44.4103 44.4291 44.4562 44.478  44.494  44.512
 44.5319 44.551  44.5688 44.5902 44.6108 44.6347 44.6613 44.6919 44.7143
 44.7413 44.7659 44.7932 44.816  44.8329 44.8492 44.874  44.8978 44.9179
 44.9704 44.9947 45.0263 45.0469 45.1094 45.1542 45.2286 45.3591
50.7271 51.2341 51.9217 52.529  52.5586 52.5877 52.618  52.6473 52.7038
 52.7229 52.7735 52.8312 52.8659 52.8879 52.9377 52.9609 52.9788 52.9984
 53.0289 53.0478 53.0635 53.1088 53.1326 53.1489 53.1776 53.2347 53.2639
 53.2902 53.3053 53.3295 53.3554 53.3793 53.4116 53.4319 53.4541 53.4916
 53.514  53.5313 53.5506 53.5631 53.5753 53.5884 53.6084 53.6208 53.6366
 53.6576 53.6892 53.7124 53.736  53.7586 53.776  53.7958 53.8091 53.8244
 53.84   53.857  53.8734 53.8911 53.9132 53.9332 53.9534 53.9713 54.0032
 54.019  54.0373 54.0613 54.0895 54.1125 54.1392 54.172  54.1895 54.2118
 54.2543 54.2766 54.3139 54.3398 54.4085 54.4308 54.4706 54.5146 54.5523
 54.5842 54.6135 54.6758 54.8922 59.8239
60.9269 61.0582 61.1552 61.2974 61.3694 61.4173 61.4652 61.5189 61.5526
 61.5722 61.5991 61.6268 61.6519 61.6832 61.7298 61.7554 61.7756 61.8084
 61.8487 61.8677 61.8851 61.9064 61.9248 61.9429 61.9557 61.9667 61.9785
 61.9922 62.0099 62.0275 62.0497 62.0697 62.0846 62.1019 62.114  62.1275
 62.1462 62.1571 62.1705 62.1845 62.1961 62.2127 62.2222 62.2415 62.2516
 62.2629 62.2783 62.2952 62.3085 62.3209 62.3311 62.3436 62.3547 62.366
 62.3768 62.3869 62.3989 62.4096 62.4197 62.43   62.4401 62.4492 62.4604
 62.4726 62.4829 62.4927 62.5033 62.5158 62.5281 62.5392 62.5534 62.566
 62.5758 62.5863 62.5965 62.6084 62.6193 62.6306 62.6419 62.6532 62.6629
 62.6724 62.6821 62.6937 62.7053 62.7169 62.7269 62.7362 62.7468 62.7584
 62.7682 62.7792 62.7898 62.7998 62.8116 62.8244 62.8347 62.8481 62.8587
 62.8695 62.8793 62.8883 62.8998 62.9123 62.9263 62.9373 62.9484 62.9586
 62.9704 62.9812 62.9913 63.0034 63.0157 63.0262 63.0383 63.0496 63.06
 63.0697 63.0802 63.0927 63.1052 63.1177 63.1294 63.1435 63.1539 63.165
 63.1752 63.185  63.1983 63.2123 63.225  63.2387 63.2526 63.2665 63.2806
 63.2953 63.3067 63.3199 63.3316 63.347  63.3607 63.3728 63.3863 63.3982
 63.4135 63.4286 63.4503 63.4777 63.4945 63.5143 63.5276 63.5441 63.5621
 63.5787 63.5959 63.6104 63.6272 63.6516 63.6677 63.6912 63.7058 63.7248
 63.7514 63.7715 63.7959 63.8306 63.8561 63.8796 63.9335 63.9819 64.0475
 64.0789 64.2355 64.3389

