13.0354 13.1279 13.8839 14.0188 14.1269 14.1517 14.2996 14.3824 14.435
 14.4866 14.5318 14.5612 14.5805 14.5942 14.6177 14.6757 14.7072 14.7222
 14.7374 14.7575 14.7798 14.7945 14.8178 14.8333 14.8576 14.8829 14.8977
 14.9157 14.9305 14.9559 14.9735 14.9913 15.0095 15.0225 15.0437 15.0591
 15.0721 15.0845 15.0945 15.1059 15.1191 15.1299 15.1419 15.1531 15.1649
 15.1767 15.1893 15.2002 15.2134 15.2238 15.2356 15.2482 15.2597 15.2712
 15.2853 15.3019 15.3136 15.3283 15.3397 15.3516 15.3613 15.3722 15.3843
 15.3957 15.4053 15.4188 15.4295 15.4405 15.4505 15.4591 15.4683 15.4788
 15.4901 15.5033 15.5157 15.5263 15.5359 15.5451 15.555  15.5644 15.5737
 15.584  15.5958 15.6045 15.6131 15.6218 15.6316 15.6403 15.6506 15.6594
 15.6681 15.6791 15.6901 15.7    15.7086 15.7197 15.7308 15.741  15.7505
 15.7597 15.7689 15.7798 15.7887 15.7991 15.8081 15.8178 15.8265 15.8351
 15.846  15.8555 15.8641 15.873  15.8816 15.8903 15.8998 15.9094 15.9184
 15.9281 15.9376 15.947  15.959  15.9716 15.9825 15.9941 16.0046 16.0152
 16.0247 16.0357 16.0465 16.0578 16.0676 16.0772 16.0867 16.0977 16.1096
 16.1193 16.1294 16.1399 16.15   16.1602 16.1721 16.1817 16.1949 16.205
 16.2158 16.2274 16.2373 16.2462 16.2575 16.2695 16.28   16.2952 16.3128
 16.3263 16.3385 16.3521 16.3656 16.3799 16.392  16.4064 16.4208 16.4348
 16.4465 16.4631 16.4788 16.4931 16.5063 16.5214 16.5381 16.5511 16.5637
 16.582  16.5986 16.6159 16.6341 16.6543 16.6792 16.6923 16.711  16.7273
 16.7442 16.7693 16.7925 16.8191 16.8372 16.8614 16.8795 16.9169 16.9736
 17.1432 19.9817
23.0459 23.2515 23.4313 23.4944 23.6729 23.699  23.7314 23.7573 23.7837
 23.8598 23.9567 23.9872 24.03   24.0655 24.0887 24.1266 24.1647 24.1787
 24.1971 24.2331 24.2595 24.279  24.2942 24.3137 24.3346 24.3523 24.3769
 24.3924 24.4051 24.4185 24.4427 24.4568 24.476  24.4912 24.5046 24.5236
 24.5424 24.5586 24.5678 24.5804 24.5929 24.6022 24.612  24.6222 24.6321
 24.6442 24.6555 24.6695 24.6812 24.695  24.704  24.7151 24.7284 24.74
 24.7515 24.7607 24.7713 24.7829 24.7938 24.8027 24.8111 24.8218 24.8312
 24.8437 24.8537 24.8648 24.8736 24.8826 24.8939 24.9037 24.9137 24.9248
 24.9334 24.9441 24.954  24.9652 24.9751 24.9861 24.9974 25.0073 25.0174
 25.0288 25.0375 25.0471 25.0562 25.066  25.0744 25.0825 25.0919 25.1015
 25.1125 25.1234 25.1325 25.141  25.1507 25.1599 25.1692 25.1776 25.1866
 25.1964 25.2053 25.2139 25.2218 25.2304 25.2395 25.2503 25.2601 25.27
 25.28   25.2901 25.2983 25.3079 25.316  25.3249 25.3332 25.3415 25.3497
 25.3587 25.3667 25.3754 25.3842 25.3931 25.4033 25.4129 25.4219 25.4307
 25.4401 25.4485 25.458  25.4675 25.4769 25.4853 25.4947 25.5044 25.513
 25.522  25.5323 25.5421 25.5515 25.5616 25.5711 25.5817 25.5916 25.6016
 25.612  25.6211 25.6305 25.6388 25.6477 25.6583 25.6696 25.6785 25.6895
 25.6991 25.7099 25.7214 25.7336 25.7432 25.7552 25.7651 25.7764 25.7857
 25.7961 25.8078 25.8193 25.8313 25.8414 25.8517 25.8618 25.873  25.8829
 25.8948 25.9066 25.9184 25.9301 25.9394 25.9503 25.9632 25.977  25.9876
 26.0011 26.0124 26.0246 26.042  26.0534 26.0651 26.0761 26.0889 26.1004
 26.1181 26.1331 26.1476 26.1616 26.1738 26.1866 26.2043 26.2209 26.237
 26.2544 26.2692 26.3039 26.3216 26.3386 26.3575 26.3848 26.4054 26.4508
 26.5738 26.6736
32.3507 32.7999 32.8605 33.2616 33.3196 33.4448 33.4824 33.5976 33.6659
 33.6948 33.7797 33.8291 33.8716 33.9656 34.02   34.0559 34.0849 34.1163
 34.1509 34.1756 34.2088 34.2415 34.2647 34.2807 34.2903 34.303  34.3167
 34.3476 34.3651 34.3842 34.4094 34.4254 34.4493 34.4636 34.4783 34.4917
 34.5121 34.5242 34.5346 34.5486 34.5623 34.5759 34.5894 34.6072 34.6224
 34.6372 34.6533 34.6716 34.6849 34.6984 34.7156 34.7285 34.7425 34.7542
 34.7643 34.7764 34.7899 34.801  34.8141 34.8274 34.8404 34.8532 34.8647
 34.8758 34.8864 34.8968 34.9082 34.9189 34.9302 34.9437 34.9567 34.9682
 34.9802 34.9905 35.0035 35.0176 35.0324 35.0453 35.0614 35.0849 35.0994
 35.1124 35.1244 35.1464 35.1703 35.199  35.2206 35.2388 35.2496 35.266
 35.2771 35.2943 35.3092 35.3217 35.3348 35.3488 35.3717 35.3881 35.4014
 35.4189 35.4345 35.4522 35.4681 35.4836 35.4989 35.522  35.5464 35.5604
 35.5785 35.591  35.6037 35.619  35.6346 35.6568 35.6793 35.6954 35.7199
 35.7432 35.7583 35.7776 35.8019 35.8369 35.8518 35.8723 35.8931 35.9321
 36.0178 36.0659 36.2876
41.3318 41.5944 41.8721 41.9829 42.4361 42.5336 42.5579 42.6335 42.7334
 42.756  42.8106 42.8273 42.8504 42.8738 42.9016 42.9186 42.9395 42.9563
 42.9735 43.0142 43.0295 43.0586 43.0741 43.0926 43.1105 43.1216 43.1384
 43.1533 43.1713 43.1884 43.2049 43.2275 43.2431 43.2543 43.2681 43.2793
 43.2908 43.3068 43.3197 43.3335 43.3462 43.3575 43.3676 43.3786 43.3918
 43.4023 43.4142 43.4259 43.4395 43.4524 43.4654 43.4782 43.4906 43.5035
 43.5175 43.5291 43.5416 43.5544 43.5637 43.5751 43.5855 43.5999 43.613
 43.6245 43.6357 43.6464 43.6565 43.6692 43.6815 43.6937 43.7051 43.7165
 43.7278 43.7392 43.7503 43.7601 43.7696 43.7787 43.7909 43.8017 43.8117
 43.8216 43.8333 43.8423 43.8513 43.8638 43.8743 43.8903 43.9001 43.9091
 43.9179 43.9282 43.9382 43.9498 43.9607 43.973  43.9869 43.9991 44.0088
 44.0208 44.0318 44.0417 44.0522 44.0624 44.0799 44.0902 44.1021 44.1138
 44.1266 44.1389 44.1551 44.168  44.1806 44.1924 44.204  44.2177 44.234
 44.246  44.2593 44.2709 44.2827 44.2948 44.3084 44.3218 44.3339 44.3484
 44.3608 44.3736 44.3867 44.4006 44.4147 44.4261 44.4429 44.4541 44.4709
 44.4858 44.5029 44.519  44.5359 44.5529 44.5706 44.5845 44.5996 44.6148
 44.6326 44.6476 44.6677 44.6829 44.7019 44.7268 44.7515 44.7749 44.8007
 44.8676 44.8985 44.9303 44.9678 45.0304
50.3346 51.8811 52.2018 52.2854 52.3361 52.3809 52.4269 52.4544 52.5471
 52.5667 52.5888 52.617  52.7039 52.7505 52.7769 52.8276 52.8574 52.8943
 52.9202 52.955  52.9799 53.004  53.0233 53.0538 53.0692 53.0857 53.1115
 53.1377 53.1748 53.1935 53.21   53.2243 53.2388 53.2561 53.271  53.2914
 53.3093 53.3316 53.3461 53.3591 53.382  53.4126 53.4288 53.4423 53.4559
 53.4728 53.4893 53.5046 53.5264 53.5409 53.5539 53.5658 53.5837 53.6038
 53.6229 53.6382 53.6531 53.6667 53.6884 53.7011 53.7164 53.7303 53.7446
 53.7615 53.7792 53.7969 53.8142 53.8397 53.8763 53.897  53.9117 53.933
 53.9575 53.9799 53.9931 54.0098 54.0342 54.0498 54.0693 54.085  54.1061
 54.1375 54.1678 54.2346 54.2544 54.2812 54.3145 54.3437 54.3653 54.3935
 54.4263 54.4535 54.4953 54.5321 54.5736 54.6089 54.6499
60.8078 60.9614 61.0749 61.1827 61.2198 61.2684 61.3026 61.3599 61.3855
 61.4659 61.4892 61.5197 61.5652 61.5885 61.6441 61.684  61.6987 61.7193
 61.7365 61.7584 61.7789 61.8065 61.8217 61.8397 61.8547 61.8789 61.8934
 61.9125 61.9299 61.9465 61.9587 61.9752 61.9879 62.0023 62.0179 62.0309
 62.05   62.0637 62.0789 62.0931 62.1044 62.1145 62.1265 62.1383 62.1514
 62.1658 62.1753 62.1872 62.1995 62.2126 62.2262 62.2372 62.2486 62.259
 62.2733 62.2831 62.2971 62.3064 62.3179 62.3275 62.3387 62.3501 62.3602
 62.3713 62.382  62.3916 62.4024 62.4125 62.422  62.4325 62.4418 62.4537
 62.464  62.4741 62.4843 62.4952 62.5045 62.5164 62.526  62.5356 62.5443
 62.553  62.5632 62.5723 62.5814 62.593  62.6042 62.6124 62.6223 62.6325
 62.6415 62.6515 62.6607 62.6691 62.6787 62.6896 62.6994 62.7072 62.716
 62.7256 62.7361 62.7475 62.7576 62.7682 62.7785 62.7881 62.7978 62.8068
 62.8149 62.8237 62.8326 62.8417 62.8504 62.8587 62.867  62.8757 62.8853
 62.8944 62.9036 62.9141 62.9249 62.9344 62.9444 62.9538 62.9645 62.9752
 62.9851 62.9941 63.0047 63.0139 63.0243 63.036  63.0483 63.0602 63.0711
 63.0828 63.0936 63.1037 63.1141 63.1257 63.1358 63.1492 63.1592 63.1696
 63.1794 63.1913 63.2046 63.2167 63.2277 63.2384 63.2502 63.262  63.2734
 63.2845 63.2965 63.3086 63.3199 63.3294 63.3435 63.3553 63.3657 63.3764
 63.3881 63.4004 63.4123 63.4219 63.435  63.4507 63.4622 63.4736 63.4848
 63.4961 63.5094 63.5219 63.5394 63.5535 63.5665 63.5777 63.5899 63.6045
 63.6186 63.6323 63.6516 63.6692 63.6914 63.7236 63.7426 63.7623 63.7877
 63.8039 63.8233 63.8445 63.8661 63.9006 64.0296

