13.5349 14.4879 14.627  14.8473 14.9448 15.0992 15.2098 15.3633 15.4601
22.6486 23.156  23.9535 23.9917 24.0325 24.0828 24.2271 24.2545 24.3087
 24.3276 24.412  24.4304 24.4826 24.5704 24.5948 24.6103 24.6392 24.6697
 24.731  24.8029 24.9095
30.9619 33.7098 33.9153 34.2799 34.3004 34.3627 34.4928 34.8151
41.82   41.8997 42.4816 42.7339 42.8005 42.9383 42.9784 42.9976 43.0663
 43.159  43.2148 43.2693 43.3239 43.3658 43.6091 49.9353
50.5407 52.4151 52.7253 53.1773
61.0432 61.1517 61.3417 61.4539 61.6644 61.7247 61.9482 62.0494 62.0678
 62.0788 62.0976 62.1482 62.2014 62.2802

