12.1893 12.5254 13.7497 13.8108 13.9756 14.1209 14.2494 14.5059 14.6688
 14.7173 14.7806 14.8634 15.0213 15.1105 15.2476
22.2268 23.2348 23.9998 24.0586 24.1377 24.2114 24.2474 24.3168 24.4119
 24.5495 24.5765 24.699  24.9664
33.4527 33.5294 33.9019 34.1172 34.2787 34.3278 34.3785 34.4311
42.5708 42.6285 42.6875 42.8378 42.9179 42.9386 43.0256 43.1211 43.189
 43.2238 43.4601
52.3414 52.8395 53.1598 53.2666 59.1104
60.1195 60.9098 61.1969 61.3127 61.3522 61.5079 61.6045 61.6278 61.6456
 61.7249 61.74   61.7829 61.8262 61.8847 61.9238 62.1757 62.1999 66.7933

