12.4525 12.5323 12.5982 12.7791 12.8088 12.8914 12.925  12.9807 13.0058
 13.027  13.0731 13.1105 13.1325 13.1622 13.1879 13.2222 13.24   13.2671
 13.28   13.3183 13.3354 13.3525 13.3746 13.3907 13.4031 13.4212 13.438
 13.4527 13.4661 13.4924 13.5052 13.5167 13.5297 13.5417 13.5552 13.5665
 13.5753 13.5886 13.6011 13.615  13.6312 13.6435 13.6595 13.6732 13.6858
 13.6984 13.712  13.7229 13.734  13.7449 13.7583 13.7714 13.783  13.7953
 13.8084 13.8204 13.8328 13.8467 13.8578 13.8689 13.8867 13.8997 13.9093
 13.9212 13.9314 13.9423 13.9539 13.9679 13.9818 13.9973 14.0094 14.0207
 14.0328 14.0462 14.0569 14.0712 14.0819 14.0976 14.1113 14.1225 14.1339
 14.1432 14.1522 14.1616 14.1718 14.1817 14.1917 14.2027 14.2136 14.2223
 14.2332 14.2447 14.2555 14.2673 14.2807 14.2934 14.3045 14.3171 14.3295
 14.342  14.354  14.3671 14.3799 14.3907 14.4017 14.4137 14.4256 14.4383
 14.4519 14.4638 14.4756 14.4852 14.4975 14.5101 14.5213 14.5348 14.5469
 14.5588 14.5687 14.5814 14.5967 14.6076 14.626  14.6392 14.6531 14.665
 14.6804 14.6916 14.7054 14.7289 14.7445 14.7608 14.7766 14.7985 14.8142
 14.8286 14.8472 14.8674 14.8866 14.9056 14.9235 14.9364 14.9631 14.9811
 14.9964 15.0258 15.052  15.0718 15.0875 15.1093 15.1374 15.1671 15.2017
 15.22   15.3004 15.3307 15.3562 15.3789 15.4042 15.4306 15.4749 15.5048
 15.889
22.0066 22.1708 22.3023 22.4592 22.4944 22.5122 22.6105 22.6531 22.6719
 22.7108 22.7477 22.7748 22.8048 22.8199 22.849  22.8768 22.8907 22.905
 22.9307 22.9492 22.9697 22.9849 23.0055 23.0171 23.0287 23.0422 23.0582
 23.0765 23.0893 23.1032 23.1202 23.1353 23.1501 23.163  23.1767 23.1905
 23.2068 23.2196 23.2339 23.2487 23.2617 23.2745 23.2877 23.3027 23.3166
 23.3272 23.3377 23.3467 23.3585 23.3711 23.3852 23.3988 23.4107 23.4201
 23.4321 23.442  23.4533 23.4638 23.4778 23.4971 23.5111 23.524  23.5361
 23.5488 23.567  23.5817 23.5916 23.6007 23.6125 23.6276 23.6396 23.6535
 23.667  23.6783 23.6883 23.6999 23.715  23.7264 23.7385 23.753  23.7648
 23.7787 23.7898 23.8006 23.818  23.8306 23.8417 23.855  23.8691 23.8842
 23.896  23.907  23.9252 23.9425 23.963  23.9891 24.0067 24.0256 24.0418
 24.059  24.074  24.0927 24.1109 24.1324 24.1492 24.1642 24.1847 24.2038
 24.2176 24.2344 24.2549 24.2727 24.2886 24.3048 24.3195 24.3436 24.3621
 24.3819 24.3943 24.4107 24.4582 24.4943 24.5115 24.5344 24.5494 24.5727
 24.5898 24.6142 24.6384 24.66   24.6829 24.7118 24.76   24.7874 24.8239
 24.8548 24.8899 24.9193 25.0019
31.2964 31.9026 31.9251 31.9787 32.0479 32.0721 32.1759 32.2062 32.2275
 32.2608 32.2743 32.3159 32.345  32.3766 32.3989 32.4253 32.4466 32.4709
 32.4874 32.5095 32.5256 32.542  32.5558 32.5723 32.5861 32.6018 32.6188
 32.6323 32.6489 32.6629 32.6744 32.6878 32.7021 32.7159 32.7259 32.7407
 32.7594 32.7696 32.7849 32.7992 32.8125 32.8237 32.8379 32.8503 32.8641
 32.8833 32.8982 32.915  32.9311 32.9445 32.9567 32.9695 32.9847 33.0013
 33.0161 33.0287 33.0435 33.0599 33.0763 33.0902 33.1031 33.1174 33.1298
 33.1478 33.1616 33.1736 33.188  33.2037 33.2227 33.2401 33.2596 33.2749
 33.2863 33.3016 33.3127 33.329  33.3414 33.3582 33.3816 33.3978 33.412
 33.4274 33.4494 33.4763 33.5087 33.5238 33.5398 33.5719 33.5902 33.6124
 33.6379 33.6701 33.6926 33.7247 33.7585 33.7799 33.8028 33.8413 33.8648
 33.8825 33.9203 33.9532 33.9802 33.9967 34.013  34.0405 34.0958 34.1836
 34.2068 34.2398 36.1957 39.4206
41.0608 41.1921 41.2166 41.2449 41.3403 41.3818 41.415  41.4635 41.488
 41.5147 41.5475 41.565  41.5831 41.6164 41.6325 41.6497 41.6772 41.6964
 41.7125 41.7279 41.743  41.7578 41.7715 41.7849 41.7978 41.8152 41.8304
 41.852  41.8737 41.8906 41.9114 41.9273 41.9398 41.9593 41.979  41.9963
 42.0086 42.027  42.0402 42.0524 42.0669 42.0804 42.0948 42.1082 42.1184
 42.1287 42.1392 42.1505 42.1628 42.1759 42.1883 42.2043 42.2186 42.2309
 42.2447 42.2628 42.2742 42.2855 42.3001 42.3143 42.3271 42.3427 42.3562
 42.3673 42.3811 42.3954 42.4071 42.4221 42.4345 42.453  42.47   42.4831
 42.4982 42.5102 42.5333 42.5491 42.5674 42.5857 42.6056 42.6191 42.6349
 42.648  42.6619 42.6777 42.6977 42.7153 42.7291 42.7498 42.7775 42.793
 42.8087 42.8274 42.8506 42.8781 42.9009 42.9209 42.9374 42.9654 43.0007
 43.023  43.0373 43.0564 43.0801 43.1002 43.1157 43.1504 43.1759 43.197
 43.2173 43.2372 43.2582 43.2797 43.3335 43.385  43.4389 43.5092 43.5685
 43.6622 44.1552 49.4613 49.4836 49.6659 49.7022 49.7803 49.8063 49.8274
 49.9426 49.9837
50.0158 50.091  50.1197 50.1584 50.1988 50.2204 50.2352 50.2591 50.2784
 50.2897 50.3025 50.3147 50.3309 50.3438 50.3564 50.3698 50.3875 50.4021
 50.4153 50.4332 50.448  50.462  50.4732 50.4875 50.4994 50.5101 50.5231
 50.5379 50.551  50.5619 50.5735 50.5854 50.5975 50.6101 50.6209 50.6311
 50.6433 50.6537 50.6638 50.6737 50.6836 50.6932 50.7049 50.7164 50.7278
 50.7407 50.7532 50.7633 50.7725 50.7815 50.7918 50.8015 50.817  50.8273
 50.8384 50.8493 50.8583 50.8683 50.8784 50.888  50.8979 50.9092 50.9191
 50.9277 50.937  50.9474 50.9571 50.9676 50.9772 50.9866 50.9969 51.0112
 51.0251 51.0361 51.0461 51.0597 51.0718 51.0825 51.0961 51.1066 51.1183
 51.1284 51.1398 51.1518 51.1633 51.1742 51.1862 51.1979 51.2088 51.2196
 51.2335 51.2459 51.2564 51.2697 51.2818 51.2917 51.3027 51.314  51.3273
 51.342  51.3515 51.3628 51.3765 51.3871 51.399  51.4094 51.4294 51.4418
 51.4564 51.468  51.4818 51.4951 51.5122 51.5241 51.5427 51.5555 51.5733
 51.591  51.6056 51.6227 51.64   51.6522 51.6677 51.6851 51.7094 51.7286
 51.7405 51.7559 51.7705 51.7881 51.8072 51.8282 51.8535 51.87   51.8838
 51.9009 51.9207 51.9617 51.9837 52.0176 52.0456 52.0644 52.0865 52.1142
 52.1338 52.1533 52.2468 52.2727 52.3292 52.3546 52.3889 59.444  59.5303
 59.5916 59.7262 59.8147 59.8397 59.9131 59.9496 59.9714
60.0003 60.0287 60.0743 60.1016 60.1901 60.2056 60.2239 60.2468 60.2641
 60.2993 60.3233 60.3549 60.3775 60.3925 60.4193 60.4322 60.4432 60.4561
 60.4748 60.4927 60.5052 60.5258 60.5406 60.5517 60.5654 60.5776 60.5901
 60.6019 60.6159 60.6298 60.6423 60.6536 60.6679 60.6815 60.6928 60.7079
 60.722  60.7335 60.7445 60.7587 60.7718 60.7879 60.8009 60.8149 60.8296
 60.8451 60.8621 60.8748 60.89   60.9053 60.9278 60.9428 60.9578 60.9728
 60.9858 61.0007 61.0146 61.0288 61.0396 61.0594 61.075  61.0923 61.1049
 61.1225 61.1353 61.1475 61.1655 61.1943 61.2097 61.2279 61.2421 61.2546
 61.2733 61.3016 61.3184 61.3346 61.3591 61.3793 61.4009 61.4365 61.4635
 61.5006 61.519  61.5603 61.5804 61.6008 61.6311 61.7418 61.7791 61.8366
 61.8799 61.9066 61.9356 62.0768 62.1378 66.4869 67.7639 67.9532 68.2806
 68.3953 68.4423 68.4672 68.4869 68.5178 68.5681 68.6153 68.6336 68.6507
 68.6711 68.6926 68.7141 68.7295 68.7444 68.7587 68.7708 68.7928 68.8113
 68.83   68.8483 68.8732 68.8905 68.9034 68.9181 68.9331 68.9505 68.9673
 68.9813 69.0037 69.0152 69.0305 69.0421 69.0572 69.0693 69.0826 69.0989
 69.1129 69.1272 69.1389 69.153  69.1657 69.1787 69.1908 69.2024 69.2163
 69.2308 69.2422 69.2544 69.2683 69.2802 69.2956 69.3106 69.3248 69.3364
 69.3492 69.3607 69.3749 69.3902 69.4015 69.4125 69.4233 69.436  69.4481
 69.4585 69.4718 69.4843 69.4971 69.5113 69.5236 69.5338 69.546  69.5602
 69.5728 69.5845 69.5979 69.608  69.6213 69.6342 69.6499 69.6637 69.6784
 69.6952 69.7072 69.719  69.7322 69.7476 69.7602 69.7732 69.7905 69.8035
 69.8206 69.8349 69.8516 69.8705 69.8834 69.8981 69.9166 69.9372 69.9561
 69.9727 69.989

