12.5915 12.7219 12.8243 12.9708 13.0865 13.1442 13.4488 13.4738 13.6107
 13.6662 13.8578 14.1688
22.1529 22.7666 23.3241 23.4177 23.4398 29.7539
32.0088 32.0933 32.2516 32.3293 32.5705 32.5873 32.6498 32.6752 32.7376
40.1997 40.5286 40.8762 40.9561 41.0477 41.3598 41.5544 41.5743 41.6033
 41.6736 41.7204 41.8727 47.1115
50.0737 50.3117 50.3444 50.3929 50.4594 50.6688 50.6909 50.7971 50.8375
 50.8617 51.2869 57.8814 58.9679 59.2019 59.2411 59.2796 59.3188 59.4772
 59.7563 59.8294 59.848  59.9839
67.5374 68.3579 69.032  69.0539 69.1174 69.1333 69.2479

