12.3874 12.7966 13.014  13.1119 13.1455 13.2707 13.3298 13.372  13.3939
 13.4437 13.5209 13.5567 13.6077 13.6243 13.6949 13.7345 13.767  13.831
 13.8799 13.9136 13.9308 13.9441 13.9563 13.9739 13.99   14.0385 14.0623
 14.0813 14.096  14.1161 14.1368 14.1613 14.1767 14.2011 14.2441 14.282
 14.3254 14.3405 14.3577 14.3743 14.3955 14.4293 14.4493 14.4876 14.524
 14.5368 14.5517 14.5703 14.5893 14.6847 14.7113 14.7319 14.7637 14.878
 14.9517 14.9741 19.4395
20.6667 21.5867 22.4253 22.5865 22.678  22.7126 22.7658 22.8513 22.8951
 22.9939 23.0352 23.0837 23.11   23.1433 23.2005 23.2248 23.2463 23.2709
 23.2916 23.3076 23.3242 23.3441 23.3607 23.3833 23.4166 23.4404 23.4545
 23.4733 23.5195 23.5365 23.548  23.5644 23.6019 23.6701 23.7125 23.7954
 23.8157 23.8305 23.848  23.8632 23.8742 23.8895 23.9058 23.9247 23.991
 24.0057 24.0255 24.0496 24.0735 24.086  24.107  24.1254 24.1395 24.1623
 24.1804 24.2608 24.29   24.311  24.3492 27.8171
31.8104 31.9939 32.0349 32.0975 32.1227 32.1538 32.1897 32.2571 32.2883
 32.3304 32.3473 32.3675 32.3906 32.4127 32.4394 32.4578 32.4922 32.5091
 32.5409 32.5637 32.5806 32.6158 32.6388 32.6527 32.6661 32.6838 32.7241
 32.742  32.7586 32.8241 32.8737 32.893  32.9041 32.9165 32.9323 32.9953
 33.01   33.0279 33.0695 33.0804 33.1053 33.1247 33.1369 33.1558 33.1795
 33.1986 33.2209 33.2457 33.2626 33.274  33.2917 33.3052 33.3391 33.3676
 33.3886 33.4019 33.4239 33.4429 33.4644 33.5067 33.5278 33.5471 33.5645
 33.6056 33.6225 33.6417 33.7684 33.8668 33.9025 33.9527
40.7585 40.9315 41.0532 41.1024 41.166  41.2009 41.2201 41.4388 41.4864
 41.5294 41.5855 41.6305 41.6571 41.6993 41.7142 41.7294 41.7527 41.7819
 41.8027 41.8208 41.8436 41.8688 41.8891 41.9035 41.9169 41.9381 41.9861
 42.0013 42.0179 42.0296 42.0475 42.0642 42.0773 42.0873 42.0982 42.1159
 42.1303 42.154  42.1728 42.189  42.203  42.2569 42.2756 42.2894 42.3016
 42.3244 42.3507 42.3969 42.4208 42.4342 42.4547 42.4766 42.4975 42.5221
 42.5345 42.5561 42.5781 42.6009 42.6209 42.6774 42.7012 42.7168 42.7355
 42.7586 42.804  42.8289 42.8512 42.8832 42.9053 42.9273 42.9624 42.9934
 43.0481 43.1326 49.5303 49.6665
50.2618 50.4556 50.4798 50.6759 50.7207 50.7368 50.7489 50.7749 50.7974
 50.8259 50.8387 50.8567 50.872  50.8864 50.904  50.9307 50.9615 50.9908
 51.0197 51.0419 51.0571 51.0739 51.0879 51.1751 51.1943 51.229  51.2754
 51.3091 51.3339 51.3518 51.3728 51.4059 51.434  51.4679 51.5247 51.611
 51.6778 51.7604 51.7856 58.55   58.6159 58.8908 59.2007 59.2716 59.2928
 59.3973 59.4194 59.4562 59.5244 59.6428 59.6874 59.7074 59.7292 59.7779
 59.8085 59.8295 59.8789 59.8959 59.924  59.9572
60.003  60.0175 60.0303 60.0469 60.0673 60.0852 60.116  60.1291 60.1988
 60.2123 60.2332 60.2506 60.2703 60.2866 60.3017 60.3147 60.3306 60.3521
 60.3655 60.3811 60.3978 60.4193 60.4372 60.4821 60.5024 60.5241 60.5354
 60.55   60.5688 60.5939 60.6054 60.6164 60.6358 60.6505 60.6644 60.6954
 60.7429 60.7555 60.7768 60.7962 60.8131 60.8317 60.9168 60.9738 61.0408
 61.0732 61.1121 61.1602 66.9849 67.3347 67.7617 68.1077 68.5958 68.6299
 68.6817 68.7764 68.8055 68.9133 69.0168 69.0917 69.1482 69.1902 69.2486
 69.4389 69.4739 69.4889 69.6061 69.6679 69.7155 69.8032 69.8302 69.8466
 69.8887

