12.1797 12.3802 12.7629 12.8268 12.9397 13.0363 13.1022 13.2567 13.3152
 13.339  13.3813 13.4666 13.51   13.5322 13.5439 13.5582 13.6194 13.6773
 13.6956 13.7363 13.7591 13.8104 13.8258 13.8666 13.881  13.9026 13.9283
 13.9472 14.0038 14.0467 14.0941 14.1084 14.1247 14.1378 14.1533 14.1827
 14.2031 14.225  14.288  14.3073 14.3218 14.3837 14.4436 14.4906
22.0076 22.1108 22.1656 22.6022 22.8206 22.8751 22.9417 22.9707 23.0822
 23.1311 23.1616 23.1833 23.2067 23.2757 23.3023 23.3367 23.3677 23.3923
 23.4279 23.4497 23.471  23.4944 23.5129 23.5355 23.5563 23.5796 23.597
 23.618  23.6815 23.7056 23.7771 23.8129 23.8679 23.8867 23.9018 23.9196
 23.932  23.9665 23.9901 24.027  24.0647 24.0825 24.1096 29.7279
31.1929 31.8657 31.9517 31.9904 32.0723 32.1446 32.1635 32.2    32.2439
 32.2637 32.2932 32.3218 32.354  32.3694 32.4045 32.4322 32.4506 32.5177
 32.5373 32.5638 32.5869 32.6028 32.6302 32.6571 32.6866 32.7284 32.7488
 32.766  32.8051 32.8234 32.8377 32.8739 32.904  32.9491 32.9658 32.9804
 33.0124 33.0312 33.0639 33.0758 33.0946 33.1169 33.1297 33.1521 33.1685
 33.1927 33.2303 33.2515 33.2766 33.3127 33.3902
40.6947 40.9548 41.1238 41.2196 41.2646 41.3579 41.3968 41.4382 41.5274
 41.5445 41.5926 41.6067 41.6336 41.6622 41.6896 41.7127 41.7302 41.7913
 41.8293 41.8518 41.873  41.9007 41.9433 41.9931 42.0189 42.0488 42.0716
 42.0901 42.1079 42.1567 42.1881 42.2162 42.2304 42.2482 42.2672 42.2872
 42.3157 42.3281 42.3413 42.3542 42.3848 42.4078 42.4404 42.4678 42.5043
 42.5376 42.5877 42.6085 42.6347 42.666  47.8729 49.6393 49.9214
50.2457 50.4466 50.4876 50.51   50.5576 50.6257 50.6496 50.6907 50.7491
 50.7652 50.8107 50.8478 50.8916 50.961  51.0175 51.0303 51.0534 51.0993
 51.1156 51.1401 51.1641 51.1911 51.2333 51.2658 51.4276 51.4843 58.2275
 58.6696 58.9959 59.0459 59.2776 59.5356 59.5621 59.7085 59.7763 59.8196
 59.836  59.8594 59.8893 59.9209 59.9488 59.9637 59.9954
60.0162 60.0491 60.0767 60.095  60.1124 60.133  60.1769 60.1937 60.2071
 60.2457 60.2608 60.2919 60.3152 60.3659 60.4094 60.4423 60.4585 60.4822
 60.5398 60.6869 60.7785 60.8201 60.8974 66.3382 68.3972 68.5789 68.6493
 68.7323 68.7501 68.7702 68.8049 68.9747 68.9974 69.1327 69.1617 69.2107
 69.2714 69.3356 69.4285 69.4475 69.5286 69.5776

