11.3159 12.8328 12.8741 12.9276 13.2422 13.4727 13.4999 13.5392 13.5936
 13.6166 13.6565 13.677  13.7065 13.7493 13.7775 13.8233 13.839  13.8521
 13.8695 13.8853 13.9026 13.9228 13.9386 13.9513 13.9658 13.9825 13.9979
 14.0139 14.0296 14.0434 14.0596 14.0761 14.0928 14.105  14.1182 14.133
 14.1502 14.1625 14.1744 14.1874 14.198  14.2075 14.2197 14.2317 14.2424
 14.2527 14.2635 14.2756 14.288  14.3005 14.3123 14.3252 14.338  14.3488
 14.36   14.372  14.3823 14.391  14.4008 14.4119 14.4243 14.4374 14.4486
 14.4602 14.4716 14.4822 14.4921 14.503  14.5148 14.5272 14.5376 14.5506
 14.5614 14.5711 14.5811 14.5903 14.6013 14.611  14.6211 14.6318 14.6423
 14.6529 14.6631 14.6726 14.6851 14.6952 14.7052 14.7166 14.7257 14.7357
 14.7473 14.7575 14.7692 14.781  14.793  14.8035 14.8129 14.8223 14.8319
 14.8405 14.8503 14.8612 14.8734 14.8837 14.8937 14.9032 14.9132 14.922
 14.9311 14.9412 14.9504 14.96   14.9696 14.9791 14.9904 15.0002 15.0099
 15.0195 15.029  15.038  15.0466 15.0556 15.0642 15.0724 15.0805 15.0893
 15.0978 15.1071 15.1173 15.1262 15.1364 15.1469 15.1556 15.1668 15.1768
 15.1867 15.1958 15.2045 15.2134 15.2233 15.2328 15.2429 15.2525 15.2631
 15.2737 15.2825 15.2923 15.3033 15.3133 15.3227 15.3317 15.3402 15.3499
 15.3591 15.3687 15.3778 15.3869 15.3958 15.4051 15.414  15.4244 15.4345
 15.444  15.4547 15.4647 15.4734 15.4836 15.4925 15.5017 15.5098 15.5187
 15.5276 15.5366 15.5462 15.5556 15.5644 15.5728 15.582  15.5917 15.6028
 15.6119 15.6208 15.6303 15.6396 15.6486 15.6586 15.668  15.6777 15.6872
 15.6953 15.7041 15.7154 15.726  15.7346 15.7444 15.7544 15.765  15.7758
 15.7869 15.7965 15.8069 15.8178 15.828  15.8376 15.8485 15.8588 15.8701
 15.8804 15.8917 15.9014 15.9131 15.9247 15.9359 15.9489 15.9603 15.9728
 15.9837 15.9963 16.0091 16.02   16.0325 16.0448 16.0571 16.0691 16.0815
 16.0924 16.1045 16.1184 16.1294 16.1437 16.1571 16.1701 16.1848 16.2036
 16.2236 16.2459 16.2662 16.2802 16.2936 16.3088 16.3343 16.3574 16.3816
 16.4317 16.4756 16.5105 16.5507 16.5829 16.6093 16.6618 16.7179 16.7514
 16.7884 16.8479 16.8992
21.2779 21.7148 22.4586 22.7067 22.7719 22.84   22.8887 22.9264 22.9479
 22.994  23.0361 23.0612 23.0917 23.13   23.2113 23.2277 23.2485 23.2661
 23.3082 23.3275 23.3577 23.3716 23.3918 23.4153 23.4284 23.4423 23.4584
 23.4815 23.4975 23.5102 23.5259 23.5463 23.5579 23.5686 23.5817 23.5993
 23.6125 23.6307 23.6427 23.6576 23.6766 23.6884 23.7012 23.7128 23.7239
 23.7379 23.75   23.7611 23.7737 23.7875 23.7974 23.8091 23.8196 23.8306
 23.8429 23.8545 23.8674 23.8783 23.8886 23.9034 23.9143 23.9257 23.937
 23.9497 23.9614 23.975  23.9844 23.9927 24.0011 24.0095 24.0199 24.0299
 24.0391 24.0496 24.0591 24.0686 24.0795 24.0911 24.1009 24.1111 24.1214
 24.1313 24.1421 24.1541 24.1659 24.1771 24.1898 24.2005 24.2111 24.2204
 24.2319 24.2424 24.2521 24.263  24.2749 24.2877 24.2965 24.3064 24.3181
 24.3266 24.3367 24.3468 24.3554 24.3646 24.3735 24.3867 24.3971 24.4064
 24.4165 24.4253 24.435  24.444  24.4529 24.4624 24.4721 24.4833 24.4934
 24.5039 24.5136 24.5225 24.5313 24.5397 24.5496 24.5604 24.5728 24.5825
 24.5934 24.6049 24.6154 24.6255 24.6376 24.6518 24.6628 24.6749 24.6866
 24.6966 24.7061 24.7154 24.725  24.7354 24.7452 24.7547 24.7656 24.7749
 24.7844 24.793  24.8042 24.8138 24.8227 24.833  24.8438 24.8533 24.863
 24.8739 24.8864 24.8955 24.9058 24.9158 24.9269 24.9382 24.9473 24.9561
 24.9649 24.976  24.987  24.999  25.0095 25.0203 25.0306 25.0411 25.0526
 25.0645 25.0748 25.0851 25.0953 25.1062 25.1163 25.1268 25.1381 25.1493
 25.1598 25.1698 25.1802 25.1909 25.2001 25.2127 25.224  25.2341 25.2449
 25.2551 25.266  25.2763 25.2875 25.2988 25.3103 25.32   25.3293 25.3408
 25.3521 25.3638 25.3761 25.3897 25.4011 25.413  25.4269 25.4381 25.4517
 25.465  25.4781 25.4895 25.5008 25.5172 25.5286 25.5415 25.5533 25.5674
 25.5829 25.5981 25.6137 25.6283 25.6422 25.6581 25.6781 25.6978 25.7124
 25.7327 25.7479 25.7736 25.792  25.8093 25.8339 25.8508 25.8742 25.9087
 25.9485 26.059  26.0902 26.1309 26.1694 26.2486
31.1723 31.2181 31.3507 31.7868 31.8463 31.9144 31.9415 31.9999 32.0225
 32.0486 32.0915 32.116  32.135  32.1542 32.1773 32.1974 32.22   32.237
 32.2563 32.2799 32.3064 32.3371 32.3855 32.4106 32.43   32.4471 32.465
 32.5084 32.522  32.5378 32.5549 32.5724 32.5881 32.6235 32.6357 32.6508
 32.6616 32.6752 32.6851 32.6974 32.708  32.7198 32.7322 32.7459 32.757
 32.7677 32.7829 32.7965 32.8084 32.8191 32.8319 32.8451 32.8567 32.8658
 32.8781 32.8889 32.8999 32.9112 32.9232 32.9333 32.9434 32.9534 32.9654
 32.9788 32.9892 33.0008 33.0119 33.0235 33.0372 33.0487 33.0581 33.0674
 33.0787 33.0879 33.0995 33.1111 33.1213 33.1325 33.1427 33.1533 33.1633
 33.1736 33.1842 33.1942 33.203  33.2126 33.2218 33.2313 33.2405 33.2494
 33.2581 33.2673 33.2771 33.2877 33.2959 33.3066 33.3162 33.3266 33.3362
 33.3452 33.3548 33.3644 33.3735 33.3836 33.3933 33.4033 33.414  33.4244
 33.435  33.4442 33.4576 33.4658 33.4751 33.4841 33.4928 33.503  33.5129
 33.5226 33.532  33.5417 33.5506 33.56   33.5686 33.5773 33.5855 33.594
 33.6033 33.6121 33.6205 33.6293 33.6379 33.6463 33.6551 33.6633 33.6712
 33.6794 33.6883 33.6975 33.7068 33.7162 33.7247 33.7333 33.7429 33.7516
 33.7606 33.7706 33.7804 33.7892 33.7972 33.8057 33.8141 33.8223 33.8309
 33.8392 33.8475 33.8562 33.8652 33.874  33.8831 33.8935 33.9024 33.9118
 33.9214 33.9313 33.9394 33.948  33.957  33.9656 33.9735 33.9813 33.9895
 33.9974 34.0068 34.0158 34.0239 34.0329 34.0408 34.0488 34.0567 34.0652
 34.0742 34.0828 34.0915 34.0999 34.109  34.1175 34.1259 34.1345 34.1434
 34.1517 34.1608 34.1702 34.1798 34.1888 34.1979 34.2063 34.2147 34.2233
 34.2317 34.2397 34.2473 34.2562 34.2653 34.2734 34.2824 34.2918 34.2996
 34.308  34.3166 34.3254 34.3336 34.3421 34.3503 34.3585 34.3669 34.3753
 34.384  34.3932 34.4012 34.4098 34.4181 34.4272 34.4364 34.4446 34.4521
 34.46   34.4686 34.4765 34.4856 34.4943 34.5026 34.5108 34.5197 34.5282
 34.5371 34.5464 34.5551 34.5634 34.572  34.5814 34.5894 34.5981 34.6075
 34.6164 34.6255 34.6354 34.644  34.6532 34.6621 34.6711 34.6794 34.6878
 34.6963 34.7052 34.7149 34.7233 34.7339 34.7428 34.7528 34.7619 34.7712
 34.7814 34.7913 34.8012 34.8116 34.8207 34.8314 34.8418 34.8511 34.8609
 34.8722 34.8827 34.8934 34.9029 34.9144 34.9257 34.9372 34.9507 34.9635
 34.9753 34.9884 35.003  35.0159 35.03   35.0456 35.0593 35.0732 35.0872
 35.101  35.1155 35.1328 35.149  35.1662 35.1849 35.2018 35.216  35.2308
 35.2506 35.2699 35.3009 35.32   35.3383 35.3652 35.3845 35.4142 35.4488
 35.4727 35.4936 35.5346 35.5983 35.6304 35.6659 35.8109
40.3097 40.6388 40.6738 41.363  41.4022 41.4348 41.4652 41.4927 41.5096
 41.5273 41.5458 41.5676 41.5803 41.6016 41.653  41.6778 41.7235 41.7517
 41.7702 41.7932 41.8091 41.828  41.8444 41.8619 41.8762 41.8932 41.905
 41.9179 41.9318 41.9535 41.9725 41.9864 41.9977 42.0097 42.0216 42.033
 42.0469 42.0611 42.0718 42.082  42.0935 42.1039 42.1139 42.1261 42.1396
 42.1543 42.1657 42.1767 42.1903 42.2053 42.2214 42.2318 42.2441 42.2542
 42.2659 42.2757 42.2891 42.2999 42.3098 42.3214 42.3301 42.3409 42.3505
 42.3589 42.3701 42.3796 42.3894 42.4021 42.4146 42.426  42.4378 42.449
 42.4617 42.4732 42.4855 42.4959 42.5063 42.5169 42.5259 42.537  42.5483
 42.5572 42.5662 42.5746 42.583  42.5911 42.6009 42.611  42.6211 42.6313
 42.6419 42.6524 42.6627 42.6723 42.683  42.6918 42.7032 42.7131 42.723
 42.7322 42.7421 42.7518 42.7606 42.7686 42.7787 42.7885 42.7988 42.8075
 42.816  42.8259 42.8365 42.8449 42.8551 42.8641 42.8742 42.8823 42.891
 42.8997 42.9087 42.918  42.9269 42.9369 42.9459 42.9545 42.9628 42.9713
 42.9803 42.989  42.9987 43.0086 43.0187 43.0274 43.039  43.0526 43.0614
 43.0708 43.08   43.0884 43.0962 43.1042 43.113  43.1217 43.1312 43.1397
 43.149  43.1582 43.1669 43.1755 43.1841 43.1929 43.2024 43.2116 43.221
 43.2289 43.2371 43.2462 43.2544 43.2641 43.2729 43.2823 43.291  43.2994
 43.3078 43.3163 43.3248 43.3332 43.3416 43.3512 43.3595 43.3687 43.3781
 43.3865 43.3952 43.4039 43.4125 43.4213 43.4299 43.4393 43.4478 43.4568
 43.465  43.4734 43.4828 43.4918 43.5007 43.5098 43.5185 43.5274 43.5364
 43.5449 43.5534 43.5617 43.5701 43.579  43.5876 43.596  43.6047 43.613
 43.6216 43.6301 43.6392 43.6486 43.6577 43.666  43.6742 43.6826 43.6909
 43.6999 43.7084 43.7175 43.7262 43.7349 43.7437 43.7517 43.7596 43.7681
 43.7773 43.7864 43.7949 43.8041 43.8129 43.8213 43.8298 43.8388 43.8472
 43.8555 43.8637 43.8727 43.8825 43.8908 43.9003 43.9096 43.9187 43.9278
 43.9364 43.9449 43.9545 43.9639 43.974  43.985  43.9939 44.0032 44.0127
 44.0216 44.0311 44.041  44.0504 44.0609 44.0706 44.0803 44.0905 44.1023
 44.1121 44.123  44.1324 44.1429 44.1565 44.1689 44.1797 44.1913 44.203
 44.2155 44.2274 44.2409 44.2556 44.2666 44.2798 44.2912 44.3058 44.3209
 44.3358 44.3485 44.3608 44.3774 44.3919 44.4077 44.4217 44.4489 44.4663
 44.4859 44.5252 44.5515 44.5758 44.5959 44.6385 44.6583 44.676  44.7003
 44.7412 44.7665 44.797  44.9183 49.9365
50.1601 50.4364 50.5522 50.5825 50.6143 50.6366 50.6539 50.681  50.7095
 50.7267 50.7489 50.7774 50.7949 50.8269 50.8405 50.858  50.8851 50.901
 50.9358 50.9519 50.9643 50.9819 51.003  51.0174 51.0344 51.059  51.0807
 51.0967 51.1102 51.125  51.1377 51.1574 51.1709 51.1842 51.1986 51.2127
 51.2289 51.2424 51.2559 51.2696 51.2788 51.2928 51.3054 51.3163 51.329
 51.3404 51.3522 51.3658 51.3851 51.3991 51.4102 51.4224 51.4391 51.4523
 51.4636 51.4801 51.4913 51.5021 51.5152 51.5273 51.538  51.5527 51.5629
 51.5722 51.583  51.597  51.6097 51.6221 51.6365 51.6496 51.6619 51.6739
 51.685  51.6953 51.7069 51.7229 51.7376 51.7509 51.761  51.7706 51.7806
 51.7898 51.8002 51.8128 51.8227 51.8357 51.8486 51.8602 51.8753 51.8867
 51.8988 51.9118 51.9254 51.9374 51.9511 51.9616 51.9727 51.9862 52.0026
 52.0168 52.0272 52.0419 52.0542 52.0649 52.076  52.0892 52.1    52.1121
 52.1232 52.1335 52.1451 52.1567 52.1674 52.1785 52.1924 52.2047 52.2183
 52.2286 52.2413 52.2517 52.2628 52.2743 52.287  52.2962 52.3061 52.3204
 52.3333 52.3455 52.3568 52.3726 52.3848 52.397  52.4093 52.4219 52.434
 52.4441 52.4555 52.4655 52.4788 52.4899 52.4997 52.511  52.5211 52.5319
 52.5446 52.5563 52.5663 52.5792 52.5925 52.6054 52.6171 52.6299 52.6391
 52.6494 52.6617 52.6743 52.6869 52.698  52.7102 52.7207 52.7319 52.7441
 52.7541 52.769  52.7826 52.7983 52.8168 52.8289 52.8463 52.8581 52.8708
 52.8843 52.8979 52.9138 52.9278 52.943  52.9568 52.9708 52.9877 53.0028
 53.0162 53.031  53.0436 53.0611 53.08   53.0989 53.1188 53.1321 53.1553
 53.1685 53.1848 53.2057 53.2214 53.247  53.2819 53.3017 53.3301 53.3637
 53.4008 53.4725 53.5292 53.5553 53.6156 59.2629 59.4024 59.4669 59.5449
 59.5788 59.6119 59.6419 59.6644 59.6847 59.7304 59.7535 59.7734 59.792
 59.8095 59.826  59.8658 59.8866 59.9015 59.926  59.9459 59.9762 59.9957
60.0113 60.0247 60.0414 60.0652 60.0814 60.0961 60.1082 60.1213 60.1401
 60.1524 60.1682 60.1829 60.195  60.21   60.2236 60.2372 60.248  60.2611
 60.2739 60.2884 60.2998 60.3116 60.3239 60.3361 60.3471 60.3589 60.3722
 60.3873 60.3979 60.4077 60.4196 60.4291 60.4415 60.4514 60.4624 60.4755
 60.4866 60.4975 60.5106 60.5204 60.531  60.5415 60.5504 60.5616 60.5719
 60.5831 60.5938 60.6028 60.6155 60.6251 60.6391 60.649  60.6584 60.6666
 60.6762 60.6869 60.6974 60.7075 60.7176 60.7264 60.736  60.7475 60.7585
 60.7677 60.7796 60.7919 60.802  60.8121 60.8212 60.8303 60.8398 60.8492
 60.8599 60.8696 60.8809 60.8933 60.9025 60.9128 60.9225 60.9316 60.9418
 60.951  60.9597 60.9689 60.9772 60.9883 60.9969 61.0064 61.0147 61.0236
 61.0327 61.0428 61.052  61.0604 61.0704 61.081  61.0899 61.1004 61.1108
 61.1202 61.1299 61.1401 61.1504 61.1601 61.1698 61.1787 61.1883 61.1986
 61.2085 61.22   61.2314 61.2413 61.2528 61.2635 61.2731 61.2832 61.2925
 61.3022 61.312  61.3219 61.3311 61.3403 61.35   61.3587 61.3682 61.3781
 61.3893 61.3989 61.4089 61.4185 61.4283 61.4372 61.446  61.4574 61.467
 61.4767 61.4855 61.4959 61.5055 61.5151 61.5252 61.5341 61.5421 61.5513
 61.56   61.5697 61.5791 61.5901 61.5996 61.609  61.6182 61.6274 61.6378
 61.6475 61.658  61.6689 61.6793 61.6886 61.6992 61.7088 61.7192 61.7313
 61.7417 61.7538 61.7626 61.7712 61.7814 61.7925 61.8025 61.8122 61.8224
 61.832  61.8412 61.8523 61.8619 61.8714 61.882  61.8931 61.903  61.9125
 61.9235 61.9328 61.9437 61.9529 61.9638 61.974  61.9843 61.9953 62.0071
 62.0176 62.0279 62.0382 62.0481 62.0576 62.0679 62.0788 62.0895 62.1003
 62.112  62.1238 62.1373 62.1481 62.1593 62.1703 62.1833 62.1986 62.2094
 62.2213 62.2358 62.2468 62.2616 62.2739 62.2873 62.2998 62.3165 62.3371
 62.3512 62.3692 62.3887 62.4039 62.4227 62.4397 62.4558 62.4726 62.4909
 62.5112 62.538  62.5591 62.583  62.6111 62.6287 62.6559 62.7186 62.7392
 62.7885 62.861  62.9876 63.0433 67.9003 68.0428 68.074  68.4052 68.4559
 68.6039 68.6586 68.7491 68.8361 68.8586 68.9737 68.9878 69.0287 69.0445
 69.1127 69.1553 69.1818 69.209  69.2324 69.2497 69.2792 69.3026 69.3192
 69.3338 69.3547 69.3904 69.4049 69.4267 69.4484 69.4721 69.4894 69.5015
 69.5201 69.5376 69.5534 69.5759 69.5933 69.6076 69.6209 69.6361 69.6526
 69.6789 69.7034 69.7145 69.725  69.737  69.7537 69.7684 69.7797 69.7929
 69.8081 69.8215 69.8363 69.85   69.87   69.8844 69.9023 69.9163 69.9403
 69.953  69.9648 69.983

