12.946  13.3382 13.4969 13.6075 13.8085 14.1077 14.1496 14.2849 14.3304
 14.3806 14.4209
22.5042 23.1047 23.3335 23.4042 23.488  23.5867 23.6259 23.696  23.7782
 23.8356 23.9508 23.9947 24.1573
31.4326 32.0272 32.5039 32.5864 32.6159 32.6423 32.6631 32.7227 32.7775
 32.8133 32.8334 32.8743 32.8957 32.9678 32.992  33.0074 33.0633 33.0911
 33.1163 33.1741 33.1969 33.2202 33.2637 33.4151 33.4601
41.4296 41.5121 41.6679 41.7384 41.8047 41.8869 41.9601 41.9932 42.1156
 42.1345 42.1683 42.1959 42.2674 42.2931 42.3422 42.3695 42.3882 42.4299
 42.4508 42.4736 42.5543 42.6175 48.5205
50.8388 50.9704 51.0948 51.161  51.2216 51.2844 51.3134 51.4487 59.029
 59.6397 59.674  59.6899 59.7247 59.8441 59.9078
60.0146 60.1588 60.2004 60.3385 60.378  60.4404 60.5463 60.8143 68.5069
 69.1708 69.2404 69.2776 69.4853 69.5648 69.6193 69.6533 69.748

