12.5688 12.6533 12.8717 12.9006 13.2475 13.2977 13.4148 13.4874 13.5242
 13.5495 13.5678 13.5884 13.6156 13.6489 13.6648 13.6799 13.7217 13.7427
 13.7614 13.7922 13.8085 13.8218 13.8419 13.8624 13.8803 13.8992 13.9098
 13.924  13.944  13.9654 13.98   13.9967 14.0217 14.0394 14.0518 14.0693
 14.0894 14.1046 14.1252 14.1385 14.1519 14.1649 14.1796 14.1917 14.2046
 14.222  14.2371 14.2503 14.2627 14.2746 14.2907 14.3027 14.3146 14.324
 14.3338 14.3435 14.3529 14.3687 14.3816 14.3921 14.4037 14.4145 14.4247
 14.4342 14.4463 14.4584 14.47   14.4806 14.4904 14.5008 14.5106 14.5211
 14.5302 14.5409 14.5505 14.5599 14.5693 14.5799 14.5894 14.6003 14.6122
 14.6253 14.6367 14.6468 14.6579 14.6679 14.6781 14.6867 14.6955 14.7042
 14.7143 14.7251 14.7351 14.7466 14.7559 14.7668 14.7755 14.7849 14.7942
 14.8033 14.8139 14.8234 14.8329 14.8422 14.851  14.8606 14.8717 14.8812
 14.8906 14.8991 14.9086 14.9172 14.9276 14.936  14.9448 14.9555 14.9652
 14.9742 14.9838 14.9936 15.0029 15.0149 15.0238 15.0346 15.0442 15.053
 15.0611 15.0704 15.0787 15.0871 15.0955 15.1041 15.1135 15.1224 15.1311
 15.1403 15.1489 15.159  15.1682 15.1771 15.1852 15.1941 15.2039 15.2143
 15.2234 15.2331 15.2432 15.2527 15.2618 15.2714 15.2809 15.2899 15.3004
 15.3098 15.3199 15.33   15.3396 15.3489 15.3592 15.3698 15.3791 15.391
 15.4015 15.4116 15.4218 15.4309 15.4408 15.4514 15.464  15.4759 15.4864
 15.4961 15.5082 15.5207 15.5302 15.5426 15.5552 15.5663 15.5769 15.5878
 15.6005 15.6107 15.6222 15.6359 15.6489 15.6624 15.6737 15.6867 15.6981
 15.711  15.7235 15.7356 15.75   15.7619 15.7752 15.7891 15.8044 15.8206
 15.8363 15.8494 15.8677 15.8894 15.9124 15.9336 15.9618 15.9839 15.9982
 16.0173 16.0388 16.0744 16.0999 16.1164 16.1337 16.1568 16.1974 16.2174
 16.2418 16.2649 16.3072 16.3392 16.3743
22.3636 22.3894 22.6597 22.7972 22.8393 22.9537 23.0321 23.052  23.0702
 23.1085 23.1575 23.1816 23.2208 23.2408 23.2791 23.3241 23.3457 23.3754
 23.4065 23.4267 23.4493 23.4723 23.5052 23.5199 23.535  23.5638 23.5778
 23.5899 23.6054 23.623  23.642  23.6555 23.6703 23.684  23.6961 23.7115
 23.7358 23.7519 23.7717 23.7917 23.8091 23.8241 23.837  23.8507 23.8648
 23.8787 23.8888 23.8994 23.9097 23.9204 23.9349 23.9479 23.9607 23.9742
 23.986  24.0022 24.0125 24.0224 24.0343 24.0468 24.0584 24.0687 24.0833
 24.0953 24.109  24.12   24.1309 24.1428 24.1539 24.1654 24.1774 24.1876
 24.2009 24.2114 24.2216 24.2313 24.2414 24.2518 24.2623 24.2742 24.2851
 24.2948 24.3053 24.3161 24.329  24.3384 24.3477 24.3581 24.3693 24.3822
 24.3934 24.404  24.4149 24.4256 24.4349 24.4451 24.4546 24.4642 24.4754
 24.4856 24.4955 24.5057 24.5159 24.5249 24.5345 24.545  24.5551 24.5646
 24.574  24.5848 24.5942 24.6036 24.613  24.6219 24.6316 24.6421 24.6508
 24.6604 24.6693 24.6784 24.6883 24.6978 24.707  24.7167 24.7268 24.7365
 24.7467 24.7574 24.7661 24.7752 24.784  24.7928 24.8024 24.8117 24.8208
 24.8312 24.8402 24.8511 24.8612 24.8726 24.8834 24.8932 24.9018 24.9125
 24.9226 24.9331 24.9438 24.9536 24.9624 24.9731 24.9831 24.9929 25.0023
 25.013  25.0252 25.0374 25.0487 25.0601 25.071  25.0817 25.0918 25.1025
 25.1128 25.1245 25.136  25.1463 25.1569 25.1681 25.1805 25.1909 25.2037
 25.2189 25.2335 25.2476 25.2646 25.2749 25.2881 25.3052 25.3183 25.3316
 25.349  25.364  25.3767 25.3908 25.4118 25.4298 25.4448 25.4605 25.4784
 25.4973 25.5208 25.543  25.5586 25.5764 25.6028 25.6297 25.7348 25.7733
 25.8031 25.8373 25.8951
31.2899 31.6564 31.693  31.9076 31.9345 32.0075 32.0544 32.1762 32.1972
 32.2304 32.2925 32.3187 32.3418 32.3607 32.3807 32.4053 32.4267 32.443
 32.4592 32.5015 32.5227 32.5371 32.5527 32.5692 32.5887 32.6021 32.6163
 32.63   32.6424 32.6566 32.6737 32.691  32.7136 32.7266 32.736  32.7501
 32.7619 32.7776 32.7904 32.8012 32.812  32.8224 32.8329 32.8462 32.8591
 32.8726 32.8862 32.9029 32.9156 32.9259 32.9374 32.9468 32.9561 32.965
 32.9751 32.9863 32.9975 33.0098 33.0211 33.03   33.0409 33.0509 33.0599
 33.0704 33.0805 33.0905 33.1006 33.1103 33.1199 33.1292 33.1389 33.1482
 33.16   33.171  33.1825 33.1927 33.203  33.2124 33.2223 33.2325 33.2425
 33.2526 33.2627 33.2724 33.2817 33.2923 33.3019 33.3115 33.3203 33.3297
 33.3384 33.349  33.3584 33.3685 33.3772 33.3863 33.3951 33.4035 33.4108
 33.4186 33.4268 33.4348 33.443  33.4517 33.46   33.4685 33.4765 33.4855
 33.4941 33.5038 33.5122 33.5212 33.53   33.5385 33.5483 33.5579 33.5668
 33.5755 33.5848 33.593  33.6018 33.6116 33.6214 33.6305 33.6389 33.6473
 33.6557 33.6653 33.674  33.6821 33.6905 33.6984 33.7069 33.7149 33.7237
 33.732  33.7394 33.7476 33.7566 33.7651 33.7745 33.7842 33.7921 33.8011
 33.81   33.8189 33.8272 33.8357 33.8442 33.8527 33.8615 33.8697 33.8795
 33.8884 33.8969 33.9056 33.9138 33.9228 33.9312 33.9395 33.948  33.9562
 33.9642 33.9725 33.9807 33.9891 33.9972 34.0061 34.0145 34.0227 34.0315
 34.0401 34.0486 34.0565 34.0653 34.0734 34.0815 34.0897 34.0984 34.1066
 34.1148 34.1227 34.1309 34.1392 34.1476 34.1561 34.1643 34.1728 34.1817
 34.1904 34.1996 34.2085 34.2172 34.2267 34.2354 34.2437 34.2525 34.2617
 34.2698 34.2787 34.2876 34.2965 34.3053 34.3143 34.3234 34.3322 34.341
 34.3503 34.3599 34.3694 34.379  34.3886 34.3982 34.409  34.4182 34.4281
 34.4385 34.4494 34.4604 34.4715 34.4828 34.4947 34.5049 34.5153 34.5241
 34.534  34.5443 34.556  34.5677 34.5787 34.5904 34.6021 34.614  34.6253
 34.6372 34.6499 34.6624 34.6756 34.6872 34.6987 34.7122 34.7226 34.7348
 34.7486 34.7669 34.7804 34.7923 34.8057 34.8191 34.8335 34.8539 34.8691
 34.8846 34.9055 34.9186 34.9311 34.9447 34.9592 34.9837 35.0106 35.0291
 35.0474 35.0632 35.0839 35.1069 35.1392 35.1627 35.2004 35.2407 35.2989
40.9637 41.1304 41.2265 41.2889 41.3651 41.3834 41.4143 41.4357 41.4563
 41.4739 41.4998 41.5285 41.5498 41.5836 41.6246 41.6486 41.6755 41.7068
 41.7243 41.7659 41.786  41.8226 41.8404 41.8527 41.8713 41.8897 41.9069
 41.9275 41.9439 41.962  41.9773 41.9931 42.0083 42.02   42.0339 42.0489
 42.0651 42.0814 42.0942 42.1074 42.119  42.1318 42.1421 42.1587 42.1744
 42.1883 42.2005 42.2168 42.2266 42.239  42.2524 42.2633 42.2745 42.284
 42.2953 42.306  42.3166 42.3292 42.3423 42.3557 42.3675 42.3785 42.3912
 42.4037 42.4139 42.4251 42.4353 42.4446 42.4534 42.4635 42.4729 42.4821
 42.4916 42.5007 42.51   42.5213 42.5317 42.5411 42.5501 42.5621 42.5715
 42.5833 42.5918 42.6015 42.6117 42.6214 42.6323 42.6411 42.6501 42.6602
 42.6693 42.6798 42.6887 42.6974 42.7077 42.7174 42.7264 42.7354 42.7444
 42.7544 42.7646 42.7737 42.7824 42.7919 42.8007 42.8105 42.8207 42.8305
 42.8384 42.8492 42.8588 42.8684 42.8775 42.8862 42.8952 42.9054 42.9136
 42.9223 42.931  42.94   42.9484 42.9576 42.9659 42.9748 42.9833 42.9918
 43.0006 43.0101 43.019  43.028  43.0381 43.0464 43.0542 43.0634 43.0722
 43.0802 43.0892 43.0987 43.1074 43.1161 43.1248 43.134  43.1436 43.1523
 43.1605 43.1696 43.1781 43.1861 43.1942 43.2027 43.211  43.2195 43.2287
 43.2371 43.2462 43.2548 43.2638 43.2722 43.2815 43.2909 43.3    43.3088
 43.3183 43.3269 43.3349 43.3435 43.3518 43.3602 43.3684 43.3775 43.3865
 43.3949 43.4039 43.413  43.4213 43.4306 43.4401 43.4503 43.4588 43.4683
 43.4776 43.4868 43.4961 43.5055 43.5146 43.5235 43.5316 43.5414 43.5504
 43.5582 43.5676 43.5773 43.5875 43.5973 43.6064 43.6168 43.6267 43.6361
 43.6448 43.6543 43.6655 43.6765 43.6871 43.6971 43.7068 43.7166 43.7263
 43.7367 43.7484 43.7603 43.7732 43.7853 43.7952 43.8052 43.8165 43.828
 43.8387 43.8508 43.8615 43.8738 43.8851 43.8981 43.9122 43.9243 43.9369
 43.9484 43.9603 43.9757 43.9881 44.0014 44.016  44.0302 44.0463 44.0603
 44.0762 44.0976 44.1142 44.1311 44.1524 44.1706 44.1883 44.2033 44.2224
 44.2459 44.2627 44.2811 44.3001 44.3235 44.3429 44.3658 44.3998 44.4737
 44.5469 44.601
50.0643 50.2101 50.2813 50.3297 50.4453 50.6068 50.6912 50.7527 50.7728
 50.7905 50.8157 50.8445 50.8772 50.9091 50.9242 50.9537 50.9881 51.0067
 51.0273 51.0467 51.067  51.0996 51.133  51.1535 51.1716 51.1876 51.2052
 51.2202 51.2349 51.2579 51.2728 51.2853 51.2981 51.3128 51.3288 51.3442
 51.36   51.3773 51.3926 51.4091 51.4268 51.4427 51.456  51.4676 51.4835
 51.4983 51.5096 51.5224 51.5332 51.5468 51.5597 51.571  51.5818 51.5972
 51.6132 51.6278 51.6388 51.6505 51.6649 51.6787 51.6908 51.7012 51.7108
 51.7215 51.7321 51.75   51.7625 51.7759 51.787  51.7974 51.8098 51.8196
 51.8313 51.8468 51.8584 51.8682 51.8799 51.8899 51.9008 51.9139 51.9241
 51.9366 51.947  51.9573 51.9686 51.9794 51.9924 52.004  52.0161 52.0267
 52.0379 52.0488 52.0618 52.0729 52.0835 52.0961 52.1052 52.1152 52.1256
 52.1366 52.1483 52.1584 52.1686 52.1803 52.1901 52.2026 52.2141 52.2258
 52.2392 52.2498 52.2633 52.2739 52.2855 52.2966 52.3084 52.3205 52.3331
 52.3453 52.3572 52.3705 52.3808 52.3933 52.4069 52.4205 52.4357 52.4508
 52.4619 52.4731 52.4839 52.4972 52.5104 52.5227 52.5333 52.547  52.5587
 52.5751 52.5867 52.6017 52.6129 52.6246 52.6377 52.6524 52.668  52.6805
 52.6954 52.7096 52.7289 52.7451 52.7585 52.7746 52.788  52.8051 52.82
 52.8486 52.87   52.8857 52.906  52.9199 52.9379 52.9617 52.9786 53.0016
 53.0189 53.0377 53.0597 53.0788 53.0987 53.1175 53.1427 53.1651 53.1935
 53.2389 53.3117 57.8548 59.3326 59.4274 59.4804 59.5105 59.5504 59.6467
 59.6938 59.7199 59.7608 59.7792 59.8046 59.8184 59.847  59.8768 59.9681
 59.9941
60.0086 60.0352 60.0527 60.0686 60.0813 60.0949 60.1078 60.1224 60.1382
 60.1551 60.1702 60.1873 60.2018 60.2169 60.2287 60.2475 60.2641 60.2784
 60.2988 60.3118 60.3253 60.3399 60.3546 60.3778 60.3922 60.4043 60.4207
 60.4319 60.4458 60.456  60.4664 60.4799 60.4924 60.5056 60.5213 60.5324
 60.5436 60.5569 60.5773 60.5894 60.5994 60.6125 60.6236 60.634  60.6441
 60.6543 60.665  60.6751 60.6869 60.6987 60.709  60.72   60.7307 60.742
 60.7519 60.7621 60.7726 60.7839 60.7955 60.8064 60.8194 60.8294 60.8406
 60.8492 60.8597 60.8698 60.88   60.8894 60.9004 60.9103 60.9203 60.9314
 60.9421 60.9522 60.9626 60.9727 60.9822 60.9911 60.9995 61.0083 61.0171
 61.0257 61.035  61.044  61.054  61.0644 61.0763 61.0861 61.0967 61.1059
 61.1158 61.127  61.1382 61.1472 61.1566 61.1646 61.1731 61.182  61.1918
 61.2021 61.2112 61.22   61.2294 61.2383 61.2471 61.2558 61.2649 61.2735
 61.2834 61.2928 61.3028 61.312  61.3217 61.3306 61.3388 61.3475 61.3561
 61.3648 61.3742 61.3831 61.3916 61.4002 61.409  61.4181 61.4279 61.4365
 61.4446 61.4537 61.4634 61.473  61.4831 61.4917 61.5009 61.5092 61.5182
 61.5279 61.5372 61.5476 61.5572 61.567  61.576  61.5858 61.5959 61.605
 61.6145 61.6237 61.6335 61.6425 61.6534 61.6641 61.674  61.6838 61.6955
 61.7062 61.716  61.7267 61.7386 61.7481 61.7589 61.7701 61.7801 61.7913
 61.8025 61.8126 61.8217 61.8328 61.8466 61.8583 61.8685 61.8788 61.8911
 61.9041 61.917  61.9307 61.9419 61.9538 61.9673 61.9845 62.0025 62.0144
 62.0289 62.0422 62.0537 62.0652 62.0814 62.0965 62.1101 62.1326 62.1512
 62.1684 62.1848 62.2077 62.2279 62.2495 62.2672 62.285  62.3067 62.3306
 62.3554 62.4087 62.4452 62.6092 65.3668 67.7998 68.1334 68.6153 68.8009
 68.9078 68.978  69.0913 69.1149 69.1469 69.1813 69.2059 69.2279 69.2432
 69.2627 69.276  69.3011 69.3196 69.3364 69.3544 69.3684 69.384  69.4004
 69.4184 69.4845 69.5013 69.5237 69.5488 69.5666 69.5781 69.5908 69.6023
 69.6144 69.6305 69.6422 69.6576 69.6693 69.685  69.7027 69.7147 69.7335
 69.7479 69.7616 69.7804 69.799  69.8126 69.8244 69.8377 69.8512 69.8667
 69.8816 69.8933 69.9062 69.9225 69.9444 69.9587 69.9736 69.9861

