13.2631 13.3776 13.4528 13.5388 13.6149 13.6514 13.6706 13.7007 13.7308
 13.7593 13.78   13.7985 13.8467 13.8753 13.9029 13.9351 13.9534 13.9726
 14.0039 14.0312 14.0484 14.0672 14.0952 14.1167 14.1334 14.1499 14.1792
 14.1993 14.219  14.2436 14.2609 14.2793 14.2934 14.3088 14.3236 14.3413
 14.3615 14.376  14.3899 14.4048 14.4179 14.4339 14.4446 14.4543 14.4674
 14.4797 14.4941 14.5112 14.5313 14.5497 14.5685 14.5814 14.5935 14.6059
 14.6169 14.6267 14.638  14.6488 14.6633 14.6743 14.6858 14.6999 14.7109
 14.724  14.7345 14.7486 14.7603 14.772  14.7829 14.7961 14.8078 14.8193
 14.8335 14.845  14.8551 14.8681 14.8801 14.8902 14.9005 14.9106 14.9232
 14.9381 14.9491 14.9613 14.9726 14.9879 14.9985 15.0081 15.0182 15.0287
 15.038  15.0473 15.0566 15.0658 15.0751 15.0849 15.095  15.1039 15.1138
 15.1244 15.1346 15.1448 15.1547 15.1641 15.174  15.1845 15.1928 15.2017
 15.2108 15.2207 15.2306 15.2406 15.2507 15.2602 15.2699 15.2785 15.2874
 15.2968 15.3052 15.314  15.3229 15.3328 15.3428 15.3514 15.3609 15.3697
 15.3798 15.3891 15.4006 15.4097 15.4191 15.4301 15.4412 15.4511 15.4609
 15.4715 15.4806 15.4898 15.4985 15.5084 15.5177 15.5267 15.5362 15.545
 15.5537 15.5635 15.5722 15.5816 15.5912 15.6006 15.6101 15.62   15.6295
 15.6384 15.6474 15.6565 15.6649 15.6739 15.6824 15.6911 15.7007 15.7108
 15.7197 15.7302 15.7394 15.7491 15.7597 15.7701 15.7805 15.7899 15.8011
 15.8107 15.8203 15.8314 15.8416 15.8516 15.8619 15.8727 15.8835 15.8947
 15.9075 15.918  15.9298 15.9399 15.9527 15.9646 15.9759 15.9871 16.0004
 16.012  16.0249 16.0369 16.0494 16.0616 16.0767 16.0893 16.1036 16.1177
 16.1308 16.1411 16.1518 16.1635 16.1771 16.1898 16.203  16.2203 16.2357
 16.2503 16.2663 16.2844 16.2966 16.3105 16.323  16.3395 16.3585 16.3805
 16.4007 16.4232 16.4633 16.4828 16.5504
21.4457 21.9865 22.5481 22.8925 22.9732 23.0148 23.0387 23.0969 23.1406
 23.1926 23.2278 23.2588 23.2878 23.3056 23.3396 23.3682 23.3963 23.4235
 23.4485 23.4705 23.4989 23.5145 23.529  23.5473 23.5693 23.5895 23.6259
 23.6411 23.6609 23.6783 23.6947 23.7161 23.7322 23.7456 23.761  23.7753
 23.7859 23.801  23.8157 23.832  23.8461 23.8704 23.8894 23.9008 23.9173
 23.9299 23.9418 23.9534 23.9639 23.9757 23.9901 24.0038 24.0199 24.0296
 24.046  24.0601 24.0738 24.0898 24.1013 24.1136 24.1246 24.1374 24.1515
 24.1627 24.1797 24.1941 24.2094 24.2205 24.2313 24.2428 24.2561 24.2724
 24.285  24.2983 24.3086 24.3264 24.3401 24.3519 24.3645 24.3763 24.3896
 24.4011 24.4119 24.4235 24.4341 24.4464 24.4569 24.47   24.4818 24.4916
 24.5017 24.5122 24.523  24.533  24.5442 24.5542 24.5651 24.5764 24.5862
 24.5965 24.6076 24.6168 24.6288 24.6385 24.6486 24.6599 24.6705 24.6829
 24.693  24.7064 24.716  24.7274 24.737  24.7463 24.7579 24.7681 24.7792
 24.7903 24.7995 24.8104 24.8205 24.8301 24.8416 24.8507 24.8605 24.87
 24.8802 24.8899 24.9009 24.9123 24.9226 24.9313 24.9405 24.9512 24.9592
 24.9683 24.9789 24.9884 24.9981 25.009  25.0189 25.0278 25.0376 25.0466
 25.0568 25.0665 25.0773 25.0865 25.0968 25.1068 25.1181 25.1273 25.1378
 25.1481 25.1591 25.1702 25.1814 25.191  25.2025 25.2138 25.2242 25.236
 25.2485 25.2587 25.2703 25.2817 25.2939 25.3053 25.3174 25.328  25.3402
 25.3515 25.3623 25.3741 25.3865 25.3987 25.4122 25.4235 25.4368 25.449
 25.4609 25.4716 25.4829 25.4949 25.5066 25.518  25.5319 25.5449 25.5599
 25.5709 25.5855 25.5994 25.614  25.6286 25.6434 25.6586 25.6709 25.6903
 25.7124 25.7276 25.7518 25.7695 25.7907 25.8095 25.8308 25.8598 25.8783
 25.9103 25.9394 25.9932 26.053  26.1071
31.0138 31.4134 31.5647 31.7901 31.9652 32.0092 32.0363 32.0668 32.092
 32.166  32.2256 32.2709 32.292  32.3153 32.3395 32.3653 32.4183 32.4377
 32.4726 32.5089 32.527  32.5558 32.5836 32.6058 32.6308 32.6617 32.6857
 32.7048 32.7506 32.7809 32.7989 32.8191 32.838  32.8526 32.8646 32.8788
 32.8941 32.9096 32.9273 32.9457 32.9625 32.9781 32.9905 33.0038 33.0158
 33.0297 33.0417 33.0571 33.0693 33.0863 33.0972 33.109  33.1202 33.137
 33.1524 33.1636 33.1762 33.1873 33.1974 33.2117 33.2262 33.2388 33.2535
 33.2654 33.2785 33.2917 33.3081 33.3207 33.331  33.344  33.3575 33.369
 33.3792 33.3931 33.4039 33.4137 33.4242 33.4356 33.4467 33.4567 33.4672
 33.4765 33.4869 33.4967 33.5065 33.5182 33.5287 33.5391 33.5479 33.5576
 33.5679 33.5776 33.5872 33.5969 33.6084 33.619  33.6285 33.6393 33.6495
 33.6619 33.6715 33.6827 33.6924 33.701  33.7109 33.7204 33.7288 33.7388
 33.7492 33.7577 33.7671 33.7758 33.7839 33.7932 33.8014 33.8096 33.8175
 33.8258 33.8349 33.844  33.8518 33.861  33.8703 33.8782 33.8875 33.8965
 33.9055 33.914  33.9233 33.932  33.9411 33.9506 33.9598 33.9698 33.9781
 33.9859 33.9952 34.0031 34.0118 34.0206 34.0303 34.0392 34.0475 34.0559
 34.0642 34.0723 34.0802 34.0886 34.097  34.1057 34.114  34.1216 34.1302
 34.1384 34.1466 34.1553 34.1636 34.1719 34.1795 34.1878 34.196  34.2048
 34.2136 34.2216 34.2303 34.2389 34.2472 34.2568 34.2657 34.2738 34.2819
 34.2902 34.299  34.3082 34.3164 34.3245 34.3335 34.342  34.3501 34.3588
 34.367  34.3762 34.3849 34.3938 34.4018 34.4096 34.4176 34.4253 34.4331
 34.4415 34.4496 34.4583 34.4666 34.4758 34.4842 34.4937 34.5026 34.5108
 34.519  34.5275 34.5359 34.5444 34.5533 34.562  34.5703 34.5785 34.5864
 34.5947 34.6029 34.6118 34.6209 34.6292 34.6381 34.6472 34.656  34.6641
 34.6729 34.6811 34.69   34.6991 34.7075 34.7168 34.7268 34.7361 34.746
 34.7563 34.766  34.7746 34.7839 34.794  34.8028 34.8133 34.8227 34.8327
 34.8432 34.8529 34.8629 34.8728 34.8839 34.8943 34.9045 34.9151 34.9264
 34.9376 34.9488 34.9588 34.9706 34.9814 34.9925 35.0052 35.0171 35.0288
 35.0403 35.052  35.0651 35.0789 35.0907 35.104  35.1164 35.1316 35.1457
 35.1601 35.1792 35.1921 35.2058 35.2239 35.24   35.2513 35.2779 35.2984
 35.3145 35.3322 35.3677 35.3961 35.43
40.8453 41.0545 41.4343 41.4942 41.5966 41.6375 41.6908 41.7194 41.7338
 41.7505 41.769  41.7855 41.8389 41.8594 41.8786 41.9098 41.9315 41.9559
 41.9757 42.0129 42.0298 42.0483 42.0743 42.0908 42.1101 42.1279 42.1492
 42.1648 42.1781 42.1949 42.2117 42.2282 42.2485 42.2628 42.2821 42.2934
 42.3056 42.3186 42.3336 42.3486 42.3628 42.3778 42.3896 42.4028 42.4165
 42.4306 42.4416 42.4525 42.4719 42.4855 42.4995 42.5109 42.5264 42.5405
 42.5515 42.5626 42.5733 42.5837 42.5943 42.606  42.6171 42.6308 42.6417
 42.6528 42.6632 42.6758 42.6889 42.699  42.7106 42.7201 42.7335 42.7451
 42.7563 42.7676 42.7813 42.7921 42.8021 42.8117 42.8219 42.8326 42.8445
 42.8548 42.8634 42.8732 42.8834 42.8944 42.9065 42.9182 42.9279 42.9381
 42.9478 42.9592 42.9695 42.9791 42.9895 42.9998 43.0099 43.0197 43.0292
 43.0388 43.0494 43.0586 43.0688 43.0779 43.0867 43.0965 43.1048 43.1136
 43.1229 43.1321 43.1415 43.1497 43.1601 43.1681 43.1772 43.1872 43.1965
 43.2057 43.2142 43.2236 43.2325 43.2409 43.2497 43.2588 43.268  43.2763
 43.2861 43.2961 43.305  43.3135 43.3219 43.331  43.3395 43.3492 43.3586
 43.3677 43.3763 43.3855 43.3936 43.4027 43.4122 43.4217 43.4305 43.4391
 43.4485 43.4568 43.4665 43.4747 43.4842 43.4933 43.5021 43.5107 43.5185
 43.527  43.5359 43.5447 43.5531 43.5617 43.5704 43.58   43.5881 43.5965
 43.6044 43.6126 43.6213 43.6298 43.6379 43.6465 43.655  43.664  43.6723
 43.6809 43.6889 43.6974 43.7062 43.7143 43.723  43.7316 43.7401 43.7483
 43.7569 43.7656 43.7743 43.7829 43.7915 43.8004 43.809  43.8177 43.8262
 43.835  43.8431 43.8514 43.8594 43.8679 43.877  43.8861 43.8944 43.903
 43.9121 43.9212 43.9302 43.9388 43.9474 43.9574 43.9665 43.9768 43.9865
 43.9969 44.0057 44.0166 44.027  44.0365 44.0465 44.0558 44.0658 44.0752
 44.0845 44.0951 44.1049 44.116  44.1259 44.1377 44.1477 44.161  44.1723
 44.1828 44.1937 44.2042 44.2153 44.2269 44.2391 44.2507 44.2625 44.275
 44.2874 44.3004 44.3136 44.327  44.343  44.3577 44.3702 44.3891 44.405
 44.4195 44.4352 44.4501 44.4698 44.4871 44.5003 44.5247 44.5498 44.5737
 44.5941 44.6428
50.1752 50.4843 50.5832 50.6889 50.7344 50.7746 50.7969 50.8319 50.8528
 50.9023 50.9446 50.9727 50.9972 51.0251 51.0445 51.064  51.0866 51.1153
 51.1468 51.1775 51.1914 51.207  51.2265 51.2449 51.2669 51.2859 51.3167
 51.3348 51.3479 51.3625 51.3722 51.3843 51.3979 51.4145 51.4276 51.4397
 51.4509 51.465  51.48   51.4957 51.5139 51.5294 51.5422 51.5555 51.5671
 51.5793 51.5912 51.6053 51.6265 51.6406 51.665  51.6868 51.6991 51.7123
 51.7294 51.748  51.7667 51.7835 51.798  51.8135 51.8257 51.839  51.8505
 51.8636 51.8762 51.8921 51.9087 51.9199 51.9315 51.9463 51.9593 51.9721
 51.9846 51.9961 52.0082 52.0201 52.0311 52.0416 52.0543 52.0678 52.0813
 52.0926 52.1047 52.1179 52.1294 52.1413 52.1525 52.1656 52.1763 52.1878
 52.1992 52.2116 52.2218 52.2333 52.2439 52.255  52.2656 52.2765 52.2904
 52.3008 52.3112 52.323  52.3335 52.3466 52.3592 52.3704 52.381  52.3937
 52.408  52.4185 52.4289 52.4419 52.4545 52.4659 52.4775 52.4885 52.5001
 52.5114 52.523  52.5367 52.5473 52.5584 52.5682 52.5799 52.5901 52.602
 52.6125 52.6251 52.6362 52.647  52.6572 52.674  52.6845 52.6951 52.7062
 52.7235 52.7351 52.7473 52.7587 52.7742 52.7887 52.8005 52.8134 52.825
 52.838  52.8534 52.8644 52.8767 52.89   52.9031 52.9163 52.9329 52.9436
 52.957  52.9694 52.9855 53.0011 53.0216 53.0345 53.0506 53.065  53.0825
 53.0959 53.1099 53.1283 53.1463 53.1671 53.1814 53.1977 53.2131 53.2314
 53.2455 53.2599 53.2812 53.3102 53.3357 53.3668 53.3973 53.4503 53.4979
 53.9643 56.2788 58.8409 59.0105 59.0684 59.2128 59.4672 59.6867 59.7277
 59.7803 59.8009 59.9243 59.9396 59.9673 59.9854
60.0061 60.0399 60.0707 60.1526 60.1793 60.1936 60.2096 60.2264 60.2424
 60.2581 60.2719 60.2896 60.3025 60.3173 60.3322 60.3437 60.3584 60.3758
 60.3915 60.4035 60.4182 60.432  60.4495 60.4694 60.485  60.4988 60.5195
 60.5328 60.5458 60.5603 60.5775 60.5953 60.6103 60.6237 60.639  60.6506
 60.6639 60.6763 60.6885 60.7067 60.7184 60.7297 60.7427 60.7551 60.7682
 60.779  60.7903 60.803  60.8151 60.8264 60.8382 60.8503 60.8613 60.8716
 60.885  60.8967 60.9082 60.9187 60.9304 60.9409 60.9519 60.9634 60.9758
 60.9865 60.9965 61.0081 61.0189 61.0293 61.0398 61.0542 61.0657 61.0762
 61.0859 61.0954 61.1063 61.1173 61.1265 61.1377 61.1475 61.1567 61.1666
 61.1753 61.1848 61.1939 61.2022 61.2107 61.2199 61.2291 61.2378 61.2486
 61.2588 61.2683 61.2787 61.2882 61.2983 61.3072 61.316  61.3255 61.3347
 61.3445 61.3541 61.3631 61.3732 61.3824 61.394  61.4031 61.4133 61.4233
 61.4334 61.4429 61.4514 61.4598 61.469  61.4777 61.4871 61.4979 61.507
 61.5171 61.5271 61.5361 61.5465 61.5552 61.5657 61.5753 61.5843 61.5935
 61.6019 61.6116 61.6208 61.6296 61.6391 61.6485 61.658  61.6673 61.6769
 61.6862 61.6973 61.7066 61.7167 61.7254 61.7345 61.7433 61.7522 61.7625
 61.7718 61.7809 61.7917 61.8014 61.8106 61.8201 61.8293 61.8386 61.8483
 61.8582 61.8681 61.8788 61.8894 61.8996 61.9101 61.9215 61.9314 61.9417
 61.9527 61.9622 61.9733 61.9835 61.9942 62.0052 62.0154 62.0252 62.0355
 62.0457 62.0574 62.0681 62.079  62.0921 62.1026 62.1142 62.1245 62.1362
 62.1476 62.1585 62.1695 62.1833 62.1953 62.2087 62.2194 62.2325 62.2473
 62.2616 62.276  62.2883 62.2992 62.3129 62.3268 62.3398 62.3513 62.3676
 62.3848 62.4006 62.4204 62.4338 62.4501 62.4648 62.4846 62.5016 62.5195
 62.5344 62.5498 62.5745 62.5958 62.6638 62.6831 62.7905 68.5654 68.8464
 68.8762 68.9324 68.9708 69.0684 69.1182 69.149  69.2266 69.2572 69.2812
 69.3117 69.3338 69.3556 69.3734 69.4078 69.4297 69.4623 69.4864 69.5165
 69.5355 69.6145 69.6528 69.6756 69.7103 69.7258 69.7397 69.7519 69.7764
 69.7955 69.8075 69.839  69.8583 69.8765 69.9051 69.9197 69.9398 69.9531
 69.9696 69.9877

