12.5196 13.3445 13.3696 13.5569 13.5871 13.6149 13.696  13.729  13.8491
 13.9745 13.9981 14.1088 14.2145 14.2927
22.2199 22.4058 22.6319 22.7228 22.8253 22.9301 23.0167 23.15   23.2539
 23.2845 23.3708
31.3519 31.7627 31.8907 32.2471 32.3449
40.5303 40.6753 40.8799 40.8987 41.0257 41.0968 41.1686 41.3448 41.5529
 48.9689 49.0208 49.3976 49.6849 49.8725 49.8903 49.9126 49.976
50.3365 50.3867 50.4073 50.5514 50.7478 50.7905 58.4422 59.137  59.2573
 59.3765 59.4709 59.7314 59.7536 59.7689 59.7921 59.8709
60.0385 65.6336 67.2413 67.591  67.716  67.8098 67.848  67.8929 67.9116
 67.9851 68.0011 68.0388 68.0796 68.2512 68.3036 68.3436 68.4369 68.4629
 68.5594 68.6998 68.7277

