12.5776 12.7629 13.2604 13.3163 13.4043 13.4996 13.5835 13.6258 13.6757
 13.719  13.7406 13.7751 13.799  13.8188 13.8396 13.8665 13.8901 13.9071
 13.9273 13.9513 13.9724 13.9885 14.0056 14.0227 14.0348 14.0468 14.0757
 14.0909 14.1051 14.1254 14.1458 14.1832 14.1966 14.2084 14.2216 14.235
 14.2455 14.2595 14.273  14.2886 14.3064 14.3189 14.3337 14.3455 14.3587
 14.3737 14.3879 14.3992 14.4131 14.4236 14.4351 14.4482 14.4624 14.4756
 14.4868 14.498  14.5126 14.5232 14.5358 14.5502 14.563  14.5725 14.591
 14.6097 14.6228 14.6363 14.6486 14.6656 14.6815 14.6927 14.7038 14.7172
 14.7274 14.7384 14.7501 14.7623 14.7724 14.7847 14.7949 14.8062 14.8185
 14.8282 14.8398 14.8528 14.8671 14.8838 14.8948 14.9077 14.9187 14.9351
 14.9459 14.9579 14.9693 14.983  14.9969 15.0099 15.0276 15.0436 15.0566
 15.0746 15.0895 15.1117 15.1257 15.1436 15.1594 15.1814 15.1984 15.2221
 15.2378 15.2565 15.2722 15.2869 15.307  15.3183 15.331  15.3425 15.3586
 15.3708 15.3851 15.4036 15.4223 15.4422 15.4674 15.4858 15.5051 15.5349
 15.5557 15.5693 15.5861 15.5995 15.6231 15.652  15.6693 15.7269 15.7436
 15.7788 15.8134 15.8321 15.8737 15.9082 16.0387
22.2718 22.4897 22.5358 22.5763 22.6314 22.6583 22.6877 22.7776 22.8369
 22.8651 22.8907 22.9089 22.932  22.9559 22.9965 23.0299 23.0512 23.0863
 23.135  23.1557 23.1809 23.2007 23.2266 23.2517 23.2731 23.2896 23.3095
 23.3284 23.3511 23.3645 23.3795 23.3947 23.4133 23.4262 23.4431 23.461
 23.4793 23.5107 23.5241 23.543  23.5566 23.5699 23.5855 23.5996 23.618
 23.6287 23.6427 23.6588 23.6727 23.6857 23.7001 23.7146 23.7297 23.7435
 23.7571 23.7678 23.7779 23.791  23.8037 23.8136 23.8249 23.8354 23.8474
 23.8597 23.8711 23.8823 23.8935 23.9048 23.9154 23.9277 23.9397 23.9547
 23.9662 23.9781 23.9951 24.0082 24.0199 24.0333 24.0456 24.0604 24.0721
 24.0864 24.1007 24.1162 24.1324 24.1493 24.1634 24.1751 24.1897 24.2039
 24.2147 24.2288 24.2451 24.2645 24.2794 24.2929 24.3088 24.3228 24.3391
 24.3566 24.3762 24.3952 24.4171 24.4349 24.4487 24.4638 24.4762 24.4923
 24.5091 24.5332 24.5613 24.5966 24.6149 24.6336 24.6469 24.6634 24.6915
 24.7125 24.7344 24.7559 24.79   24.8248 24.8592 24.8776 24.895  24.9179
 24.9359 24.9559 24.9873 25.0162 25.0705 25.1079 25.1747 25.1977 25.2437
 27.1469
31.3246 31.4101 31.4539 31.5675 31.6039 31.6859 31.7667 31.7893 31.8801
 31.9308 31.9618 31.9804 32.0022 32.0381 32.0663 32.0839 32.1229 32.1414
 32.1641 32.1826 32.198  32.2145 32.2288 32.243  32.2604 32.2758 32.2928
 32.3149 32.3293 32.3397 32.3577 32.3684 32.3797 32.3934 32.4047 32.4287
 32.4437 32.4566 32.4682 32.4822 32.494  32.5073 32.5205 32.5402 32.5544
 32.5668 32.578  32.5878 32.6005 32.6131 32.6252 32.6374 32.6504 32.6621
 32.6756 32.6862 32.7023 32.7184 32.7296 32.7419 32.7514 32.7623 32.7744
 32.7861 32.8023 32.8152 32.8261 32.8389 32.8523 32.8628 32.8733 32.8848
 32.8961 32.9064 32.9168 32.9258 32.9345 32.944  32.9546 32.9657 32.9784
 32.9887 33.0006 33.0143 33.0245 33.0395 33.05   33.0622 33.0735 33.0857
 33.0995 33.1103 33.121  33.1321 33.1462 33.1586 33.1701 33.1847 33.1958
 33.2099 33.2214 33.2354 33.2481 33.2614 33.2748 33.2887 33.3048 33.3235
 33.338  33.3517 33.3682 33.3792 33.3916 33.4042 33.4182 33.4326 33.447
 33.4615 33.4748 33.4899 33.5058 33.5176 33.5348 33.5545 33.5695 33.5842
 33.6014 33.6193 33.6355 33.6518 33.6724 33.6889 33.7066 33.7228 33.7375
 33.7537 33.7677 33.7891 33.8071 33.829  33.8505 33.8648 33.9113 33.9252
 33.9479 33.9755 33.9961 34.018  34.0319 34.0558 34.0739 34.1117 34.1672
 34.194  34.2499 34.2875 39.3547
40.1619 40.3138 40.3973 40.4728 40.5836 40.6051 40.7701 40.8395 40.8658
 40.8902 40.9306 40.952  40.9865 41.0227 41.0531 41.0854 41.1148 41.1378
 41.1538 41.173  41.1874 41.2101 41.2248 41.2432 41.2577 41.2759 41.2933
 41.3066 41.3264 41.3393 41.3539 41.3665 41.3818 41.3981 41.4124 41.4248
 41.4414 41.4573 41.4685 41.4862 41.4998 41.5114 41.5214 41.5318 41.5522
 41.564  41.5756 41.5889 41.6023 41.6128 41.6235 41.6355 41.6469 41.6581
 41.6727 41.6863 41.6981 41.7082 41.7191 41.7288 41.7394 41.751  41.7631
 41.7745 41.7871 41.7969 41.8096 41.8189 41.8273 41.8383 41.848  41.8582
 41.8686 41.881  41.8904 41.8996 41.909  41.9196 41.9316 41.9418 41.9526
 41.9652 41.9761 41.9865 41.9966 42.0085 42.019  42.0279 42.0367 42.0462
 42.0544 42.065  42.0771 42.0864 42.0982 42.1103 42.123  42.1345 42.1449
 42.1567 42.1671 42.1767 42.1863 42.1981 42.2097 42.2221 42.2372 42.2483
 42.2603 42.2699 42.2784 42.2896 42.3034 42.3169 42.3274 42.3396 42.3536
 42.3648 42.3768 42.3875 42.4012 42.4191 42.4292 42.4425 42.456  42.4703
 42.4859 42.4999 42.5152 42.5277 42.5404 42.5547 42.5676 42.5788 42.5918
 42.6084 42.6231 42.6369 42.6509 42.6739 42.6888 42.7026 42.7166 42.7366
 42.7494 42.762  42.7779 42.7974 42.8103 42.8254 42.8422 42.8562 42.8722
 42.8868 42.8982 42.9228 42.9389 42.9537 42.9685 42.9856 43.0007 43.0139
 43.0263 43.0432 43.0551 43.0761 43.095  43.1171 43.1328 43.1546 43.174
 43.1963 43.2366 43.2538 43.2813 43.3129 43.3358 43.3615 43.5048 47.0505
 48.81   49.4341 49.7177 49.7415 49.8807 49.9599 49.9812
50.0404 50.0598 50.1589 50.1807 50.2233 50.2612 50.3167 50.3307 50.3498
 50.3754 50.3971 50.4172 50.4358 50.4518 50.4785 50.5098 50.5236 50.5436
 50.5595 50.5822 50.6047 50.6197 50.6358 50.6488 50.6703 50.685  50.6984
 50.7086 50.7235 50.7394 50.7559 50.7689 50.7803 50.7921 50.8066 50.8174
 50.8295 50.8418 50.8532 50.8696 50.8846 50.8993 50.9124 50.9247 50.936
 50.948  50.9659 50.9796 50.9905 51.0037 51.0151 51.0278 51.0398 51.0533
 51.0667 51.0806 51.0916 51.1019 51.1143 51.1299 51.1398 51.1552 51.1668
 51.1774 51.1897 51.2021 51.2203 51.2327 51.2454 51.2582 51.271  51.2838
 51.2963 51.3084 51.3189 51.3298 51.3418 51.3541 51.3673 51.3856 51.4067
 51.4193 51.4337 51.4497 51.4703 51.4813 51.4922 51.5032 51.5154 51.5295
 51.5479 51.5601 51.5744 51.5867 51.6118 51.627  51.6406 51.658  51.6705
 51.6846 51.6975 51.7111 51.7244 51.7388 51.7527 51.7745 51.7893 51.8074
 51.8228 51.8359 51.8576 51.8799 51.907  51.9324 51.9486 51.9905 52.0084
 52.0276 52.0468 52.0732 52.0907 52.1124 52.1426 52.1622 52.1939 52.2401
 52.2592 52.3339 52.4193 52.4905 52.5928 52.6488 57.4718 58.775  58.8342
 58.9427 59.2862 59.3454 59.3721 59.3986 59.453  59.4869 59.5089 59.5252
 59.5444 59.5934 59.6251 59.6641 59.6822 59.6997 59.7174 59.7394 59.7565
 59.7847 59.8148 59.8426 59.8627 59.8803 59.904  59.9277 59.9408 59.9592
 59.9762 59.9899
60.0025 60.0176 60.0333 60.049  60.0641 60.0771 60.0894 60.1021 60.1127
 60.1228 60.1377 60.1564 60.1738 60.1907 60.2077 60.2262 60.2402 60.2527
 60.2658 60.279  60.2923 60.3103 60.3244 60.3355 60.3488 60.3654 60.383
 60.3994 60.4127 60.4315 60.4487 60.4648 60.4804 60.4924 60.5063 60.5183
 60.5292 60.5421 60.5558 60.5712 60.5843 60.604  60.6199 60.6355 60.6507
 60.6639 60.6863 60.7049 60.7163 60.7319 60.7488 60.7612 60.7763 60.7931
 60.8044 60.8177 60.8293 60.8424 60.8563 60.8738 60.8867 60.9021 60.9158
 60.9371 60.957  60.971  60.9866 61.0033 61.0234 61.0369 61.0527 61.0709
 61.0903 61.1084 61.1283 61.1461 61.1635 61.1779 61.2004 61.2159 61.2334
 61.2551 61.2745 61.3018 61.3186 61.3375 61.3624 61.3867 61.4017 61.4246
 61.4436 61.4796 61.5081 61.5291 61.5528 61.5858 61.6056 61.6475 61.6762
 61.7031 61.7688 61.7995 62.7274 67.7    67.8007 67.8188 67.8597 67.9744
 67.9992 68.0355 68.0717 68.0882 68.1046 68.1271 68.1436 68.162  68.1775
 68.1993 68.2244 68.2412 68.2581 68.2732 68.2916 68.3251 68.3362 68.3497
 68.3665 68.3916 68.4196 68.4479 68.4649 68.4776 68.4903 68.5058 68.5178
 68.5289 68.5417 68.5579 68.5707 68.5829 68.5966 68.6087 68.6335 68.65
 68.6634 68.6767 68.6919 68.7091 68.7206 68.7324 68.7452 68.7651 68.7851
 68.7975 68.8103 68.8242 68.8354 68.8445 68.8555 68.866  68.8815 68.8926
 68.9064 68.9171 68.927  68.9372 68.947  68.9576 68.9676 68.9786 68.989
 69.0019 69.0111 69.0206 69.0315 69.0431 69.0537 69.065  69.0748 69.0839
 69.0931 69.102  69.1128 69.1234 69.1337 69.1433 69.1556 69.1692 69.1785
 69.1892 69.2012 69.2108 69.223  69.234  69.246  69.2584 69.2696 69.2838
 69.2955 69.3062 69.321  69.3333 69.3424 69.3529 69.3626 69.374  69.3854
 69.3961 69.4062 69.4235 69.4341 69.4472 69.4653 69.4802 69.494  69.5081
 69.5198 69.5328 69.5471 69.5595 69.5797 69.5975 69.6134 69.6255 69.6369
 69.6482 69.6606 69.6731 69.6878 69.7023 69.7158 69.7324 69.744  69.7568
 69.7688 69.7801 69.7954 69.8121 69.8273 69.8387 69.8535 69.8711 69.8835
 69.8959 69.909  69.9283 69.9412 69.9572 69.9693 69.9831 69.9943

