13.7372 13.8372 13.8929 13.9252 14.0698 14.1468 14.2392 14.2634 14.6082
22.0117 22.6543 22.6826 22.8522 23.0934 23.2064 23.3147 23.3747 23.4274
 23.667  23.7307 23.7518 23.8534 23.9793 24.0363
30.7137 31.5436 31.7215 32.0298 32.1974 32.2149 32.2575 32.4979 32.5274
 32.5574 32.5921 32.6173 32.6846 32.7244 32.8167 32.8958 32.9939
40.6693 41.0588 41.1482 41.2255 41.3578 41.3899 41.4218 41.452  41.5027
 41.5908 41.6165 41.6385 41.6793 41.7011 41.73   41.7739 41.809  41.8267
 41.8586 41.8896 41.9236 42.0009 42.0163 42.0332 42.0593 42.0856 42.1147
 42.1601 42.2652 42.2846 46.5899 49.0662 49.4814
50.0133 50.1757 50.3512 50.4388 50.4954 50.562  50.5801 50.6213 50.6888
 50.7591 50.9932 51.1362 59.3543 59.3777 59.4899 59.6296 59.7623 59.7853
 59.8781 59.91   59.9679
60.1518 60.1985 60.3957 60.4681 67.2148 68.4736 68.5033 68.5288 68.5927
 68.6219 68.6576 68.7112 68.7489 68.8368 68.8693 68.9632 69.0014 69.0286
 69.0407 69.0666 69.1266 69.1459 69.1716 69.1992 69.3278 69.3846

