10.5578 11.7805 12.0349 12.4984 12.7214 12.8757 13.2243 13.4373 13.4682
 13.5561 13.5922 13.6573 13.6959 13.7467 13.777  13.8117 13.8447 13.9612
 14.0059 14.0473 14.0903 14.1602 14.1833 14.2474 14.2994 14.317  14.3354
 14.3559 14.3839 14.4169 14.4391 14.5198 14.5452 14.6249 14.7949 18.9149
 19.1943 19.6
21.7349 21.9748 22.1646 22.2765 22.4449 22.5977 22.6336 22.7153 22.7409
 22.8184 22.8688 22.8964 22.9655 22.9824 23.0265 23.0636 23.0985 23.1096
 23.1224 23.1394 23.1575 23.1726 23.2313 23.2917 23.3044 23.325  23.3384
 23.3596 23.3735 23.4083 23.4331 23.4466 23.4602 23.475  23.4936 23.5138
 23.5299 23.5428 23.5794 23.6254 23.6433 23.6578 23.6898 23.7445 23.7724
 23.7869 23.798  23.8145 23.8491 23.8643 23.8929 23.9591 23.9864 24.0102
32.2369 32.2627 32.4289 32.5323 32.7067 32.7507 32.7839 32.8689 32.9279
 33.0081 33.0896 33.1119 33.1672 33.1843 33.2141 33.2387 33.2512 33.2839
 33.3898 33.4237 33.4952 33.7789 38.6769 39.3071
41.1634 41.9349 41.9843 42.0965 42.4042 42.436  42.5784 42.9184 49.4048
 49.6155 49.8183 49.9338
50.1543 50.1957 50.2554 50.3486 50.4237 50.4729 50.5187 50.5379 50.5651
 50.5981 50.6258 50.6752 50.7039 50.7273 50.7585 50.7748 50.7956 50.8247
 50.8576 50.8816 50.9053 50.9239 50.9575 50.9768 50.9937 51.006  51.0225
 51.0513 51.1024 51.1309 51.1556 51.1796 51.2699 51.3181 51.3324 51.3629
 51.4428 57.9236 58.6953 59.0787 59.2986 59.4304 59.4665 59.5049 59.5958
 59.6138 59.6603 59.7119 59.7971 59.8292 59.8506 59.92   59.9549 59.9705
 59.9878
60.018  60.0419 60.057  60.107  60.1308 60.1678 60.1816 60.2275 60.2791
 60.3003 60.3206 60.3558 60.4226 60.4822 60.544  60.5677 67.6062 67.8156
 68.1358 68.3307 68.3847 68.4125 68.4467 68.4694 68.5221 68.6263 68.675
 68.7278 68.7528 68.7909 68.8121 68.87   68.9083 68.9338 68.9602 68.9938
 69.0312 69.0485 69.0665 69.0917 69.1288 69.1708 69.2052 69.2225 69.3078
 69.3557 69.4194 69.4372 69.528

