11.2235 11.9432 12.1685 13.091  13.3689 13.5124 13.5715 13.6124 13.6949
 13.7551 13.8482 14.0644 14.1043
21.0555 22.0698 22.1447 22.2382 22.3437 22.4639 22.4893 22.8821 23.0837
 23.1375 23.1853 23.2022 23.3021 23.3401 23.3592 23.5081
32.2761 32.5031 32.5455 32.5793 32.6056 32.6374 32.7126 32.975  33.0527
 33.0725 33.2466 38.1375
41.6835 41.9334 41.9632 42.1426 42.3459 46.8075 47.6267 49.9574
50.0783 50.1375 50.1759 50.229  50.3332 50.3467 50.4429 50.6898 50.7806
 50.9909 56.9988 58.2714 58.8712 59.0923 59.1539 59.3991 59.8437
65.7347 66.6849 67.8982 68.3345 68.4967 68.5811 68.6157 68.6434 68.6611
 68.7047 68.8559 68.8719 68.9467 68.984

