10.7499 12.5437 13.1937 13.4961 13.9695 14.0087 14.0944 14.1605 14.2574
 14.3096 14.3397 14.3803 14.4535
21.8649 22.8328 22.8623 22.9519 23.1198 23.2162 23.259  23.2976 23.3391
 23.3855 23.4068 23.4545 23.5363 23.5648 23.5947 23.6603 23.6722 23.6979
 23.7338 23.7558 23.8873 23.9341
32.6178 32.6866 32.8507 32.9643 32.9848 33.192  33.2759 33.3946 33.4162
 33.5252 33.6344 37.8654
41.5062 42.0084 42.1704 42.253  49.721  49.9709
50.04   50.0666 50.1579 50.2118 50.3704 50.4606 50.6343 50.6862 50.7363
 50.7559 50.9498 50.9762 51.1468 51.1822 58.3009 59.5769 59.6092 59.7074
 59.7779 59.9669 59.9907
60.0487 60.0722 60.1355 60.1628 60.2307 60.4303 68.4038 68.6088 68.8553
 69.0386 69.0534 69.1275 69.1843 69.2478 69.2846 69.3424 69.4797 69.5531

