11.0088 12.31   12.8141 12.8599 12.9805 13.2222 13.3738 13.5633 13.5977
 13.6508 13.706  13.7697 13.7989 13.8279 14.09   14.1889 14.2771 14.2937
 14.3303 14.3856 14.5136
20.0753 21.3841 22.1596 22.3295 22.3621 22.5929 22.6738 22.7938 22.8548
 22.9106 22.9533 22.9789 23.0516 23.0955 23.1123 23.1498 23.1808 23.2629
 23.3106 23.3308 23.3835 23.4023 23.4575 23.5017 23.5576
32.1467 32.2128 32.3466 32.3868 32.4495 32.5786 32.6155 32.7074 32.7786
 32.8711 33.0999 33.1295 33.1994 33.5349
41.9308 42.0211 49.1441 49.7958 49.8363
50.1516 50.2879 50.3857 50.5558 50.5929 50.6445 50.7334 50.9108 50.9858
 51.0336 58.7517 59.0042 59.0773 59.2363 59.4936 59.6887 59.9691 59.9958
60.0311 60.0933 67.6329 68.0659 68.1167 68.4653 68.7853 68.8647 68.9368
 68.9548 68.9697 68.9849 68.999  69.154  69.2082

