12.4357 13.5008 13.8139 13.9691 14.0068 14.1677 14.1961 14.2861 14.3738
 14.3917 14.411  14.5469
21.4128 21.6916 22.6408 22.7197 22.7947 23.042  23.1513 23.2546 23.3044
 23.4697 23.5412 23.6697 23.7368 23.7668 23.9677
30.4742 32.3693 32.5346 32.7223 33.4942 33.5683
40.0139 48.3557
50.2222 50.5799 50.7562 50.8056 50.8619 50.977  51.0289 51.0916 51.1158
 51.1461 51.1807 51.3213 59.1778 59.5013 59.533  59.5858 59.6968 59.7764
 59.8445
60.1652 60.2119 60.2496 60.2752 60.3429 60.4163 60.4875 60.5846 60.6037
 64.3828 67.6205 68.4828 68.5409 68.5741 68.7007 68.9859 69.0731 69.1124
 69.1699 69.2129 69.254

