13.4557 13.483  13.7702 13.9191 14.0368 14.1225 14.1712 14.2034 14.2276
 14.2752 14.2936 14.3238 14.3454 14.3756 14.4391 14.4667 14.4968 14.5608
 14.5948 14.6186 14.6585 14.6949 14.7108 14.7304 14.7539 14.7722 14.7909
 14.8059 14.8288 14.8519 14.8697 14.8864 14.9061 14.9267 14.9505 14.9664
 14.9919 15.0169 15.0404 15.0599 15.0846 15.1068 15.1374 15.1611 15.1763
 15.2106 15.2271 15.2396 15.2575 15.2762 15.2918 15.3128 15.3452 15.3726
 15.4127 15.4386 15.4598 15.4828 15.5021 15.5171 15.5379 15.5609 15.5805
 15.606  15.6372 15.6614 15.686  15.705  15.7531 15.8706 15.9073 15.9642
 16.0035 16.0328 16.0546 16.1364 16.2079 16.2356
22.7341 22.9232 23.0426 23.2074 23.2749 23.3004 23.3811 23.4395 23.4772
 23.498  23.517  23.5423 23.5981 23.6208 23.6437 23.6709 23.6954 23.7199
 23.7563 23.7805 23.798  23.8245 23.8462 23.86   23.8887 23.9108 23.922
 23.9348 23.946  23.9647 23.9878 24.0056 24.0256 24.0453 24.0578 24.073
 24.0883 24.1082 24.1289 24.1419 24.1532 24.1704 24.184  24.1957 24.211
 24.2266 24.251  24.272  24.2898 24.3023 24.3186 24.3367 24.3694 24.3887
 24.3996 24.416  24.4293 24.4528 24.4689 24.4921 24.5095 24.5236 24.5387
 24.5568 24.5823 24.5989 24.6177 24.6402 24.6584 24.6874 24.7063 24.7259
 24.7557 24.7731 24.7883 24.8033 24.8259 24.8398 24.8544 24.8706 24.888
 24.9023 24.9217 24.9379 24.9626 24.9816 25.0042 25.0386 25.0598 25.0852
 25.1034 25.1745 25.2046 25.2612 25.3154 25.3428 25.544  25.5791 28.6766
31.3984 31.818  32.8589 32.9469 33.0093 33.0297 33.1347 33.1731 33.2323
 33.2665 33.2971 33.313  33.3463 33.3745 33.4189 33.4714 33.4975 33.5255
 33.5729 33.6093 33.6366 33.668  33.7068 33.7413 33.7829 33.796  33.8161
 33.8449 33.9318 33.9494 34.0032 34.0597 34.1194 34.1565 34.1846 34.2069
 34.2598 34.2778 34.2939 34.4201 34.4837 34.5309 34.5543
41.6039 41.7237 41.7795 41.9216 42.0692 42.126  42.1694 42.2177 42.2853
 42.358  42.3971 42.4331 42.4931 42.5203 42.5677 42.6094 42.6372 42.6655
 42.7268 42.7597 42.7899 42.8378 42.8603 42.8838 42.8998 42.9475 42.9686
 43.0088 43.0289 43.0924 43.1181 43.1531 43.1951 43.2507 43.2956 43.322
 43.3507 43.5678 43.6648 43.7344 43.8529 49.5869 49.7649 49.9219
50.1538 50.2746 50.3018 50.4024 50.4805 50.5442 50.5993 50.6496 50.6757
 50.7006 50.7504 50.7803 50.8051 50.8237 50.8419 50.8624 50.8818 50.9216
 50.9795 51.0024 51.0358 51.08   51.0988 51.1341 51.1549 51.1755 51.1899
 51.2104 51.2234 51.2422 51.2579 51.2826 51.3024 51.3196 51.3346 51.3577
 51.3842 51.4047 51.4234 51.4432 51.4603 51.4851 51.5061 51.5236 51.5392
 51.5518 51.5646 51.5773 51.5984 51.618  51.6304 51.6451 51.6643 51.6816
 51.7016 51.7267 51.7444 51.7671 51.8131 51.8507 51.8746 51.8872 51.9034
 51.923  51.9438 51.9675 51.9913 52.0091 52.0401 52.0658 52.0875 52.1048
 52.1379 52.1562 52.1803 52.2098 52.234  52.2543 52.3166 52.3858 52.4013
 52.4887 52.5178 58.7396 58.875  59.357  59.5848 59.6474 59.6913 59.7256
 59.7619 59.8037 59.9615
60.0237 60.0436 60.1061 60.1601 60.1975 60.2739 60.2929 60.3189 60.3622
 60.3969 60.4304 60.4491 60.4746 60.4954 60.5153 60.5346 60.5511 60.5828
 60.6016 60.6379 60.6666 60.7127 60.7334 60.7499 60.7751 60.7961 60.8132
 60.8277 60.8613 60.8884 60.9268 60.9706 60.9971 61.0406 61.0574 61.0729
 61.0881 61.1218 61.1421 61.1597 61.1828 61.2138 61.2404 61.2718 61.296
 61.3319 61.3656 61.4529 61.5011 61.5325 61.5634 61.6024 61.6329 61.685
 61.8228 61.8544 61.9375 67.1695 67.8523 68.1595 68.599  68.8189 68.8618
 68.8981 68.9263 68.9514 68.9829 69.0459 69.0673 69.1086 69.1668 69.2387
 69.2692 69.302  69.3273 69.3467 69.3745 69.4073 69.4271 69.4456 69.4695
 69.4908 69.5072 69.5463 69.5703 69.5933 69.6085 69.6442 69.6999 69.7291
 69.7523 69.783  69.8017 69.8443 69.8643 69.8828 69.9288 69.9522 69.9738
 69.9871

