12.3974 13.0989 13.554  13.9776 14.0455 14.152  14.2829 14.342  14.4259
 14.4899 14.5175 14.5638 14.6129 14.6694 14.6884 14.7425 14.782  14.819
 14.8592 14.8836 14.9027 14.9237 14.9494 14.9645 14.9785 14.9923 15.0099
 15.026  15.1707 15.2163 15.2714
22.9386 23.2134 23.3275 23.4272 23.525  23.5648 23.7508 23.7925 23.9176
 23.9357 23.9818 24.0337 24.0701 24.089  24.1118 24.1435 24.1817 24.3245
 24.3687 24.3853 24.4043 24.4301 24.4527 24.5234 29.7072
32.1418 32.5132 32.553  32.637  32.6773 32.7059 32.7747 32.8139 32.9158
 33.0032 33.0405 33.064  33.1349 33.1532 33.2112 33.2327 33.2559 33.2865
 33.3042 33.3379 33.3695 33.4165 33.4443 33.4852 33.5603 33.7048 33.7407
40.0348 41.3326 41.4714 42.1277 42.1539 42.1967 42.3305 42.4425 42.4759
 42.5774 42.7392 47.4825
50.609  51.4328 58.1668 59.1241 59.6878 59.8617 59.9848
60.0369 60.1356 60.2449 60.3061 60.3644 60.5797 60.5958 60.6199 60.644
 60.6822 60.7024 60.731  60.8135 60.8407 61.0054 61.0432 66.0998 68.7097
 68.8266 68.8539 68.8798 68.9664 69.0046 69.0668 69.1559 69.174  69.2137
 69.247  69.2903 69.3133 69.3304 69.364  69.3979 69.4858 69.5173 69.5405
 69.5848 69.6345 69.6518 69.7971

