10.5356 12.3848 13.242  13.7779 13.8115 13.9319 13.9822 14.1138 14.1404
 14.1696 14.1952 14.2279 14.2742 14.3796 14.3976 14.4213 14.4627 14.4968
 14.5225 14.5436 14.5651 14.588  14.6079 14.6448 14.6722 14.6925 14.7198
 14.7394 14.7544 14.768  14.7934 14.81   14.8229 14.8463 14.8682 14.8826
 14.9003 14.9193 14.9435 14.9619 14.9756 14.9946 15.0118 15.0258 15.0439
 15.0593 15.0752 15.0909 15.1022 15.1228 15.1371 15.1536 15.1693 15.1809
 15.1955 15.2095 15.2252 15.2394 15.2518 15.2679 15.2785 15.2947 15.3074
 15.3255 15.3399 15.3528 15.3689 15.3868 15.4036 15.4222 15.438  15.4515
 15.4658 15.478  15.4926 15.514  15.5332 15.5516 15.5653 15.5844 15.5985
 15.6173 15.6386 15.6873 15.7025 15.7253 15.7428 15.779  15.8049 15.8208
 15.8386 15.8562 15.9007 15.9338 15.992  16.0208 16.0784 16.1286 16.2251
 16.2871 16.3106 17.1789 18.6457
23.5159 23.5741 23.6287 23.7473 23.7757 23.7949 23.823  23.8915 23.9293
 23.9935 24.0153 24.0484 24.0639 24.0865 24.1263 24.1451 24.1639 24.1826
 24.2086 24.2364 24.2616 24.2863 24.3067 24.3609 24.3781 24.3946 24.4135
 24.4269 24.4394 24.4533 24.4716 24.4852 24.5003 24.5215 24.5522 24.5712
 24.5859 24.6172 24.6411 24.6574 24.6775 24.7024 24.7217 24.7398 24.7636
 24.7944 24.8112 24.8244 24.8479 24.8634 24.8784 24.8951 24.9238 24.9432
 24.9641 24.9866 25.0019 25.0212 25.0389 25.0659 25.0973 25.1226 25.1414
 25.1588 25.1919 25.2322 25.2588 25.2901 25.3475 25.3645 25.3865 25.4165
 25.4382 25.5805
31.2269 31.7822 31.9775 32.2337 32.2732 32.5022 32.5448 32.633  32.6949
 32.7163 32.7382 32.7666 32.7998 32.8563 32.9117 32.9508 32.9804 33.0185
 33.0969 33.1174 33.1407 33.1709 33.1896 33.2154 33.2423 33.2564 33.2792
 33.2998 33.3172 33.3315 33.3531 33.3723 33.3894 33.4038 33.4188 33.4366
 33.4511 33.4678 33.4893 33.5089 33.5249 33.5415 33.5596 33.5773 33.5944
 33.6099 33.6312 33.6453 33.6635 33.6825 33.6979 33.7177 33.7328 33.743
 33.7555 33.7671 33.7805 33.7987 33.8095 33.8223 33.8467 33.8606 33.8747
 33.8883 33.9061 33.9272 33.9432 33.958  33.9731 33.9896 34.0026 34.0225
 34.0363 34.0527 34.0643 34.0871 34.1013 34.1197 34.1344 34.1536 34.1679
 34.1866 34.2019 34.2206 34.2451 34.2651 34.2834 34.2968 34.3098 34.3293
 34.3454 34.3654 34.3963 34.4185 34.4418 34.4659 34.4798 34.4977 34.5267
 34.5523 34.5674 34.5883 34.6047 34.6242 34.6561 34.6767 34.6927 34.7085
 34.723  34.7563 34.8027 34.8319 34.8758 34.9398
40.4147 40.4734 41.4517 41.5476 41.6642 41.7169 41.7872 41.8592 42.0958
 42.1152 42.1917 42.2934 42.3139 42.3443 42.3858 42.4017 42.4497 42.5031
 42.5412 42.5589 42.5886 42.6166 42.6434 42.6635 42.6812 42.7009 42.7393
 42.7607 42.7833 42.7974 42.8176 42.8361 42.8558 42.8798 42.8988 42.9206
 42.9543 42.9785 42.9971 43.0153 43.0344 43.0552 43.0809 43.0986 43.1359
 43.1533 43.1844 43.2005 43.2272 43.2629 43.2815 43.329  43.351  43.3742
 43.4016 43.4433 43.4699 43.4886 43.5127 43.5509 43.6785 43.7078 43.7227
 43.7761 43.8096 43.9222
50.0627 50.6042 50.7107 50.9023 50.9295 51.0194 51.275  51.3038 51.3829
 51.4634 51.4908 51.5094 51.5611 51.6386 51.7218 51.7648 51.7938 51.8177
 51.8772 51.8979 51.926  51.9579 52.0103 52.0785 52.1134 52.1869 52.2206
 52.2717 52.3786 52.4816 52.5557 52.5939 53.0181 53.7135 59.8127 59.8698
 59.9723
60.0216 60.0589 60.0975 60.1212 60.2285 60.3513 60.3792 60.4126 60.4617
 60.4875 60.5138 60.5489 60.5729 60.5949 60.6208 60.6426 60.6671 60.6859
 60.7265 60.7723 60.7927 60.8115 60.8312 60.8502 60.871  60.8921 60.9065
 60.9237 60.9503 60.9809 61.0012 61.0186 61.0349 61.0628 61.0783 61.118
 61.1399 61.1598 61.1887 61.2105 61.2316 61.2527 61.2748 61.3077 61.3286
 61.3527 61.3719 61.3944 61.4191 61.4361 61.4582 61.4963 61.5182 61.5402
 61.5808 61.6089 61.6308 61.6543 61.6792 61.7003 61.756  61.7822 61.8159
 61.8377 61.8881 61.9917 62.2275 62.2996 68.0359 68.1447 68.3217 68.6055
 68.6834 68.8624 68.9305 68.9459 68.9795 69.0196 69.0416 69.0775 69.1021
 69.1194 69.1491 69.188  69.2051 69.2215 69.2567 69.3013 69.3383 69.4084
 69.4298 69.4512 69.4717 69.4971 69.5238 69.5432 69.5574 69.5718 69.5844
 69.6023 69.6127 69.6243 69.6401 69.6535 69.6693 69.692  69.7069 69.7303
 69.7535 69.7664 69.7822 69.8118 69.8281 69.848  69.8617 69.8868 69.9088
 69.9225 69.9361 69.9511 69.9672 69.9811

