11.7416 12.5808 12.7088 12.9668 12.9926 13.0263 13.0498 13.1396 13.2386
 13.2575 13.2863 13.5267 13.5463 13.5768
21.0907 21.4325 21.6547 21.7907 21.8297 29.2575 29.5473 29.6331 29.7059
 29.8747 29.8994 29.9341 29.9619 29.9959
30.0168 30.1358 30.2244 30.3294 37.0327 37.4525 37.6089 37.7054 37.7503
 37.7696 37.8681 37.9045 37.9326 38.0944 38.1605 38.2025 38.3532
44.3796 46.3225 46.4819 46.5996
52.3549 54.3305 55.0342 55.4004 55.4838 55.5148 55.5559 55.8578 55.8994
62.4647 63.6115 63.9378 64.0273 64.0468 64.0993 64.1217 64.1475 64.2218
 64.2536 64.3075 64.4201

