12.6392 12.8367 12.9066 12.9226 12.9703 12.9998 13.0408 13.0684 13.0965
 13.1105 13.1338 13.1515 13.1813 13.2126 13.234  13.2486 13.2651 13.2801
 13.2957 13.3195 13.3368 13.3623 13.3825 13.4029 13.4174 13.4323 13.4483
 13.4823 13.4958 13.5091 13.5269 13.5438 13.5564 13.5756 13.5898 13.6041
 13.6158 13.6365 13.6568 13.6707 13.6838 13.6966 13.7123 13.7259 13.7385
 13.7504 13.7625 13.7761 13.7915 13.8033 13.8136 13.8248 13.8366 13.8514
 13.8702 13.8829 13.8969 13.9073 13.9215 13.9336 13.9454 13.9581 13.9728
 13.9878 14.0074 14.0214 14.0362 14.0558 14.0711 14.0831 14.0991 14.1188
 14.1376 14.1522 14.185  14.1988 14.2196 14.2351 14.2571 14.2818 14.3104
 14.3355 14.3575 14.3777 14.4054 14.4391 14.4558 14.4777 14.4994 14.5346
 14.5538 14.5779 14.5943 14.6193 14.642  14.6697 14.7277 14.755  14.7799
 14.8494 14.8663 14.9078 14.9512 15.0284 15.1665 18.7896 19.5679 19.6204
20.5285 20.8196 21.0408 21.0992 21.2378 21.2965 21.3349 21.3824 21.4507
 21.4758 21.5188 21.5567 21.58   21.6304 21.6593 21.6831 21.7124 21.7474
 21.7687 21.8089 21.8281 21.84   21.863  21.884  21.9037 21.9177 21.934
 21.9711 21.9884 22.0056 22.0269 22.0522 22.0852 22.1067 22.1431 22.1571
 22.1778 22.1963 22.2133 22.2321 22.2464 22.2583 22.2719 22.2881 22.3028
 22.3186 22.3364 22.3479 22.3645 22.3807 22.3986 22.4106 22.4256 22.4433
 22.4648 22.4844 22.5128 22.5414 22.5603 22.5761 22.5897 22.6081 22.6246
 22.6525 22.6878 22.7179 22.7379 22.7539 22.7721 22.8    22.8268 22.8703
 22.9124 22.934  22.9738 22.9992 23.0235 23.0546 23.0756 23.1103 23.1528
 23.2008 23.2234 23.2545 23.3249 23.422  23.4679 27.5507 27.6658 28.3519
 29.0987 29.2169 29.4235 29.4636 29.609  29.6413 29.7033 29.7952 29.8271
 29.8538 29.8866 29.9069 29.9323 29.9573 29.9777
30.0014 30.0253 30.0477 30.0645 30.0794 30.0982 30.1155 30.1289 30.1394
 30.1509 30.1847 30.2082 30.2246 30.2422 30.2578 30.2741 30.2949 30.3118
 30.3238 30.3347 30.3453 30.3578 30.3704 30.3842 30.3985 30.4118 30.4251
 30.4381 30.454  30.4696 30.4804 30.4907 30.5032 30.5225 30.5359 30.5505
 30.5607 30.5741 30.5857 30.5994 30.6171 30.6327 30.6435 30.6539 30.6657
 30.6762 30.6903 30.7097 30.7235 30.7405 30.7566 30.77   30.785  30.8015
 30.8127 30.8243 30.8415 30.8568 30.872  30.8862 30.9009 30.9165 30.9354
 30.9481 30.9657 30.9812 30.9977 31.0156 31.0299 31.0439 31.0624 31.0805
 31.0961 31.1277 31.1613 31.1763 31.2048 31.2307 31.2608 31.2883 31.3074
 31.3357 31.3657 31.3848 31.4036 31.4278 31.452  31.4764 31.4955 31.5253
 31.5727 31.6106 31.6374 31.7045 31.8053 35.6437 36.0124 36.8387 37.6707
 37.7303 37.7684 37.8212 37.8568 37.9311 37.9627 37.9877 38.0086 38.0196
 38.0399 38.0572 38.0708 38.0848 38.1034 38.1468 38.1598 38.1742 38.19
 38.211  38.2286 38.246  38.2639 38.2788 38.299  38.3122 38.3256 38.3417
 38.3621 38.3763 38.3897 38.4008 38.4196 38.4326 38.4498 38.4665 38.4805
 38.4952 38.5101 38.5345 38.5503 38.5668 38.5847 38.598  38.6127 38.6276
 38.6397 38.6588 38.676  38.6904 38.7049 38.7216 38.7435 38.7589 38.7717
 38.7874 38.7998 38.8154 38.8328 38.8462 38.8714 38.8892 38.9025 38.9145
 38.9289 38.9426 38.9566 38.9723 38.9878 39.0074 39.0217 39.0333 39.0478
 39.0645 39.0995 39.1182 39.1413 39.1571 39.1778 39.194  39.2228 39.2525
 39.2741 39.3012 39.3394 39.3616 39.3954 39.4243 39.4723 39.4946 39.5471
 39.6017 39.6292 39.6566 39.7998
45.8008 46.0087 46.1687 46.3118 46.3655 46.4018 46.4627 46.5086 46.5758
 46.5981 46.6156 46.6362 46.6587 46.6782 46.7029 46.7325 46.7459 46.7755
 46.7989 46.8179 46.8352 46.8489 46.8632 46.8804 46.9049 46.919  46.9321
 46.9655 46.98   46.9984 47.015  47.0314 47.0483 47.0593 47.073  47.0893
 47.1098 47.1233 47.1353 47.1529 47.1689 47.1833 47.2022 47.2147 47.2353
 47.2523 47.2678 47.2875 47.3006 47.319  47.3515 47.3688 47.3843 47.3974
 47.408  47.4199 47.4341 47.4484 47.467  47.4812 47.4957 47.5167 47.5315
 47.5526 47.566  47.6029 47.6199 47.6396 47.6539 47.6705 47.685  47.698
 47.7184 47.7354 47.7722 47.7876 47.8083 47.8303 47.8535 47.8693 47.8961
 47.9234 47.946  47.9627 47.9835 48.0058 48.0652 48.1519 48.1772 48.2282
 48.2705 48.3285 48.42
52.7775 54.0373 54.6945 55.0325 55.0873 55.2143 55.2468 55.2717 55.312
 55.3281 55.3612 55.3822 55.4297 55.4545 55.4842 55.5009 55.5243 55.5409
 55.5732 55.5883 55.6281 55.6506 55.6725 55.6892 55.7109 55.7285 55.7414
 55.7662 55.7874 55.8042 55.8186 55.8325 55.8498 55.8723 55.8941 55.9174
 55.938  55.9592 55.9742 55.9879 56.01   56.025  56.0398 56.0552 56.0746
 56.0939 56.1167 56.1294 56.1425 56.1643 56.1784 56.1953 56.2116 56.2335
 56.2453 56.2589 56.2803 56.2997 56.3206 56.3321 56.3503 56.3644 56.3848
 56.4118 56.4238 56.439  56.4569 56.4751 56.5313 56.5587 56.5762 56.6041
 56.6279 56.6444 56.6625 56.6828 56.6963 56.7615 56.8327 56.9499 57.0206
 57.0852 57.1742
62.3352 62.7389 62.8058 63.0552 63.0978 63.3431 63.596  63.6966 63.7214
 63.7631 63.7968 63.8224 63.8683 63.8926 63.9872 64.0537 64.0685 64.0886
 64.1035 64.1151 64.1359 64.1536 64.1699 64.2066 64.2399 64.2592 64.2783
 64.2955 64.3097 64.3259 64.3419 64.3668 64.3825 64.4003 64.4144 64.4292
 64.4495 64.4835 64.5074 64.5241 64.5369 64.553  64.5645 64.578  64.5902
 64.6043 64.6188 64.6381 64.6508 64.6644 64.6754 64.6881 64.7013 64.7183
 64.7342 64.7479 64.7652 64.7769 64.7964 64.8098 64.8208 64.8314 64.8457
 64.8573 64.8723 64.8915 64.9056 64.9203 64.9377 64.9506 64.9664 64.9803
 64.9987 65.0121 65.0339 65.0501 65.0643 65.0872 65.107  65.1243 65.1414
 65.1694 65.1808 65.1953 65.2267 65.2594 65.2797 65.3006 65.3275 65.3518
 65.3747 65.4211 65.4455 65.4872 65.539  65.5756 65.6163 65.6597 65.9158
 65.9754 67.5487 69.6794

