12.3368 12.6038 12.7073 12.7449 12.7654 12.7844 12.8061 12.8358 12.8689
 12.9137 12.9567 12.9904 13.0272 13.0555 13.0815 13.1086 13.1286 13.1555
 13.1723 13.1857 13.2115 13.232  13.2453 13.2559 13.2765 13.2929 13.3239
 13.3385 13.3513 13.3687 13.3889 13.4019 13.4199 13.443  13.4576 13.472
 13.4883 13.5037 13.5172 13.5392 13.5558 13.5676 13.5781 13.5903 13.6013
 13.6156 13.6267 13.6438 13.6576 13.6728 13.6864 13.6993 13.7152 13.7302
 13.7438 13.7576 13.7764 13.7899 13.8039 13.8179 13.8321 13.8468 13.8636
 13.8795 13.8945 13.9095 13.9253 13.9385 13.9533 13.9648 13.9771 13.9924
 14.0049 14.018  14.031  14.0445 14.0547 14.0727 14.086  14.0996 14.1152
 14.1357 14.1572 14.1739 14.1874 14.2012 14.2131 14.2308 14.2461 14.2602
 14.2785 14.3016 14.3141 14.3254 14.3367 14.352  14.3668 14.393  14.407
 14.4198 14.4308 14.4469 14.4619 14.4784 14.4931 14.5087 14.521  14.5349
 14.5469 14.5644 14.5778 14.5946 14.6137 14.6328 14.6462 14.6593 14.6719
 14.6845 14.7004 14.7182 14.7396 14.7607 14.7768 14.802  14.822  14.8347
 14.8595 14.8977 14.9183 14.9523 14.9974 15.0788 15.1756
20.5976 20.7047 21.0551 21.1423 21.2689 21.3731 21.4454 21.4752 21.5065
 21.5496 21.5704 21.6012 21.639  21.6655 21.6912 21.718  21.7396 21.7565
 21.7747 21.7918 21.8059 21.8226 21.8429 21.8604 21.8742 21.898  21.9179
 21.9344 21.9484 21.9625 21.986  21.9979 22.0137 22.0376 22.0592 22.074
 22.0874 22.1036 22.1148 22.1325 22.1467 22.1594 22.1709 22.1855 22.2031
 22.2236 22.2452 22.2642 22.2811 22.2964 22.3119 22.325  22.3405 22.3654
 22.379  22.3978 22.4147 22.4271 22.4583 22.4721 22.4864 22.5061 22.5226
 22.5424 22.558  22.5763 22.591  22.609  22.6259 22.6454 22.6586 22.6836
 22.7005 22.7305 22.7526 22.7745 22.7919 22.8142 22.8366 22.8699 22.8856
 22.9097 22.9222 22.9382 22.9519 22.967  22.9872 23.0073 23.0246 23.0447
 23.0708 23.0868 23.1085 23.1348 23.1533 23.1719 23.1851 23.2017 23.2257
 23.2534 23.2756 23.2965 23.3419 23.3724 23.4102 23.4349 23.4818 23.5072
 23.5554 23.6152 23.6553 23.6949 27.1894 27.5368 28.7652 28.8408 28.9969
 29.1549 29.3318 29.3926 29.4208 29.4769 29.5004 29.5255 29.5476 29.5659
 29.6038 29.6255 29.6503 29.6668 29.6866 29.7022 29.7268 29.7596 29.7851
 29.804  29.8313 29.864  29.883  29.8981 29.9181 29.9325 29.9575 29.9809
 29.9948
30.0259 30.0464 30.0622 30.0823 30.0979 30.118  30.1346 30.1494 30.1666
 30.1797 30.1929 30.2096 30.2203 30.2337 30.2483 30.2617 30.281  30.2971
 30.3078 30.3193 30.3316 30.3441 30.358  30.3692 30.382  30.3971 30.4108
 30.4263 30.4378 30.4496 30.4603 30.473  30.4901 30.5017 30.5145 30.5284
 30.5434 30.5582 30.572  30.5951 30.6108 30.623  30.6338 30.6494 30.6617
 30.6727 30.6869 30.7047 30.7195 30.7367 30.7518 30.7672 30.7885 30.8
 30.811  30.8273 30.8395 30.8505 30.8707 30.8858 30.8997 30.9163 30.9394
 30.9559 30.9702 30.9863 30.9997 31.0214 31.0358 31.0586 31.0827 31.0971
 31.1089 31.1206 31.1359 31.1506 31.1703 31.1832 31.2087 31.228  31.2449
 31.2584 31.2746 31.2944 31.3058 31.3169 31.3295 31.3463 31.3616 31.3758
 31.3944 31.4109 31.4304 31.4474 31.463  31.4796 31.4965 31.5146 31.5308
 31.5476 31.5602 31.5797 31.5927 31.6173 31.6355 31.6505 31.689  31.7124
 31.751  31.7669 31.7921 31.8308 31.8623 31.8937 31.9303 31.9758 36.9876
 37.2305 37.3223 37.5034 37.5801 37.6787 37.7193 37.7619 37.7845 37.812
 37.8458 37.8598 37.9065 37.9323 37.9562 37.9776 37.9966 38.0142 38.0354
 38.0512 38.0671 38.0953 38.111  38.1231 38.1402 38.1584 38.1713 38.1832
 38.1937 38.2097 38.2206 38.2322 38.2454 38.2641 38.281  38.3093 38.3312
 38.3448 38.3636 38.3786 38.3932 38.4079 38.4206 38.4344 38.4481 38.4581
 38.4744 38.4875 38.4967 38.5063 38.5184 38.5304 38.5415 38.5534 38.5666
 38.579  38.5893 38.6022 38.6139 38.628  38.6441 38.6546 38.6674 38.678
 38.6902 38.7011 38.7148 38.7289 38.7469 38.7653 38.7796 38.796  38.8071
 38.8215 38.8346 38.8464 38.8588 38.8737 38.8872 38.9015 38.9166 38.9315
 38.9476 38.9784 38.9971 39.0122 39.0269 39.0387 39.0531 39.0714 39.0857
 39.1018 39.1179 39.1385 39.155  39.1817 39.1996 39.2147 39.2297 39.2487
 39.2645 39.2797 39.2946 39.3109 39.3255 39.3397 39.3568 39.3748 39.3919
 39.4178 39.4338 39.4488 39.4648 39.4823 39.4992 39.5168 39.5328 39.5548
 39.5686 39.5955 39.6186 39.6384 39.6568 39.6726 39.7025 39.7268 39.7607
 39.7879 39.8272 39.8666 39.8904 39.992
45.1732 45.6219 45.7129 45.9314 46.0813 46.1437 46.2266 46.2471 46.3056
 46.3231 46.3532 46.3864 46.4314 46.4595 46.4864 46.5036 46.5211 46.5355
 46.5627 46.5967 46.6136 46.6282 46.6564 46.6741 46.693  46.7124 46.728
 46.7504 46.7693 46.7979 46.8171 46.8394 46.8518 46.8762 46.8894 46.9042
 46.9169 46.9311 46.9444 46.9558 46.9785 47.002  47.0147 47.0295 47.042
 47.0543 47.0682 47.0835 47.1023 47.1163 47.129  47.143  47.1586 47.171
 47.1834 47.197  47.2132 47.2254 47.237  47.2502 47.2629 47.2774 47.2932
 47.3071 47.3331 47.3484 47.3631 47.3804 47.3945 47.4218 47.4392 47.4632
 47.4791 47.5022 47.5162 47.5289 47.5461 47.5626 47.5777 47.5923 47.6093
 47.6248 47.6449 47.6672 47.693  47.7092 47.7245 47.7436 47.7725 47.7912
 47.8062 47.8228 47.8464 47.8598 47.8792 47.9123 47.9279 47.9439 47.9735
 47.9934 48.0077 48.0311 48.0491 48.0615 48.076  48.0903 48.1188 48.1336
 48.1476 48.1667 48.1828 48.1984 48.2112 48.2338 48.2494 48.2804 48.3119
 48.3437 48.3648 48.3883 48.4175 48.4416 48.4924 48.5601 48.5889 48.6958
53.8019 54.1746 54.3843 54.8416 54.9178 55.0142 55.0418 55.0887 55.1078
 55.1624 55.1901 55.2184 55.2619 55.2787 55.3107 55.3339 55.3599 55.3847
 55.4129 55.4252 55.4397 55.4537 55.4676 55.489  55.5086 55.5465 55.5578
 55.5742 55.5949 55.6087 55.6408 55.6633 55.6826 55.6975 55.7092 55.7206
 55.7436 55.758  55.7782 55.7928 55.8084 55.8265 55.84   55.8556 55.8751
 55.898  55.9154 55.9293 55.9405 55.9595 55.9731 55.9872 56.0005 56.0125
 56.0241 56.0349 56.0525 56.0647 56.0763 56.0968 56.1131 56.1307 56.1427
 56.156  56.18   56.1966 56.2103 56.2273 56.2435 56.258  56.274  56.2921
 56.3112 56.3296 56.3434 56.3567 56.3745 56.3878 56.4046 56.4304 56.4431
 56.4633 56.4829 56.4958 56.5069 56.5217 56.5341 56.5525 56.5752 56.5925
 56.6147 56.632  56.6539 56.667  56.6826 56.6988 56.7202 56.7439 56.7595
 56.7802 56.7986 56.8155 56.8316 56.8471 56.8694 56.8857 56.9185 56.9388
 56.9572 56.9747 57.0011 57.0197 57.0368 57.0526 57.0704 57.0952 57.1174
 57.1517 57.1874 57.2132 57.2331 57.2592 57.2793 57.2991 57.3258 57.3684
 57.4942 59.0515
63.1066 63.2295 63.4931 63.5198 63.5694 63.7888 63.8117 63.8318 63.8732
 63.9058 63.9258 63.9512 64.0018 64.021  64.0447 64.0756 64.0971 64.1129
 64.1444 64.1789 64.216  64.232  64.2496 64.2705 64.2888 64.3134 64.3262
 64.3383 64.3562 64.3705 64.3897 64.4101 64.4278 64.4501 64.4618 64.4768
 64.5118 64.5263 64.5403 64.5514 64.5701 64.5884 64.6097 64.6212 64.6353
 64.6482 64.6601 64.6734 64.6886 64.7068 64.7247 64.7416 64.7579 64.7699
 64.7815 64.8033 64.8163 64.8283 64.846  64.8576 64.8778 64.8944 64.9075
 64.9274 64.9463 64.961  64.9779 64.9914 65.0057 65.0191 65.0346 65.0468
 65.0674 65.0843 65.1107 65.1317 65.1469 65.1765 65.2029 65.2271 65.2429
 65.2621 65.2762 65.2965 65.3155 65.348  65.3612 65.3739 65.3883 65.4095
 65.4345 65.4648 65.4879 65.5073 65.5268 65.5471 65.5676 65.5945 65.6159
 65.633  65.6528 65.6734 65.6986 65.7157 65.7352 65.7596 65.7915 65.8142
 65.8417 65.8664 65.9235 65.952  65.9751 66.0096 66.0444 66.1228 68.8192

