11.4848 11.5924 11.7375 11.9139 12.2134 12.354  12.465  12.4895 12.5174
 12.5567 12.6555 12.6844 12.702  12.7565 12.8009 12.8225 12.8404 12.8723
 12.9318 12.9468 13.0272 13.047  13.0809 13.1751 13.198  13.2337 13.2463
 13.2904 13.3231 19.9465
20.421  20.7646 20.8022 20.9137 20.9535 21.0268 21.1152 21.1287 21.1778
 21.1981 21.2199 21.3299 21.3667 21.3941 21.4539 21.4784 21.4921 21.5115
 21.5816 21.6285 21.6507 21.6876 21.7324 21.8052 28.6427 29.0688 29.2638
 29.3254 29.3669 29.4517 29.5076 29.5523 29.5682 29.6067 29.6318 29.6981
 29.7178 29.7456 29.7657 29.7881 29.8734 29.9033 29.9548 29.9861
30.0181 30.0436 30.0979 30.1309 30.1585 30.1784 30.2148 30.2287 36.9581
 37.0509 37.4054 37.5337 37.8411 37.8772 38.0159 38.0585 38.2193 38.2453
 38.2989 38.4645 38.5183 38.5402 38.5547 38.5753 38.6193 38.7352
45.3031 45.9557 46.1487 46.3199 46.5216 46.5497 46.5882 46.6361 46.7659
 46.7869 46.8143 46.8452 46.8819 46.9426 46.9583 46.9867 47.0405 47.0575
 47.084  47.0956 47.126  47.1427 47.1752 47.26
54.8678 54.9285 54.9613 54.9971 55.0202 55.2026 55.2215 55.3614 55.3845
 55.4106 55.44   55.4725 55.4937 55.508  55.5255 55.5515 55.5659 55.5813
 55.6002 55.6153 55.6261 55.6569 55.721  55.7337 55.7728 55.7985 55.8212
 55.8553 55.8741 55.9032 55.9553
62.7695 62.9447 63.1408 63.2727 63.6086 63.6545 63.8256 63.8535 63.9016
 63.9166 63.9407 63.9748 64.0028 64.0675 64.1336 64.2057 64.2229 64.2377
 64.2588 64.2884 64.3535 64.4016 64.4512 64.4752 64.5287 64.5472

