11.3776 11.8394 12.2399 12.2968 12.3647 12.4273 12.4681 12.4889 12.5068
 12.5335 12.5687 12.6079 12.6247 12.6459 12.6634 12.6979 12.7195 12.7345
 12.7552 12.7768 12.7988 12.8119 12.8281 12.8437 12.8637 12.8875 12.9118
 12.9283 12.9477 12.965  12.9751 12.9941 13.011  13.0266 13.0372 13.0517
 13.0656 13.0785 13.0911 13.1088 13.1244 13.1506 13.1679 13.1876 13.201
 13.2192 13.2309 13.2519 13.263  13.2868 13.3007 13.3133 13.3278 13.3421
 13.3622 13.3761 13.3873 13.3991 13.4107 13.4255 13.4379 13.4487 13.4652
 13.4804 13.4943 13.5078 13.5192 13.5299 13.5418 13.5537 13.5672 13.5816
 13.5921 13.6052 13.6201 13.6317 13.6433 13.6572 13.6711 13.6834 13.6953
 13.7071 13.7179 13.729  13.7442 13.7565 13.7696 13.7798 13.7932 13.8076
 13.8239 13.8379 13.8511 13.8653 13.883  13.8961 13.9076 13.919  13.9321
 13.9461 13.9598 13.9756 13.9889 14.0149 14.0333 14.0449 14.0628 14.0798
 14.0979 14.1104 14.1255 14.139  14.1524 14.1719 14.1857 14.2049 14.2207
 14.2619 14.2806 14.2995 14.3187 14.3395 14.3549 14.3753 14.401  14.4169
 14.4372 14.4584 14.5221 14.5408 14.5611 14.5848 14.6246 14.6988 14.7963
20.3877 20.5196 20.8347 20.8777 20.9256 20.9618 21.0343 21.0685 21.1008
 21.1346 21.1513 21.1755 21.2047 21.2343 21.2632 21.2888 21.3039 21.316
 21.3491 21.3625 21.3789 21.4006 21.4144 21.4301 21.449  21.4644 21.4798
 21.4924 21.5062 21.5252 21.5374 21.5503 21.5674 21.5805 21.5962 21.6089
 21.6214 21.6332 21.6462 21.6646 21.6817 21.6976 21.7075 21.7208 21.7322
 21.7443 21.7648 21.7834 21.8014 21.8179 21.8304 21.8429 21.8519 21.8653
 21.8805 21.8924 21.9075 21.9226 21.9368 21.9507 21.9618 21.9737 21.9881
 22.0016 22.0163 22.0275 22.0389 22.0509 22.0656 22.0788 22.0902 22.1015
 22.1175 22.1282 22.1418 22.1533 22.167  22.1792 22.1902 22.2005 22.2154
 22.2292 22.2465 22.2582 22.2703 22.285  22.2975 22.3146 22.3276 22.3394
 22.3525 22.3648 22.3774 22.3904 22.409  22.4281 22.4434 22.4627 22.473
 22.4871 22.504  22.5153 22.5284 22.5442 22.5616 22.5796 22.5945 22.6108
 22.6234 22.6389 22.661  22.6808 22.6931 22.7078 22.7231 22.7433 22.7585
 22.7817 22.7959 22.8185 22.849  22.8746 22.8899 22.9169 22.9389 22.9559
 22.9788 23.0319 23.0569 23.1595 27.2597 29.1538 29.2487 29.3684 29.4048
 29.5064 29.5825 29.6098 29.6424 29.6582 29.6726 29.6912 29.7132 29.7311
 29.7507 29.7684 29.7915 29.821  29.8382 29.8513 29.8696 29.8866 29.8995
 29.9133 29.9288 29.9494 29.9704 29.9871
30.0023 30.0174 30.0317 30.05   30.089  30.0987 30.1159 30.1269 30.14
 30.1536 30.1675 30.184  30.1982 30.2096 30.2197 30.2338 30.2454 30.257
 30.2661 30.2756 30.286  30.2966 30.3087 30.3192 30.3326 30.3434 30.355
 30.3675 30.3793 30.3943 30.4075 30.4221 30.4337 30.4459 30.4578 30.4683
 30.4807 30.4933 30.5065 30.5206 30.5332 30.5469 30.5644 30.5777 30.5896
 30.6014 30.6137 30.6248 30.6359 30.6468 30.6588 30.6686 30.6784 30.6889
 30.6994 30.7108 30.7203 30.7305 30.7443 30.7563 30.7692 30.781  30.7906
 30.8006 30.8121 30.8291 30.8464 30.8581 30.8697 30.8816 30.8942 30.9064
 30.9198 30.933  30.955  30.9694 30.9812 30.9969 31.0116 31.0281 31.0462
 31.0582 31.0703 31.0839 31.0996 31.1174 31.1302 31.1458 31.1638 31.1853
 31.198  31.2115 31.2271 31.2512 31.2759 31.3025 31.3208 31.3569 31.3847
 31.4227 31.4418 31.4628 31.4969 31.5445 31.5688 31.5947 31.6292 37.2598
 37.3785 37.4307 37.5021 37.6038 37.6284 37.7248 37.8113 37.8493 37.9415
 37.96   38.0028 38.0444 38.0779 38.135  38.197  38.2251 38.2559 38.2745
 38.292  38.3094 38.3259 38.3378 38.3557 38.3785 38.3917 38.4097 38.4304
 38.445  38.473  38.4889 38.5065 38.5315 38.5495 38.5636 38.5799 38.6006
 38.6207 38.6373 38.6493 38.6718 38.6839 38.7033 38.7171 38.7343 38.7475
 38.7593 38.7715 38.7878 38.8024 38.8157 38.8283 38.8433 38.8621 38.8758
 38.8905 38.9036 38.9149 38.9306 38.9421 38.9553 38.9672 38.9825 38.9972
 39.0094 39.0212 39.0329 39.0521 39.064  39.0783 39.0912 39.1062 39.125
 39.1363 39.1508 39.1618 39.1805 39.1998 39.213  39.2234 39.2398 39.2509
 39.2641 39.2784 39.2935 39.3053 39.3188 39.3326 39.3479 39.3605 39.3786
 39.3937 39.4094 39.4281 39.4419 39.4656 39.4835 39.5049 39.5203 39.5402
 39.553  39.5629 39.5788 39.5903 39.6075 39.6267 39.644  39.6623 39.6791
 39.7054 39.7284 39.7473 39.8047 39.8203 39.8424 39.8821 39.904  39.9236
 39.9837
40.0252 40.08   45.957  46.0107 46.2265 46.3964 46.4681 46.5115 46.5479
 46.5874 46.6097 46.6342 46.6854 46.7304 46.7756 46.812  46.8486 46.8674
 46.8815 46.8975 46.9167 46.9462 46.9642 46.9819 47.004  47.0188 47.0307
 47.0429 47.0577 47.0734 47.0872 47.1028 47.1172 47.1361 47.1573 47.1775
 47.1938 47.2102 47.2286 47.2409 47.2529 47.2682 47.2836 47.2976 47.312
 47.328  47.3446 47.3584 47.3686 47.3801 47.3931 47.4031 47.416  47.4278
 47.4386 47.4516 47.4617 47.4714 47.4816 47.4924 47.5022 47.5163 47.5283
 47.5423 47.554  47.563  47.5735 47.5837 47.5963 47.6112 47.6247 47.6369
 47.6503 47.6634 47.675  47.6861 47.698  47.7099 47.7216 47.7317 47.7429
 47.7579 47.7689 47.7797 47.7962 47.8071 47.8192 47.8326 47.8445 47.8564
 47.8682 47.8788 47.891  47.9029 47.9148 47.9269 47.9379 47.9497 47.9621
 47.9723 47.9842 47.9966 48.0103 48.0213 48.0364 48.0477 48.0587 48.073
 48.0877 48.1049 48.1183 48.1305 48.143  48.1679 48.1825 48.1976 48.2126
 48.2293 48.2425 48.2558 48.2701 48.2906 48.3084 48.3259 48.344  48.3597
 48.3762 48.3896 48.4051 48.4197 48.4338 48.4502 48.4694 48.4864 48.5379
 48.5752 48.602  48.6236 48.6595 48.735  48.7857 48.8173 48.8506
54.7499 54.7876 54.8729 54.9483 54.9884 55.0456 55.0833 55.1023 55.1219
 55.1596 55.1979 55.234  55.2549 55.2809 55.2977 55.3299 55.3523 55.3816
 55.41   55.4336 55.4515 55.4698 55.4869 55.5049 55.5163 55.5306 55.544
 55.5614 55.574  55.5898 55.6102 55.6264 55.6405 55.6557 55.6723 55.6916
 55.7109 55.7233 55.7396 55.7529 55.7677 55.7892 55.8019 55.8172 55.8334
 55.8462 55.8571 55.8669 55.88   55.8907 55.9053 55.9178 55.9319 55.9433
 55.9549 55.9668 55.9779 55.9918 56.004  56.0136 56.0261 56.0368 56.049
 56.0605 56.0735 56.0864 56.0974 56.108  56.1211 56.1331 56.1454 56.1557
 56.1664 56.1764 56.1864 56.2008 56.2121 56.2233 56.2345 56.2454 56.2586
 56.2704 56.2799 56.2905 56.301  56.3113 56.3244 56.3346 56.3449 56.355
 56.3652 56.3788 56.3927 56.4044 56.4173 56.4299 56.4428 56.4551 56.4661
 56.4779 56.4884 56.5006 56.5118 56.5224 56.5355 56.5466 56.5575 56.5682
 56.5788 56.593  56.6047 56.6175 56.6294 56.6423 56.6553 56.6669 56.6768
 56.6873 56.7015 56.7138 56.7286 56.7396 56.7539 56.7661 56.7804 56.792
 56.8098 56.8233 56.8344 56.8466 56.8579 56.8733 56.8936 56.9075 56.9205
 56.9344 56.9482 56.9604 56.9763 56.9887 57.0045 57.0181 57.0392 57.0569
 57.075  57.0873 57.1125 57.129  57.1446 57.16   57.1763 57.2039 57.2236
 57.2714 57.2941 57.338  57.3693 57.4978 57.5305 57.6202
63.1159 63.1708 63.2816 63.38   63.4765 63.5534 63.6039 63.6497 63.7193
 63.7579 63.7852 63.8122 63.8301 63.848  63.8662 63.8872 63.9098 63.9303
 63.9531 63.9776 63.9922 64.0162 64.0378 64.0533 64.065  64.0835 64.0959
 64.1085 64.1264 64.1436 64.1597 64.1716 64.1846 64.1958 64.2103 64.2243
 64.2419 64.2595 64.2738 64.2831 64.2966 64.3081 64.3232 64.3354 64.348
 64.3608 64.3764 64.3895 64.4008 64.4132 64.4246 64.4403 64.4524 64.4676
 64.4787 64.4899 64.5001 64.5121 64.5258 64.54   64.5502 64.5627 64.5736
 64.5878 64.6016 64.613  64.6239 64.6344 64.6448 64.6546 64.6645 64.6758
 64.6884 64.6981 64.7108 64.7275 64.7401 64.75   64.7604 64.7718 64.7849
 64.7945 64.8056 64.8155 64.8277 64.8397 64.8494 64.8607 64.8722 64.8844
 64.8944 64.91   64.9232 64.9345 64.9453 64.9557 64.9659 64.9775 64.99
 65.0014 65.0138 65.0242 65.0332 65.0443 65.056  65.0671 65.0788 65.0886
 65.1002 65.1135 65.1265 65.1395 65.1576 65.1719 65.1851 65.2    65.2117
 65.2242 65.2385 65.25   65.2618 65.274  65.2902 65.3073 65.3212 65.3342
 65.3498 65.3687 65.3891 65.4038 65.418  65.4324 65.4609 65.4734 65.4875
 65.504  65.5203 65.5374 65.5664 65.5857 65.6107 65.6282 65.6488 65.6749
 65.7034 65.7724

