12.8029 12.9227 13.0924 13.279  13.3343 13.4463 13.5508 13.6448 13.6867
 13.7189 13.7404 13.7551 13.771  13.794  13.8257 13.8547 13.8845 13.911
 13.9317 13.959  13.9755 13.9894 14.0122 14.0275 14.0458 14.0611 14.0871
 14.1055 14.1189 14.1353 14.1496 14.166  14.1784 14.1943 14.2127 14.2322
 14.244  14.2574 14.271  14.2892 14.2993 14.3144 14.3263 14.3439 14.3594
 14.3735 14.387  14.3993 14.4122 14.4243 14.4358 14.4555 14.4746 14.4892
 14.5052 14.5166 14.5267 14.5368 14.5485 14.5612 14.5735 14.5978 14.6183
 14.6306 14.6453 14.6577 14.6748 14.6877 14.7082 14.7225 14.7394 14.7601
 14.7761 14.7998 14.8165 14.846  14.8618 14.8793 14.9118 14.933  14.9574
 14.977  15.0055 15.0304 15.0528 15.0869 15.1067 15.1343 15.1611 15.1939
 15.2416 15.3559 15.4137 15.5889
21.045  21.1204 21.433  21.5415 21.6196 21.6748 21.7341 21.813  21.8315
 21.8734 21.9177 21.9481 21.9724 21.9935 22.019  22.0483 22.0658 22.0819
 22.0964 22.1168 22.1421 22.1602 22.1736 22.1912 22.2072 22.2177 22.2319
 22.2508 22.2708 22.2863 22.3021 22.3162 22.3305 22.3432 22.3611 22.3753
 22.3946 22.4117 22.4283 22.4463 22.4576 22.4686 22.4885 22.5024 22.514
 22.5257 22.5353 22.5499 22.5613 22.5755 22.587  22.6053 22.6185 22.6433
 22.6564 22.6669 22.6824 22.6947 22.7101 22.7207 22.7333 22.7487 22.7613
 22.7816 22.8005 22.8192 22.8354 22.8469 22.8603 22.874  22.8901 22.9058
 22.92   22.9375 22.9568 22.9736 23.0083 23.0272 23.0401 23.0554 23.086
 23.1049 23.1306 23.1509 23.1701 23.1973 23.2244 23.2534 23.2816 23.298
 23.3252 23.3434 23.3706 23.3907 23.4069 23.4475 23.4976 23.5287 23.5838
 23.6086 23.6799 23.8339 28.4826 29.3624 29.5118 29.7222 29.7595 29.9321
 29.9607
30.0646 30.0819 30.1179 30.1502 30.1642 30.1953 30.2094 30.2318 30.2679
 30.2837 30.2998 30.3268 30.3494 30.3793 30.4    30.418  30.4352 30.4503
 30.4679 30.4918 30.5077 30.5305 30.5484 30.568  30.5833 30.5976 30.6104
 30.6282 30.6444 30.6567 30.6695 30.6843 30.6981 30.7103 30.7225 30.734
 30.7446 30.7563 30.7675 30.7828 30.7977 30.8103 30.8237 30.8337 30.8446
 30.863  30.8733 30.8849 30.8962 30.9097 30.9207 30.935  30.9476 30.9607
 30.9742 30.9872 30.9979 31.0089 31.0219 31.0366 31.0481 31.0602 31.0719
 31.0814 31.0921 31.1049 31.118  31.1303 31.143  31.1535 31.1691 31.1827
 31.196  31.2077 31.2214 31.2313 31.245  31.2556 31.2737 31.2919 31.3046
 31.3182 31.335  31.3468 31.3623 31.3732 31.3861 31.3974 31.4116 31.43
 31.4481 31.4623 31.4767 31.5094 31.5268 31.5438 31.5614 31.5794 31.6012
 31.6164 31.6343 31.6608 31.7284 31.7699 31.8061 31.8315 31.8862 31.9109
 32.0399 37.8816 38.2113 38.2459 38.3186 38.3426 38.4164 38.6269 38.6418
 38.6694 38.7566 38.7992 38.8296 38.8496 38.8741 38.8926 38.9129 38.9403
 38.9556 39.0084 39.0342 39.0543 39.0793 39.1013 39.1176 39.143  39.1617
 39.1813 39.1932 39.2253 39.2423 39.2589 39.2714 39.2874 39.3092 39.3277
 39.3467 39.3659 39.3814 39.4017 39.4143 39.4314 39.4511 39.4677 39.4844
 39.4994 39.5152 39.5344 39.5499 39.567  39.5801 39.5926 39.6052 39.6203
 39.6315 39.6452 39.6639 39.6765 39.6888 39.7032 39.7264 39.7416 39.7541
 39.7686 39.7865 39.8092 39.8225 39.8359 39.8513 39.8626 39.8854 39.897
 39.9172 39.9375 39.9588 39.9868 39.9999
40.0339 40.0563 40.0735 40.1027 40.1259 40.1488 40.1806 40.2151 40.2586
 40.4603 40.7093 45.328  45.9213 46.3643 46.4365 46.5438 46.6354 46.7576
 46.8115 46.8375 46.8558 46.9393 46.9698 47.0156 47.0315 47.059  47.0792
 47.1068 47.1353 47.1508 47.1713 47.1922 47.2376 47.2586 47.2759 47.3125
 47.3295 47.355  47.3738 47.388  47.4003 47.4127 47.4264 47.4418 47.4555
 47.4723 47.486  47.5013 47.5171 47.5327 47.5459 47.5612 47.5714 47.589
 47.6031 47.6187 47.6391 47.6544 47.6719 47.6845 47.6978 47.7096 47.7205
 47.7341 47.7506 47.7676 47.7793 47.7976 47.8076 47.8188 47.8343 47.8498
 47.8603 47.8759 47.8881 47.9024 47.9172 47.9324 47.9477 47.963  47.9797
 47.9969 48.0171 48.031  48.045  48.068  48.0848 48.1002 48.1204 48.1387
 48.1548 48.1735 48.1973 48.2294 48.2485 48.2651 48.2837 48.3034 48.3375
 48.3835 48.4192 48.4506 48.5151 48.5505 48.7099 48.7413
53.9048 53.9837 54.5976 54.8811 55.1495 55.1828 55.3585 55.388  55.477
 55.499  55.5214 55.5705 55.5922 55.6116 55.6551 55.6779 55.7034 55.716
 55.7281 55.7505 55.7669 55.7825 55.8026 55.8198 55.8331 55.854  55.9015
 55.9255 55.9457 55.9677 55.9817 55.9989 56.0127 56.0245 56.037  56.053
 56.0648 56.0787 56.0946 56.1105 56.1258 56.1372 56.1511 56.1641 56.1817
 56.1946 56.2121 56.227  56.2429 56.253  56.2662 56.2788 56.2928 56.3055
 56.3162 56.3269 56.3388 56.3518 56.3652 56.377  56.3915 56.4044 56.4177
 56.4304 56.4476 56.4645 56.4796 56.5021 56.5141 56.5268 56.5412 56.5525
 56.5636 56.5764 56.5916 56.6047 56.6173 56.6299 56.6435 56.661  56.675
 56.6878 56.7035 56.7186 56.733  56.7503 56.7647 56.7881 56.8065 56.8177
 56.833  56.8483 56.863  56.8815 56.8986 56.9278 56.9469 56.9665 56.9883
 57.0095 57.0311 57.0751 57.1104 57.2285 57.4082
62.5965 63.0729 63.1189 63.263  63.2927 63.3799 63.4839 63.6958 63.7718
 63.8039 63.8756 63.8916 63.909  63.925  63.9671 63.991  64.0127 64.0346
 64.0522 64.0699 64.1054 64.1339 64.1478 64.1724 64.1881 64.2038 64.2332
 64.2466 64.2597 64.2729 64.2876 64.3067 64.3234 64.3461 64.3701 64.3882
 64.4008 64.414  64.4306 64.4439 64.4598 64.4788 64.5005 64.5216 64.5373
 64.5477 64.5619 64.5738 64.5846 64.5965 64.6083 64.6245 64.6386 64.6496
 64.6623 64.6752 64.6884 64.6998 64.7144 64.7284 64.7408 64.7548 64.7707
 64.782  64.7971 64.8112 64.8223 64.8371 64.8485 64.8605 64.8722 64.8841
 64.8981 64.9122 64.9269 64.9384 64.9512 64.9634 64.9799 64.9952 65.0077
 65.0238 65.0357 65.049  65.0642 65.0843 65.1042 65.1274 65.1545 65.1787
 65.1973 65.2171 65.2402 65.255  65.2787 65.3082 65.3283 65.3468 65.3651
 65.4179 65.4403 65.4646 65.5019 65.5383 65.6669 69.1919 69.8809

