12.5908 12.8585 13.3078 13.3791 13.4407 13.4699 13.5193 13.5599 13.5926
 13.6208 13.6896 13.7087 13.7473 13.809  13.8814 13.9199 13.9394 13.9586
 13.9786 14.0053 14.0204 14.0416 14.0771 14.1092 14.1378 14.1566 14.1777
 14.1943 14.2125 14.2262 14.2375 14.2542 14.2737 14.2916 14.3059 14.3221
 14.3345 14.3504 14.3679 14.3792 14.398  14.4142 14.4323 14.4471 14.4706
 14.4927 14.5079 14.5281 14.5414 14.5605 14.5786 14.5928 14.6114 14.6396
 14.6674 14.6799 14.693  14.7052 14.7198 14.7326 14.7509 14.7714 14.7829
 14.7984 14.8194 14.8353 14.8494 14.8615 14.8767 14.8943 14.9132 14.9397
 14.9581 14.9722 14.9954 15.0135 15.0331 15.0504 15.0679 15.0859 15.1149
 15.1406 15.166  15.1979 15.2313 15.2537 15.2867 15.3085 15.3381 15.3649
 15.4541 15.4803 15.5219 15.5943 15.6259 15.6797 15.8726
21.2009 21.3453 21.424  21.5247 21.56   21.6813 21.7217 21.7474 21.7938
 21.8827 21.935  21.9666 21.9856 22.0037 22.0409 22.07   22.0967 22.1507
 22.1683 22.1885 22.2056 22.2282 22.2444 22.2696 22.2866 22.33   22.356
 22.3757 22.3926 22.4074 22.4218 22.4376 22.4648 22.4804 22.4932 22.5076
 22.5219 22.5391 22.5563 22.5717 22.5864 22.6068 22.6294 22.6438 22.6633
 22.6798 22.6988 22.7141 22.7279 22.7403 22.7658 22.7828 22.7981 22.8166
 22.834  22.8454 22.8591 22.8774 22.8983 22.9135 22.9365 22.959  22.9717
 22.9833 22.9996 23.015  23.0288 23.0415 23.059  23.0749 23.0873 23.1005
 23.117  23.1328 23.1533 23.1734 23.1884 23.2029 23.2227 23.2387 23.2541
 23.2662 23.2815 23.2996 23.3141 23.3348 23.3525 23.3737 23.3995 23.4169
 23.4653 23.4908 23.5092 23.5288 23.5746 23.608  23.6265 23.6576 23.6898
 23.7208 23.8006 23.9069 23.9873 24.0638 27.7539 29.2872 29.4828 29.6396
 29.7346 29.7867 29.8452 29.9323
30.01   30.0418 30.0797 30.1423 30.2563 30.3185 30.351  30.4152 30.4323
 30.4668 30.4831 30.499  30.5239 30.546  30.5813 30.5986 30.6238 30.6438
 30.6639 30.6765 30.6998 30.719  30.7332 30.7532 30.7704 30.7935 30.8066
 30.8228 30.8368 30.8525 30.8636 30.8808 30.8976 30.917  30.9411 30.9603
 30.9811 30.9962 31.0092 31.0215 31.0344 31.049  31.0712 31.0885 31.1028
 31.1169 31.1326 31.145  31.159  31.1709 31.1856 31.199  31.2107 31.2277
 31.2428 31.2572 31.2749 31.2904 31.3026 31.3159 31.3333 31.3483 31.3593
 31.3758 31.3881 31.4018 31.4135 31.4318 31.4479 31.4675 31.4823 31.4957
 31.5068 31.5193 31.5324 31.5484 31.5616 31.5735 31.587  31.6007 31.6227
 31.6413 31.6564 31.6735 31.6873 31.7016 31.7147 31.732  31.7501 31.7694
 31.7844 31.8047 31.8203 31.8358 31.853  31.8746 31.8929 31.9089 31.9232
 31.9418 31.9588 31.9769 32.0037 32.0233 32.0512 32.0955 32.1306 32.1601
 32.2197 32.255  32.2982 32.3983 32.8689 33.9728 36.3408 37.6817 38.2588
 38.3197 38.4119 38.5071 38.6647 38.7111 38.7412 38.7645 38.8035 38.8469
 38.9996 39.0357 39.0678 39.0919 39.1149 39.1586 39.1822 39.2183 39.2327
 39.2531 39.2777 39.2922 39.3436 39.3995 39.4129 39.4287 39.4477 39.463
 39.4823 39.5078 39.5479 39.5673 39.5885 39.6146 39.6295 39.6521 39.6732
 39.6971 39.7276 39.7465 39.7696 39.7869 39.7977 39.8146 39.8345 39.8556
 39.8714 39.8915 39.9266 39.9395 39.9675 39.9894
40.0116 40.0294 40.0464 40.063  40.0843 40.0971 40.1109 40.1238 40.1474
 40.1758 40.195  40.2086 40.2255 40.2468 40.2774 40.2905 40.3094 40.3324
 40.3576 40.3814 40.4142 40.4508 40.4701 40.5096 40.5856 40.6168 40.6952
 46.4163 46.5255 46.5813 46.6443 46.7316 46.7489 46.8135 46.8698 46.9097
 46.9532 46.9891 47.0664 47.1092 47.1846 47.2106 47.2285 47.2468 47.2755
 47.2937 47.3125 47.3302 47.3628 47.3947 47.4142 47.4477 47.4643 47.489
 47.5064 47.5371 47.5809 47.6099 47.6222 47.6363 47.6544 47.6823 47.7036
 47.7189 47.7365 47.7494 47.7627 47.7754 47.7874 47.8036 47.8205 47.8345
 47.8484 47.8668 47.8792 47.8934 47.9147 47.9465 47.9666 47.9783 47.9994
 48.0188 48.038  48.0574 48.0723 48.086  48.1024 48.1179 48.1335 48.1494
 48.1757 48.1981 48.2164 48.2298 48.2514 48.274  48.2966 48.3177 48.3416
 48.3588 48.3789 48.3927 48.406  48.4332 48.4502 48.4714 48.4986 48.5175
 48.5345 48.5523 48.567  48.5847 48.6089 48.6447 48.6644 48.6878 48.7108
 48.7285 48.7478 48.7789 48.8036 48.8399 48.8798 48.9107 48.9817 49.0201
 49.049
54.7285 54.9303 55.0299 55.1556 55.1852 55.2722 55.404  55.4561 55.4753
 55.5717 55.6416 55.6637 55.7006 55.7242 55.7895 55.8218 55.8426 55.8638
 55.8824 55.9124 55.9306 55.954  55.9801 55.9912 56.0211 56.0353 56.0616
 56.0832 56.1078 56.1324 56.1491 56.1629 56.1799 56.2111 56.2284 56.2464
 56.2619 56.2846 56.3043 56.3189 56.3385 56.3585 56.3786 56.3945 56.4142
 56.4323 56.4519 56.4674 56.4818 56.5094 56.5233 56.5356 56.5472 56.56
 56.5754 56.5885 56.6021 56.6211 56.6415 56.656  56.6694 56.6876 56.7055
 56.7173 56.7341 56.7494 56.763  56.7904 56.8044 56.8198 56.8356 56.8491
 56.8684 56.8819 56.8949 56.9154 56.9477 56.9692 56.9989 57.0205 57.0406
 57.0689 57.0947 57.1191 57.1336 57.1475 57.1678 57.195  57.2135 57.2466
 57.2795 57.305  57.3245 57.3595 57.3866 57.4103 57.4375 57.5421 57.584
 57.6196 57.7193 57.8066 57.9759
62.2453 62.9576 63.0912 63.4796 63.5245 63.6429 63.8024 63.8749 63.8919
 63.9233 63.9656 63.9883 64.0406 64.0689 64.1117 64.1654 64.193  64.2256
 64.2612 64.2781 64.3008 64.3164 64.3356 64.3618 64.3762 64.4079 64.4391
 64.4893 64.5053 64.5285 64.5472 64.5625 64.5769 64.5975 64.6156 64.6324
 64.6454 64.6675 64.7089 64.7322 64.7447 64.764  64.777  64.7943 64.8098
 64.8218 64.8346 64.85   64.8729 64.8985 64.9126 64.9277 64.9397 64.9505
 64.9655 64.9784 64.994  65.0088 65.0266 65.041  65.0546 65.0709 65.0855
 65.1019 65.1165 65.1315 65.143  65.1577 65.1694 65.1828 65.1977 65.2106
 65.2262 65.2408 65.2521 65.2677 65.2869 65.302  65.3192 65.3385 65.3527
 65.3713 65.3918 65.4092 65.4257 65.4409 65.453  65.4709 65.4913 65.507
 65.528  65.5436 65.5952 65.6109 65.6357 65.6631 65.6836 65.7133 65.7356
 65.7528 65.7714 65.7976 65.8184 65.8395 65.8931 65.9288 65.973  66.0815
 66.1697 69.2542

