13.7737 13.8039 13.898  13.9576 13.9849 14.0247 14.1074 14.1586 14.2369
 14.3689 14.3837 14.4287 14.5208 14.5487 14.6659
21.3566 21.8095 21.9236 21.9531 22.0745 22.1199 22.1436 22.1836 22.2277
 22.2496 22.2682 22.2855 22.3    22.3808 22.4024 22.4292 22.4935 22.5193
 22.5414 22.5598 22.6483 22.7856 28.5699
30.1092 30.1449 30.1867 30.2587 30.2864 30.3124 30.3624 30.3878 30.4109
 30.4277 30.4755 30.4962 30.5176 30.5338 30.5571 30.5851 30.6249 30.6404
 30.6627 30.7008 30.7234 30.7964 30.8175 30.8396 30.8831 30.907  30.9317
 30.9707 31.0081 31.0388 31.1237 36.2857 36.9068 37.022  38.3726 38.6425
 38.6596 38.7287 38.8426 38.9183 39.1664 39.1902 39.206  39.2296 39.2815
 39.3045 39.369  39.4434 39.4671 39.5044 39.5329 39.5938 39.6565 39.6805
44.1214 46.4899 46.5373 46.9097 46.9726 47.0123 47.1238 47.1571 47.1977
 47.2256 47.2928 47.322  47.3539 47.3957 47.4367 47.4865 47.521  47.5752
 47.6023 47.6387 47.6898 47.7335 47.7613 47.7875 47.8597 47.9246
54.7499 55.161  55.3498 55.5658 55.796  55.8198 55.8653 55.8912 55.9115
 55.9275 56.0006 56.0215 56.0432 56.0747 56.1959 56.2245 56.3157 56.3366
 56.4123 56.4928 56.6257
63.7004 63.8518 64.0839 64.1076 64.1422 64.1649 64.1978 64.2157 64.274
 64.2999 64.3339 64.3696 64.3869 64.4046 64.4315 64.4696 64.4922 64.5134
 64.5609 64.5827 64.6203 64.6699 64.6902 64.717  64.7488 64.7829 64.866
 64.8874 65.0888

