12.5023 13.2126 13.4489 13.4758 13.5219 13.6206 13.641  13.676  13.7038
 13.846  13.9386
20.8149 20.9096 21.2725 21.3838 21.4397 21.5149 21.5362 21.7547 21.8057
 21.8613 21.9538 22.0245 22.0446 22.0629 22.2597 22.324  28.8025 29.5755
 29.6854 29.7141 29.9291 29.9724
30.0407 30.0736 30.3013 30.3637 30.3857 30.3991 30.4709 30.4901 30.5235
 30.6125 30.6387 30.6717 30.7251 30.7496 37.1078 37.2589 38.5016 38.5708
 38.7518 38.7884 38.829  38.8985 38.9382 38.9669 39.0914 39.1438 39.1728
 39.2024
43.9029 45.9218 46.1669 46.3066 46.4957 46.5366 46.5936 46.7015 46.7475
 46.9081 47.0192 47.0614 47.0987 47.1587 47.2171 47.3534 47.4131 47.6395
 47.669
54.7032 55.0476 55.1166 55.1746 55.2079 55.2486 55.3234 55.3599 55.4015
 55.5183 55.6174 55.6985 55.7497 55.7845 55.8057 55.9059 56.0074 56.0546
 56.0795 56.1059
63.1086 63.2074 63.3866 63.4294 63.6238 63.6703 63.8312 63.8722 63.9009
 64.0643 64.1985 64.2998 64.3405 64.3742 64.3988 64.4319 64.4628 64.527
 64.5468 64.6296

