11.2915 11.8614 12.3506 12.5213 12.7311 12.7623 12.8324 12.9277 12.9783
 13.0266 13.0869 13.1144 13.1557 13.1934 13.2212 13.2407 13.2653 13.2939
 13.3104 13.333  13.349  13.3723 13.4167 13.4338 13.4495 13.4628 13.4749
 13.4933 13.5192 13.535  13.5534 13.568  13.5906 13.6125 13.6366 13.6501
 13.6626 13.6786 13.6944 13.7097 13.7275 13.7423 13.7564 13.7726 13.7877
 13.8053 13.8208 13.8352 13.8495 13.8694 13.8857 13.9048 13.9219 13.9409
 13.9601 13.9776 13.9925 14.0083 14.0288 14.044  14.0615 14.0892 14.1029
 14.1208 14.1389 14.1529 14.1733 14.1923 14.2151 14.2288 14.2569 14.2821
 14.3032 14.3253 14.3514 14.373  14.4724 14.4984 14.5365 14.5849 14.6507
 14.7714 14.8721 19.7527
20.0867 20.1635 20.1878 20.397  20.523  20.5544 20.6116 20.6345 20.6536
 20.6935 20.7146 20.7393 20.761  20.7803 20.8053 20.835  20.8825 20.8996
 20.9157 20.9322 20.9536 20.9719 20.992  21.0053 21.0228 21.0473 21.0617
 21.0743 21.0918 21.1105 21.1255 21.1437 21.1571 21.1673 21.1793 21.1969
 21.212  21.2301 21.2435 21.2549 21.2691 21.2854 21.2982 21.3148 21.3278
 21.3412 21.3517 21.3634 21.3765 21.3886 21.4028 21.4143 21.425  21.437
 21.4482 21.4618 21.4738 21.4862 21.4975 21.5082 21.5216 21.5318 21.5429
 21.5538 21.5659 21.5793 21.5916 21.603  21.6123 21.6232 21.6339 21.6437
 21.656  21.6694 21.6828 21.6964 21.7103 21.7213 21.7319 21.7434 21.7585
 21.7702 21.783  21.7971 21.8093 21.8194 21.8303 21.8408 21.8565 21.8717
 21.8841 21.8964 21.9103 21.9222 21.938  21.9499 21.9634 21.974  21.989
 22.001  22.0149 22.0274 22.0434 22.0587 22.0792 22.0987 22.1124 22.1254
 22.1426 22.1638 22.1876 22.2164 22.2454 22.2683 22.2851 22.3092 22.3638
 22.4289 22.4649 22.5289 22.5819 26.9783 27.6429 27.8685 28.0223 28.784
 28.8538 28.9665 29.0557 29.1035 29.1465 29.1726 29.2044 29.2307 29.2703
 29.2933 29.3411 29.3646 29.3824 29.4074 29.4327 29.4607 29.475  29.4897
 29.5043 29.5238 29.5427 29.5621 29.5799 29.5971 29.6142 29.6301 29.6475
 29.6596 29.6728 29.6862 29.7066 29.7194 29.734  29.7578 29.7723 29.7949
 29.8064 29.8213 29.8334 29.8466 29.8639 29.8762 29.8873 29.8983 29.9108
 29.922  29.9385 29.9513 29.968  29.9806 29.9958
30.008  30.0237 30.0388 30.0527 30.0644 30.0772 30.0922 30.114  30.1286
 30.142  30.1717 30.1872 30.1992 30.2164 30.2313 30.2499 30.2615 30.2733
 30.2938 30.3129 30.3311 30.3444 30.3655 30.378  30.3928 30.4077 30.4222
 30.4333 30.4465 30.462  30.4794 30.4946 30.5116 30.5372 30.5506 30.564
 30.5784 30.5928 30.6103 30.6271 30.6425 30.6676 30.6847 30.7058 30.7554
 30.7779 30.7956 30.8147 30.8426 30.8625 30.9326 30.9622 31.1119 35.2117
 36.9749 37.1331 37.1869 37.2652 37.3203 37.3899 37.4152 37.5297 37.552
 37.5679 37.5864 37.6236 37.646  37.6788 37.7239 37.7414 37.7744 37.7894
 37.8096 37.8334 37.8515 37.8734 37.8911 37.9037 37.9181 37.9345 37.9528
 37.9689 37.9835 38.0055 38.0209 38.0386 38.0612 38.0824 38.0977 38.1132
 38.1255 38.1427 38.1544 38.169  38.1809 38.1962 38.2092 38.2232 38.2356
 38.2487 38.2592 38.2755 38.2869 38.2992 38.3107 38.3221 38.3331 38.3436
 38.3545 38.3648 38.3766 38.3861 38.3967 38.4076 38.4193 38.4324 38.4452
 38.4579 38.469  38.4782 38.4879 38.4977 38.508  38.5178 38.5294 38.5426
 38.5536 38.5682 38.5797 38.5939 38.6092 38.6233 38.6363 38.6466 38.6589
 38.6747 38.6893 38.7019 38.7137 38.725  38.7397 38.7504 38.7603 38.7726
 38.786  38.7968 38.8072 38.8169 38.8364 38.8584 38.8763 38.8908 38.9046
 38.9164 38.9335 38.9529 38.9649 38.9767 38.9898 38.9998 39.0139 39.0269
 39.0413 39.0614 39.0801 39.0942 39.1149 39.1579 39.2    39.2281 39.2558
 39.2818 39.3059 39.3336 39.3705 39.4199 39.4958 39.5626 39.6228 39.8059
42.6907 44.9727 45.3728 45.584  45.6498 45.7952 45.8944 45.9651 45.9874
 46.0165 46.0407 46.0625 46.0924 46.1458 46.1593 46.1744 46.1952 46.2132
 46.2442 46.2709 46.2859 46.3109 46.3303 46.3456 46.3602 46.3723 46.3934
 46.4175 46.4356 46.4515 46.4667 46.4831 46.4965 46.5109 46.5216 46.533
 46.5474 46.5582 46.5688 46.5812 46.5944 46.6071 46.6194 46.6319 46.6441
 46.6591 46.6711 46.6862 46.701  46.7105 46.7208 46.7326 46.7458 46.7579
 46.7694 46.7804 46.7915 46.8038 46.8166 46.8261 46.8358 46.8456 46.8579
 46.8675 46.8776 46.8885 46.8991 46.9097 46.9195 46.9286 46.9395 46.9492
 46.9613 46.9722 46.9864 46.9991 47.0139 47.0252 47.0377 47.0487 47.0629
 47.0782 47.0911 47.1036 47.1176 47.1294 47.1433 47.1546 47.1669 47.183
 47.1977 47.212  47.226  47.2407 47.2531 47.2649 47.2772 47.2914 47.302
 47.3155 47.3335 47.3501 47.3662 47.3894 47.4072 47.4268 47.4414 47.4547
 47.4674 47.4819 47.5038 47.5354 47.5536 47.5732 47.5955 47.62   47.6472
 47.667  47.695  47.7707 47.8197 47.8647 47.9066 48.0371
54.0368 54.2327 54.3112 54.4286 54.6094 54.639  54.6636 54.7025 54.7396
 54.7666 54.7964 54.8156 54.8468 54.8768 54.9036 54.9583 54.9927 55.0205
 55.0355 55.0795 55.0974 55.1126 55.1276 55.144  55.1567 55.1721 55.1883
 55.2033 55.2157 55.2318 55.2467 55.2705 55.2843 55.2988 55.3099 55.3241
 55.3367 55.3516 55.3655 55.3782 55.389  55.4007 55.4128 55.4236 55.436
 55.4477 55.4589 55.4712 55.4834 55.4937 55.5053 55.516  55.5267 55.5396
 55.5533 55.5649 55.5749 55.5871 55.5995 55.6149 55.6262 55.6356 55.6488
 55.6615 55.6719 55.6835 55.6934 55.7043 55.7143 55.7257 55.7374 55.7473
 55.7589 55.7687 55.7783 55.7885 55.8011 55.8114 55.8238 55.8337 55.8434
 55.8556 55.8677 55.8811 55.8928 55.904  55.9156 55.9264 55.9388 55.9516
 55.9644 55.9761 55.9877 55.9988 56.0121 56.0292 56.04   56.0535 56.0667
 56.0853 56.1013 56.1137 56.1276 56.1391 56.1569 56.1676 56.1819 56.1974
 56.2131 56.2257 56.2396 56.2576 56.2689 56.2815 56.2988 56.3122 56.3254
 56.3392 56.3514 56.3677 56.3834 56.4018 56.4176 56.4466 56.4771 56.4914
 56.5168 56.5357 56.5816 56.6048 56.6539 56.6788 56.7129 56.7443 56.8752
 56.9046 56.958
61.0328 61.3785 63.136  63.1628 63.2966 63.3447 63.412  63.4897 63.5257
 63.5438 63.5748 63.5955 63.6176 63.6433 63.6767 63.7093 63.7272 63.75
 63.7764 63.7916 63.8092 63.8331 63.8479 63.8624 63.8803 63.9009 63.922
 63.9353 63.9495 63.965  63.9811 63.9941 64.0061 64.02   64.0325 64.0437
 64.0628 64.078  64.0906 64.102  64.1128 64.1244 64.1374 64.1484 64.1619
 64.1743 64.1875 64.1993 64.2146 64.2242 64.2375 64.2491 64.2618 64.2742
 64.284  64.2951 64.3105 64.3236 64.3366 64.3484 64.3596 64.3734 64.3845
 64.3956 64.4053 64.416  64.4269 64.4396 64.4523 64.4669 64.4802 64.4918
 64.5039 64.5156 64.5266 64.5363 64.5462 64.5568 64.567  64.5776 64.5873
 64.5983 64.6092 64.623  64.6388 64.6535 64.6678 64.6851 64.7045 64.7163
 64.732  64.7455 64.7573 64.7694 64.7811 64.7967 64.8096 64.8243 64.8447
 64.8587 64.8748 64.8888 64.9009 64.9217 64.947  64.9782 64.9922 65.0131
 65.043  65.0622 65.0841 65.1223 65.165  65.2343 65.2524 65.2704 65.2972
 65.333  65.3888 65.41   65.5281

