13.1008 13.1332 13.2254 13.3506 13.4603 13.486  13.6054 13.77
20.476  20.5087 20.7501 20.8128 20.8975 20.938  21.0288 21.11   21.1458
 21.1765 21.2289 21.2606 21.2824 21.2997 21.5033 21.5306 28.4765 29.0247
 29.2645 29.3251 29.3808 29.4325 29.5056 29.5544 29.6968 29.7188 29.7423
 29.7843 29.8199 29.8357 29.8684 29.8908
34.0014 37.0298 37.0981 37.3286 37.3999 37.4312 37.4906 37.5576 37.6771
 37.6939 37.7901 37.8195 37.899  37.9969 38.0142 38.1249 38.1825 38.2229
 38.2686 38.3385
44.9585 45.0987 45.7358 45.9178 45.9721 46.0288 46.0888 46.1233 46.2346
 46.2645 46.3459 46.4687 46.5014 46.6546 46.6706 46.695  47.0068
54.5115 54.5757 54.6867 54.8055 54.8448 54.9339 55.1597 55.1899 55.3092
 55.3667 55.4666 55.556  55.8037
60.727  62.5149 62.9349 63.204  63.4436 63.48   63.63   63.7507 63.77
 63.8684 63.9577 63.993  64.0185 64.0397 64.0735 64.108  64.1594 64.1931
 64.3077 69.6339

