11.3184 11.937  12.641  13.0739 13.2598 13.323  13.3457 13.4876 13.6474
 13.7463 19.4187
20.3169 21.2196 21.2944 21.4043 21.5118 21.8864 21.9408 21.9618 22.009
 22.1264 22.1671 22.2172
30.4143 30.6167 30.8379 30.9526 30.9961 31.1636 39.7142
40.025  40.1053 40.1371 40.252  47.5545 47.7794 47.8429 47.9199 48.0548
 48.0746 48.1292 48.2157 48.5176 48.6088 48.8496
56.9069 57.0779 57.0977 57.1808 57.3151 57.5702 57.652  57.6841 57.6996
64.1247 64.9216 65.9133 66.0369 66.3043 66.3591 66.4044 66.4685 66.5388
 66.6571 66.7948 66.8129 66.9398 66.9563

