11.9678 13.3995 13.4949 13.5615 13.6963 13.7557 13.7892 13.9254 14.0248
 14.1103 14.2856 14.3587
21.4928 21.5979 21.6716 21.7074 21.7964 21.937  21.9979 22.0541 22.1737
 22.2141 22.2683 22.341  22.5029 22.5501 22.5629 22.6873 22.7238 22.7519
 22.8028 22.8788 22.9074 22.9415 29.7558 29.8768
30.6809 30.7542 30.7686 30.7893 30.8374 30.9041 30.9383 30.9675 30.996
 31.0359 31.0529 31.0697 31.0848 31.1047 31.1676 31.1792 31.1975 31.224
 31.2454 31.2616 31.2888 31.3053 31.3301 31.3519 31.3701 31.3837 31.3959
 31.4085 31.4195 31.4386 31.4543 31.4697 31.4861 31.5049 31.5207 31.5374
 31.5491 31.5616 31.5839 31.5989 31.6131 31.6315 31.6717 31.7024 31.7204
 31.734  31.7457 31.7729 31.7901 31.8262 31.8393 31.8646 31.8894 31.9021
 31.9208 31.9357 32.0049 38.1323 39.6719 39.7425 39.8018 39.8387 39.9514
40.1591 40.1829 40.2345 40.3415 40.3862 40.5489 40.6116 40.6817 41.1508
 45.1208 47.4289 47.7822 48.0919 48.1851 48.2316 48.2516 48.3563 48.375
 48.4198 48.4889 48.5101 48.5311 48.5862 48.6134 48.6733 48.6982 48.7264
 48.7424 48.7589 48.7771 48.8077 48.8276 48.8427 48.857  48.9051 48.9456
 48.9679 48.9822 48.9949 49.0141 49.0266 49.0421 49.0902 49.1053 49.1239
 49.1422 49.1596 49.1793 49.193  49.2074 49.2243 49.2476 49.2649 49.2881
 49.3226 49.3349 49.3499 49.3638 49.3801 49.3943 49.4068 49.4185 49.4318
 49.4485 49.4675 49.4797 49.5082 49.5345 49.5496 49.6276 49.6748
56.6892 57.097  57.239  57.345  57.3739 57.3965 57.4283 57.4906 57.5073
 57.5565 57.5766 57.6007 57.6375 57.6617 57.6782 57.7026 57.7209 57.7388
 57.7519 57.7651 57.7782 57.817  57.8377 57.8546 57.8693 57.8815 57.8991
 57.9177 57.93   57.9609 57.9789 57.9928 58.0065 58.0181 58.0526 58.0623
 58.0723 58.0839 58.096  58.1112 58.1269 58.1376 58.149  58.1594 58.1698
 58.183  58.1956 58.2073 58.2198 58.2311 58.2404 58.2501 58.2595 58.2685
 58.2787 58.2909 58.3007 58.3101 58.3199 58.3323 58.3409 58.3498 58.3616
 58.371  58.3814 58.3904 58.4014 58.4128 58.4234 58.4345 58.4461 58.4564
 58.4661 58.476  58.4865 58.4973 58.5065 58.5158 58.5254 58.5348 58.5458
 58.5569 58.5686 58.5795 58.5879 58.598  58.6074 58.6156 58.6242 58.6355
 58.6455 58.6539 58.6643 58.6737 58.6844 58.6942 58.7025 58.7117 58.7194
 58.7288 58.7401 58.7486 58.7576 58.7666 58.7753 58.7847 58.7946 58.8031
 58.813  58.8229 58.8322 58.8415 58.8518 58.8646 58.8769 58.889  58.9007
 58.9123 58.9242 58.937  58.95   58.9595 58.9702 58.9833 58.9994 59.0121
 59.0291 59.048  59.0623 59.0829 59.0941 59.1037 59.1168 59.1347 59.1909
65.9612 66.2606 66.3063 66.4077 66.5866 66.6617 66.7409 66.7897 66.8186
 66.8844 66.9094 66.9259 66.9886 67.0084 67.0441 67.0797 67.1329 67.1582
 67.2067 67.2509 67.2694 67.2909 67.31   67.3425 67.3886 67.4221 67.4471
 67.4828 67.5104 67.5262 67.5417 67.5657 67.5804 67.6096 67.628  67.6428
 67.6751 67.6975 67.7232 67.7479 67.8059 67.8395 67.8978 67.9385 67.9627
 68.0291 68.0817

