13.3514 13.387  13.4257 13.6069 13.7091 13.8994 13.9207 13.9425 14.0647
 14.1328
21.1235 21.4494 21.5326 21.6975 21.7694 21.8362 21.8927 21.9732 22.0155
 22.0519 22.1067 22.1408 22.209  22.2314 22.2515 22.2809 22.3065 22.3227
 22.3361 22.3696 22.3866 22.4315 22.4476 22.4743 22.5528 22.5779 22.7814
 29.4279
30.0722 30.4226 30.8809 31.1365 31.2663 31.3183 31.4046 31.4915 31.5294
 31.6282 31.6836 31.7791 32.0599 39.412  39.5375 39.5919 39.6408 39.7301
 39.8926 39.9413 39.9675 39.9925
40.0156 40.0436 40.0695 40.0909 40.1218 40.1678 40.2034 40.2574 40.2974
 40.3302 40.3809 40.4518 40.4941 40.5634 40.6314 40.7147 40.8797 47.4747
 47.8388 48.4552 48.7281 48.7611 48.8396 48.9272 48.9542 49.0216 49.0449
 49.0851 49.1522 49.1912 49.2164 49.2693 49.3153 49.3361 49.3717 49.4309
 49.5197
56.3539 57.1807 57.2286 57.5214 57.5978 57.6667 57.6913 57.7656 57.8057
 57.8289 57.8515 57.9309 58.0298 58.0861 58.1259 58.154  58.176  58.1896
 58.2514 58.2832 58.3938 58.4437 58.467  58.5301 58.6885
63.507  65.5289 67.0274 67.1723 67.4355 67.4854 67.5633 67.5827 67.6006
 67.6359 67.7984

