12.9136 12.9588 13.0066 13.1133 13.307  13.3833 13.4151 13.4557 13.4789
 13.5457 13.5756 13.5997 13.6263 13.6453 13.6599 13.679  13.6969 13.7164
 13.738  13.7751 13.8    13.8206 13.8386 13.8519 13.8719 13.8887 13.9083
 13.9225 13.946  13.9668 13.9798 13.9945 14.011  14.0296 14.043  14.0569
 14.0697 14.0833 14.0959 14.1179 14.1321 14.1579 14.1762 14.1859 14.2001
 14.2133 14.2283 14.2422 14.2572 14.2734 14.288  14.3082 14.3276 14.3487
 14.366  14.3827 14.3948 14.4133 14.4317 14.4477 14.4636 14.4799 14.4998
 14.5158 14.5306 14.5475 14.5643 14.5861 14.6128 14.6303 14.6532 14.6763
 14.6947 14.7138 14.7328 14.7545 14.7761 14.7908 14.815  14.8655 14.8891
 14.9142 14.9364 14.9559 14.9745 14.9956 15.0196 15.0659 15.0868 15.1247
 15.1527 15.1731 15.1908 15.2375 15.2678 15.2898 15.3155 15.3619 15.3819
 15.4209 15.4513 15.4813 15.5235
20.1915 21.2889 21.3239 21.511  21.6005 21.6209 21.7593 21.7938 21.8641
 21.8885 21.92   21.9623 22.0225 22.0514 22.0926 22.1167 22.1322 22.1504
 22.1711 22.1906 22.2051 22.2207 22.2392 22.2583 22.2786 22.3035 22.3261
 22.3495 22.3659 22.3813 22.3981 22.4299 22.4477 22.4598 22.4794 22.4908
 22.5157 22.5321 22.5505 22.5656 22.5833 22.6016 22.6178 22.6365 22.6544
 22.6733 22.6874 22.7    22.7168 22.733  22.7526 22.7675 22.7792 22.7936
 22.8095 22.8285 22.8449 22.8586 22.8739 22.8909 22.9113 22.9264 22.9395
 22.9516 22.9639 22.9752 22.987  23.0013 23.0154 23.034  23.0483 23.0618
 23.0775 23.0935 23.1073 23.1195 23.1391 23.1539 23.1672 23.1782 23.1937
 23.2068 23.2193 23.2335 23.2458 23.2597 23.2791 23.2925 23.3092 23.3236
 23.3384 23.3506 23.3638 23.3783 23.3963 23.4147 23.4355 23.4508 23.4634
 23.4782 23.492  23.5071 23.5264 23.5402 23.5542 23.5712 23.5896 23.6039
 23.6236 23.6381 23.6526 23.67   23.6898 23.7124 23.7269 23.7487 23.7632
 23.7791 23.7982 23.8186 23.8365 23.8585 23.8723 23.8875 23.904  23.9257
 23.9491 23.9979 24.0288 24.0553 24.0974 24.1491 24.2162 24.2519 24.2972
 24.3257 24.3765 24.4485 29.4508
30.2797 30.3838 30.6563 30.7827 30.806  30.8658 30.8914 30.9403 31.0077
 31.0324 31.0634 31.0803 31.1509 31.1913 31.2155 31.235  31.2565 31.2798
 31.2953 31.3181 31.3358 31.3577 31.3733 31.3909 31.4048 31.4366 31.464
 31.4879 31.5281 31.5471 31.5676 31.609  31.6244 31.6373 31.6525 31.672
 31.6861 31.7008 31.7151 31.73   31.743  31.7606 31.7876 31.808  31.8218
 31.8342 31.8517 31.8715 31.8867 31.9017 31.9169 31.9302 31.9439 31.9612
 31.9766 31.9919 32.005  32.0186 32.0339 32.0478 32.0608 32.0824 32.1005
 32.1141 32.1294 32.1436 32.1645 32.1824 32.1951 32.2095 32.2276 32.2489
 32.266  32.2849 32.3127 32.3336 32.3515 32.364  32.3819 32.4025 32.4215
 32.4423 32.4585 32.477  32.4989 32.5161 32.5401 32.5599 32.5809 32.6127
 32.6376 32.6534 32.6698 32.6857 32.7072 32.7243 32.7425 32.7672 32.7863
 32.8023 32.826  32.8426 32.8629 32.8819 32.9025 32.935  32.9587 32.9863
 33.0093 33.0308 33.0578 33.0781 33.1    33.1315 33.1532 33.1969 33.2279
 33.2527 33.3024 33.3816 33.4238 33.503  33.5607 38.5334 39.0448 39.2099
 39.2576 39.2937 39.3373 39.3761 39.4548 39.5395 39.5737 39.6117 39.6277
 39.6443 39.6771 39.7139 39.7321 39.7539 39.7869 39.8019 39.8155 39.8323
 39.8494 39.8634 39.8959 39.9123 39.9276 39.9448 39.9596 39.9754 39.9983
40.0227 40.0396 40.0566 40.0741 40.0967 40.1089 40.1238 40.1386 40.1622
 40.1845 40.1993 40.2155 40.2353 40.2468 40.2638 40.2803 40.2917 40.305
 40.3169 40.3272 40.3454 40.3616 40.3728 40.3898 40.4092 40.4285 40.4442
 40.4558 40.4711 40.483  40.4969 40.5102 40.5238 40.5369 40.5484 40.5619
 40.5746 40.586  40.5997 40.6113 40.6236 40.6371 40.6478 40.6584 40.6686
 40.6818 40.6926 40.7022 40.713  40.7233 40.7345 40.7475 40.7586 40.7702
 40.7812 40.794  40.8099 40.8294 40.8404 40.8518 40.8667 40.8772 40.8899
 40.9004 40.9138 40.9263 40.9395 40.9497 40.963  40.9762 40.9913 41.0045
 41.0186 41.0293 41.042  41.0532 41.0652 41.0807 41.0968 41.1125 41.1242
 41.1387 41.1493 41.1609 41.1734 41.1863 41.2034 41.224  41.2397 41.2546
 41.2682 41.2805 41.2983 41.3109 41.3251 41.3387 41.3547 41.371  41.3873
 41.4008 41.4203 41.433  41.4485 41.4634 41.4778 41.491  41.5048 41.5238
 41.5388 41.5544 41.5735 41.5922 41.6091 41.6349 41.6539 41.674  41.69
 41.7078 41.7263 41.7436 41.7667 41.7901 41.8289 41.8509 41.9324 41.9938
 42.0232 42.0973 42.1207 42.2259 42.2594 42.3259 42.3799 47.9629 48.0042
 48.0289 48.2489 48.3633 48.4397 48.4867 48.5313 48.5727 48.6209 48.6645
 48.7068 48.7335 48.7537 48.778  48.8283 48.8907 48.9508 48.9773 48.9981
 49.0125 49.0252 49.0407 49.0595 49.0796 49.1015 49.1179 49.1352 49.1682
 49.1843 49.2033 49.2408 49.2567 49.2737 49.2881 49.3027 49.3158 49.3302
 49.3472 49.3594 49.3711 49.389  49.4016 49.4152 49.4339 49.4453 49.4638
 49.477  49.4913 49.5061 49.5223 49.5397 49.5581 49.5784 49.5945 49.6102
 49.6239 49.6367 49.6556 49.6703 49.6848 49.7016 49.7187 49.7376 49.7544
 49.7692 49.7849 49.7985 49.8127 49.8256 49.8421 49.8553 49.8669 49.8824
 49.8993 49.9158 49.9312 49.9523 49.9676 49.9837 49.9989
50.0135 50.0275 50.0457 50.0609 50.0795 50.0981 50.112  50.1282 50.1403
 50.1577 50.171  50.1851 50.1967 50.2173 50.2322 50.2495 50.2673 50.2782
 50.2966 50.3108 50.3275 50.341  50.3576 50.372  50.3957 50.4161 50.4319
 50.4526 50.4684 50.494  50.5105 50.5289 50.5555 50.5732 50.6035 50.6201
 50.6439 50.6654 50.6847 50.705  50.7237 50.7668 50.7891 50.8104 50.8338
 50.8529 50.8788 50.9057 50.9321 51.0095 51.1254 51.1732 57.0889 57.2639
 57.3266 57.3437 57.3699 57.4656 57.5579 57.5842 57.6139 57.6457 57.6725
 57.7009 57.743  57.7693 57.7899 57.8197 57.8389 57.8536 57.8694 57.8887
 57.9178 57.9312 57.9438 57.9586 57.9734 57.9955 58.0116 58.026  58.0406
 58.0565 58.0728 58.0891 58.1111 58.1223 58.137  58.1523 58.165  58.1786
 58.191  58.2064 58.2275 58.2395 58.2537 58.2695 58.2858 58.3008 58.3167
 58.3301 58.3435 58.3577 58.3712 58.3857 58.4011 58.4128 58.4229 58.4398
 58.4553 58.4681 58.4816 58.4942 58.5066 58.5234 58.537  58.5497 58.5642
 58.5765 58.5901 58.6019 58.618  58.642  58.6583 58.6748 58.692  58.7051
 58.7197 58.7336 58.7509 58.7693 58.782  58.8017 58.8202 58.8337 58.8468
 58.8608 58.8864 58.9023 58.9273 58.9426 58.9579 58.9727 58.9868 58.9984
 59.0158 59.0284 59.0419 59.0581 59.0885 59.1054 59.1191 59.1347 59.1499
 59.1649 59.1806 59.1948 59.211  59.2284 59.2432 59.2607 59.2779 59.2951
 59.3108 59.3274 59.3448 59.3587 59.3814 59.3958 59.4123 59.4379 59.4572
 59.4733 59.4927 59.5277 59.5415 59.5664 59.5867 59.6029 59.6538 59.6746
 59.6944 59.7323 59.7563 59.7796 59.8057 59.8319 59.8554 59.8895 59.9654
60.0808 60.1292 66.5567 66.5952 66.7202 66.7721 66.8087 66.8824 66.9879
 67.0208 67.0952 67.1307 67.1615 67.1835 67.2117 67.2365 67.2634 67.2804
 67.3048 67.3429 67.3729 67.3925 67.4508 67.4701 67.4972 67.5168 67.5396
 67.5595 67.5759 67.5921 67.6065 67.6196 67.6427 67.6583 67.6776 67.6935
 67.7125 67.7313 67.7467 67.7584 67.7718 67.7878 67.8131 67.8335 67.8585
 67.8747 67.8905 67.9055 67.9193 67.9391 67.9523 67.9734 67.9896 68.0087
 68.0309 68.0476 68.0711 68.0839 68.0988 68.1321 68.1465 68.1751 68.1938
 68.2155 68.2336 68.2507 68.2697 68.2994 68.3136 68.3369 68.3635 68.382
 68.4081 68.4286 68.4476 68.4776 68.4984 68.5331 68.5747 68.5921 68.6512
 68.6701 68.6982 68.7582 68.7768 68.7963 68.8258 68.9049 68.9315 68.9629
 69.0345 69.0647 69.1169 69.2178

