11.3409 11.6706 11.8393 12.5325 12.7063 12.7391 12.8009 13.0004 13.1947
 13.2287 13.311  13.3918 13.5227 13.6928 13.7798 13.812  17.3059 19.0941
21.0799 21.3982 21.4308 21.7276 21.7829 21.8109 21.8527 21.9373 22.001
 22.0335 22.1295 22.2772
30.23   30.3706 30.5691 30.6199 30.9419 30.9604 30.9782 31.0128 31.0306
 31.0778 31.2678 31.2852 37.2099 38.6143 39.0682 39.1479 39.2172 39.2425
 39.2782 39.3156 39.3758 39.4538 39.4657 39.5329 39.6118 39.6247 39.7076
 39.7227 39.762  39.8508 39.8842 39.9857
40.0037 40.0583 40.081  40.1974 47.8921 48.1233 48.2763 48.3316 48.3614
 48.4995 48.5528 48.5714 48.6018 48.6571 48.7194 48.7344 48.7486 48.8059
 48.8279 48.8612 48.9053 48.9534 49.0766 49.1532
56.0039 56.3023 56.4875 56.7269 57.0753 57.2546 57.2962 57.3233 57.3444
 57.4119 57.4295 57.4503 57.4804 57.5423 57.5895 57.6165 57.6487 57.7364
 57.9066
66.1061 66.3061 66.5073 66.6536 66.6959 66.7323 66.7512 66.7776 66.9682
 67.0672

