10.3039 12.2349 12.397  12.4464 12.5121 12.5456 12.7043 12.8178 12.8482
 13.0647 13.1026 13.1206 13.1378 13.1527 13.1862 13.2615 13.2898 13.3099
 13.3242 13.3445 13.3611 13.3924 13.4123 13.4658 13.4908 13.5062 13.5437
 13.5606 13.5832 13.5945 13.6081 13.6238 13.669  13.6811 13.708  13.7277
 13.7678 13.7892 13.8085 13.8326 13.8468 13.8746 13.9088 13.9607 14.0447
 19.2306
21.0385 21.1259 21.2338 21.3681 21.4735 21.5194 21.5971 21.6761 21.6964
 21.7334 21.8249 21.8662 21.9038 21.923  21.9526 21.9862 22.018  22.0296
 22.0549 22.0847 22.1211 22.1774 22.1947 22.2125 22.225  22.2366 22.2531
 22.2704 22.2903 22.3049 22.3181 22.3354 22.3508 22.364  22.3856 22.4125
 22.4266 22.4459 22.4847 22.5011 22.5201 22.5364 22.559  22.5712 22.596
 22.6143 22.6289 22.6619 22.6868 22.7038 22.7399 22.8011 22.9365 28.8673
 29.0311 29.4193 29.4686 29.5567 29.8142 29.8849
30.1623 30.2061 30.2621 30.3032 30.3378 30.4337 30.474  30.4954 30.5194
 30.5313 30.5508 30.5671 30.5935 30.6079 30.6391 30.6647 30.6788 30.6928
 30.7225 30.75   30.7652 30.7808 30.8047 30.8212 30.8395 30.862  30.8724
 30.8897 30.9002 30.9163 30.9282 30.9463 30.9591 30.9738 30.9899 31.0003
 31.0105 31.023  31.0335 31.0486 31.0604 31.0705 31.0816 31.0971 31.1101
 31.1221 31.1339 31.1486 31.1581 31.1697 31.1811 31.1937 31.204  31.2152
 31.2252 31.2358 31.2457 31.2571 31.2671 31.2778 31.2863 31.2989 31.3124
 31.3244 31.3347 31.3471 31.3579 31.3686 31.379  31.3875 31.3999 31.4081
 31.418  31.43   31.4388 31.4488 31.4592 31.4688 31.4778 31.4884 31.4965
 31.5091 31.5198 31.5331 31.5428 31.5562 31.5667 31.5767 31.588  31.6018
 31.6119 31.6236 31.6378 31.6486 31.6574 31.6684 31.678  31.6904 31.7006
 31.7107 31.7188 31.7316 31.7444 31.7543 31.7651 31.7785 31.7929 31.8104
 31.8287 31.8398 31.8515 31.8733 31.8876 31.9006 31.92   31.9334 31.9494
 38.9562 39.0714 39.2472 39.3146 39.4537 39.544  39.5931 39.646  39.7008
 39.7675 39.8413 39.8591 39.8996 39.9436 39.9925
40.0086 40.0247 40.0904 40.1169 40.1604 40.1929 40.2092 40.2199 40.2305
 40.2457 40.2878 40.3042 40.3237 40.3365 40.3498 40.3654 40.4021 40.421
 40.4994 40.5454 40.6175 40.6445 47.5865 47.8171 47.9384 47.9777 48.1249
 48.1982 48.2333 48.2804 48.3466 48.4169 48.4418 48.4631 48.4822 48.4948
 48.5248 48.5521 48.5823 48.6196 48.6369 48.65   48.6638 48.6783 48.702
 48.7162 48.7379 48.7523 48.7681 48.7977 48.8088 48.8191 48.8294 48.858
 48.8696 48.8824 48.8949 48.9064 48.9157 48.929  48.9469 48.9579 48.9711
 48.9867 48.9969 49.0073 49.0209 49.0336 49.0483 49.0608 49.0715 49.082
 49.097  49.1084 49.1273 49.136  49.1451 49.1558 49.1645 49.1745 49.1842
 49.194  49.2027 49.2115 49.2213 49.2298 49.24   49.2506 49.2608 49.2694
 49.2798 49.2888 49.2999 49.3117 49.3203 49.33   49.3432 49.3532 49.3624
 49.3727 49.3838 49.3947 49.4061 49.4168 49.4272 49.4373 49.4457 49.4537
 49.4672 49.477  49.4877 49.4986 49.5091 49.5198 49.528  49.5374 49.5462
 49.5547 49.5644 49.5744 49.5879 49.5976 49.6086 49.6182 49.6283 49.6388
 49.6497 49.6596 49.6712 49.6875 49.6981 49.7124 49.7245 49.7373 49.7486
 49.7798 49.7923 49.8075 49.8392 49.8685
56.9296 56.9849 57.0871 57.406  57.4252 57.4771 57.6582 57.8033 57.889
 57.9275 57.9487 57.9666 57.9839 58.0051 58.0386 58.0593 58.1134 58.1413
 58.1629 58.1888 58.2087 58.2743 58.33   58.3593 58.4098 58.4683 58.6152
 58.6428 58.671
66.0507 66.0921 66.1415 66.2074 66.4626 66.5573 66.6107 66.652  66.709
 66.7873 66.8404 66.8557 66.8874 66.9039 66.9192 66.9635 66.9927 67.0418
 67.0626 67.0767 67.099  67.1302 67.1438 67.1594 67.1759 67.1909 67.2068
 67.2469 67.2743 67.2982 67.3081 67.3221 67.3534 67.3852 67.4045 67.4168
 67.4306 67.4492 67.4676 67.4847 67.5033 67.5162 67.5307 67.569

