11.4923 11.8026 12.5234 12.6076 12.6301 12.6706 12.7508 12.7807 12.8126
 12.9382 12.9697 12.989  13.0199 13.0851 13.1747 13.2208 13.2815 13.3118
 13.333  13.3563 13.3763 13.4132 13.4413 13.4628 13.5392 13.5713 13.5922
 13.6144 13.6717 13.6907 13.7066 13.7316 13.7562 13.8109 13.8434 13.8591
 13.8887
21.3476 21.4771 21.5039 21.5259 21.7946 21.8173 21.8645 21.9078 21.9344
 21.9668 22.0637 22.1474 22.1727 22.2605 22.2757 22.2956 22.3143 22.3329
 22.3529 22.3727 22.4133 22.4297 22.4549 22.475  22.4851 22.5001 22.5352
 22.5491 22.5658 22.6005 22.6248 22.6554 22.7127
30.0535 30.1269 30.1541 30.2171 30.3028 30.4837 30.5631 30.6179 30.6647
 30.7038 30.7199 30.7547 30.7742 30.8093 30.8268 30.837  30.8565 30.8818
 30.9167 30.9431 30.9604 30.9942 31.0133 31.035  31.0504 31.07   31.0829
 31.0965 31.1165 31.1332 31.1466 31.1589 31.1814 31.199  31.2143 31.2295
 31.2485 31.2614 31.2773 31.2894 31.3038 31.3164 31.3299 31.3429 31.3553
 31.3657 31.3787 31.3957 31.4077 31.4204 31.4335 31.4443 31.4586 31.4739
 31.4885 31.5041 31.5185 31.5289 31.5579 31.5898 31.6022 31.6197 31.6393
 31.6517 31.6669 31.6812 31.6925 31.7116 31.7268 31.7419 31.7559 31.7683
 31.7842 31.8026 31.8173 31.841  31.8547 39.1956 39.4319 39.5209 39.5436
 39.6022 39.7063 39.7338 39.7718 39.9143 39.954
40.0799 40.1726 40.2071 40.2321 40.2872 40.3166 40.4607 40.5283 47.8453
 47.9349 48.1926 48.2164 48.3118 48.351  48.3774 48.4394 48.4614 48.5583
 48.5878 48.6141 48.6309 48.6488 48.6838 48.7155 48.762  48.7801 48.8057
 48.8253 48.8502 48.8649 48.8793 48.8954 48.9158 48.9287 48.9506 48.9782
 48.9971 49.0125 49.0359 49.0471 49.0665 49.0816 49.0928 49.1138 49.1243
 49.1375 49.1477 49.1616 49.1745 49.186  49.1985 49.2188 49.2356 49.2507
 49.2623 49.2751 49.2866 49.3028 49.3188 49.3408 49.3576 49.3676 49.3816
 49.401  49.4106 49.4206 49.4394 49.4515 49.4619 49.4735 49.4873 49.4981
 49.5129 49.5254 49.5417 49.5605 49.5826 49.5949 49.6099 49.6272 49.6421
 49.6545 49.6738 49.6989 49.7138 49.7295 49.7476 49.7618 49.781  49.8017
 49.8228 49.8386 49.8514 49.8637 49.8839 49.9108
55.6707 56.7078 56.8467 57.1981 57.2863 57.4264 57.6738 57.7578 57.8074
 57.9459 58.0589 58.1184 58.234  58.2835 58.3177
66.2269 66.3189 66.3594 66.5797 66.6996 66.7751 66.7974 66.837  66.8917
 66.925  66.9767 67.0001 67.0425 67.0614 67.081  67.1199 67.1778 67.2326
 67.2611 67.2789 67.3136 67.3959 67.4422 67.4946

