10.253  12.0227 12.6566 12.7846 12.8757 12.9553 13.0216 13.05   13.0676
 13.0982 13.1794 13.2349 13.2755 13.3174 13.3313 13.3624 13.4346 13.4577
 13.5437 13.5656 13.5942 13.7079 19.5719
20.3038 20.7327 20.8725 20.9657 21.0366 21.1358 21.1578 21.1914 21.2298
 21.2829 21.3955 21.47   21.4943 21.5316 21.6025 21.6193 21.6396 21.6541
 21.6791 21.7359 21.7524 21.7844 21.8007 21.8161 21.8351 21.8533 21.8863
 21.989  22.1554 29.0319
30.0561 30.2706 30.3399 30.3955 30.4517 30.4762 30.5497 30.6176 30.6708
 30.7113 30.7992 30.8973 30.9453 30.9848 31.0118 31.0848 31.1297 31.2169
 31.2949 31.3306 31.3628 31.3828 31.4003 38.8678 39.1674 39.2525 39.6585
 39.7042 39.9009 39.9193 39.9953
40.0217 40.1968 40.241  40.3253 40.3466 40.4255 46.7079 47.9039 47.9592
 47.993  48.3327 48.4498 48.6128 48.67   48.7082 48.7546 48.7779 48.7937
 48.8291 48.8459 48.9946 49.2187 49.4565
56.4173 56.9179 57.007  57.15   57.2325 57.2618 57.3735 57.5133 57.691
 57.7163 57.7619 57.777  57.8418 57.8793 57.9205 57.9437
65.8186 65.8726 65.9826 66.0844 66.1538 66.1845 66.2511 66.278  66.2993
 66.3246 66.396  66.4159 66.4488 66.4819 66.5107 66.5487 66.6216 66.639
 66.6717 66.6908 66.7209 66.7378 66.7549 66.7766 66.8016 66.936  66.9677

