12.4809 12.5515 12.7227 12.9532 13.0324 13.0749 13.1137 13.183  13.2667
 13.2839 13.3298 13.5837 13.6339
21.5564 21.678  21.8489 21.9084 21.961  22.0098 22.0375 22.0703 22.1093
 22.1564 22.2498 22.2841 22.3229 22.4559 22.7779 29.602  29.9205
30.0348 30.3056 30.3999 30.7107 30.7489 30.7808 30.8508 30.9112 30.952
 30.9818 31.0647 31.1345 31.1798 31.2303 31.3066 31.4007 38.6443 38.8997
 38.9458 39.1194 39.5129 39.5575 39.7651 39.8213 39.9    39.9444
40.0417 40.2256 40.2447 40.2694 40.4142 40.5504 40.6256 49.0537 49.0812
 49.1152 49.1715 49.1899 49.2367 49.3714
55.4739 57.6108 57.6389 57.7186 57.8152 57.9019 57.9283 58.0608 58.2579
65.9224 65.9762 66.3938 66.4979 66.5597 66.5977 66.7977 66.8777 67.0519
 67.3933

