10.7527 12.1634 12.4868 12.5933 12.718  12.7461 12.7655 12.7823 12.797
 12.8189 12.8776 12.9249 12.9699 13.0585 13.2082 13.2433 18.7573
21.0486 21.2399 21.3934 21.4428 21.4874 21.5304 21.6829 21.8624 21.8787
 21.9032 21.9795 22.004  22.1215 22.1378 22.1765 22.203  22.235  22.2882
 22.3137 22.3619 29.484  29.7547 29.8161 29.9158
30.1017 30.2197 30.2843 30.3215 30.4488 30.5015 30.5336 30.5629 30.5851
 30.6233 30.7073 30.7208 30.7568 30.7837 30.8052 30.8269 30.8527 30.8848
 30.9616 30.9751 30.9851 31.018  31.0656 31.09   31.1374 37.9404 38.2356
 38.3827 39.1621 39.1994 39.2234 39.2576 39.2992 39.3272 39.3594 39.4029
 39.4776 39.5271 39.5559 39.6052 39.6242 39.6816 39.7096 39.7566 39.7813
 39.7982 39.8385 39.8639 39.8754 39.8983 39.9112 39.9277 39.9566 39.9812
40.0025 40.0295 40.0584 40.0799 40.0998 40.1723 40.2154 40.2545 40.2736
 40.3363 47.4613 47.6713 47.8414 47.9856 48.3878 48.4779 48.5264 48.5578
 48.6037 48.665  48.6967 48.7254 48.7937 48.8149 48.8914 48.9188 49.0431
 49.0653 49.0929 49.1145 49.1298 49.1679 49.2146 49.2927 49.315  49.3508
56.345  56.6227 56.9287 57.0031 57.1595 57.1871 57.212  57.2681 57.4131
 57.4546 57.5346 57.5671 57.6019 57.6938 57.739  57.756  57.7881 57.8284
 57.8455 57.8978 57.9165 57.9473 57.9967 58.0233 58.0697 58.1432 58.1833
 58.2044
62.4387 65.1987 65.8106 66.1619 66.2244 66.4407 66.5285 66.637  66.6804
 66.7391 66.7542 66.7708 66.79   66.8061 66.8383 66.8664 66.8823 66.9547
 67.0555 67.0882 67.149

