11.0619 11.3689 12.1653 12.5307 12.5718 12.6337 12.6835 12.7146 12.7384
 12.7605 12.8465 12.8662 12.9163 12.9436 12.9754 12.9976 13.0204 13.0386
 13.0623 13.0795 13.094  13.1152 13.1362 13.1625 13.1896 13.2082 13.2386
 13.2515 13.2684 13.2803 13.3022 13.3188 13.3438 13.3652 13.3833 13.4034
 13.4213 13.438  13.4506 13.4609 13.4747 13.4875 13.5003 13.5211 13.5348
 13.5492 13.5661 13.5788 13.6032 13.6249 13.6432 13.6606 13.6745 13.693
 13.7078 13.7224 13.7359 13.7532 13.769  13.7845 13.806  13.8308 13.8485
 13.8653 13.8815 13.8932 13.909  13.9213 13.9335 13.95   13.9744 13.9907
 14.009  14.0224 14.0386 14.0517 14.0652 14.079  14.0962 14.1155 14.1295
 14.1443 14.1627 14.1768 14.1899 14.2146 14.2284 14.2402 14.2519 14.2649
 14.2773 14.2926 14.3048 14.3194 14.3347 14.3543 14.3698 14.3827 14.3966
 14.4109 14.4217 14.4344 14.4481 14.4611 14.4711 14.4861 14.4976 14.5108
 14.5246 14.5366 14.5526 14.5678 14.5803 14.5968 14.6071 14.6229 14.6364
 14.6477 14.6583 14.6752 14.6906 14.7041 14.717  14.7305 14.7445 14.7616
 14.7752 14.791  14.8037 14.8174 14.8418 14.8614 14.8743 14.8872 14.9046
 14.9246 14.9376 14.9573 14.9724 14.9885 15.0111 15.0257 15.0411 15.0612
 15.0791 15.0953 15.1108 15.1337 15.1612 15.1997 15.2366 15.258  15.2871
 15.3167 15.3439 15.3801 15.4775 15.6424
21.0286 21.2292 21.3644 21.5096 21.5698 21.6754 21.8426 21.899  21.9342
 21.9579 21.9976 22.0277 22.09   22.1515 22.1727 22.1954 22.2428 22.2664
 22.304  22.3324 22.3476 22.361  22.3763 22.3894 22.4072 22.4274 22.4417
 22.4567 22.4749 22.499  22.52   22.5384 22.557  22.5764 22.6052 22.6251
 22.6449 22.6602 22.6798 22.6945 22.7121 22.7322 22.747  22.7616 22.775
 22.7924 22.8169 22.8336 22.8543 22.8712 22.8835 22.9053 22.9252 22.9408
 22.961  22.9789 22.9924 23.0092 23.0353 23.0528 23.0679 23.0835 23.0997
 23.1168 23.1291 23.1416 23.1565 23.172  23.1861 23.202  23.2214 23.2398
 23.2522 23.2634 23.2774 23.2975 23.317  23.3313 23.3446 23.3575 23.3726
 23.3842 23.3956 23.4098 23.424  23.4434 23.4574 23.4778 23.492  23.5054
 23.521  23.5345 23.5471 23.5625 23.5813 23.5964 23.6144 23.6282 23.6392
 23.6509 23.6623 23.6753 23.6906 23.7029 23.7203 23.7351 23.7485 23.7626
 23.7741 23.7857 23.7969 23.8103 23.8234 23.8382 23.8533 23.8669 23.8816
 23.9054 23.9259 23.9406 23.9547 23.9715 23.9887 24.0064 24.0289 24.0441
 24.0644 24.0789 24.1028 24.1221 24.1462 24.1728 24.1975 24.2189 24.2335
 24.251  24.2759 24.303  24.3367 24.3702 24.4275 24.4557 24.5201 24.6749
 28.4847 29.5555 29.9078 29.9702
30.1377 30.235  30.3907 30.4655 30.5338 30.5692 30.6769 30.6968 30.7255
 30.7615 30.779  30.8177 30.8716 30.8959 30.9117 30.951  30.9689 30.9858
 30.9975 31.0151 31.03   31.0467 31.0623 31.0866 31.0996 31.1265 31.1519
 31.1781 31.1967 31.2181 31.2319 31.2517 31.2664 31.2786 31.2934 31.3096
 31.3251 31.3452 31.3646 31.3773 31.389  31.402  31.4125 31.4293 31.4449
 31.4565 31.4715 31.4825 31.4959 31.5103 31.5241 31.5391 31.5541 31.5746
 31.5879 31.6068 31.6202 31.6346 31.649  31.6617 31.6791 31.6921 31.7077
 31.7205 31.7355 31.7553 31.7699 31.789  31.8077 31.8196 31.8323 31.8499
 31.8654 31.8812 31.8977 31.9133 31.9328 31.9459 31.9595 31.9735 31.9875
 32.0019 32.0204 32.0373 32.0506 32.0645 32.0805 32.0959 32.1088 32.1212
 32.1348 32.1468 32.1586 32.1727 32.1866 32.2003 32.2124 32.2261 32.2375
 32.2485 32.2614 32.2718 32.2836 32.2951 32.3099 32.3218 32.3312 32.3444
 32.3556 32.368  32.3841 32.3964 32.4103 32.4229 32.4366 32.4482 32.4623
 32.4744 32.488  32.5003 32.5142 32.527  32.5379 32.5509 32.5623 32.5744
 32.5856 32.5972 32.6099 32.6231 32.6352 32.6507 32.6649 32.6765 32.6893
 32.7029 32.7148 32.726  32.7382 32.7506 32.7652 32.7778 32.7934 32.8107
 32.8241 32.8383 32.8532 32.8658 32.8775 32.8913 32.9107 32.9269 32.9402
 32.9591 32.9715 33.0067 33.0303 33.0628 33.0808 33.1058 33.13   33.156
 33.1798 33.2042 33.2402 33.2608 33.3324 33.3675 33.4092 33.4336 33.4931
 33.6478 38.7629 39.0829 39.2045 39.3478 39.3767 39.4267 39.4488 39.5101
 39.5749 39.5964 39.6184 39.6349 39.6936 39.7177 39.7446 39.7619 39.7824
 39.8028 39.824  39.8446 39.8646 39.8798 39.9063 39.9476 39.9667 39.9838
40.0015 40.0456 40.0652 40.089  40.1053 40.1309 40.1464 40.1681 40.1816
 40.1959 40.2104 40.2208 40.2313 40.247  40.262  40.2763 40.2903 40.3056
 40.3189 40.339  40.355  40.3661 40.3786 40.3946 40.4086 40.4234 40.4336
 40.4488 40.4656 40.4829 40.4957 40.5085 40.5238 40.5373 40.5496 40.5658
 40.5796 40.5938 40.6099 40.6238 40.642  40.6603 40.6744 40.6941 40.7109
 40.7229 40.7355 40.7503 40.7769 40.7928 40.8046 40.819  40.8316 40.8497
 40.8639 40.8777 40.8904 40.9062 40.9227 40.9467 40.9607 40.9769 40.992
 41.0047 41.0205 41.04   41.0505 41.0624 41.0745 41.0899 41.1016 41.1159
 41.1337 41.1465 41.1618 41.1753 41.1847 41.1967 41.2115 41.2277 41.2409
 41.2561 41.2702 41.2827 41.2948 41.3062 41.3211 41.3317 41.3447 41.3576
 41.3689 41.3827 41.3973 41.4095 41.422  41.4334 41.4435 41.4559 41.4672
 41.4769 41.4887 41.5006 41.5137 41.5276 41.5385 41.5513 41.5653 41.5796
 41.5928 41.6054 41.6178 41.6326 41.6473 41.6585 41.6678 41.6813 41.699
 41.7117 41.7246 41.7387 41.7503 41.7675 41.782  41.7963 41.8091 41.8253
 41.8399 41.8522 41.8703 41.8837 41.8965 41.9132 41.9328 41.9483 41.9698
 41.9897 42.0055 42.0195 42.0382 42.0547 42.0816 42.1263 42.1474 42.184
 42.2161 42.2526 42.3026 42.3269 42.3799 42.4173 42.4607 42.5149 42.5934
 45.9578 48.1146 48.2148 48.6034 48.6689 48.7346 48.7762 48.8218 48.8457
 48.896  48.9365 48.9685 48.9981 49.0716 49.1066 49.1234 49.1472 49.1702
 49.1863 49.2045 49.2576 49.2871 49.3073 49.3303 49.3437 49.3617 49.3901
 49.4085 49.4654 49.4804 49.5228 49.5412 49.5561 49.5682 49.594  49.6092
 49.6262 49.6423 49.6611 49.677  49.7064 49.7235 49.7409 49.7581 49.7782
 49.7929 49.8259 49.8417 49.8603 49.8817 49.9068 49.9204 49.94   49.9543
 49.9823 49.999
50.0119 50.027  50.042  50.0629 50.0796 50.0969 50.1227 50.1415 50.1565
 50.1779 50.1993 50.2167 50.2317 50.2461 50.2609 50.2729 50.289  50.309
 50.3279 50.3488 50.3682 50.3836 50.3962 50.4088 50.4261 50.4401 50.4572
 50.4824 50.4962 50.5134 50.5268 50.5415 50.5551 50.5682 50.5821 50.5964
 50.6076 50.6228 50.6427 50.6618 50.6781 50.6919 50.7087 50.7295 50.7429
 50.7548 50.7764 50.8047 50.823  50.8433 50.861  50.8966 50.9161 50.9454
 50.9709 50.9921 51.0223 51.0499 51.0709 51.1012 51.1435 51.1649 51.1921
 51.2178 51.2441 51.2874 51.3999 51.4357 51.5353 57.2055 57.4892 57.5478
 57.6137 57.6969 57.7255 57.7807 57.7997 57.8278 57.8495 57.8778 57.9116
 57.9382 57.9545 57.9758 57.9952 58.0197 58.0334 58.0492 58.068  58.0823
 58.0989 58.1292 58.1483 58.1707 58.1899 58.211  58.2267 58.2426 58.2581
 58.2702 58.2886 58.3035 58.3226 58.3513 58.3703 58.3862 58.4018 58.419
 58.4382 58.4526 58.4761 58.4904 58.5101 58.5295 58.5486 58.5705 58.5944
 58.6115 58.6487 58.6634 58.6763 58.6914 58.7063 58.7235 58.7398 58.756
 58.7733 58.789  58.8023 58.819  58.8328 58.8468 58.8625 58.881  58.9004
 58.9184 58.938  58.9536 58.9776 58.9995 59.0134 59.0257 59.0411 59.0587
 59.0775 59.0964 59.1119 59.1242 59.1361 59.1464 59.1639 59.1778 59.1953
 59.2076 59.2227 59.242  59.2566 59.2713 59.2844 59.2989 59.3119 59.3251
 59.3371 59.3526 59.3667 59.3826 59.4003 59.4173 59.43   59.4424 59.4583
 59.4726 59.4878 59.505  59.5183 59.5335 59.5459 59.5573 59.5724 59.5881
 59.5997 59.6198 59.6403 59.6543 59.6673 59.6823 59.7063 59.7235 59.7441
 59.7731 59.792  59.8148 59.8344 59.8522 59.8887 59.9285 59.9527 59.97
 59.9945
60.0158 60.0293 60.0633 60.1089 60.1458 60.2052 60.2356 60.2979 60.4354
 60.5679 65.3308 65.9706 66.5019 66.6256 66.7176 66.7867 66.8773 66.9043
 66.925  66.987  67.0094 67.0303 67.0648 67.0868 67.1024 67.1209 67.1411
 67.1596 67.1859 67.2062 67.2275 67.2585 67.2804 67.2949 67.3095 67.3305
 67.3438 67.3585 67.3863 67.4056 67.4234 67.4363 67.4492 67.4656 67.4817
 67.5039 67.5201 67.5361 67.5555 67.5814 67.5964 67.616  67.6362 67.6512
 67.6679 67.6871 67.71   67.7285 67.7485 67.7613 67.7759 67.7971 67.8207
 67.8433 67.8645 67.8856 67.9018 67.9175 67.9335 67.9576 67.9759 67.9928
 68.0088 68.0255 68.046  68.0594 68.0719 68.0958 68.1113 68.1243 68.1388
 68.1573 68.1732 68.1941 68.2192 68.2341 68.2486 68.2656 68.2837 68.3009
 68.3151 68.3271 68.3469 68.3721 68.387  68.3992 68.4129 68.4292 68.4434
 68.4571 68.4713 68.4884 68.5074 68.5246 68.5468 68.5607 68.5771 68.5938
 68.6088 68.6222 68.6448 68.6768 68.692  68.7128 68.7283 68.7466 68.7637
 68.7887 68.8054 68.8314 68.8602 68.8821 68.9049 68.9291 68.9467 68.9701
 69.0066 69.0314 69.0662 69.0906 69.1141 69.1378 69.1643 69.2388 69.4291

