12.0609 12.0938 12.1558 12.2375 12.4478 12.4813 12.5062 12.538  12.5562
 12.6227 12.672  12.7782 12.8323 12.8603 12.9609 12.9791 13.0273 13.0527
 13.0802 13.1021 13.1265 13.187  13.2157 13.2338 13.2654 13.2913 13.3346
 13.3651 13.4185 13.4345 13.4969 13.5179
20.1636 21.3308 21.4364 21.5355 21.5565 21.5895 21.616  21.6758 21.7162
 21.7708 21.8037 21.8928 21.9414 21.9663 22.0003 22.0342 22.054  22.0834
 22.1067 22.1297 22.1461 22.1736 22.1935 22.2296 22.2546 22.2724 22.2994
 22.3149 22.3515 22.3736 22.3982 22.4174 22.4455 22.4835 22.505  22.5635
 22.6257 22.6488 29.6394
30.0445 30.2049 30.3307 30.5037 30.5587 30.6392 30.7001 30.7286 30.7502
 30.7703 30.7944 30.8259 30.8705 30.8898 30.9069 30.9239 30.9489 30.9928
 31.0147 31.0452 31.0587 31.0913 31.1363 31.1798 31.1972 31.2369 31.2497
 31.2771 31.3241 31.3856 31.4083 31.4254 31.5008 36.0667 37.8033 38.9783
 39.3211 39.4404 39.4736 39.5287 39.5809 39.6026 39.6217 39.6538 39.6738
 39.6898 39.7397 39.7794 39.8055 39.8386 39.8542 39.8713 39.8904 39.9545
 39.9789
40.0006 40.0222 40.0428 40.0585 40.0746 40.0997 40.1225 40.1493 40.1701
 40.1839 40.202  40.2174 40.2371 40.3047 40.3558 40.3932 47.2889 48.3948
 48.4162 48.4441 48.5966 48.6183 48.6689 48.7283 48.7661 48.7952 48.8103
 48.8409 48.8627 48.908  48.9289 48.9864 49.0059 49.03   49.0831 49.1202
 49.1502 49.1737 49.2272 49.2515 49.3259 49.3525 49.3695 49.4052 49.4255
 49.4432 49.4669
57.0355 57.2458 57.3911 57.4873 57.5126 57.5909 57.7258 57.7752 57.8254
 57.8466 57.8671 57.9097 57.9669 58.0077 58.0249 58.1837 58.2014 58.2311
 58.2773 58.2974 58.3899 58.494
66.1858 66.3381 66.4024 66.4828 66.6275 66.6462 66.6949 66.8222 66.8812
 66.9103 66.9293 66.9451 66.9756 66.9923 67.0116 67.0308 67.0569 67.0995
 67.1196 67.1459 67.1664 67.2101 67.2455 67.2847 67.3369 67.3817

