11.6265 11.8372 11.9528 12.7743 13.0683 13.1596 13.2358 13.5959 13.6962
 13.7188 13.7493
20.8878 21.4693 21.6549 22.0575 22.1024 22.3211 22.4893 22.5396 22.6751
 22.7325 29.7469
30.3412 30.5326 30.5837 30.6287 30.8111 30.89   30.9795 31.0812 31.101
 31.1364 31.1625 31.2236 31.3867 31.5013 38.2385 39.5798 39.6949 39.7783
40.1183 40.1351 40.1506 40.1838 40.2105 40.3076 40.3246 40.3566 40.4134
 40.4804 40.5378 40.5698 40.6015 40.6113 40.6545 40.6759 40.7144 40.7923
 48.2602 49.3468 49.403  49.6003 49.6168 49.6663 49.7909 49.8508 49.9431
 49.9652
50.0227 50.0491 50.1604 50.1769 50.196  57.7129 57.9283 58.0919 58.1444
 58.2316 58.2605 58.3672 58.5226 58.5747 58.6017 58.6318 58.8018 59.0382
66.5974 66.6373 66.7676 66.8352 66.9812 67.0063 67.0337 67.2196 67.3652
 67.5272 67.5724 67.6756 67.8271 67.9222

