12.3894 12.5435 12.6006 13.0046 13.0822 13.1267 13.3703 13.4644 13.4948
 13.5517 13.7549 13.8335 13.8597 13.9163
21.531  21.8919 22.0405 22.0923 22.2444 22.2974 22.316  22.4137 22.7707
 29.2488 29.9008
30.2697 30.3077 30.5227 30.5387 30.6067 30.6466 30.7627 30.7992 30.9266
 31.0299 31.0545 31.0752 31.0944 31.1438 31.2947 31.3224 39.6094 39.8635
 39.9042 39.9356
40.0004 40.0461 40.0924 40.1259 40.1612 40.1782 40.2022 40.2498 40.2635
 40.2771 40.2957 40.3532 40.3866 40.4059 40.4354 40.4557 40.4877 40.5308
 40.6581 40.6886 47.7788 49.015  49.1017 49.1372 49.2361 49.2783 49.3607
 49.4358 49.5492 49.5748 49.6291 49.6733 49.7839 49.8204 49.8644 49.9223
 49.9455 49.9918
50.1478 50.1813 57.6906 58.0678 58.1717 58.2998 58.3197 58.6705 59.0896
 59.1218
65.9013 66.3676 66.5004 66.8038 66.9539 67.114  67.1388 67.1788 67.2333
 67.3076 67.3606 67.4035 67.46   67.4935 67.5641 67.6723 67.7131 68.0023
 68.0374

