12.2696 12.6328 13.0429 13.0789 13.2335 13.3205 13.3986 13.4297 13.4717
 13.5599 13.5916
21.1896 21.5983 21.6398 21.7049 21.8068 22.1302 22.487  22.5225 22.5365
 29.4543 29.8379
30.2565 30.4255 30.4618 30.5003 30.5849 30.6386 30.6678 30.8927 30.9337
 30.9655 30.9919 31.0549 31.1707 39.5798 39.8466 39.8841
40.1415 40.2077 40.2411 40.3365 40.3826 40.4498 40.5475 48.0885 48.8426
 48.9209 49.0396 49.1923 49.2639 49.4221 49.5724 49.6155 49.8801 49.9936
50.0427 57.851  58.0757 58.322  58.3725 58.4451 58.7744 58.8033 58.8842
66.8098 66.9963 67.1256 67.2417 67.2863 67.5351 67.5568 67.5831 67.6484
 67.7391 67.829

