12.0285 12.9878 13.0406 13.1608 13.2202 13.3003 13.3328 13.3929 13.4336
 13.498  13.5225 13.5465 13.5899 13.6109 13.6367 13.656  13.6826 13.7082
 13.7482 13.7613 13.7814 13.798  13.8173 13.8345 13.8636 13.8827 13.8969
 13.9145 13.9309 13.9441 13.9707 13.9895 14.0105 14.0275 14.0412 14.0583
 14.079  14.0938 14.1126 14.1324 14.1535 14.1798 14.1995 14.2257 14.245
 14.265  14.2945 14.3093 14.3303 14.3521 14.3768 14.3901 14.404  14.4221
 14.4375 14.4575 14.4816 14.5119 14.5272 14.5465 14.5665 14.5872 14.6048
 14.6233 14.6409 14.6558 14.6958 14.7077 14.726  14.753  14.777  14.8035
 14.823  14.8417 14.8624 14.8789 14.8945 14.9148 14.9424 14.9967 15.015
 15.0368 15.0571 15.0793 15.0958 15.1094 15.1495 15.1693 15.1905 15.2245
 15.2474 15.2619 15.293  15.3156 15.3347 15.3536 15.3726 15.3903 15.4159
 15.4353 15.4614 15.4921 15.5101 15.53   15.5458 15.5678 15.5908 15.6134
 15.6419 15.7082 15.7439 15.769  15.7997 15.8176 15.8606 15.9442 16.0729
 16.1559 16.2706
21.9453 22.0499 22.1466 22.1693 22.2269 22.2519 22.2797 22.3108 22.3796
 22.4054 22.4238 22.4538 22.5041 22.5243 22.5468 22.5772 22.5973 22.6098
 22.6393 22.6666 22.6829 22.6999 22.7162 22.7313 22.7547 22.7724 22.7957
 22.8224 22.8398 22.8555 22.8689 22.89   22.9161 22.9375 22.9499 22.9668
 22.987  23.0015 23.0296 23.0461 23.0656 23.0945 23.112  23.1411 23.1584
 23.1727 23.1871 23.2024 23.2156 23.2275 23.2428 23.2581 23.2788 23.298
 23.3155 23.3385 23.3541 23.3751 23.3985 23.4171 23.4393 23.4594 23.4768
 23.5036 23.5276 23.5531 23.5729 23.5903 23.6089 23.6269 23.644  23.6638
 23.6932 23.7529 23.8034 23.8597 23.8794 23.9002 23.9409 23.9844 24.0022
 24.0318 24.0543 24.071  24.0891 24.1501 24.1755 24.2028 24.2296 24.2637
 24.2877 24.327  24.4041 24.4843 24.5397 24.5803 24.6295 24.6609 24.6964
 24.7477 24.9199 25.1716 28.7986
30.7599 30.822  30.9554 31.0216 31.0502 31.0677 31.0955 31.1606 31.1817
 31.2013 31.2286 31.2436 31.286  31.3202 31.3495 31.3616 31.3797 31.3966
 31.4086 31.4212 31.4345 31.4662 31.4848 31.4994 31.5229 31.539  31.5634
 31.5884 31.6128 31.629  31.6462 31.6628 31.6756 31.6917 31.7058 31.721
 31.7403 31.7549 31.7771 31.7919 31.814  31.83   31.8469 31.8625 31.876
 31.892  31.9064 31.9232 31.9359 31.9536 31.9789 31.9982 32.0107 32.0256
 32.0448 32.0617 32.0797 32.0977 32.1119 32.1237 32.1458 32.1727 32.1851
 32.2023 32.2175 32.2376 32.2609 32.275  32.2927 32.308  32.3371 32.3516
 32.3698 32.3886 32.4138 32.4288 32.4538 32.4697 32.491  32.5128 32.5336
 32.5532 32.5777 32.5946 32.6084 32.6364 32.6621 32.6907 32.7074 32.7239
 32.7402 32.7628 32.7831 32.8    32.8175 32.845  32.8608 32.8875 32.9097
 32.9286 32.9568 32.9801 33.0025 33.022  33.062  33.0881 33.1173 33.1369
 33.1599 33.1793 33.2027 33.2207 33.2553 33.2723 33.3041 33.333  33.3947
 33.4256 33.4824 33.5722 33.6274 33.6954 33.7537 35.088  38.8238 38.9578
 39.0785 39.7529
40.0011 40.0576 40.1085 40.1498 40.1752 40.2247 40.2804 40.295  40.3571
 40.3701 40.3899 40.4183 40.4383 40.4557 40.4859 40.4999 40.514  40.5276
 40.5428 40.5681 40.5841 40.5948 40.6072 40.6228 40.6358 40.6508 40.6694
 40.6822 40.6949 40.7099 40.7208 40.7328 40.7466 40.7591 40.7729 40.7877
 40.8002 40.8117 40.8216 40.8325 40.8424 40.856  40.8672 40.8825 40.9004
 40.9125 40.9246 40.9378 40.951  40.9621 40.9778 40.9919 41.0122 41.0253
 41.0368 41.0494 41.0615 41.0778 41.0897 41.1022 41.1127 41.1247 41.1388
 41.1504 41.161  41.1729 41.1856 41.1987 41.2104 41.2263 41.2388 41.251
 41.2656 41.2789 41.2929 41.3072 41.3206 41.3331 41.3464 41.3593 41.3721
 41.3853 41.3958 41.41   41.4223 41.4357 41.4459 41.461  41.4791 41.4907
 41.5039 41.5177 41.5324 41.5454 41.5576 41.5699 41.584  41.6029 41.6211
 41.6364 41.6505 41.6649 41.6803 41.6949 41.7124 41.725  41.7424 41.76
 41.7743 41.7912 41.8048 41.8217 41.835  41.8494 41.8631 41.8835 41.8997
 41.915  41.9293 41.9445 41.9587 41.9764 41.9956 42.0105 42.0296 42.0453
 42.0647 42.0807 42.0972 42.11   42.1233 42.1368 42.1523 42.1672 42.1825
 42.2038 42.2211 42.2495 42.2705 42.2846 42.3059 42.3264 42.3438 42.3617
 42.3847 42.4033 42.4227 42.445  42.4662 42.4918 42.5106 42.5307 42.5551
 42.5712 42.5959 42.6175 42.6377 42.6553 42.6741 42.6918 42.7212 42.745
 42.7655 42.7864 42.8032 42.8286 42.8484 42.8745 42.8959 42.9197 42.952
 42.9815 43.0316 43.0842 43.1487 43.2388 48.8719 49.1089 49.3549 49.5908
 49.6894 49.7447 49.7729 49.822  49.9103 49.9412 49.9602 49.9851
50.0331 50.0578 50.0734 50.1069 50.1241 50.1448 50.1611 50.1763 50.1958
 50.2152 50.2365 50.2505 50.2634 50.2871 50.3024 50.3178 50.3357 50.3581
 50.3736 50.3901 50.404  50.4206 50.4334 50.4483 50.4773 50.494  50.5217
 50.5352 50.5484 50.5606 50.5861 50.6021 50.62   50.6402 50.654  50.6704
 50.6833 50.6977 50.7118 50.7244 50.7457 50.7593 50.7748 50.7929 50.8153
 50.8423 50.8753 50.9605 50.9992 51.0152 51.0338 51.0733 51.0894 51.1055
 51.1193 51.1377 51.1563 51.1769 51.1912 51.2155 51.2317 51.2467 51.2716
 51.2935 51.3231 51.3498 51.3691 51.3966 51.43   51.4608 51.4792 51.5134
 51.5376 51.5649 51.5924 51.6219 51.6446 51.6722 51.7002 51.7216 51.7389
 51.759  51.7917 51.809  51.8286 51.8489 51.8698 51.8939 51.9406 51.9665
 51.9908 52.0321 52.0579 52.0845 52.1196 52.1465 52.1831 52.2108 52.2401
 52.2908 52.3267 52.3782 52.4807 52.5347 52.7441 57.4792 57.865  58.1536
 58.3098 58.3651 58.4145 58.4718 58.493  58.5246 58.5858 58.6198 58.6441
 58.6775 58.7139 58.7441 58.7722 58.7938 58.8155 58.8329 58.8617 58.8863
 58.9117 58.9261 58.9435 58.976  58.9955 59.0326 59.0479 59.0847 59.1118
 59.1301 59.1434 59.1571 59.1982 59.2183 59.2438 59.266  59.2844 59.3018
 59.3214 59.3381 59.3593 59.3956 59.4354 59.4561 59.4737 59.4856 59.4987
 59.5141 59.5387 59.562  59.5821 59.6079 59.6296 59.6558 59.7194 59.7718
 59.8053 59.8269 59.864  59.8867 59.9122 59.9529 59.9874
60.0242 60.053  60.0928 60.1152 60.1365 60.156  60.1928 60.2131 60.2439
 60.2629 60.2795 60.2982 60.3239 60.354  60.3829 60.4268 60.4687 60.4949
 60.5434 60.5697 60.6096 60.6328 60.6792 60.7004 60.7375 60.7726 60.8242
 60.8733 60.9337 61.0803 61.1516 66.7149 66.9724 67.1357 67.1829 67.2296
 67.2545 67.3635 67.4144 67.4499 67.4856 67.5027 67.5546 67.5913 67.6235
 67.6498 67.6701 67.6894 67.7151 67.739  67.7594 67.7866 67.8132 67.8326
 67.8506 67.8692 67.8844 67.9169 67.9406 67.9584 67.9754 67.9897 68.0125
 68.0335 68.0503 68.0614 68.0768 68.0916 68.1053 68.1182 68.1312 68.1425
 68.1665 68.1815 68.194  68.2134 68.2327 68.2497 68.2652 68.2853 68.3056
 68.3235 68.3372 68.3547 68.3711 68.3849 68.3978 68.4132 68.4288 68.4421
 68.4591 68.4786 68.4939 68.5268 68.5468 68.5816 68.6059 68.6205 68.6332
 68.6501 68.6716 68.6882 68.7069 68.7234 68.7408 68.7572 68.7722 68.7952
 68.8144 68.8298 68.8422 68.8597 68.8778 68.8952 68.9135 68.9357 68.9495
 68.9748 68.9911 69.0129 69.0332 69.0563 69.0774 69.0953 69.1124 69.1313
 69.1538 69.1796 69.2021 69.2246 69.2464 69.2658 69.3029 69.3337 69.3667
 69.3894 69.4064 69.4262 69.4457 69.4671 69.4862 69.5086 69.5346 69.5518
 69.5728 69.5864 69.6154 69.6328 69.6576 69.6943 69.7263 69.7518 69.7733
 69.8184 69.8486 69.8776 69.8984 69.9359 69.9897

