12.0334 12.3855 12.6578 12.8968 12.9431 13.0698 13.1433 13.1768 13.2599
 13.3148 13.3332 13.4239 13.444  13.5261 13.5533 13.5677 13.5981 13.667
 13.6801 13.7802 13.8034 13.8221 13.8381 13.8531 13.8785 13.8977 13.9127
 13.9462 13.9957 14.0204 14.0407 14.2638
21.6378 21.8449 22.1312 22.1558 22.2014 22.3    22.4118 22.4329 22.4976
 22.5173 22.5516 22.6336 22.6763 22.706  22.7192 22.7366 22.7664 22.7909
 22.8344 22.99   29.9942
30.2545 30.5168 30.6112 30.7648 30.783  30.853  30.8866 30.9129 31.007
 31.0214 31.0517 31.1384 31.1704 31.2063 31.2286 31.2425 31.2596 31.2743
 31.2874 31.3934 31.4138 31.4745 31.5177 31.5524 31.5982 31.6278 31.6538
 31.6703 31.6971 31.7306 31.7684 31.8636 37.3387 39.3351 39.4748 39.6474
 39.6828 39.9171 39.9756
40.0078 40.0965 40.1162 40.1616 40.1911 40.216  40.2694 40.2975 40.309
 40.3334 40.357  40.3939 40.4078 40.4214 40.4779 40.4948 40.5138 40.5268
 40.5577 40.5711 40.5872 40.6058 40.6197 40.6319 40.6493 40.6659 40.6922
 40.7076 40.7271 40.7408 40.7575 40.7732 40.7949 40.8082 40.8251 40.8413
 40.8562 40.8706 40.9021 40.981  40.9954 41.0083 41.0232 41.0405 41.0592
 41.0879 41.119  41.139  41.1596 48.6847 48.7966 49.0526 49.1367 49.3245
 49.3645 49.3837 49.4147 49.5251 49.5869 49.6577 49.7346 49.7545 49.839
 49.8908 49.9126 49.9361 49.9489 49.9814
50.0904 50.1395 50.1628 50.2063 50.237  50.25   50.2642 50.2925 50.3117
 50.3231 50.3972 50.5201 50.5856 50.6064 57.3108 57.8088 58.1021 58.1257
 58.2469 58.3082 58.4066 58.5742 58.626  58.7316 58.7873 58.8388 58.8819
 58.9863 59.0731 59.2395 59.3754
66.7557 66.8587 67.0141 67.0338 67.092  67.1407 67.2368 67.4526 67.4645
 67.4863 67.5024 67.5388 67.5551 67.6154 67.6645 67.7073 67.7234 67.7429
 67.7639 67.782  67.7948 67.811  67.829  67.8465 67.8765 67.9529 67.9724
 68.0118 68.0391 68.1663 68.186  68.2969

