12.1176 13.1944 13.5586 13.6924 14.0422 14.0878 14.1434 14.2246 14.302
 14.445  14.5074 14.5316 14.6248 14.6568 14.6796 14.7398 14.7624 14.8063
 14.8402 14.8754 14.903  14.9259 14.9377 14.9573 15.0157 15.0319 15.0555
 15.0722 15.0906 15.119  15.1453 15.1819 15.2122 15.2638 15.2766 15.2925
 15.3075 15.3937 15.4133 15.4262 15.4557 15.5016 15.5436 15.5764 15.5999
 15.6214 15.6401 15.6701 15.7059 15.7329 15.7633 15.7877 15.835  15.8588
 15.9055 15.9435 15.9742 15.9943 16.0213 16.0618 16.1139 16.1808 16.2014
 16.2556 16.3288 16.4029 16.4285 16.5821 16.7015
21.8241 22.5161 22.7431 22.7709 22.8052 22.9855 23.0536 23.1524 23.1879
 23.2387 23.278  23.3837 23.4219 23.4468 23.471  23.5018 23.5637 23.5806
 23.6196 23.6435 23.6822 23.709  23.7423 23.7848 23.8168 23.8381 23.8589
 23.8891 23.9115 23.9374 23.9825 24.0052 24.0259 24.0509 24.0677 24.1209
 24.1474 24.174  24.1892 24.2114 24.2529 24.2775 24.2959 24.3345 24.3551
 24.3677 24.3996 24.4147 24.4405 24.4571 24.478  24.4932 24.5149 24.5452
 24.5913 24.6078 24.6379 24.6668 24.7014 24.7336 24.7538 24.8059 24.8508
 24.8729 24.8963 24.9294 24.9611 24.9792 25.0204 25.0465 25.0772 25.0965
 25.1448 25.1662 25.1909 25.2229 25.2498 25.2972 25.3479 25.3837 25.4728
31.2089 31.4268 31.556  31.6114 31.7255 31.7627 31.7981 31.8296 31.8569
 31.876  31.8967 31.9163 31.9348 31.9698 31.9927 32.0209 32.0368 32.0579
 32.0872 32.1066 32.1275 32.1519 32.1723 32.2143 32.2341 32.2585 32.2816
 32.301  32.3258 32.3471 32.3604 32.3754 32.3984 32.4254 32.4533 32.4719
 32.4878 32.5055 32.5347 32.5707 32.5902 32.6088 32.6278 32.6577 32.6746
 32.6926 32.7069 32.7244 32.7397 32.752  32.7755 32.7923 32.8127 32.8285
 32.8498 32.865  32.8817 32.8982 32.9152 32.9311 32.9476 32.9716 32.9956
 33.0271 33.0543 33.0732 33.1126 33.1281 33.1546 33.2047 33.2215 33.253
 33.2764 33.2959 33.318  33.3467 33.3753 33.4009 33.435  33.4546 33.4883
 33.5118 33.5578 33.6024 33.627  33.653  33.6956 33.7184 33.7388 33.8406
 33.9091 33.9507 34.0168 34.0513 34.0764 34.1155 39.7503 39.9817
40.2044 40.22   40.3988 40.4619 40.4794 40.5218 40.5493 40.5754 40.5956
 40.6196 40.6387 40.6612 40.6764 40.708  40.7288 40.7464 40.7704 40.802
 40.8174 40.8327 40.8502 40.8641 40.8798 40.8993 40.9167 40.9362 40.9494
 40.9641 40.979  40.9956 41.007  41.0175 41.0288 41.0388 41.0521 41.0623
 41.0737 41.0873 41.0992 41.1126 41.1261 41.1375 41.1498 41.1621 41.1749
 41.1846 41.1953 41.2054 41.2169 41.2303 41.2407 41.2529 41.2664 41.2795
 41.2911 41.3056 41.3173 41.3282 41.3396 41.3531 41.3645 41.3767 41.3906
 41.4044 41.4175 41.4275 41.44   41.4527 41.4648 41.4757 41.4887 41.5009
 41.5149 41.528  41.5392 41.5503 41.5642 41.5762 41.5875 41.5992 41.6098
 41.622  41.6369 41.649  41.6614 41.6751 41.6909 41.7053 41.7178 41.7306
 41.7439 41.7549 41.768  41.7801 41.7914 41.8017 41.8156 41.8263 41.8386
 41.8533 41.8659 41.879  41.8979 41.9111 41.9234 41.9382 41.9497 41.9625
 41.9761 41.994  42.0067 42.0233 42.0407 42.0544 42.067  42.0805 42.0935
 42.1065 42.1201 42.1347 42.1463 42.1576 42.1707 42.1827 42.1994 42.2132
 42.227  42.2415 42.2528 42.2649 42.2764 42.2907 42.3035 42.3191 42.3314
 42.3468 42.3591 42.3739 42.3916 42.4022 42.4178 42.4325 42.4477 42.4607
 42.4763 42.4915 42.5045 42.5195 42.5324 42.548  42.5648 42.5803 42.5928
 42.6083 42.6243 42.6412 42.6614 42.6763 42.6926 42.7098 42.7226 42.7356
 42.7483 42.7682 42.7879 42.8027 42.8204 42.8527 42.8684 42.8866 42.9077
 42.9361 42.9628 42.9843 43.0076 43.0325 43.0627 43.0951 43.1099 43.1482
 43.229  49.3148 49.6146 49.657  49.6925 49.8178 49.9128 49.9794
50.0663 50.0943 50.1784 50.2026 50.2639 50.2891 50.3189 50.3425 50.3687
 50.3912 50.4207 50.4332 50.4463 50.4734 50.4994 50.5304 50.5536 50.6153
 50.637  50.6588 50.6795 50.7014 50.7219 50.7391 50.7581 50.7783 50.8003
 50.817  50.8323 50.8483 50.8638 50.9005 50.9191 50.9341 50.9549 50.9844
 51.0015 51.0165 51.0308 51.0489 51.0717 51.1001 51.1146 51.1281 51.1434
 51.1666 51.1899 51.2099 51.2288 51.2593 51.2746 51.2898 51.3086 51.3282
 51.3412 51.3647 51.3909 51.4447 51.467  51.4839 51.5045 51.5172 51.5345
 51.5524 51.5708 51.5865 51.6124 51.6456 51.6686 51.6846 51.7151 51.7417
 51.7592 51.7744 51.7972 51.8169 51.8369 51.8521 51.8805 51.8951 51.9146
 51.9399 51.9549 51.9738 51.9971 52.0121 52.0284 52.0527 52.0797 52.1005
 52.1327 52.1568 52.1759 52.2177 52.2411 52.286  52.3436 52.3635 52.3817
 52.4224 52.5055 52.5776 52.6215 52.6687 57.5687 58.8358 59.1376 59.3314
 59.4541 59.4978 59.561  59.6736 59.7253 59.7429 59.8268 59.8488 59.872
 59.8849 59.9071 59.9268 59.95   59.9739
60.     60.0285 60.0479 60.0962 60.112  60.1311 60.1487 60.1711 60.188
 60.2029 60.2257 60.2453 60.2662 60.2885 60.3015 60.3247 60.3588 60.3795
 60.3997 60.4288 60.4589 60.4743 60.4997 60.5417 60.5688 60.6006 60.6328
 60.6578 60.6776 60.6983 60.7262 60.7562 60.7961 60.8491 60.8722 60.8901
 60.921  60.9684 61.0139 61.0583 61.1239 61.1774 61.2233 61.3636 61.3855
 61.4265 61.4579 61.4733 61.5121 61.5382 61.5768 61.6677 61.6967 62.0508
 67.4206 68.1572 68.2805 68.3337 68.3728 68.3918 68.4902 68.5763 68.5943
 68.6881 68.7104 68.7584 68.8028 68.8838 68.926  68.9734 69.0282 69.0508
 69.1594 69.2094 69.2289 69.2996 69.327  69.3609 69.3817 69.4151 69.4432
 69.4609 69.5478 69.5752 69.6131 69.7163 69.7535 69.7809 69.9486

