13.7633 14.2778 14.5785 14.6587 15.0417 15.2721
22.1088 22.4634 22.7733 23.1209 23.2103 23.3542 23.439  23.4804 23.5145
 23.5846 23.6652 23.9519 24.018
30.3988 30.9105 31.1549 31.4329 31.7079 31.732  31.84   31.9239 31.9488
 31.9871 32.0238 32.0852 32.1865 32.2102 32.2698 32.303  32.4573 37.7578
 39.1688 39.5406 39.9081 39.9502
40.0817 40.355  40.3863 40.4072 40.4729 40.4875 40.539  40.5681 40.6082
 40.654  40.6748 40.6971 40.7112 40.7257 40.7413 40.7601 40.7835 40.8007
 40.8324 40.8749 40.8907 40.913  40.9436 40.9694 40.9829 41.0027 41.048
 41.0744 41.0998 41.1203 41.1347 41.1502 41.1737 41.1887 41.2067 41.2248
 41.2418 41.2699 41.2893 41.3651 41.4188 41.553  47.3488 49.4071 49.5389
 49.5891 49.7937 49.9508
50.3069 50.4386 50.5005 50.5262 50.5469 50.7122 50.8417 50.9888 59.2495
 59.4148 59.4524 59.5092 59.5472 59.5879 59.6838 59.7416 59.9118 59.9393
60.0912 60.3422 60.3736 65.6123 67.9862 68.3737 68.426  68.5331

