14.0389 14.0982 14.3737 14.4276 14.4837 14.5209 14.5853 14.6249 14.6567
 14.6763 14.6979 14.7225 14.7397 14.7608 14.7912 14.8197 14.8396 14.8814
 14.9052 14.9304 14.9503 15.0007 15.0338 15.1089 15.1316 15.1497 15.1632
 15.2359 15.2621 15.2805 15.3411 15.3629 15.4241 15.4676 15.495  15.5263
 15.5561 15.5908 15.6305 15.6718 15.6917 15.7195 15.7363 15.759  15.7804
 15.8071 15.8235 15.8609 15.8829 15.9015 15.9505 16.0226 16.0405 16.0731
 16.0894 16.1824 16.2584 16.361  16.3905 16.5041 19.0716
21.9969 23.1733 23.2048 23.3546 23.415  23.4455 23.4649 23.5534 23.5944
 23.6254 23.6732 23.6985 23.7294 23.7829 23.8007 23.8323 23.8498 23.8705
 23.8923 23.9149 23.9406 23.973  24.0132 24.0463 24.0726 24.115  24.1347
 24.1598 24.1774 24.1993 24.228  24.2439 24.2742 24.2877 24.3112 24.3486
 24.3668 24.3886 24.4097 24.4487 24.4693 24.4892 24.5041 24.522  24.5656
 24.6271 24.6464 24.671  24.6883 24.7086 24.7257 24.7524 24.773  24.7994
 24.8307 24.8709 24.9069 24.9482 24.9664 24.9973 25.0275 25.1276 25.1806
 25.3076 25.7492 28.3138 28.6936 29.9518
30.6081 31.5893 31.6146 31.6999 31.7274 31.7888 31.8554 31.8775 31.8986
 31.9332 31.9745 32.0428 32.0888 32.1343 32.1596 32.1887 32.2088 32.2347
 32.2518 32.2724 32.2928 32.3208 32.342  32.3738 32.4066 32.4315 32.4466
 32.4625 32.4807 32.4979 32.5184 32.5338 32.5591 32.5758 32.5941 32.618
 32.6315 32.6535 32.6863 32.7142 32.7373 32.7551 32.7944 32.8163 32.8288
 32.8552 32.8928 32.9132 32.9358 32.975  33.0086 33.0502 33.065  33.0871
 33.1058 33.1379 33.1622 33.1902 33.2082 33.2647 33.2963 33.3337 33.3627
 33.4173 33.4629 33.5259 33.5468 33.5756 33.6083 33.6312 33.7083 33.7765
 33.7994 33.8319 33.8717 34.1082 34.2021 34.2546 39.567  39.6372
40.1884 40.2179 40.2991 40.382  40.4935 40.5514 40.6442 40.6772 40.7165
 40.7444 40.8081 40.8363 40.8527 40.8724 40.8958 40.913  40.933  40.9545
 40.9711 40.9954 41.0095 41.0328 41.0555 41.0706 41.0822 41.0955 41.1077
 41.1292 41.1395 41.1544 41.1698 41.1817 41.1956 41.2107 41.2212 41.2372
 41.2533 41.2671 41.2868 41.2995 41.3139 41.328  41.3438 41.3573 41.3719
 41.3865 41.4029 41.4154 41.4251 41.4365 41.4501 41.4642 41.4747 41.485
 41.497  41.5097 41.5219 41.5353 41.55   41.5644 41.5793 41.5926 41.6038
 41.6162 41.6317 41.6424 41.6542 41.6639 41.6753 41.6904 41.7026 41.7154
 41.7275 41.7381 41.7582 41.7742 41.7865 41.8019 41.8247 41.8439 41.8577
 41.874  41.8898 41.9021 41.9141 41.93   41.945  41.9586 41.9726 41.9885
 41.9989 42.0108 42.0311 42.0476 42.0587 42.0704 42.0863 42.1074 42.1244
 42.1361 42.1514 42.1635 42.1806 42.195  42.2067 42.2168 42.2294 42.2425
 42.2605 42.283  42.2946 42.3104 42.324  42.3365 42.3533 42.3696 42.3844
 42.4026 42.4175 42.4286 42.4463 42.4619 42.4736 42.4911 42.5084 42.5268
 42.5453 42.5643 42.581  42.5949 42.6113 42.6287 42.6446 42.6631 42.6788
 42.6954 42.7325 42.7508 42.7682 42.8224 42.8605 42.8847 42.9085 42.9598
 43.0001 43.0618 43.108  43.1766 46.8491 48.8259 48.9327 49.7614 49.8408
 49.8824 49.9185 49.9497
50.0915 50.1867 50.2217 50.3309 50.4176 50.4986 50.5506 50.5811 50.6238
 50.6453 50.6767 50.7301 50.769  50.7861 50.8202 50.8351 50.857  50.8767
 50.9038 50.9257 50.9509 50.9684 50.9837 51.0247 51.0559 51.0776 51.0959
 51.1152 51.1366 51.1604 51.1769 51.1937 51.2405 51.2616 51.2796 51.2938
 51.3092 51.327  51.3401 51.3686 51.3873 51.4026 51.4261 51.4465 51.4652
 51.5125 51.5292 51.5582 51.5846 51.6044 51.6392 51.6556 51.6783 51.7078
 51.7406 51.7657 51.7898 51.8097 51.8377 51.878  51.9007 51.9319 51.9538
 51.9887 52.0189 52.0614 52.1126 52.1833 52.1987 52.2784 52.4431 52.5265
 52.5606 57.3009 58.5416 58.7362 59.2499 59.3288 59.4646 59.5522 59.6548
 59.7016 59.7728 59.8032 59.8278 59.8841 59.9209 59.9488 59.9853
60.0135 60.0342 60.0695 60.0944 60.1149 60.1563 60.1899 60.2057 60.2242
 60.286  60.3415 60.3575 60.3723 60.3956 60.4387 60.4578 60.4746 60.5005
 60.5558 60.5851 60.6029 60.6487 60.6832 60.7006 60.7238 60.7558 60.7736
 60.8003 60.8253 60.8876 60.9105 61.0113 61.0376 61.0814 61.1417 61.171
 61.198  61.2466 61.3016 61.3839 61.4181 61.4421 61.5098 61.5702 61.6866
 61.8363 61.869  66.0756 67.6284 67.7013 68.1172 68.3907 68.5779 68.6044
 68.6555 68.6799 68.7068 68.7459 68.7856 68.8531 68.8933 68.9334 68.96
 68.9887 69.055  69.0829 69.1324 69.1588 69.2068 69.3488 69.377  69.4015
 69.434  69.4903 69.6488 69.6909 69.7746 69.9694

