13.1647 13.2879 13.3695 13.4751 13.5676 13.5957 13.9848 14.2267 14.2531
 14.2817 14.3616 14.4396 14.4707 14.5032 14.5233 14.5623 14.6101 14.6244
 14.6688 14.694  14.7091 14.7638 14.792  14.8182 14.8359 14.8512 14.8671
 14.8863 14.9221 14.9378 14.9578 14.9791 14.9958 15.0124 15.0475 15.0716
 15.0884 15.1241 15.1373 15.1556 15.1716 15.185  15.203  15.2309 15.2491
 15.2705 15.2876 15.3018 15.3164 15.3422 15.3555 15.3695 15.3841 15.3981
 15.4146 15.4321 15.4548 15.4717 15.4843 15.4987 15.5139 15.5285 15.5465
 15.5622 15.5787 15.5919 15.6037 15.6184 15.6336 15.6516 15.6658 15.6783
 15.6919 15.7058 15.7227 15.7464 15.7646 15.7825 15.7951 15.8086 15.8228
 15.8358 15.8515 15.8683 15.8867 15.9007 15.9124 15.9269 15.9457 15.9593
 15.9778 15.9986 16.0125 16.0246 16.0399 16.0582 16.0699 16.0834 16.0955
 16.1076 16.1205 16.1408 16.1656 16.1814 16.2095 16.2289 16.3086 16.3475
 16.4228 16.4732 16.6107
23.1013 23.1614 23.1913 23.3321 23.4158 23.4429 23.6108 23.6507 23.6788
 23.7494 23.8098 23.8337 23.8742 23.902  23.9215 23.9402 23.9557 23.9737
 24.0052 24.0451 24.0735 24.0999 24.1192 24.1429 24.1597 24.1792 24.1953
 24.214  24.2278 24.2431 24.2563 24.2845 24.3054 24.332  24.3507 24.3677
 24.3823 24.4095 24.4268 24.4415 24.4563 24.472  24.4911 24.5053 24.5191
 24.5333 24.5477 24.5617 24.5776 24.5947 24.6082 24.6234 24.6351 24.6497
 24.665  24.6847 24.6997 24.7152 24.7289 24.7419 24.7657 24.7799 24.7952
 24.8116 24.8249 24.8464 24.8714 24.8899 24.9044 24.9189 24.9354 24.9482
 24.9591 24.9727 24.9868 24.999  25.0201 25.0355 25.0517 25.0654 25.0779
 25.0942 25.1099 25.1251 25.1377 25.1504 25.1636 25.1759 25.1955 25.2168
 25.2436 25.2734 25.2992 25.3182 25.3326 25.3469 25.3782 25.4018 25.4157
 25.4396 25.4563 25.4701 25.4942 25.5185 25.6649 25.7365
32.0603 32.1299 32.4186 32.5526 32.6888 32.7157 32.7345 32.9613 32.9793
 33.0243 33.1708 33.1918 33.2351 33.2621 33.2909 33.3122 33.351  33.3712
 33.3904 33.4119 33.4327 33.4525 33.4656 33.4856 33.5035 33.5178 33.5359
 33.5645 33.5769 33.5902 33.6037 33.6286 33.6451 33.6603 33.6723 33.6852
 33.7022 33.7177 33.7343 33.7534 33.7688 33.7874 33.7992 33.811  33.8221
 33.8337 33.8491 33.8616 33.8741 33.8854 33.8981 33.9168 33.9345 33.9464
 33.9632 33.9868 34.0038 34.0217 34.0356 34.0515 34.0632 34.0801 34.0982
 34.1114 34.1263 34.144  34.1582 34.1722 34.1846 34.1961 34.2082 34.2206
 34.2332 34.2437 34.2569 34.2721 34.2869 34.2994 34.3128 34.326  34.3384
 34.3523 34.368  34.3814 34.3932 34.4078 34.4223 34.4357 34.4478 34.4602
 34.473  34.4842 34.4956 34.5118 34.5268 34.5402 34.5521 34.5706 34.5848
 34.6118 34.6278 34.6444 34.6583 34.6708 34.6854 34.7245 34.7407 34.7622
 34.7763 34.798  34.8131 34.8294 34.8509 34.8749 34.9172 34.9646 35.0367
 35.1099 35.1487 35.2133 38.1899 39.9754
41.6636 41.7828 41.8863 42.028  42.1745 42.2108 42.3949 42.4664 42.5296
 42.5607 42.6205 42.6457 42.675  42.734  42.7586 42.7928 42.8098 42.8381
 42.8574 42.8759 42.8953 42.9133 42.9358 42.9473 42.9583 42.975  42.9956
 43.0135 43.0306 43.0519 43.0681 43.0817 43.1021 43.1134 43.1273 43.1438
 43.1671 43.1974 43.212  43.2281 43.2485 43.2615 43.2752 43.2886 43.3043
 43.3214 43.3347 43.3482 43.3612 43.3752 43.3894 43.4038 43.4151 43.4317
 43.4497 43.462  43.4741 43.4864 43.5004 43.514  43.5264 43.5414 43.5601
 43.5738 43.5867 43.6005 43.6127 43.6258 43.6368 43.6511 43.6635 43.6753
 43.6876 43.7057 43.7173 43.7287 43.7417 43.7544 43.7695 43.7816 43.7938
 43.808  43.8186 43.8299 43.8467 43.8645 43.8809 43.8953 43.9061 43.9191
 43.9331 43.9466 43.9596 43.9711 43.9849 43.9989 44.0125 44.026  44.0398
 44.0532 44.0637 44.0781 44.0905 44.1066 44.1181 44.1295 44.1429 44.1568
 44.1821 44.1965 44.2127 44.2375 44.2542 44.266  44.2823 44.3014 44.3221
 44.3445 44.4103 44.4284 44.4553 44.4877 44.5302 44.7841 44.8112
51.5728 51.6216 52.0423 52.1164 52.1797 52.2721 52.3007 52.3343 52.3637
 52.4212 52.4417 52.4614 52.4896 52.5062 52.5334 52.5561 52.578  52.5998
 52.6233 52.6523 52.6803 52.7043 52.7277 52.7516 52.7673 52.7951 52.8124
 52.8274 52.8446 52.8577 52.8791 52.8957 52.9107 52.9418 52.9613 52.9831
 53.0034 53.0215 53.0459 53.063  53.1032 53.1154 53.1285 53.1405 53.1545
 53.1708 53.1871 53.2128 53.224  53.2406 53.2548 53.2696 53.2859 53.2977
 53.3116 53.3249 53.3368 53.3521 53.3677 53.3851 53.3993 53.4158 53.4317
 53.4427 53.4581 53.4727 53.4937 53.5104 53.532  53.5471 53.5622 53.5749
 53.5869 53.6057 53.6242 53.6378 53.6563 53.67   53.6851 53.6974 53.7103
 53.7275 53.7436 53.7637 53.7878 53.8069 53.8297 53.8529 53.8686 53.8842
 53.9067 53.928  53.9629 54.0636 54.0844 54.1225 54.3663 58.6616 59.0771
60.5611 60.7412 61.0657 61.2211 61.2709 61.3626 61.419  61.4434 61.4917
 61.5222 61.5468 61.5697 61.5895 61.6299 61.6582 61.6772 61.7053 61.7262
 61.7607 61.7807 61.7982 61.8191 61.8383 61.8503 61.863  61.8779 61.9007
 61.9177 61.9371 61.9664 61.9844 61.9992 62.015  62.0296 62.0423 62.0558
 62.0734 62.0903 62.1105 62.1279 62.1493 62.1648 62.1769 62.1908 62.2052
 62.2173 62.2304 62.2424 62.2585 62.271  62.2814 62.2928 62.3052 62.318
 62.3355 62.3476 62.3612 62.3747 62.3869 62.4007 62.4155 62.4318 62.4487
 62.4637 62.4758 62.4893 62.4995 62.5142 62.5298 62.5434 62.556  62.5665
 62.5836 62.5953 62.6074 62.6191 62.6298 62.6421 62.6581 62.6753 62.6899
 62.7038 62.7171 62.7276 62.7395 62.7513 62.7626 62.774  62.7861 62.7978
 62.8111 62.8266 62.8387 62.8514 62.8633 62.8802 62.8923 62.9108 62.9243
 62.9372 62.9571 62.98   63.0025 63.0175 63.034  63.05   63.0655 63.0824
 63.109  63.1288 63.1547 63.18   63.1969 63.2284 63.2532 63.2703 63.4709

