13.9851 14.1078 14.3169 14.4329 14.4749 14.5116 14.6109 14.6498 14.7065
 14.7318 14.9923 15.0117 15.1479 15.1732
22.0039 22.0787 22.3204 23.606  23.7999 23.8276 23.8613 23.8857 23.9164
 23.9362 23.9615 24.0423 24.0792 24.1008 24.1331 24.2384 24.3008 24.3278
 24.3475 24.3884
32.8441 33.0134 33.1517 33.1797 33.3527 33.3812 33.4547 33.5028 33.5559
 33.5813 33.6226 33.891
40.5163 42.1575 42.3229 42.4283 42.6849 42.7299 42.7661 42.7948 42.8475
 42.9308 42.9518 43.0763 43.123  43.2877 43.4125
50.3645 51.3038 52.1375 52.2014 52.2706 52.3605 52.4009 52.4309 52.4635
 52.5702 52.6308 52.6584 52.7221 52.8434 53.0507
60.337  60.6163 60.8646 60.9867 61.0244 61.0807 61.3149 61.3535 61.5455
 61.5607 61.7055 61.7292 61.7949 61.8554 61.8774 61.9869 62.0104 62.0498
 62.1156 62.1555 62.2071 69.6506 69.7686

