13.5785 13.9408 13.9873 14.0308 14.0697 14.2448 14.2703 14.3115 14.3335
 14.3672 14.4197 14.4737 14.5063 14.527  14.5956 14.6147 14.6372 14.7071
 14.7255 14.7425 14.7569 14.7765 14.8027 14.8211 14.8403 14.8559 14.8681
 14.8837 14.9001 14.9214 14.9444 14.9565 14.9719 14.9894 15.0071 15.0195
 15.0325 15.0475 15.0646 15.0787 15.0967 15.1163 15.131  15.1432 15.1606
 15.1758 15.1993 15.2123 15.2276 15.2399 15.2531 15.2668 15.2805 15.2965
 15.3117 15.3243 15.3442 15.3552 15.3774 15.3946 15.4095 15.4312 15.445
 15.4618 15.4904 15.5059 15.5177 15.5353 15.5505 15.5659 15.5812 15.6063
 15.6236 15.6359 15.6475 15.6723 15.6831 15.6977 15.7122 15.733  15.7472
 15.7634 15.7778 15.7944 15.8093 15.8301 15.8443 15.8592 15.8742 15.9024
 15.9214 15.945  15.9687 15.9945 16.0175 16.0393 16.0859 16.1219 16.1792
 16.2621 16.3049 16.4159 16.5785
21.4544 21.6324 22.0103 22.1497 22.8298 23.1269 23.3235 23.3501 23.3954
 23.4214 23.549  23.6045 23.6468 23.6766 23.7072 23.7241 23.7522 23.7755
 23.8129 23.8365 23.8581 23.9011 23.9309 23.9461 23.9658 23.9959 24.0179
 24.0348 24.0591 24.0762 24.0943 24.1104 24.1279 24.1528 24.1742 24.194
 24.2077 24.2196 24.2317 24.249  24.2661 24.3066 24.324  24.3397 24.3554
 24.3683 24.3833 24.3982 24.4122 24.4287 24.4431 24.4554 24.4688 24.4816
 24.4959 24.509  24.5273 24.5427 24.5557 24.5684 24.5872 24.6036 24.6228
 24.6431 24.6555 24.6792 24.6949 24.7098 24.726  24.7407 24.7523 24.7636
 24.7755 24.7899 24.8039 24.8257 24.8408 24.8566 24.8711 24.886  24.9107
 24.9281 24.9507 24.9641 24.9774 25.0014 25.0169 25.0307 25.0559 25.0708
 25.0865 25.1018 25.1188 25.1382 25.1574 25.1972 25.2219 25.2381 25.2679
 25.2887 25.3154 25.3355 25.3524 25.3792 25.4123 25.4452 25.4769 25.5296
 25.564
30.5105 31.5435 32.1322 32.2923 32.4077 32.4802 32.7016 32.7773 32.8056
 32.8336 32.8609 32.9113 32.9423 32.9707 33.0017 33.0299 33.0606 33.0822
 33.105  33.1421 33.1965 33.2277 33.2446 33.2879 33.3085 33.3236 33.3417
 33.3694 33.3889 33.414  33.4286 33.4539 33.4666 33.4796 33.4898 33.501
 33.5139 33.5285 33.5445 33.5675 33.5839 33.6009 33.6187 33.632  33.6442
 33.6563 33.6715 33.6834 33.6963 33.7098 33.724  33.7388 33.7525 33.7682
 33.7806 33.7942 33.8054 33.8223 33.8369 33.8506 33.8655 33.8807 33.8983
 33.9128 33.93   33.9439 33.9579 33.9743 33.9872 33.9998 34.0124 34.025
 34.0365 34.054  34.0716 34.0835 34.0949 34.1062 34.1192 34.131  34.1444
 34.1567 34.1693 34.1822 34.1949 34.2094 34.2325 34.2501 34.2635 34.2775
 34.2897 34.3023 34.3209 34.3351 34.3474 34.3621 34.3906 34.4049 34.4216
 34.4401 34.4567 34.4724 34.4972 34.5244 34.5394 34.5585 34.5761 34.6002
 34.6222 34.6432 34.663  34.6833 34.7092 34.7269 34.7576 34.7827 34.8153
 34.8554 34.8742 34.9662 35.0701 38.4526 39.4137
41.9718 42.0332 42.0559 42.1151 42.1411 42.2083 42.2481 42.2993 42.3485
 42.4013 42.4279 42.4765 42.501  42.5465 42.578  42.6504 42.6942 42.7168
 42.7397 42.7552 42.7697 42.7863 42.8067 42.8244 42.8365 42.8497 42.8708
 42.8911 42.9097 42.9434 42.9616 42.9768 43.0008 43.0151 43.0305 43.0488
 43.0691 43.0799 43.0918 43.1036 43.1271 43.1499 43.1631 43.1811 43.1943
 43.2095 43.2227 43.2356 43.2558 43.2658 43.2791 43.2896 43.3017 43.3129
 43.3278 43.3395 43.3523 43.3653 43.3806 43.3907 43.4038 43.4142 43.4257
 43.4388 43.4498 43.4613 43.4732 43.4844 43.4967 43.5094 43.5202 43.5347
 43.5464 43.5586 43.5704 43.5848 43.5977 43.6097 43.6215 43.6345 43.6564
 43.6681 43.6815 43.6957 43.707  43.7188 43.7318 43.7439 43.757  43.7767
 43.7908 43.8036 43.817  43.8315 43.8491 43.8669 43.8795 43.8921 43.909
 43.9436 43.9661 43.9789 44.0061 44.0207 44.0482 44.0661 44.0946 44.1121
 44.131  44.1649 44.2065 44.2285 44.2618 44.2877 44.3195 44.3438 44.4497
 44.5319
51.3577 51.8224 51.9107 51.9656 52.0413 52.0896 52.1088 52.1654 52.2071
 52.2397 52.2866 52.3189 52.3549 52.4094 52.4378 52.4708 52.5285 52.5609
 52.5795 52.6029 52.6256 52.6476 52.6654 52.6828 52.7063 52.7407 52.7592
 52.7817 52.7961 52.8122 52.8273 52.8459 52.8658 52.8808 52.8918 52.9081
 52.9231 52.9375 52.9514 52.9661 52.983  52.9964 53.0101 53.0379 53.0512
 53.0784 53.0904 53.1035 53.1174 53.1369 53.1507 53.1637 53.1799 53.1933
 53.2077 53.231  53.2442 53.2599 53.2805 53.2953 53.3247 53.3425 53.3567
 53.3716 53.3901 53.4033 53.4199 53.4344 53.4496 53.4652 53.4857 53.5063
 53.5224 53.5358 53.5544 53.5689 53.5845 53.6098 53.6384 53.6907 53.7854
 53.8426 53.9074 54.0172 54.0406 54.0659 54.4084 55.6058 57.3579 59.6653
 59.8139 59.9109
60.8298 60.9281 60.9601 61.0268 61.1008 61.183  61.2111 61.2633 61.305
 61.4257 61.4619 61.4864 61.5177 61.5325 61.5518 61.579  61.5969 61.6147
 61.6404 61.6623 61.6778 61.6989 61.7244 61.7418 61.7655 61.8057 61.8301
 61.8495 61.8787 61.8924 61.9064 61.9259 61.94   61.9556 61.9731 61.9929
 62.0102 62.0241 62.0363 62.0508 62.0713 62.0924 62.109  62.1232 62.1341
 62.1461 62.1599 62.1726 62.1888 62.2102 62.2261 62.2413 62.2529 62.2702
 62.2813 62.2946 62.3085 62.3208 62.337  62.3491 62.3624 62.372  62.3863
 62.402  62.4143 62.4309 62.4436 62.4586 62.4725 62.485  62.499  62.5142
 62.5282 62.5408 62.552  62.567  62.5819 62.597  62.6099 62.6245 62.6361
 62.6507 62.6643 62.6813 62.706  62.7213 62.7348 62.7508 62.7646 62.7825
 62.7958 62.8114 62.8309 62.8632 62.8776 62.8933 62.9316 62.9564 62.9905
 63.0299 63.0582 63.0722 63.0934 63.1204 63.1367 63.1517 63.1989 63.2374
 63.4628 67.6868 68.6835 69.7505

