13.0887 13.1905 13.3166 13.3939 13.5062 13.5598 13.5978 13.8519 13.9069
 13.9556 13.9808 14.0668 14.0905 14.1337 14.2339 14.3074 14.328  14.3567
 14.3939 14.4311 14.4785 14.5222 14.594  14.6556 14.6707 14.6974 14.7169
 14.7688 14.7834 14.7999 14.8163 14.8662 14.8956 14.9683
22.788  23.2578 23.3944 23.418  23.5975 23.6626 23.7048 23.7317 23.8396
 23.9532 23.981  24.0238 24.0486 24.0862 24.1031 24.12   24.1686 24.1982
 24.2438 24.2919 24.3266 24.4272
33.2322 33.7749 33.9068 33.9407 34.0379
40.3216 41.502  41.6819 41.9398 42.1137 42.2483 42.3328 42.4059 42.4982
 42.6582 42.6901 42.7037 42.7206 42.8504 42.8766 42.8959 42.9301 42.9458
 43.0613 43.0767 43.0968 43.1958 49.988
50.2893 50.8183 51.2786 51.3195 51.3446 51.369  51.3902 51.4278 51.5493
 51.5786 51.6202 51.7246 51.7397 51.7544 51.7726 51.8083 51.828  51.8478
 51.8736 51.9071 51.9241 51.9603 51.9782 52.0005 52.0501 52.0747 52.1264
 52.1436 52.1606 52.1757 52.2019 52.2608 59.2163
60.2172 60.5222 60.6539 60.6922 60.8363 60.8973 61.1427 61.1706 61.2046
 61.2467 61.4437 61.4645 61.5088 61.5364 61.5883 61.6342 61.6628 61.8553

