10.9546 12.9069 13.1167 13.3171 13.4277 13.6707 13.7617 13.9306 13.95
 14.0919 14.2015 14.2559 14.4381 14.5351 14.559  14.6365 14.6511 14.6729
 14.6866 14.7181 14.8456 14.8995 14.9242 14.9953
22.9829 23.0307 23.1627 23.2382 23.5014 23.6308 23.7696 23.8413 23.9304
 23.9744 24.0007 24.1155 24.138  24.1555 24.2138 24.2374 24.2989 24.3272
 24.3579 24.5955
32.927  33.5665 33.6774 33.8376 34.0341 34.3129 34.4309
41.0758 41.7092 41.7457 42.3535 42.4389 42.5506 42.6896 42.7183 42.8123
 42.8737 42.9384 42.9726 43.0063 43.0672 43.1044 43.1203 43.29
50.7026 51.2905 51.4045 51.4559 51.5171 51.5483 51.6957 51.7098 51.7623
 51.7781 51.8105 51.8281 51.8912 51.9319 52.0062 52.0869 52.1107 52.2003
 52.2678
60.4168 60.5984 61.0847 61.2429 61.2925 61.3137 61.3399 61.4177 61.6534
 61.6882 61.7786 68.2214 69.0234

