11.5067 12.2362 13.8029 13.9216 13.9926 14.1116 14.186  14.2559 14.2898
 14.3198 14.3482 14.4304 14.454  14.469  14.4893 14.5086 14.5294 14.5535
 14.567  14.5834 14.5971 14.6183 14.639  14.6538 14.6734 14.6933 14.7105
 14.7236 14.7406 14.7554 14.7697 14.7862 14.7992 14.8109 14.8248 14.8411
 14.8582 14.8719 14.8888 14.9024 14.9171 14.9291 14.9468 14.9615 14.9838
 14.9994 15.0124 15.0265 15.0413 15.0537 15.0687 15.0803 15.0922 15.1079
 15.1203 15.1343 15.1489 15.1623 15.1729 15.1851 15.1978 15.2094 15.2225
 15.237  15.2515 15.2643 15.277  15.2905 15.3035 15.318  15.3276 15.3376
 15.3487 15.358  15.3703 15.384  15.3939 15.4052 15.4165 15.4274 15.4409
 15.4549 15.4703 15.4859 15.5018 15.5173 15.5293 15.5424 15.5529 15.5726
 15.5867 15.5967 15.6099 15.6219 15.6318 15.6438 15.6564 15.669  15.6799
 15.6948 15.7096 15.7235 15.7386 15.7531 15.7673 15.7788 15.7956 15.8081
 15.8229 15.8375 15.856  15.8679 15.8872 15.9068 15.9185 15.9342 15.9524
 15.9639 15.976  15.9918 16.0063 16.0203 16.0364 16.0528 16.0714 16.0869
 16.1087 16.1278 16.1406 16.1532 16.1679 16.1842 16.202  16.2199 16.2366
 16.2535 16.2691 16.2809 16.2936 16.306  16.321  16.3383 16.3513 16.3665
 16.3857 16.4093 16.4311 16.4463 16.4588 16.4749 16.4918 16.5034 16.5234
 16.5458 16.5647 16.5873 16.6108 16.6323 16.651  16.6657 16.6812 16.6986
 16.7218 16.7452 16.7666 16.7837 16.7993 16.8316 16.8535 16.8852 16.9247
 16.974  17.0395 17.294
22.465  23.0161 23.2425 23.3137 23.5505 23.5715 23.5979 23.6237 23.7072
 23.7769 23.8114 23.8872 23.9155 23.9328 23.9869 24.0045 24.0292 24.0436
 24.0637 24.0882 24.1106 24.1307 24.1527 24.1726 24.1962 24.2176 24.249
 24.2928 24.3106 24.3258 24.3419 24.3541 24.3733 24.3858 24.4025 24.4174
 24.4342 24.4507 24.464  24.4806 24.5018 24.5193 24.5352 24.5524 24.566
 24.5847 24.5998 24.6206 24.6401 24.6559 24.6694 24.682  24.6955 24.709
 24.7233 24.739  24.7533 24.7662 24.7783 24.7903 24.8036 24.8146 24.8272
 24.8453 24.858  24.8722 24.8901 24.9023 24.9245 24.9415 24.9563 24.9689
 24.9802 24.9977 25.0104 25.0277 25.0455 25.0624 25.0792 25.0901 25.1022
 25.1174 25.1299 25.145  25.1602 25.1768 25.1923 25.2066 25.2243 25.2394
 25.2599 25.278  25.2911 25.3051 25.3197 25.3369 25.3518 25.3674 25.3795
 25.3944 25.4107 25.4239 25.4381 25.4523 25.4691 25.4875 25.5032 25.5353
 25.551  25.5719 25.5865 25.6021 25.6158 25.6302 25.6446 25.6646 25.6847
 25.7136 25.7315 25.7507 25.7686 25.7865 25.7996 25.8192 25.8369 25.8573
 25.8901 25.9043 25.9213 25.9359 25.9557 25.9738 25.9968 26.026  26.0389
 26.0574 26.0743 26.0957 26.1126 26.1439 26.1685 26.1962 26.2218 26.2456
 26.2625 26.2968 26.3308 26.3668 26.6905
32.7744 33.4072 33.5095 33.5904 33.6558 33.824  33.8794 33.9517 33.9831
 34.0637 34.0858 34.1124 34.1349 34.1646 34.1812 34.2457 34.2766 34.3123
 34.338  34.3658 34.4298 34.4683 34.5224 34.5502 34.5708 34.6092 34.6311
 34.6549 34.7004 34.7729 34.8317 34.8673 34.8991 34.9258 34.9667 35.0205
 35.1181 35.1657 35.2026 35.23   35.2715 35.2938 35.3718 35.425  35.4776
 36.3722 38.2256 39.6414
42.2026 42.2876 42.3697 42.4653 42.5033 42.5233 42.5594 42.5926 42.654
 42.6677 42.7008 42.7678 42.8019 42.8398 42.8595 42.8792 42.9161 42.9324
 42.982  43.0049 43.0285 43.0456 43.0691 43.0959 43.1117 43.1324 43.153
 43.1689 43.2026 43.2202 43.2354 43.252  43.267  43.2863 43.3009 43.3183
 43.341  43.3585 43.3761 43.389  43.4012 43.4114 43.4236 43.4336 43.4459
 43.4601 43.4757 43.4882 43.5008 43.5141 43.5276 43.5446 43.5609 43.5752
 43.5881 43.6013 43.6269 43.6506 43.6662 43.6797 43.6931 43.7124 43.7267
 43.7452 43.763  43.7782 43.7919 43.8093 43.8219 43.836  43.8524 43.8663
 43.8794 43.8931 43.9061 43.9175 43.9318 43.9489 43.9646 43.9783 43.9948
 44.0078 44.0235 44.0422 44.0574 44.0714 44.0848 44.097  44.1152 44.1352
 44.157  44.173  44.1986 44.212  44.2317 44.2536 44.2715 44.2855 44.3015
 44.3225 44.3411 44.3592 44.3776 44.3906 44.4026 44.4182 44.4358 44.4596
 44.478  44.5093 44.5284 44.5465 44.5666 44.589  44.6044 44.6208 44.6409
 44.6606 44.681  44.7143 44.7337 44.7508 44.7645 44.7966 44.8113 44.8303
 44.8509 44.8854 44.913  44.9539 44.9879 45.0129 45.0418 45.0762 45.1015
 45.222
50.6468 51.0531 51.1466 51.4192 51.5151 51.5636 51.5841 51.6333 51.6653
 51.6889 51.7199 51.7355 51.7685 51.7889 51.8413 51.8673 51.8881 51.9069
 51.9275 51.9568 51.9731 51.9942 52.0252 52.0399 52.0527 52.0711 52.0822
 52.099  52.1117 52.1241 52.1384 52.1539 52.1729 52.1871 52.2013 52.2172
 52.2303 52.2429 52.258  52.2785 52.3046 52.3183 52.3321 52.3426 52.3551
 52.3654 52.3796 52.3918 52.4052 52.4181 52.4317 52.4433 52.4557 52.4705
 52.4828 52.4954 52.5087 52.5183 52.5335 52.5448 52.5549 52.5676 52.5784
 52.589  52.6028 52.6135 52.6277 52.6399 52.6553 52.6675 52.6775 52.6889
 52.7031 52.7146 52.7285 52.7424 52.7525 52.7627 52.7746 52.7848 52.7965
 52.8087 52.8209 52.8308 52.8431 52.8561 52.8683 52.8785 52.8891 52.9021
 52.9125 52.9243 52.9369 52.952  52.9644 52.9802 52.9962 53.0137 53.0281
 53.0423 53.0622 53.0778 53.0957 53.1144 53.13   53.1433 53.1561 53.1736
 53.1871 53.2053 53.2216 53.2402 53.2617 53.2748 53.2875 53.3025 53.3192
 53.334  53.3472 53.36   53.3743 53.3921 53.4123 53.4254 53.4416 53.4559
 53.4724 53.4894 53.5016 53.5162 53.5335 53.5489 53.5664 53.5843 53.6022
 53.6142 53.6298 53.6437 53.6606 53.6737 53.6855 53.6987 53.7164 53.7313
 53.7503 53.7633 53.7805 53.7929 53.8062 53.8223 53.8379 53.8557 53.8696
 53.8875 53.903  53.9209 53.9403 53.9565 53.9718 53.9863 54.0051 54.0197
 54.037  54.061  54.0849 54.1108 54.1528 54.1903 54.2233 54.3105 54.3389
 54.3748 54.4185 59.9685
60.4402 60.5745 60.7964 60.8469 60.8781 60.9125 61.0005 61.1677 61.1946
 61.212  61.2308 61.2502 61.2772 61.3052 61.3366 61.3535 61.3866 61.4128
 61.4341 61.4654 61.4984 61.5123 61.5356 61.5589 61.5746 61.5994 61.6226
 61.6443 61.6696 61.6827 61.6963 61.7114 61.7263 61.7391 61.7568 61.7697
 61.7958 61.8139 61.8308 61.8419 61.8565 61.8703 61.8824 61.895  61.914
 61.9294 61.9426 61.9536 61.9717 61.9856 61.9956 62.0068 62.0199 62.0336
 62.0492 62.0667 62.0773 62.0916 62.1037 62.119  62.1328 62.1448 62.1552
 62.1718 62.1858 62.198  62.2101 62.2233 62.2401 62.254  62.2655 62.2812
 62.2945 62.309  62.3214 62.3356 62.3472 62.3587 62.3689 62.383  62.3957
 62.411  62.4249 62.4386 62.452  62.4673 62.4871 62.5016 62.525  62.5457
 62.559  62.5742 62.5959 62.6143 62.6397 62.6555 62.6773 62.6895 62.705
 62.7223 62.7388 62.7595 62.7856 62.8082 62.8249 62.8446 62.8689 62.9048
 62.9443 62.9629 62.9785 62.9924 63.0128 63.0324 63.0561 63.0756 63.0947
 63.1097 63.1262 63.1435 63.1739 63.1904 63.2087 63.2235 63.2456 63.2751
 63.3249 63.3508 63.3698 63.3975 63.4275 63.4842 63.5078 63.5445 63.6309
 63.6919 63.7977 69.3659

