11.5368 13.3263 13.5587 13.8709 13.9808 14.0402 14.0721 14.195  14.2844
 14.3405 14.3661 14.4155 14.4451 14.4696 14.4885 14.5087 14.5434 14.5882
 14.6332 14.6535 14.6746 14.6903 14.7098 14.7274 14.7545 14.7874 14.8065
 14.8323 14.8492 14.8639 14.8796 14.893  14.9113 14.9239 14.939  14.9548
 14.971  14.9855 15.0008 15.0137 15.0285 15.0383 15.0532 15.0739 15.0878
 15.0994 15.1129 15.1272 15.1442 15.1592 15.1735 15.1877 15.2046 15.2226
 15.2377 15.2523 15.2682 15.2838 15.2965 15.3092 15.3203 15.3349 15.3478
 15.3605 15.3761 15.391  15.4072 15.4198 15.4334 15.4452 15.456  15.4668
 15.4801 15.4956 15.5064 15.5175 15.5288 15.5447 15.5581 15.5699 15.5804
 15.5908 15.603  15.6144 15.6293 15.6406 15.6496 15.6606 15.6731 15.6837
 15.6942 15.7082 15.7199 15.7331 15.7456 15.7575 15.7682 15.7821 15.7932
 15.8033 15.815  15.8281 15.8435 15.8576 15.8693 15.8846 15.8969 15.9105
 15.9218 15.934  15.9465 15.9626 15.9779 15.9925 16.004  16.0159 16.0281
 16.0395 16.0511 16.0637 16.0839 16.1019 16.1175 16.1349 16.153  16.1658
 16.1823 16.1974 16.2129 16.2297 16.2472 16.2806 16.3093 16.3284 16.3488
 16.3627 16.3814 16.4044 16.4439 16.473  16.5058 16.5405 16.5851 16.6295
 16.6518 16.6731 16.7131 16.759  16.7978 16.8463 16.9136 19.8811
22.5597 23.2    23.5389 23.7032 23.8247 23.969  24.0079 24.0656 24.086
 24.1303 24.1714 24.1982 24.2147 24.2334 24.2505 24.2777 24.3033 24.3172
 24.3429 24.3651 24.3863 24.4117 24.4262 24.4459 24.4584 24.4761 24.4913
 24.5142 24.5367 24.5515 24.5745 24.5875 24.6054 24.6179 24.6404 24.6551
 24.6679 24.6836 24.6973 24.7123 24.7238 24.7444 24.7711 24.788  24.8011
 24.8147 24.8263 24.8361 24.8504 24.8624 24.8768 24.8913 24.9113 24.9228
 24.9331 24.9439 24.9539 24.9645 24.9839 25.0025 25.0193 25.0337 25.0489
 25.0695 25.0809 25.1026 25.1152 25.1262 25.1377 25.1479 25.1598 25.1735
 25.1849 25.199  25.2107 25.226  25.2398 25.2519 25.2679 25.28   25.2919
 25.3035 25.3177 25.3326 25.3467 25.3612 25.3717 25.3824 25.3959 25.4079
 25.4219 25.4349 25.4522 25.4642 25.4797 25.4948 25.5105 25.5263 25.5414
 25.5587 25.5818 25.6023 25.6238 25.6446 25.6587 25.6738 25.6871 25.7129
 25.7268 25.742  25.7753 25.7913 25.8098 25.8336 25.867  25.8948 25.9331
 25.9598 25.9904 26.0348 26.0973 26.1636 26.2175
32.6352 33.1829 33.395  33.7105 33.8489 33.9447 34.0036 34.1113 34.1423
 34.1716 34.2125 34.2457 34.263  34.2932 34.3431 34.3748 34.4266 34.4709
 34.6706 34.6882 34.7745 34.8127 34.8775 34.9051 34.9863 35.0418 35.0639
 35.1211 35.1552 35.2345 35.2724 35.3825 35.4075 35.501  35.5438 35.5798
40.8326 41.6881 42.0739 42.1984 42.2292 42.2705 42.4302 42.4691 42.5091
 42.5319 42.572  42.6527 42.6827 42.7238 42.7541 42.7866 42.8129 42.8317
 42.8544 42.8788 42.8984 42.9286 42.9505 42.9959 43.0243 43.038  43.0518
 43.0658 43.0863 43.11   43.1233 43.1442 43.1654 43.1875 43.2038 43.2245
 43.2407 43.2575 43.2722 43.2846 43.298  43.3144 43.3286 43.3432 43.3597
 43.3718 43.3829 43.3965 43.4132 43.4263 43.4385 43.4572 43.4692 43.485
 43.5033 43.5266 43.5414 43.5548 43.5698 43.5844 43.5991 43.6123 43.6247
 43.6347 43.6489 43.6609 43.6718 43.6847 43.6982 43.7106 43.7243 43.7377
 43.7504 43.7619 43.7749 43.789  43.8033 43.8195 43.834  43.8553 43.8669
 43.8784 43.8984 43.9156 43.9275 43.9416 43.9531 43.967  43.9781 43.9948
 44.0189 44.0302 44.0476 44.0646 44.0796 44.0985 44.1129 44.127  44.1437
 44.1572 44.1695 44.1827 44.1952 44.2077 44.22   44.2346 44.2499 44.2643
 44.2762 44.2918 44.3099 44.3325 44.3492 44.3685 44.3886 44.406  44.4329
 44.4559 44.4827 44.5086 44.5327 44.5483 44.5623 44.5817 44.6374 44.6873
 44.75   44.7814 44.8068 45.0109
50.3817 50.9798 51.1253 51.2634 51.2862 51.3056 51.3414 51.4606 51.4929
 51.5961 51.6172 51.6607 51.6989 51.7348 51.7569 51.7748 51.8037 51.8211
 51.8502 51.8661 51.8967 51.9223 51.9444 51.9669 51.9934 52.0298 52.0454
 52.0706 52.0858 52.0984 52.1342 52.1505 52.1663 52.1848 52.2043 52.2169
 52.231  52.2427 52.2578 52.2773 52.2921 52.3061 52.3192 52.3299 52.3429
 52.3527 52.3634 52.3781 52.4006 52.4127 52.4287 52.441  52.4529 52.4648
 52.4767 52.4886 52.5005 52.5125 52.5242 52.5341 52.5502 52.5651 52.5782
 52.5921 52.6038 52.6147 52.6258 52.6397 52.6533 52.6638 52.6774 52.6907
 52.7018 52.7146 52.7268 52.7391 52.7497 52.7614 52.7759 52.7938 52.8056
 52.821  52.8324 52.8451 52.8548 52.8666 52.8779 52.8888 52.8986 52.9095
 52.9236 52.9361 52.9458 52.9572 52.9679 52.9805 52.9929 53.0041 53.0169
 53.0274 53.0406 53.0526 53.066  53.0787 53.0918 53.1053 53.1171 53.131
 53.1462 53.1565 53.1686 53.1848 53.1957 53.2076 53.2226 53.2404 53.2605
 53.2745 53.2876 53.3029 53.3176 53.3303 53.345  53.3588 53.3731 53.3849
 53.4003 53.4172 53.4314 53.4478 53.4642 53.4767 53.4884 53.5004 53.5164
 53.5277 53.5465 53.5615 53.582  53.5982 53.6123 53.6367 53.6585 53.688
 53.7207 53.7425 53.7695 53.8057 53.8352 53.8602 53.8931 53.9225 53.9504
 54.0701 58.0117
60.1855 60.884  60.9184 61.1069 61.1935 61.2375 61.2583 61.2839 61.3092
 61.3486 61.4013 61.4247 61.4672 61.4886 61.5076 61.5274 61.5588 61.5732
 61.5916 61.6146 61.6369 61.6534 61.6679 61.6866 61.6992 61.7171 61.734
 61.759  61.7782 61.7964 61.8118 61.8275 61.8438 61.8585 61.8747 61.8853
 61.9021 61.9208 61.9347 61.9587 61.978  61.9931 62.0101 62.0267 62.0397
 62.0546 62.0723 62.0823 62.0952 62.108  62.1213 62.1428 62.1542 62.1666
 62.1863 62.2016 62.213  62.228  62.2446 62.2564 62.2698 62.2821 62.2956
 62.3114 62.3222 62.3344 62.3467 62.3623 62.3845 62.3974 62.416  62.4295
 62.4464 62.4595 62.4743 62.4925 62.5091 62.5233 62.5353 62.5487 62.5636
 62.5842 62.5996 62.611  62.623  62.6372 62.6475 62.6579 62.6711 62.6868
 62.6998 62.7147 62.7266 62.74   62.7523 62.7679 62.782  62.7981 62.8141
 62.8354 62.8544 62.8708 62.8891 62.9109 62.9381 62.958  62.9941 63.0158
 63.0346 63.0501 63.0667 63.0938 63.118  63.1484 63.2057 63.2225 63.2609
 63.3039 63.3409 63.3798 63.4667 63.4867 63.5944 66.9189

