13.0156 13.2322 13.4564 13.676  14.0044 14.0576 14.1345 14.2454 14.2915
 14.4103 14.4829 14.5319 14.7587 14.779  14.8503 14.8928 14.9933 15.0776
 18.6884
21.5688 22.4412 22.9373 23.0345 23.3341 23.3818 23.5455 23.7509 23.8127
 23.8439 23.9086 23.9276 23.9815 24.0399 24.0929
30.4716 30.9067 32.0446 32.133  32.7022 32.7787 32.8377 32.9102 33.0759
 33.1217 33.1559 33.1913 33.2314 33.2726 33.3565 33.3832 33.5958 33.618
 33.709  33.8396 39.8556
41.8152 42.1667 42.3094 42.4583 42.5423 42.5907 42.6592 42.7138 42.7906
 42.8495 43.0402 43.1929 49.1807
50.4679 50.6988 51.2777 51.5548 51.5897 51.6359 51.685  51.9328 51.9546
 51.9799 52.0407 52.0769 52.1216 52.1535 52.1714 52.2171 52.2558 52.3182
 52.3351 58.6408 59.7367
60.9824 61.0967 61.1369 61.1717 61.2915 61.4001 61.46   61.4774 61.5174
 61.5407 61.5608 61.5896 61.6111 61.6316 61.6873 61.7067 61.7326 61.7476
 61.7667 61.8268 61.8709 62.035  69.3966 69.4983 69.9484 69.9866

