10.4986 12.2437 14.1314 14.4167 14.6513 14.6865 14.7244 14.7564 14.7864
 14.8122 14.8646 14.8922 14.919  14.9407 14.9594 14.9774 14.9917 15.0082
 15.0216 15.0608 15.097  15.1198 15.1439 15.1648 15.1839 15.2102 15.2273
 15.2466 15.2683 15.3025 15.333  15.3616 15.3802 15.401  15.4202 15.4516
 15.4838 15.5031 15.5262 15.554  15.5746 15.6041 15.6176 15.6394 15.6537
 15.6665 15.6827 15.7058 15.7243 15.7492 15.7651 15.7783 15.7988 15.8203
 15.8448 15.8624 15.8866 15.9042 15.9171 15.9355 15.9533 15.9726 15.9912
 16.0097 16.0242 16.0408 16.0595 16.0824 16.097  16.1087 16.1311 16.1466
 16.1629 16.2084 16.2288 16.247  16.2657 16.2801 16.2948 16.3257 16.3422
 16.3794 16.4049 16.4307 16.4583 16.4758 16.5125 16.5554 16.5806 16.6088
 16.6731 16.6948 16.7168 16.7913 16.9118 16.9843 17.0317 17.0796 17.1735
22.7565 23.1418 23.3383 23.5179 23.5533 23.5926 23.6504 23.6852 23.7475
 23.7787 23.8106 23.904  23.9323 23.9526 23.9745 24.0038 24.0419 24.0716
 24.0885 24.1198 24.1408 24.1659 24.1896 24.2194 24.2742 24.2966 24.3219
 24.342  24.3564 24.3943 24.4178 24.435  24.4536 24.4696 24.4849 24.5048
 24.5434 24.5589 24.5766 24.592  24.6075 24.6243 24.6392 24.6564 24.6748
 24.6956 24.7103 24.7315 24.7488 24.7627 24.7826 24.8003 24.815  24.8347
 24.8487 24.8638 24.8781 24.8925 24.9041 24.9209 24.9384 24.9652 24.9821
 24.9947 25.0098 25.0263 25.0601 25.0745 25.0908 25.1133 25.1262 25.1463
 25.1593 25.1747 25.1913 25.2059 25.2222 25.2512 25.2645 25.2767 25.2905
 25.3033 25.3166 25.3341 25.3526 25.372  25.3884 25.4112 25.4314 25.4478
 25.4651 25.4799 25.4949 25.5156 25.5377 25.5653 25.5878 25.6079 25.6245
 25.6496 25.6705 25.6958 25.714  25.7612 25.7832 25.8534 25.8861 25.9555
 26.0218 26.0908 26.1226
32.4807 33.1175 33.2407 33.2688 33.3289 33.4239 33.5607 33.6457 33.6797
 33.7131 33.7394 33.7957 33.8517 33.9215 33.9474 33.9802 34.0021 34.0469
 34.0666 34.0866 34.1117 34.1405 34.1629 34.2257 34.2662 34.295  34.3151
 34.3318 34.3513 34.3769 34.3956 34.4186 34.4337 34.4467 34.4631 34.4874
 34.5114 34.5265 34.5601 34.5765 34.5975 34.6201 34.6345 34.6546 34.6772
 34.7005 34.7279 34.7494 34.7643 34.7841 34.7986 34.8163 34.8294 34.8446
 34.861  34.8732 34.8906 34.9064 34.9221 34.9389 34.9656 34.9808 35.0084
 35.0261 35.0423 35.0592 35.0738 35.0907 35.1062 35.1225 35.1392 35.1559
 35.1824 35.2047 35.2233 35.248  35.2605 35.2823 35.3005 35.3178 35.3635
 35.3812 35.4027 35.4254 35.4512 35.4742 35.5413 35.5752 35.6016 35.6927
 35.7079 35.7508
42.1546 42.2261 42.4202 42.4498 42.473  42.5083 42.5977 42.6366 42.6839
 42.7045 42.7332 42.7624 42.786  42.8389 42.865  42.9136 42.9582 43.0114
 43.0362 43.0537 43.076  43.1006 43.1536 43.1736 43.1991 43.2153 43.2296
 43.2424 43.2617 43.2862 43.3067 43.3449 43.3742 43.3928 43.4148 43.437
 43.4529 43.4705 43.4897 43.5167 43.5363 43.5673 43.5808 43.607  43.6275
 43.649  43.6727 43.6909 43.7103 43.7268 43.7482 43.7772 43.794  43.8071
 43.8303 43.8493 43.8691 43.8835 43.8993 43.9153 43.9483 43.9698 43.9843
 44.0057 44.0377 44.0546 44.0678 44.0841 44.1162 44.1307 44.1462 44.1885
 44.2102 44.2339 44.2547 44.2819 44.2974 44.3165 44.3321 44.346  44.3708
 44.3948 44.4126 44.4417 44.4608 44.4837 44.5023 44.5237 44.5424 44.5605
 44.5767 44.6425 44.6988 44.7268 44.7698 44.9546 45.0779 45.157
50.6141 51.7804 51.823  51.9266 51.9612 52.0634 52.0944 52.1381 52.1557
 52.1748 52.2006 52.2345 52.2904 52.3161 52.3358 52.3595 52.3883 52.4114
 52.4439 52.4733 52.4895 52.549  52.5769 52.5968 52.6462 52.6694 52.6948
 52.7119 52.7289 52.7805 52.7977 52.8198 52.8478 52.8733 52.8928 52.9065
 52.9247 52.9437 52.9656 52.9824 53.0062 53.0277 53.0406 53.058  53.0759
 53.0939 53.1109 53.1326 53.1524 53.1764 53.1942 53.2134 53.2259 53.2386
 53.2506 53.2643 53.2786 53.2971 53.3204 53.3434 53.3676 53.381  53.3959
 53.4135 53.4362 53.4581 53.4758 53.4982 53.5163 53.5379 53.5523 53.5687
 53.5883 53.601  53.6184 53.6376 53.6519 53.6773 53.6948 53.7166 53.7871
 53.8101 53.8343 53.8683 53.9302 53.9517 53.9693 54.0106 54.0589 54.0827
 54.1276 54.2356 54.2759 54.3455
60.5947 60.7969 61.4329 61.4607 61.4857 61.5461 61.5936 61.6144 61.643
 61.6938 61.7137 61.7768 61.8096 61.832  61.8536 61.8818 61.9195 61.9389
 62.0191 62.0974 62.1244 62.1511 62.1728 62.2018 62.2433 62.2696 62.2841
 62.2978 62.3206 62.3399 62.356  62.3815 62.4101 62.4285 62.454  62.478
 62.4967 62.5183 62.5347 62.5532 62.5788 62.6001 62.6138 62.6328 62.6554
 62.6822 62.7046 62.7207 62.7394 62.7543 62.7785 62.8018 62.8187 62.8392
 62.8599 62.8782 62.8985 62.9331 62.9445 62.9608 62.9793 62.9922 63.0063
 63.0189 63.0345 63.0567 63.0708 63.0908 63.1053 63.1224 63.1415 63.158
 63.1744 63.1901 63.2176 63.2437 63.2757 63.3043 63.3299 63.3418 63.3603
 63.376  63.4154 63.4362 63.4553 63.4733 63.495  63.5223 63.551  63.5849
 63.6357 63.6829 63.7085 63.7946 67.0199

