12.843  14.1125 14.2356 14.3773 14.4952 14.5417 14.646  14.777  14.8551
 14.8794 14.8975 14.9137 14.9408 14.9637 14.9822 15.0347 15.0491 15.0776
 15.0938 15.1255 15.1575 15.1756 15.1921 15.2091 15.2257 15.2439 15.2711
 15.2984 15.3141 15.3281 15.3481 15.3685 15.3838 15.4015 15.4211 15.4389
 15.4563 15.4765 15.494  15.5171 15.5334 15.5444 15.5557 15.5702 15.5957
 15.6129 15.6268 15.6511 15.6711 15.6898 15.7054 15.7284 15.7527 15.777
 15.8174 15.8429 15.8703 15.8997 15.9206 15.9441 16.0104 16.0295 16.0563
 16.1135 16.1718 16.2028 16.2399 16.2704 16.2899 16.3291 16.3627 16.417
 16.4638 16.4842 16.5099 16.5394 16.5856 16.735  16.842
20.2997 23.1309 23.2997 23.5685 23.6377 23.6667 23.728  23.7488 23.7776
 23.8446 23.9133 23.9355 23.9548 23.9829 24.0092 24.0387 24.0539 24.0837
 24.0989 24.1182 24.1389 24.1584 24.1757 24.1924 24.2079 24.2306 24.2449
 24.2584 24.2723 24.3005 24.3176 24.3326 24.3581 24.3765 24.3945 24.4182
 24.4361 24.4497 24.464  24.4782 24.4931 24.5098 24.526  24.5428 24.5736
 24.5967 24.6146 24.6311 24.6459 24.6595 24.6744 24.6885 24.7025 24.7172
 24.7329 24.7604 24.7806 24.8118 24.8242 24.8377 24.8636 24.8818 24.8931
 24.9119 24.9446 24.9649 24.9896 25.0059 25.0277 25.0519 25.072  25.0862
 25.1079 25.1299 25.1503 25.1753 25.2049 25.2256 25.2563 25.3078 25.3934
 25.4208 25.4489 25.4686 25.4989 25.5362 25.6233 26.0871
31.7052 33.1129 33.1908 33.2543 33.3233 33.3529 33.4304 33.5993 33.6766
 33.7217 33.8039 33.8355 33.8567 33.8861 33.9015 33.9187 33.9311 33.9475
 33.9674 33.9915 34.0378 34.0544 34.0873 34.1101 34.1299 34.1503 34.1708
 34.1857 34.2049 34.2232 34.2401 34.2585 34.2791 34.2917 34.3095 34.3396
 34.3549 34.3692 34.3824 34.4067 34.4213 34.4438 34.4641 34.481  34.4995
 34.5184 34.5368 34.5578 34.5747 34.5944 34.6071 34.6248 34.6682 34.6934
 34.7083 34.7258 34.7557 34.777  34.7973 34.8193 34.8372 34.8595 34.9199
 34.9738 35.0006 35.0276 35.1675 35.2094 35.4358 35.5879 35.7369
42.3139 42.3463 42.4386 42.5597 42.7194 42.7518 42.8056 42.8242 42.8621
 42.8766 42.9101 42.9277 42.9486 42.9717 43.0219 43.0463 43.0599 43.0734
 43.0883 43.1076 43.1293 43.1468 43.1665 43.1825 43.1972 43.224  43.2433
 43.2587 43.2814 43.2998 43.3207 43.3412 43.3576 43.3737 43.3879 43.4121
 43.4253 43.4385 43.4487 43.4686 43.4856 43.5014 43.5188 43.5336 43.5512
 43.5651 43.5785 43.5974 43.6184 43.6307 43.6415 43.6562 43.6724 43.6921
 43.7062 43.7247 43.7478 43.7789 43.8058 43.8196 43.836  43.8599 43.8756
 43.9033 43.9249 43.9428 43.9601 43.9749 43.997  44.0143 44.0347 44.0598
 44.0885 44.1338 44.2053 44.2272 44.2631 44.3518 44.4359 44.4696 44.5069
 44.5619 44.6477 44.9015
50.7373 51.0134 51.9058 51.9588 52.0059 52.0678 52.095  52.1146 52.1454
 52.1825 52.2227 52.2433 52.2808 52.304  52.3325 52.3494 52.3729 52.397
 52.4686 52.5018 52.536  52.5646 52.5894 52.6077 52.6335 52.6515 52.6693
 52.6859 52.7017 52.7153 52.7354 52.7521 52.7688 52.7844 52.8018 52.8301
 52.8465 52.864  52.8863 52.9022 52.9407 52.9588 52.9747 52.9924 53.0085
 53.0311 53.0477 53.0629 53.0789 53.1003 53.1134 53.1298 53.1552 53.1765
 53.1993 53.2162 53.2399 53.2591 53.2922 53.3111 53.3407 53.373  53.3996
 53.4437 53.4666 53.4887 53.5178 53.5558 53.5948 53.6992 53.7387 53.8025
 53.8559 53.8849 53.9244 53.9489 53.9816 54.1674 54.2588 59.8391
60.1929 61.1478 61.3384 61.5161 61.6477 61.7069 61.7482 61.7865 61.8064
 61.8487 61.8927 61.9252 61.9492 61.9809 61.9976 62.0236 62.0463 62.0737
 62.0952 62.1132 62.1451 62.1589 62.1801 62.2018 62.2175 62.232  62.2516
 62.2673 62.2786 62.2954 62.3089 62.3326 62.3497 62.3745 62.3966 62.4144
 62.4315 62.4585 62.4739 62.4857 62.5005 62.5154 62.5379 62.5617 62.5779
 62.6053 62.6222 62.6552 62.6804 62.6983 62.7173 62.7379 62.7602 62.7823
 62.8088 62.8243 62.8486 62.8704 62.9477 62.9752 63.0495 63.0808 63.1062
 63.1229 63.1667 63.2299 63.3097 63.3868 63.4254 63.4781 63.5635 63.6717
 68.9705

