14.1112 14.22   14.2598 14.3079 14.4506 14.5866 14.6359 14.6799 14.6984
 14.7551 14.8191 14.8429 14.8699 14.9237 14.9525 14.9781 15.0077 15.0257
 15.0629 15.106  15.1587 15.2217 15.2523 15.2797 15.3032 15.3262 15.3375
 15.4122
23.6155 23.8814 24.0247 24.0906 24.1429 24.1889 24.2423 24.3253 24.4497
 24.4895 24.5743 24.6016 24.6639 24.6908 24.7645 24.7977 24.8363
32.4648 32.5414 32.9213 32.9569 33.2195 33.4121 33.4855 33.5415 33.5619
 33.7372 33.7646 33.844  33.8624 33.8875 33.9178 33.9579 34.0095 34.0386
 34.0549 34.0922 34.3024
42.4292 42.5794 42.7949 42.8939 43.0093 43.2704 43.3096 43.3431
51.4524 51.9841 52.0368 52.0721 52.1538 52.1889 52.3151 52.353  52.4707
 52.4907 52.5298 52.549  52.5797 52.6626 52.7645 52.8013 52.9181 58.871
 59.6851 59.8638
60.9989 61.0985 61.1643 61.2846 61.3358 61.4418 61.4879 61.5632 61.6121
 61.6308 61.6619 61.6986 61.7174 61.7486 61.7742 61.8078 61.8528 61.8818
 61.9071 61.9314 61.9773 61.9912 62.0109 62.0365 62.0849 62.133  62.1479
 62.2734 62.3006

