13.7147 13.8388 14.426  14.5356 14.6448 14.6635 14.7486 14.8079 14.8363
 14.8631 14.8961 14.9212 14.9448 14.9736 14.996  15.0148 15.0433 15.0675
 15.0912 15.1147 15.1348 15.1547 15.179  15.1913 15.2046 15.2287 15.2642
 15.2869 15.3002 15.3216 15.3377 15.3555 15.3745 15.3881 15.4106 15.4333
 15.4474 15.4655 15.4818 15.4977 15.5155 15.5346 15.552  15.5699 15.586
 15.5982 15.6118 15.6247 15.6391 15.655  15.6697 15.6825 15.6969 15.719
 15.7339 15.751  15.7658 15.7834 15.7968 15.8079 15.8271 15.8386 15.8542
 15.8673 15.8809 15.8928 15.9046 15.9189 15.9445 15.9584 15.9723 15.9891
 16.0019 16.014  16.0273 16.0397 16.0535 16.0686 16.0808 16.0974 16.1087
 16.1186 16.1298 16.141  16.1561 16.1743 16.1875 16.2017 16.2157 16.2299
 16.2428 16.2547 16.2678 16.2831 16.2954 16.3105 16.3226 16.3375 16.3531
 16.3649 16.377  16.3902 16.4025 16.415  16.4271 16.4393 16.4518 16.4624
 16.4744 16.4856 16.4967 16.5069 16.5159 16.5291 16.5425 16.5531 16.5651
 16.5766 16.5883 16.6029 16.6155 16.631  16.6457 16.6579 16.6716 16.686
 16.698  16.713  16.7285 16.7433 16.7562 16.7689 16.7835 16.7987 16.8124
 16.8282 16.8414 16.8568 16.8705 16.8864 16.9063 16.9221 16.9375 16.9523
 16.9647 16.9788 16.9953 17.0089 17.0252 17.04   17.0555 17.0688 17.0826
 17.099  17.113  17.1319 17.1452 17.161  17.1771 17.1898 17.2071 17.2205
 17.2355 17.2518 17.267  17.2824 17.2992 17.3165 17.3409 17.3577 17.378
 17.3967 17.423  17.4431 17.4607 17.48   17.5004 17.5174 17.5369 17.5622
 17.582  17.5995 17.626  17.6577 17.7128 17.7385 17.7895 17.8199 17.8768
 17.9228
21.3579 23.9673 24.0883 24.1825 24.2338 24.2586 24.2874 24.3718 24.4276
 24.4562 24.5375 24.5759 24.5997 24.6326 24.6551 24.7049 24.7347 24.7777
 24.8112 24.8373 24.8607 24.8841 24.911  24.9303 24.9497 24.9668 24.9881
 25.0041 25.0257 25.0528 25.0708 25.1037 25.1249 25.1525 25.1786 25.1964
 25.2355 25.2588 25.2863 25.3111 25.341  25.3623 25.3845 25.4241 25.4401
 25.4555 25.469  25.4846 25.5027 25.5174 25.5537 25.5713 25.595  25.6162
 25.6379 25.6594 25.6718 25.6838 25.7019 25.7288 25.7513 25.7675 25.7834
 25.8034 25.818  25.8336 25.8488 25.8677 25.8876 25.9202 25.9378 25.9517
 25.9741 25.9987 26.0214 26.0411 26.0633 26.0863 26.1145 26.1373 26.1554
 26.1729 26.1998 26.2237 26.2431 26.2616 26.2816 26.3005 26.325  26.3463
 26.3611 26.3794 26.392  26.4099 26.4348 26.4526 26.4712 26.4925 26.5137
 26.5276 26.5441 26.5658 26.5891 26.6047 26.6217 26.6409 26.6641 26.6828
 26.7083 26.7294 26.7575 26.7753 26.8063 26.8311 26.8479 26.8748 26.9068
 26.9655 27.0055 27.0883 27.1349 27.1869
32.2555 32.8637 32.9964 33.2559 33.4508 33.4863 33.6671 33.699  33.8211
 33.8663 33.8957 33.9277 33.9659 33.9851 34.023  34.0388 34.0564 34.0844
 34.1066 34.1313 34.1809 34.1966 34.2122 34.2316 34.2509 34.2666 34.2905
 34.3029 34.3402 34.3629 34.3765 34.3868 34.3999 34.4262 34.4471 34.4628
 34.4848 34.5038 34.525  34.5444 34.5584 34.5746 34.5899 34.6098 34.6228
 34.6424 34.6658 34.6914 34.7046 34.7184 34.737  34.7545 34.7745 34.7913
 34.814  34.8277 34.8441 34.8695 34.8849 34.9023 34.9244 34.9427 34.9594
 34.9739 34.9871 35.0024 35.0144 35.0302 35.0425 35.0556 35.069  35.083
 35.0968 35.1088 35.1341 35.1546 35.1694 35.1847 35.2002 35.2166 35.2397
 35.2537 35.2709 35.286  35.3004 35.3128 35.329  35.3463 35.3645 35.3817
 35.3959 35.4181 35.433  35.4486 35.4622 35.4775 35.494  35.5121 35.5264
 35.5409 35.5641 35.5852 35.6042 35.6197 35.6339 35.6539 35.6696 35.6871
 35.7029 35.7236 35.737  35.7523 35.7726 35.7916 35.8138 35.8363 35.8529
 35.8722 35.891  35.9077 35.9295 35.9456 35.9591 35.9756 35.9929 36.0106
 36.0254 36.042  36.0608 36.0812 36.0997 36.1298 36.1467 36.1658 36.1805
 36.1972 36.2159 36.2315 36.2551 36.2753 36.2948 36.3157 36.3491 36.3731
 36.3909 36.4115 36.4522 36.5126 36.5821 36.6205 38.9405
40.8956 41.9658 42.4702 42.8796 42.9508 43.0719 43.3355 43.4036 43.5173
 43.536  43.5629 43.598  43.6165 43.6357 43.6678 43.6915 43.7229 43.7537
 43.7789 43.7944 43.8168 43.8644 43.8876 43.9095 43.9527 43.9677 43.9915
 44.0122 44.0563 44.0768 44.0964 44.1169 44.1448 44.1625 44.1802 44.1975
 44.2134 44.2288 44.2525 44.2887 44.3227 44.3439 44.3683 44.3895 44.4116
 44.4445 44.4575 44.4752 44.4924 44.5085 44.5328 44.5627 44.5809 44.5982
 44.6204 44.6446 44.677  44.701  44.7268 44.7489 44.7705 44.7867 44.82
 44.8382 44.8605 44.879  44.904  44.938  44.9596 44.9942 45.0194 45.0486
 45.0736 45.0898 45.1088 45.1395 45.1709 45.1873 45.215  45.2385 45.2617
 45.2978 45.3259 45.3599 45.379  45.3996 45.4227 45.4422 45.4843 45.5056
 45.5528 45.5818 45.695  45.7594 45.9201
50.7369 51.3973 51.9034 51.9833 52.3015 52.3282 52.3498 52.3707 52.3889
 52.4798 52.5082 52.5457 52.5703 52.5906 52.6068 52.6263 52.6509 52.6718
 52.6906 52.7129 52.7277 52.744  52.7665 52.8014 52.8446 52.8638 52.8925
 52.9135 52.9339 52.9557 52.9699 52.9858 53.0001 53.0149 53.0322 53.0473
 53.0621 53.0863 53.1025 53.1155 53.127  53.1403 53.1527 53.1664 53.1908
 53.2042 53.2164 53.2281 53.2458 53.2626 53.2806 53.2943 53.31   53.3279
 53.3403 53.3546 53.3692 53.3824 53.4069 53.4326 53.4455 53.4617 53.476
 53.4872 53.5001 53.5186 53.5365 53.5503 53.5635 53.5833 53.5982 53.6115
 53.6313 53.6454 53.6609 53.6798 53.6951 53.7143 53.7283 53.7425 53.7557
 53.7713 53.7852 53.7997 53.8137 53.8235 53.84   53.8535 53.8667 53.8828
 53.8974 53.91   53.9202 53.9332 53.947  53.9612 53.979  53.9895 54.0011
 54.0152 54.0256 54.0381 54.0514 54.0628 54.0766 54.0906 54.1056 54.1219
 54.1333 54.146  54.1589 54.1722 54.1865 54.2001 54.2156 54.2328 54.2479
 54.2609 54.2716 54.2849 54.2991 54.3169 54.3331 54.3536 54.37   54.3858
 54.4058 54.4199 54.4336 54.4479 54.4599 54.4762 54.4935 54.5089 54.5236
 54.5402 54.5579 54.5753 54.5922 54.6107 54.635  54.6495 54.6645 54.6791
 54.6934 54.7167 54.7333 54.7517 54.7665 54.7809 54.7986 54.8143 54.8283
 54.8438 54.8643 54.8801 54.8988 54.9165 54.9377 54.9601 54.9809 55.0103
 55.0283 55.0514 55.0766 55.1051 55.1359 55.1774 55.2689 55.3215 55.3745
 55.4187 59.5688
60.0745 61.3249 61.3809 61.4317 61.5082 61.5635 61.5927 61.6624 61.7216
 61.7764 61.8294 61.8747 61.9002 61.9335 61.9506 61.9695 61.9945 62.0306
 62.0506 62.073  62.087  62.1132 62.1323 62.147  62.1655 62.1846 62.2045
 62.2187 62.2391 62.2606 62.2768 62.2985 62.3295 62.349  62.3664 62.3864
 62.4035 62.4156 62.4385 62.4517 62.4684 62.4835 62.4983 62.5131 62.5262
 62.5415 62.5555 62.5693 62.5858 62.6008 62.6143 62.6257 62.6421 62.6545
 62.6703 62.6824 62.6981 62.7142 62.727  62.7364 62.7508 62.7627 62.7797
 62.7931 62.8061 62.8219 62.8345 62.8465 62.8645 62.8764 62.8891 62.9001
 62.9154 62.9315 62.9443 62.9558 62.9686 62.9823 62.9951 63.0071 63.0188
 63.0323 63.0462 63.0595 63.0719 63.0894 63.1011 63.1138 63.1343 63.1477
 63.1747 63.1911 63.2041 63.218  63.2299 63.2441 63.2556 63.2713 63.2878
 63.3012 63.3145 63.3294 63.3428 63.3618 63.3791 63.3964 63.4069 63.422
 63.4452 63.4573 63.4767 63.4938 63.5133 63.5272 63.5431 63.556  63.5713
 63.5861 63.6089 63.6235 63.6421 63.6561 63.6701 63.6877 63.7036 63.7263
 63.7413 63.7577 63.7769 63.794  63.8195 63.837  63.8509 63.8658 63.8815
 63.9007 63.9161 63.9331 63.948  63.9636 63.9802 63.998  64.0152 64.029
 64.0529 64.0666 64.0845 64.1002 64.116  64.1333 64.1519 64.173  64.1904
 64.2086 64.2297 64.2496 64.2665 64.2929 64.3162 64.3377 64.3579 64.3746
 64.3906 64.4109 64.4349 64.4565 64.4894 64.5309 64.5529 64.5969 64.6269
 64.6832 64.7379 69.8515

