11.3734 13.6395 13.8316 13.8905 13.9535 14.182  14.2158 14.2833 14.3178
 14.3558 14.3802 14.4002 14.4624 14.4986 14.5181 14.5468 14.5666 14.5827
 14.5993 14.6418 14.6619 14.6813 14.7006 14.7169 14.7336 14.7538 14.7722
 14.7857 14.8042 14.822  14.8355 14.8545 14.8672 14.888  14.9065 14.9296
 14.946  14.9714 14.9906 15.002  15.0154 15.028  15.0405 15.0625 15.0752
 15.088  15.1025 15.1144 15.1301 15.1429 15.1565 15.169  15.1824 15.1999
 15.2151 15.2294 15.2396 15.2509 15.2671 15.2838 15.2977 15.3116 15.3259
 15.3398 15.3525 15.3646 15.3773 15.3943 15.4087 15.4245 15.4367 15.4476
 15.4596 15.4727 15.4841 15.4971 15.5114 15.5219 15.5342 15.5503 15.5633
 15.5771 15.5876 15.5976 15.6087 15.6224 15.6358 15.6452 15.6567 15.6694
 15.6825 15.6945 15.7065 15.7225 15.7333 15.7469 15.7588 15.771  15.7862
 15.8    15.8099 15.8215 15.8332 15.8461 15.8615 15.8758 15.8884 15.8985
 15.9163 15.9316 15.9454 15.9563 15.9692 15.9795 15.9899 16.0031 16.0165
 16.029  16.0472 16.0611 16.0769 16.0901 16.103  16.1151 16.1284 16.1398
 16.1573 16.1695 16.1818 16.1992 16.2111 16.2245 16.2377 16.251  16.2648
 16.2773 16.2905 16.3064 16.3233 16.3385 16.3521 16.3676 16.3942 16.4108
 16.4254 16.4413 16.453  16.4678 16.4832 16.4983 16.5165 16.5336 16.551
 16.5828 16.6088 16.6294 16.6684 16.6896 16.7287 16.7698 16.8945
20.4124 21.8028 23.0816 23.3252 23.3737 23.6386 23.6679 23.743  23.7654
 23.7995 23.8318 23.8778 23.9194 23.9463 23.9666 23.9848 24.0017 24.0347
 24.0599 24.0894 24.1087 24.1245 24.1373 24.1509 24.1883 24.2033 24.223
 24.2361 24.2538 24.273  24.2856 24.3005 24.3227 24.3373 24.3508 24.365
 24.3776 24.3893 24.4004 24.4148 24.4402 24.4534 24.468  24.4825 24.5031
 24.5156 24.5269 24.542  24.5536 24.5648 24.5771 24.5879 24.6021 24.6189
 24.6352 24.6524 24.6672 24.6785 24.692  24.703  24.7181 24.729  24.7408
 24.7534 24.7645 24.7759 24.7862 24.7991 24.8086 24.8255 24.837  24.8485
 24.8651 24.8769 24.8889 24.9018 24.9136 24.925  24.9391 24.9551 24.9675
 24.9824 24.9944 25.0052 25.0169 25.0301 25.0459 25.0564 25.067  25.0817
 25.0931 25.1086 25.1201 25.1328 25.1451 25.1569 25.1685 25.1829 25.1962
 25.2065 25.218  25.2298 25.2411 25.2564 25.2662 25.2778 25.2932 25.3092
 25.321  25.3336 25.3453 25.3567 25.3686 25.3862 25.4007 25.4104 25.4229
 25.4359 25.4483 25.4663 25.4834 25.4958 25.5136 25.5255 25.5372 25.5492
 25.5623 25.5765 25.5899 25.6056 25.624  25.6414 25.6529 25.6657 25.6838
 25.7035 25.7234 25.7423 25.758  25.7738 25.7919 25.8135 25.8277 25.8487
 25.8655 25.8875 25.9068 25.9397 25.9618 26.0096 26.0346 26.0623 26.0894
 26.1109 26.15   26.2254 26.2964
30.1465 31.1259 31.5167 32.3083 32.5637 32.6562 32.7138 32.7605 32.7799
 32.8631 32.8931 32.9183 32.9539 32.9839 33.011  33.0597 33.1063 33.1411
 33.1639 33.1889 33.2147 33.2368 33.2779 33.2916 33.3123 33.3321 33.3471
 33.3734 33.3873 33.4044 33.4204 33.4377 33.4637 33.4948 33.5114 33.5249
 33.5404 33.5547 33.5719 33.5846 33.6012 33.6128 33.6235 33.6342 33.6476
 33.6617 33.6728 33.6838 33.6944 33.7062 33.7196 33.7305 33.7417 33.7535
 33.7733 33.784  33.7957 33.8116 33.8265 33.8393 33.8602 33.8763 33.8881
 33.899  33.9105 33.921  33.9343 33.9468 33.9616 33.973  33.983  33.9925
 34.0044 34.0165 34.0272 34.0378 34.0488 34.0583 34.0725 34.0841 34.0929
 34.102  34.1132 34.1245 34.1348 34.1447 34.1558 34.1665 34.1775 34.188
 34.1965 34.2066 34.217  34.2275 34.2383 34.2483 34.2605 34.2714 34.2815
 34.2912 34.3016 34.3124 34.3235 34.335  34.3449 34.3548 34.3653 34.3764
 34.3873 34.397  34.4088 34.4175 34.4285 34.4378 34.4471 34.4566 34.466
 34.4775 34.4869 34.4994 34.5131 34.5227 34.5352 34.5491 34.5613 34.5716
 34.585  34.5959 34.6074 34.6181 34.6291 34.6426 34.6544 34.669  34.6787
 34.6917 34.7035 34.7155 34.7289 34.7387 34.7516 34.7661 34.7797 34.7894
 34.8012 34.814  34.8289 34.8405 34.8524 34.8623 34.8741 34.8852 34.8956
 34.9063 34.9204 34.9325 34.9437 34.9575 34.9691 34.9807 34.9938 35.0072
 35.0218 35.0347 35.0486 35.0659 35.0794 35.0907 35.1042 35.1159 35.131
 35.1448 35.1631 35.1804 35.1967 35.21   35.2269 35.2422 35.2556 35.2714
 35.2895 35.3077 35.3228 35.3388 35.3668 35.3894 35.4052 35.4339 35.4561
 35.4789 35.5225 35.539  35.6028 35.6445 35.6744 35.7332 35.8158
41.4078 41.6509 41.9391 42.0545 42.1388 42.1589 42.1823 42.2479 42.2625
 42.2861 42.3208 42.3473 42.3689 42.396  42.4106 42.4254 42.4469 42.4667
 42.4913 42.5437 42.6124 42.6506 42.6923 42.7083 42.7246 42.7362 42.7497
 42.7663 42.7884 42.8018 42.8148 42.83   42.8434 42.8585 42.8723 42.8837
 42.8998 42.9137 42.9271 42.9443 42.9576 42.9781 42.9945 43.008  43.0276
 43.0411 43.0569 43.0688 43.0817 43.0957 43.1113 43.1273 43.1429 43.1572
 43.1753 43.1872 43.1996 43.2145 43.2315 43.2498 43.2637 43.2776 43.2932
 43.3069 43.3235 43.3406 43.3532 43.3664 43.3858 43.3984 43.412  43.4254
 43.4415 43.4545 43.4642 43.4742 43.484  43.4986 43.5104 43.5239 43.5388
 43.5527 43.571  43.5839 43.6065 43.6199 43.6371 43.6483 43.6604 43.6755
 43.6923 43.7061 43.7183 43.7312 43.7435 43.7563 43.7698 43.7894 43.799
 43.8101 43.8248 43.8375 43.8533 43.869  43.8816 43.8964 43.9085 43.9234
 43.9475 43.9665 43.9807 43.9971 44.0172 44.0353 44.0511 44.0677 44.0912
 44.1065 44.1212 44.1368 44.151  44.1719 44.1929 44.2163 44.2325 44.2543
 44.2701 44.2915 44.3086 44.3279 44.3436 44.3639 44.4013 44.4607 44.4847
 44.5159 44.5503 44.5861 44.622  44.7108 44.8286
50.3322 51.4289 51.7123 51.8365 51.9779 51.9986 52.1175 52.1435 52.1841
 52.3132 52.3402 52.3892 52.4957 52.5796 52.6095 52.6292 52.6565 52.6891
 52.7133 52.741  52.7631 52.7844 52.8099 52.8313 52.8576 52.8997 52.9326
 52.9532 52.9796 53.0164 53.0431 53.0588 53.0746 53.0964 53.1263 53.2043
 53.2263 53.2444 53.2607 53.2823 53.3168 53.3453 53.3738 53.3989 53.4391
 53.4657 53.4845 53.5307 53.5492 53.5613 53.5823 53.6058 53.6339 53.6584
 53.6917 53.7129 53.7346 53.7491 53.7695 53.8017 53.8336 53.8644 53.9118
 53.9958 54.0229 54.0934 54.1223 54.1629 54.1928 54.2466 54.27   54.4273
60.5117 60.6421 60.6681 60.6999 60.7445 60.8928 60.9206 60.9434 61.0478
 61.0614 61.0937 61.1293 61.1608 61.1812 61.2007 61.2229 61.2395 61.2637
 61.2835 61.3033 61.3233 61.3389 61.3698 61.3846 61.4311 61.4605 61.4841
 61.4992 61.5396 61.5599 61.5847 61.5986 61.6097 61.6336 61.6496 61.6651
 61.6793 61.6917 61.7077 61.7258 61.7463 61.764  61.7824 61.797  61.8196
 61.8326 61.8451 61.8621 61.8766 61.8906 61.9178 61.9453 61.9596 61.9831
 61.9984 62.0165 62.0308 62.0478 62.0648 62.0795 62.0945 62.1083 62.1277
 62.1526 62.1721 62.1871 62.2002 62.2144 62.2308 62.2458 62.263  62.2798
 62.299  62.3197 62.3349 62.3529 62.3827 62.3984 62.4263 62.4475 62.4627
 62.4836 62.4977 62.5141 62.5247 62.5394 62.5596 62.5805 62.5983 62.6162
 62.6401 62.6553 62.6743 62.6956 62.7146 62.7345 62.7633 62.7811 62.8007
 62.8186 62.8345 62.8748 62.8983 62.9342 62.9523 62.9772 62.9956 63.0597
 63.0792 63.1397 63.1706 63.2067 63.234  63.2829 63.3222 63.5565 69.2064
 69.8487 69.9883

