13.6519 13.9912 14.3629 14.5187 14.7049 14.8186 14.9208 14.9393 14.9872
 15.0103 15.0377 15.0535 15.0848 15.1513 15.1894 15.2093 15.2451 15.2914
 15.3349 15.3699 15.3997 15.4268 15.4448 15.4787 15.4985 15.5177 15.5379
 15.569  15.5963 15.6185 15.6378 15.6634 15.6882 15.7062 15.7249 15.7465
 15.7672 15.7839 15.8252 15.8412 15.8598 15.8791 15.9065 15.9397 15.9631
 15.9778 16.009  16.0386 16.056  16.1312 16.1836 16.233  16.2945 16.3187
 16.3687 16.3987 16.4825 16.5478 16.6043 16.6286 16.6682 16.75   16.7849
 16.8266 16.8945 16.9415 17.0749 17.3543
22.3623 22.6212 23.3829 23.5862 23.6487 23.6957 23.7645 23.7958 23.8235
 23.8503 23.8723 23.9091 23.9324 23.9906 24.0547 24.0945 24.1205 24.1475
 24.1621 24.1824 24.2022 24.2196 24.2415 24.2695 24.2909 24.3046 24.3209
 24.3519 24.3705 24.3961 24.4177 24.4352 24.4508 24.4632 24.4767 24.4888
 24.5005 24.5125 24.5281 24.5411 24.5532 24.5651 24.5804 24.6001 24.6143
 24.626  24.6401 24.6517 24.663  24.6764 24.6916 24.7055 24.723  24.7408
 24.753  24.7642 24.7806 24.7914 24.8036 24.817  24.8296 24.8478 24.8635
 24.8821 24.8964 24.9086 24.9221 24.9348 24.9547 24.9832 24.9978 25.0093
 25.0213 25.0361 25.0542 25.0693 25.0838 25.0978 25.1103 25.1241 25.1406
 25.1603 25.1804 25.1959 25.208  25.2256 25.2417 25.256  25.2717 25.2828
 25.2971 25.3119 25.3313 25.3444 25.3556 25.3723 25.3887 25.412  25.4301
 25.45   25.4677 25.4802 25.5036 25.5308 25.5611 25.5747 25.5992 25.6185
 25.6351 25.6529 25.6723 25.6977 25.7147 25.7335 25.7677 25.7892 25.8123
 25.8296 25.8511 25.9012 25.9519 25.9778 26.0142 26.0451 26.2444 26.3567
 26.4318 26.535
31.3456 31.8604 32.6217 32.8654 33.1502 33.2201 33.3122 33.4297 33.5169
 33.5906 33.6591 33.7109 33.738  33.7524 33.7813 33.8527 33.8717 33.8898
 33.9143 33.9595 33.9794 33.9989 34.0136 34.029  34.0458 34.0654 34.0783
 34.0925 34.1091 34.1289 34.1446 34.1593 34.1839 34.1986 34.2245 34.2435
 34.2627 34.2835 34.3005 34.3129 34.3313 34.3492 34.3621 34.3769 34.4087
 34.4288 34.4436 34.4597 34.4808 34.5063 34.5334 34.5549 34.5769 34.5883
 34.6038 34.6165 34.6386 34.6543 34.6682 34.687  34.7128 34.7329 34.7634
 34.7891 34.8055 34.8291 34.8549 34.8728 34.8878 34.9046 34.9182 34.9397
 34.9623 34.9855 35.0092 35.0214 35.0385 35.0587 35.0753 35.0944 35.121
 35.1447 35.1598 35.1814 35.209  35.2375 35.2643 35.2853 35.3044 35.3177
 35.335  35.3675 35.3984 35.4214 35.4512 35.4772 35.499  35.52   35.5589
 35.5897 35.6164 35.6427 35.6626 35.699  35.7184 35.7784 35.8516 35.9469
 36.1597
41.1772 41.2538 41.7601 41.8669 41.9549 42.0155 42.0707 42.1367 42.1978
 42.2456 42.2962 42.3229 42.3667 42.3957 42.4093 42.4279 42.4616 42.48
 42.5126 42.5327 42.5506 42.5789 42.595  42.6177 42.6455 42.6644 42.6846
 42.6997 42.7174 42.7316 42.7496 42.7679 42.7877 42.8047 42.8214 42.8384
 42.8514 42.8654 42.8836 42.8993 42.9228 42.9383 42.9608 42.9778 42.9933
 43.0073 43.0247 43.0527 43.0659 43.0899 43.1099 43.1259 43.1403 43.158
 43.1702 43.1811 43.196  43.2132 43.2254 43.2382 43.2514 43.2658 43.277
 43.2899 43.3077 43.3205 43.3352 43.3552 43.3667 43.3815 43.3959 43.4087
 43.4238 43.4378 43.4518 43.4646 43.4768 43.4954 43.5085 43.5235 43.5388
 43.5518 43.5685 43.581  43.5946 43.6079 43.6234 43.6372 43.6538 43.6704
 43.6852 43.6994 43.7171 43.7304 43.7488 43.7655 43.7763 43.7879 43.8026
 43.819  43.8364 43.8487 43.8662 43.881  43.893  43.9086 43.9246 43.9421
 43.9616 43.9774 43.999  44.0146 44.0285 44.044  44.0619 44.0819 44.1028
 44.1182 44.1313 44.1445 44.1684 44.181  44.1972 44.2182 44.2332 44.2451
 44.2618 44.2794 44.2969 44.3122 44.3341 44.3556 44.3776 44.3936 44.4088
 44.4277 44.4514 44.4664 44.4837 44.5147 44.5398 44.5641 44.5826 44.6081
 44.6446 44.6614 44.6841 44.6985 44.7228 44.748  44.8178 44.8443 44.8839
 44.9177 44.9816 45.0222 45.1756 45.4306
52.5669 52.606  52.642  52.6749 52.7839 52.8247 52.8597 52.8832 52.9471
 52.9737 53.0377 53.0713 53.1227 53.1643 53.2009 53.2165 53.2734 53.3319
 53.4905 53.5438 53.5677 53.5928 53.7036 53.749  53.9189 53.9624 54.0233
 54.1036 54.1467 58.8537 59.0384
60.4165 60.5946 60.9154 60.9322 60.9509 60.9751 61.0342 61.0544 61.0767
 61.106  61.1425 61.17   61.185  61.2097 61.2275 61.2724 61.3068 61.3234
 61.3444 61.3728 61.3905 61.4088 61.4262 61.4411 61.4766 61.4923 61.5221
 61.5477 61.5757 61.5926 61.6126 61.6276 61.6436 61.6622 61.6805 61.6969
 61.7189 61.7379 61.7549 61.7687 61.785  61.7994 61.8133 61.8253 61.839
 61.8549 61.8724 61.8875 61.9018 61.918  61.9326 61.9513 61.9674 61.9822
 61.9992 62.0138 62.0285 62.0436 62.0583 62.0741 62.0879 62.1079 62.127
 62.1468 62.1629 62.1746 62.1906 62.2034 62.2194 62.2349 62.2525 62.2684
 62.2986 62.313  62.3269 62.3506 62.3688 62.384  62.403  62.4217 62.4377
 62.4641 62.4787 62.4914 62.5096 62.5256 62.5415 62.5533 62.5688 62.5848
 62.6061 62.6266 62.6494 62.6644 62.681  62.7018 62.7181 62.7301 62.7489
 62.7642 62.7803 62.8054 62.8308 62.8576 62.8934 62.9375 62.9674 62.9879
 63.005  63.0258 63.0503 63.1044 63.1513 63.178  63.2056 63.2319 63.2843
 63.3071 63.4323 63.4719 63.5718 63.7156 63.7672 66.9397

