14.0985 14.4787 14.6379 14.6604 14.8069 14.8447 14.9324 14.9679 15.0515
 15.0676 15.0806 15.1031 15.2351
22.9369 22.9909 23.1927 23.2822 23.4846 23.5053 23.6679 23.7176 23.7569
 23.7731 23.8025 23.8496 23.8698 23.8916 23.966  24.0385 24.1713 24.2102
 24.2572
31.9459 33.1302 33.1801 33.2145 33.3224 33.5241 33.5399 33.5674 33.6092
 33.6777 33.7479 33.7905 33.8317 33.8678 33.9087 33.9587 33.9867 34.0475
 38.4155 39.2892
40.8693 41.3683 41.6537 41.7472 41.9482 42.0125 42.0956 42.126  42.1839
 42.2134 42.2311 42.2599 42.3167 42.3476 42.4084 42.4237 42.4362 42.4578
 42.4801 42.5491 42.6454 42.6609 42.6768 42.6924 42.7042 42.7693 42.8284
 42.8896
51.4618 51.6458 52.3693 52.4006 52.6808
60.0415 60.506  60.5343 60.6142 60.6344 60.6587 60.7118 60.7748 60.8214
 60.8949 60.9136 60.9355 60.9594 60.9754 60.9982 61.0341 61.0538 61.078
 61.1774 61.2817 61.3041 61.3994 61.4678 67.3027 67.4795 69.7699

