13.3444 14.2325 14.3686 14.6185 14.7315 14.9048
20.3171 21.9557 22.7899 22.9798 23.0967 23.2143 23.3977 23.4388 23.4577
 23.4943 23.6386 23.7076 23.7662 23.8977 23.9347 24.3223
32.5649 32.9794 33.0683 33.2252 33.2617 33.3219 33.4219 33.4529 33.5321
 33.6138 33.8326 33.9615 38.0723 38.8324 39.569
40.5129 41.5938 41.8267 41.9585 42.0358 42.2197 42.2889 42.3156 42.4317
 42.4499 42.496  42.5109 42.5303 42.5679 42.5954 42.6638 49.9645
51.8732 52.1043 52.1819 52.3221 59.3572 59.6645 59.9259
60.4902 60.5508 60.7387 60.7651 60.8659 60.9497 60.9736 60.9977 61.0416
 61.1521 61.2422 69.4465 69.5369 69.9896

