14.2395 14.289  19.3447 19.9427
21.9521 23.436  23.4753 23.5173 23.7306 23.8368 23.8651 23.8959 23.9535
31.302  31.8764 31.9647 32.5304 32.7727 33.0963 33.1315 33.195  33.2507
 33.3282 33.4104 33.4783 33.538  33.6676 33.7312
40.3877 40.6196 41.6566 41.8233 41.9936 42.1251 42.2704 42.3938 42.4177
 42.4885 42.5636 42.768  49.4288
52.5775 52.8305 59.0384 59.3431
60.184  60.2342 60.5791 60.6228 60.6773 60.7201 60.8696 60.9423 61.0555
 69.3738 69.3977 69.4957 69.6249 69.7406 69.7845 69.8822 69.9165

