13.2572 13.5965 14.0352 14.341  14.579  14.6188 14.7014 14.7976 14.8861
 14.9298 14.9589 15.0711 15.0876 15.1341 15.1532 15.1677 15.2194 15.2424
 15.2618 15.3967 15.4223
21.2151 22.6655 22.7735 22.8166 23.1218 23.2328 23.2935 23.3678 23.4006
 23.441  23.4959 23.5258 23.5579 23.6548 23.6863 23.7186 23.7347 23.7533
 23.7813 23.8149 23.8538 23.8875 23.9069 23.9248 23.9592 23.9886 24.0077
 24.0406 24.1095 24.1228 24.1345 24.1465 24.1576 24.1746 24.188  24.2023
 24.2255 24.2636 24.2914 24.3089 24.3278 24.3395 24.3491 24.3651 24.3767
 24.4009 24.4226 24.4424 24.4576 24.5022 24.5606 24.6263 24.6539 29.198
32.3066 32.6929 32.7856 32.8599 32.8825 33.0262 33.0752 33.1478 33.2297
 33.3352 33.4074 33.4564 33.5313 33.6028 33.6558 33.7049 33.7218 33.7345
 33.7756 33.8128 33.8611 33.8776 33.9558 34.0051 34.0366 34.0973 34.1461
 34.1638 34.1881 34.2292
40.9717 41.4189 41.6565 41.7299 41.8034 41.9225 41.9465 42.0302 42.0494
 42.0694 42.106  42.1464 42.1869 42.2127 42.252  42.2799 42.3098 42.3494
 42.3848 42.4087 42.4326 42.4482 42.4658 42.4796 42.5028 42.5422 42.5549
 42.5759 42.5893 42.6183 42.6305 42.6679 42.6851 42.7052 42.7191 42.7341
 42.7573 42.7714 42.7863 42.7972 42.8203 42.8346 42.8459 42.8652 42.8802
 42.8963 42.915  42.932  42.9808 43.0007 43.0161 43.0426 43.0599 43.0743
 43.0902 43.1109 43.1494 43.1641 43.1855 43.2146
51.7777 52.0935 52.114  52.5411 52.6057 52.6237 52.6454 52.7377 52.7912
 52.828  53.0988 57.0858 58.4718 59.6922 59.8588
60.1588 60.3335 60.3979 60.5294 60.618  60.6436 60.6911 60.7427 60.7849
 60.8037 60.825  60.8533 60.8767 60.9081 60.9271 60.9561 60.9987 61.0246
 61.049  61.0884 61.1066 61.1297 61.1671 61.2138 61.232  61.2637 61.2756
 61.2895 61.3064 61.3177 61.3388 61.3503 61.3714 61.3922 61.4047 61.416
 61.4406 61.4615 61.4856 61.5258 61.5432 61.563  61.6293 61.6512 61.665
 61.7057 61.7195 68.1999 68.8676 69.4152 69.4509 69.7689

