11.0329 13.7123 14.0938 14.2551 14.5267 14.7671 14.8001 14.8756 14.9399
 15.0074 15.0539 15.0825 15.1076 15.1843 15.2416 15.2745 15.2948 15.3292
 15.3786 15.4089 15.4693
21.5888 23.069  23.1318 23.1581 23.307  23.4638 23.5779 23.6079 23.6365
 23.662  23.7206 23.7486 23.7891 23.8175 23.8613 23.8795 23.9282 23.9505
 23.9778 24.0034 24.0275 24.0616 24.1219 24.175  24.2007 24.2715 24.3084
 24.3838 24.4454 24.4663 24.4926 24.6103 24.6609
32.0523 32.8932 33.0584 33.2678 33.3371 33.4178 33.4439 33.5607 33.5797
 33.6197 33.6331 33.6577 33.7699 33.7999 33.9787 34.0365 34.0714 34.0906
 34.1643 34.2104
41.5148 41.5388 41.7299 41.9145 42.055  42.1126 42.1865 42.2096 42.2325
 42.2582 42.2776 42.3307 42.3527 42.4563 42.483  42.5103 42.5258 42.5565
 42.5763 42.6167 42.6428 42.6634 42.6818 42.7077 42.7307 42.777  42.8091
 42.8286 42.854  42.871  42.8831 42.9012 42.9452 42.9587 42.9786 43.0028
 43.0403 43.0836 43.1087 43.1318 43.2363
50.8196 52.0417 52.0684 52.4247 52.4707 52.9054 59.1296
60.2033 60.4043 60.4871 60.6226 60.6568 60.7201 60.7608 60.8071 60.9012
 60.9248 60.9483 60.9898 61.0088 61.0977 61.1207 61.1419 61.1744 61.1941
 61.2804 61.3208 61.3561 61.4763 61.5819 61.6103 61.6264 61.6437 61.7047
 61.7357 69.8299 69.8956 69.9956

