14.9817
23.3771 23.4255 23.481  23.5109 23.6454 23.9059 23.9352 23.9552 23.9794
 24.1871 24.2124
31.9367 32.6518 32.8317 33.0587 33.1132 33.155  33.2513 33.2904 33.3099
 33.4296 33.5193 33.5594 33.5963 33.6424 33.6968 33.7225 33.8387 39.8129
40.6482 40.9905 41.6094 42.0504 42.3178 42.4312 42.5035 42.5365 42.6061
 42.6442 42.7805 42.9586 43.0397 43.1628
51.0367 51.3893 51.417  51.4397 51.6483 51.6818 51.7695 51.7924 51.816
 51.8559 51.8849 52.1681 52.1908 57.8902 59.9089
60.2974 60.3468 60.5764 60.7021 60.872  60.9762 61.0173 61.0916 61.1113
 61.1822 61.2042 61.2858 61.323  61.3365 61.3802 61.395  61.4457 61.6706
 61.7054 68.2197 69.2079 69.9384

