10.9874 14.4382 14.8009 15.0305 15.5889
20.0799 23.0886 23.1902 23.3058 23.4049 23.4531 23.6911 23.8409 23.8791
 23.9296 23.9453 23.9738 24.0677 24.0917 24.1566 24.1833 24.2805 24.3141
 24.3308 24.3595 24.4369 24.5578
32.7117 32.8609 33.0505 33.0852 33.1521 33.1973 33.2255 33.374  33.3983
 33.419  33.4648 33.5768 33.6249 33.6799 33.7162 33.7459 33.8247 33.8872
 33.9154 33.9813 34.0082 34.0351 34.0608 34.0894 34.1648 34.2132 34.2448
 34.4732
41.8839 41.9914 42.2443 42.3686 42.5019 42.5667 42.776  42.9001 42.9254
 42.9422 42.9612 42.9936 43.0101 43.0225 43.0774 43.1631 43.1867 43.2033
 43.2268 43.3425 43.3649 43.3917 43.4288 43.55
50.9007 50.9528 51.2092 51.2598 51.3884 51.4255 51.6164 51.6578 51.7587
 51.7967 51.87   52.0203 52.0386 52.0568 52.086  52.1088 52.1352 52.1664
 52.2049 52.2546 52.2707 52.2887 52.3096 52.3299 52.3698 52.3971 52.4098
 52.4325 52.4609 52.4902 52.5161 52.55   52.6295 52.6734 52.7841 52.8021
 56.4157 58.548  59.5055
60.4928 60.6391 60.9633 60.9817 61.0514 61.0838 61.1553 61.2025 61.2222
 61.2653 61.2898 61.3044 61.3242 61.397  61.4497 61.4637 61.4776 61.5112
 61.5279 61.55   61.5965 61.7092 61.749  61.7696 61.7849 61.805  61.8244
 61.8435 61.8606 61.8943 61.9781 62.0265

