10.5649 11.2879 13.8182 14.2551 15.0133 15.1006 15.1578 15.3103 15.3726
20.3606 22.1424 23.3149 23.3931 23.4249 23.4643 23.5506 23.5709 23.6878
 23.727  23.7609 23.9287 24.0626 24.0948 24.1286 24.2737
32.4018 32.6847 32.9806 33.0374 33.1057 33.301  33.3235 33.6254
41.6664 42.0753 42.1751 42.1993 42.411  42.4657 42.588  42.7458 42.7877
 42.8362 42.8843 42.9041 42.9632
50.9582 51.1054 51.1658 51.2103 51.2687 51.3159 51.3523 51.484  51.5714
 51.6677 51.7768 51.8309 51.8932 51.9682 52.0074 52.0676 52.0958 52.115
 52.1279 52.1722
60.9003 60.9661 60.9909 61.0303 61.1008 61.1399 61.1975 61.2151 61.2807
 61.3263 61.4005 61.5028 61.5913 68.5755 69.9434

