12.9613 13.6526 13.7505 13.7748 13.9963 14.0678 14.1256 14.1615 14.2688
 14.5555 14.6743
21.7363 23.2619 23.3946 23.5494 23.6428 23.7734 23.8513 24.0102 24.2436
30.8439 32.1097 32.4216 32.9777 33.0158 33.2382 33.4983 33.5372 33.7227
 33.9898
41.8557 42.0938 42.2185 42.2624 42.3131 42.3483 42.4416 42.5085 42.5379
 42.6108 42.6406 42.6598 42.7274 43.056  49.5236
51.0823 51.6138 51.6768 51.7729 51.7991 51.9513 52.1    58.3149 59.1399
60.4227 60.5221 60.6432 60.8118 60.8691 60.9506 61.056  61.1151 61.1351
 61.1984 61.2133 69.8739 69.9788

