11.8391 12.6062 12.6338 12.8627 12.8871 12.9337 12.9704 13.0034 13.0233
 13.0455 13.0647 13.0888 13.119  13.1327 13.1507 13.1729 13.1939 13.2064
 13.2348 13.254  13.2705 13.3045 13.3295 13.3495 13.371  13.3919 13.4114
 13.4307 13.4434 13.4584 13.4774 13.4946 13.5133 13.5299 13.5497 13.5734
 13.5947 13.6067 13.6202 13.6324 13.6447 13.6643 13.6766 13.6914 13.7071
 13.7237 13.7418 13.7529 13.7685 13.7816 13.7961 13.8123 13.8284 13.8463
 13.8609 13.8754 13.8881 13.9044 13.9215 13.9373 13.9496 13.9619 13.9798
 13.9925 14.0034 14.0175 14.0359 14.0515 14.0667 14.0812 14.0961 14.1094
 14.1267 14.141  14.1557 14.1715 14.186  14.2013 14.2223 14.2422 14.2594
 14.2798 14.3002 14.3196 14.3307 14.3455 14.3656 14.3801 14.3934 14.4105
 14.425  14.4585 14.4768 14.4916 14.5206 14.5404 14.579  14.5986 14.6188
 14.6556 14.6768 14.7227 14.7544 14.8278 14.8534 14.9016
20.3628 20.6357 20.6687 20.9623 21.0724 21.1226 21.1564 21.1817 21.2262
 21.3209 21.3444 21.3989 21.4326 21.4571 21.4905 21.5109 21.5529 21.5923
 21.6189 21.6449 21.6633 21.7043 21.7407 21.7624 21.7813 21.8022 21.8198
 21.8389 21.8562 21.9101 21.9296 21.9498 21.9725 22.0224 22.0516 22.0756
 22.0915 22.12   22.1543 22.1689 22.1898 22.2106 22.2284 22.2461 22.266
 22.2927 22.3046 22.3207 22.3733 22.3943 22.4184 22.4407 22.4668 22.4882
 22.5326 22.5588 22.5864 22.6054 22.6427 22.678  22.7248 22.8086 22.845
 27.8042 28.2326 28.5687 28.7411 28.8336 28.8767 28.9013 28.9522 28.9723
 28.9862 29.0013 29.0188 29.0562 29.0791 29.1139 29.1491 29.1692 29.2012
 29.2197 29.2329 29.2491 29.2739 29.2906 29.3035 29.321  29.3309 29.3452
 29.3607 29.378  29.393  29.4042 29.4244 29.4404 29.4583 29.4887 29.5133
 29.5332 29.5524 29.5689 29.5844 29.6043 29.6219 29.6447 29.6601 29.6749
 29.691  29.7108 29.7287 29.7433 29.7618 29.7764 29.8013 29.8269 29.8479
 29.8657 29.8814 29.8984 29.913  29.9311 29.9537 29.969  29.9832
30.0031 30.0222 30.0391 30.0581 30.0758 30.0919 30.1087 30.1219 30.1437
 30.1617 30.1765 30.1989 30.2166 30.2309 30.2559 30.2739 30.2951 30.3117
 30.3312 30.3464 30.3608 30.3869 30.4019 30.4162 30.4305 30.4575 30.4755
 30.4924 30.5278 30.5446 30.565  30.5863 30.6222 30.6448 30.6671 30.6977
 30.7336 30.7677 30.8161 30.9287 30.9557 35.5639 36.3138 36.9022 36.9179
 36.959  36.9947 37.0153 37.0925 37.1119 37.1301 37.1457 37.1866 37.2196
 37.2381 37.2787 37.3015 37.318  37.3339 37.3494 37.374  37.392  37.4098
 37.429  37.441  37.4563 37.4766 37.4917 37.5098 37.5231 37.5391 37.5528
 37.573  37.5903 37.6041 37.6224 37.6407 37.6559 37.6753 37.6894 37.7034
 37.7193 37.732  37.7453 37.7563 37.7707 37.788  37.8029 37.8178 37.839
 37.8524 37.8658 37.8799 37.8964 37.9152 37.9311 37.9469 37.9631 37.9791
 37.9932 38.006  38.0192 38.0356 38.0612 38.0793 38.0917 38.1113 38.1295
 38.1469 38.1691 38.1854 38.1989 38.2134 38.2316 38.2458 38.2606 38.2822
 38.2987 38.3175 38.3386 38.3525 38.3692 38.3853 38.4046 38.4227 38.4447
 38.473  38.4937 38.5077 38.5369 38.5521 38.5738 38.5936 38.62   38.6418
 38.6569 38.6934 38.842  38.8894 38.9192 38.9661
45.059  45.2425 45.4811 45.5175 45.591  45.6219 45.6571 45.6856 45.7136
 45.7378 45.7585 45.7935 45.8103 45.8289 45.8594 45.9101 45.9248 45.9429
 45.9632 45.9928 46.0153 46.0323 46.048  46.0696 46.0946 46.1071 46.1305
 46.1525 46.1766 46.1945 46.2162 46.237  46.259  46.2726 46.2939 46.3126
 46.335  46.3502 46.3661 46.3869 46.4003 46.4179 46.4352 46.4534 46.4747
 46.492  46.5108 46.5527 46.5785 46.594  46.6107 46.6226 46.6396 46.6542
 46.6691 46.687  46.705  46.727  46.7512 46.7855 46.8037 46.8185 46.8317
 46.847  46.8611 46.8761 46.8964 46.9184 46.93   46.9473 46.962  46.9789
 46.9965 47.0269 47.0551 47.0898 47.1285 47.1537 47.1752 47.1938 47.2224
 47.2554 47.2854 47.4356 47.4835 47.5922
53.0765 53.3264 53.4989 53.5355 53.6376 53.6697 53.7132 53.7508 53.7704
 53.793  53.8258 53.8452 53.8774 53.8959 53.9136 53.9268 53.9421 53.956
 53.9736 53.9916 54.0178 54.042  54.0595 54.0764 54.0907 54.1154 54.1288
 54.1473 54.1645 54.1908 54.2055 54.2236 54.2373 54.2534 54.2686 54.2865
 54.3115 54.3241 54.3383 54.3563 54.3756 54.3949 54.4195 54.4361 54.4531
 54.4634 54.4768 54.491  54.5034 54.5208 54.5347 54.5567 54.5813 54.5963
 54.6188 54.6331 54.6466 54.6626 54.6778 54.6961 54.7225 54.7478 54.7616
 54.7749 54.7953 54.8094 54.8215 54.8399 54.8543 54.8756 54.8902 54.9033
 54.9222 54.9358 54.9538 54.9694 54.9826 54.999  55.0127 55.0296 55.0459
 55.0625 55.0763 55.0906 55.1019 55.1144 55.1295 55.1459 55.1594 55.18
 55.1952 55.2106 55.2276 55.2437 55.2651 55.2839 55.3075 55.3215 55.3504
 55.3679 55.3937 55.4182 55.4549 55.4977 55.5479 55.5946 55.6564 55.7537
 55.9119
60.9239 61.6238 61.6972 61.8318 61.9568 61.9815 62.0425 62.1066 62.1983
 62.2167 62.2478 62.2744 62.3127 62.3443 62.3836 62.4248 62.4637 62.4826
 62.5056 62.5173 62.536  62.5538 62.5686 62.5901 62.6113 62.6244 62.6392
 62.6559 62.6697 62.6926 62.7037 62.7229 62.7403 62.7762 62.7883 62.8006
 62.8205 62.8333 62.8576 62.8744 62.8903 62.9023 62.9169 62.9315 62.9576
 62.9815 63.0012 63.0194 63.0335 63.0496 63.0669 63.0896 63.1033 63.1184
 63.1323 63.153  63.1726 63.1909 63.2108 63.2287 63.2418 63.2553 63.2729
 63.2859 63.3075 63.3251 63.3441 63.3588 63.3732 63.3891 63.4056 63.4203
 63.4359 63.4491 63.4672 63.4827 63.4988 63.5194 63.5338 63.5499 63.5706
 63.5929 63.6168 63.6335 63.6474 63.6624 63.6867 63.7071 63.7339 63.7459
 63.786  63.8086 63.8422 63.8821 63.9214 63.9409 63.9739 64.0344 64.0798
 64.2672 69.5809 69.7019 69.799  69.9618

