11.4333 12.2386 12.4994 12.5673 12.6197 12.6727 12.7005 12.7183 12.7428
 12.8319 12.87   12.908  12.9275 12.9444 12.9632 12.9795 12.9946 13.0131
 13.0309 13.0465 13.0624 13.0768 13.0939 13.1077 13.1197 13.1321 13.1443
 13.1586 13.1746 13.1881 13.2057 13.2203 13.2316 13.2437 13.2545 13.2694
 13.2832 13.2937 13.3081 13.3217 13.3452 13.3569 13.3687 13.3851 13.4013
 13.4139 13.4315 13.4441 13.4586 13.4745 13.4879 13.4999 13.513  13.5245
 13.5379 13.5529 13.5664 13.5767 13.5878 13.6034 13.616  13.631  13.6451
 13.6568 13.6681 13.6808 13.6956 13.7072 13.7202 13.7316 13.7431 13.7572
 13.7734 13.7905 13.8032 13.8176 13.8301 13.8437 13.8589 13.8731 13.8865
 13.8999 13.9119 13.9244 13.9388 13.9564 13.9727 13.9893 14.0001 14.0183
 14.0364 14.0487 14.0728 14.0969 14.1253 14.1386 14.1602 14.1738 14.1913
 14.2066 14.2217 14.2431 14.2674 14.3577 14.3864 14.4386 14.5169 14.5648
20.1803 20.5272 20.7004 20.7219 20.8467 20.963  21.0054 21.0378 21.0672
 21.089  21.1018 21.1267 21.1559 21.1799 21.1952 21.2132 21.2453 21.2748
 21.2958 21.3139 21.3307 21.4056 21.4243 21.4603 21.4794 21.4981 21.5206
 21.537  21.551  21.5722 21.5945 21.6098 21.6414 21.6776 21.7017 21.7175
 21.7316 21.7489 21.7637 21.782  21.8065 21.8396 21.8587 21.8719 21.8991
 21.9323 21.9507 21.9723 21.9872 22.0069 22.033  22.0546 22.0773 22.1094
 22.1318 22.1717 22.2118 22.2317 22.2759 22.3019 22.3986 22.4187 22.5919
 27.3643 28.3834 28.4529 28.5157 28.5468 28.7161 28.7452 28.7935 28.8198
 28.8472 28.8652 28.8839 28.931  28.9642 28.9855 29.0085 29.0307 29.0952
 29.1082 29.1254 29.1408 29.1599 29.1753 29.1883 29.207  29.226  29.2509
 29.275  29.2933 29.3103 29.3392 29.3523 29.366  29.3802 29.3945 29.4114
 29.4254 29.438  29.4515 29.4619 29.4767 29.4904 29.5043 29.5165 29.5306
 29.5466 29.56   29.5731 29.5864 29.6048 29.618  29.63   29.6453 29.6619
 29.6744 29.6905 29.7049 29.7185 29.7322 29.7462 29.7579 29.773  29.7843
 29.7966 29.8099 29.8226 29.8412 29.8577 29.8736 29.886  29.8987 29.9117
 29.9254 29.9388 29.9578 29.9742 29.9898
30.008  30.026  30.0423 30.0546 30.0683 30.0837 30.104  30.1246 30.1403
 30.1535 30.1727 30.1951 30.2132 30.2332 30.2573 30.3035 30.4071 30.4364
 30.4699 30.4978 31.6338 36.0932 36.5927 36.6281 36.6651 36.7425 36.9109
 36.9357 36.9704 36.992  37.0095 37.0586 37.0827 37.1003 37.1575 37.1836
 37.202  37.2233 37.2369 37.2526 37.2695 37.2879 37.3081 37.3449 37.3589
 37.3743 37.3925 37.4049 37.4212 37.4389 37.454  37.4668 37.4789 37.4909
 37.5053 37.521  37.5341 37.5468 37.5569 37.5691 37.5845 37.6007 37.6192
 37.6334 37.6468 37.6621 37.6784 37.692  37.705  37.7174 37.7294 37.745
 37.7605 37.775  37.789  37.8005 37.8133 37.8247 37.84   37.8505 37.8636
 37.8778 37.8898 37.9057 37.9243 37.9388 37.9524 37.9668 37.9893 38.0032
 38.0154 38.0281 38.0395 38.0545 38.0707 38.0901 38.1024 38.1213 38.135
 38.1507 38.1798 38.2051 38.2244 38.2421 38.2666 38.282  38.2977 38.3166
 38.3388 38.3602 38.3794 38.3959 38.4258 38.4856 38.5271 38.5506 38.6355
 38.6733 38.9228
43.9196 44.814  44.8618 44.9394 44.9962 45.0816 45.2832 45.3307 45.3833
 45.4259 45.4631 45.519  45.5383 45.5609 45.5871 45.6448 45.6625 45.6858
 45.6984 45.7145 45.7344 45.7509 45.7733 45.8105 45.829  45.8464 45.8589
 45.8766 45.8986 45.9276 45.9411 45.955  45.9679 45.9833 45.9995 46.0113
 46.0343 46.0492 46.0775 46.0961 46.1098 46.1233 46.1406 46.1581 46.175
 46.1981 46.2124 46.2251 46.242  46.2568 46.2765 46.2891 46.3071 46.3192
 46.3355 46.3492 46.364  46.38   46.3943 46.4097 46.4298 46.4429 46.4667
 46.4804 46.4946 46.5129 46.5327 46.5488 46.5653 46.5794 46.6005 46.6237
 46.6445 46.6681 46.6897 46.7054 46.72   46.7349 46.7513 46.7671 46.7814
 46.7966 46.8168 46.8587 46.8946 46.9183 46.9773 46.9966 47.0538 47.0768
 47.1372 47.2434
52.7831 52.8447 53.0234 53.1437 53.1887 53.2377 53.3029 53.429  53.5033
 53.5717 53.6038 53.6348 53.6637 53.6788 53.7087 53.7295 53.7502 53.778
 53.7921 53.8253 53.8388 53.8566 53.8724 53.8887 53.9016 53.9161 53.9332
 53.9512 53.9685 53.9863 54.0069 54.023  54.035  54.049  54.0617 54.0736
 54.0859 54.1023 54.1143 54.1269 54.1389 54.1562 54.1719 54.1881 54.2094
 54.2382 54.2538 54.2664 54.2769 54.2913 54.3091 54.3225 54.3338 54.3453
 54.36   54.3728 54.3887 54.4018 54.4128 54.4233 54.4407 54.4595 54.474
 54.4899 54.5047 54.5206 54.5332 54.5486 54.5653 54.5761 54.5927 54.6063
 54.6345 54.6462 54.658  54.6805 54.6949 54.7095 54.7216 54.7343 54.7437
 54.7556 54.7712 54.7875 54.8062 54.8223 54.8378 54.8595 54.8788 54.892
 54.9105 54.9238 54.9403 54.9541 54.9681 54.997  55.0442 55.0737 55.0978
 55.1405 55.1731 55.2457 55.2695 55.3237 55.3729 55.4578 55.5904 57.8057
 59.7618
61.4239 61.4521 61.5118 61.639  61.6845 61.7514 61.8104 61.8517 61.8934
 61.9185 61.9859 62.021  62.0647 62.0844 62.1089 62.129  62.1522 62.1723
 62.1881 62.2111 62.2295 62.2466 62.2611 62.2811 62.2976 62.3129 62.329
 62.3421 62.3581 62.3744 62.3917 62.4065 62.4206 62.4369 62.4489 62.4682
 62.4802 62.4909 62.5065 62.5177 62.5301 62.5432 62.5552 62.5696 62.5817
 62.5938 62.6072 62.6176 62.6278 62.6421 62.6542 62.6662 62.6833 62.7006
 62.7174 62.7325 62.7449 62.7578 62.7709 62.7843 62.7959 62.8125 62.8245
 62.8394 62.8531 62.8664 62.8775 62.8911 62.9029 62.916  62.9283 62.9411
 62.9573 62.9696 62.9842 62.9952 63.0075 63.0203 63.036  63.0519 63.0651
 63.0777 63.0944 63.1102 63.1225 63.1375 63.1526 63.166  63.1775 63.1908
 63.207  63.223  63.2374 63.2654 63.2804 63.2956 63.3142 63.3403 63.3804
 63.3988 63.4282 63.4486 63.4664 63.4919 63.5298 63.6077 63.7224 67.7159
 68.8739 69.0838 69.3902 69.6765

