10.9992 11.4197 11.6434 11.6744 11.9202 11.9565 11.9883 12.1168 12.2108
 12.2258 12.324  12.3606 12.4548 12.4934 12.5577 12.5889
20.3903 20.5336 20.6529 20.7207 20.8098 21.0608 21.2748 21.3135 21.3669
 28.1198 28.7063 29.1479 29.2051 29.3777 29.4217 29.6145 29.811
36.7587 36.9005 36.9826 37.1157 37.2364 37.4045 37.4338 37.4628 37.6535
 37.8425
45.5024 45.6926 46.1027 46.5418
51.4029 52.4818 52.6381 52.9693 53.6699 53.8558 53.8911 53.9686 54.0679
 54.1493 54.1716
61.1778 61.5164 61.6279 61.709  61.8326 61.8529 62.3249 62.4347 67.6602
 69.469  69.5879 69.6643 69.8978

