11.296  11.9014 12.0085 12.1957 12.2757 12.3524 12.3838 12.4169 12.439
 12.4595 12.4788 12.4998 12.5419 12.5639 12.6079 12.6284 12.6463 12.6742
 12.7105 12.7463 12.7645 12.8544 12.9005 12.9247 13.0017 13.0266
20.2872 20.3958 20.5562 20.5885 20.9258 21.0483 21.1202 21.1459 21.3101
 21.3869 21.5137 21.55   21.7261 29.0545 29.3032 29.3277 29.508  29.5357
 29.6135 29.6356 29.7903 29.8296
30.0127 36.8976 36.9826 37.505  37.5378 37.5553 37.5973 37.7555 37.9147
 38.0439 38.0666
45.5553 45.8726 45.9104 45.9755 46.4415 46.4759
53.5439 53.8679 53.8979 53.9579 54.0328 54.0914 54.1353 54.1673 54.3082
 54.4284 54.5206 54.5427
60.8088 61.5013 61.7197 61.7796 61.9125 61.9888 62.0817 62.1246 62.2108
 62.2428 62.2594 62.2965 62.3675 62.4947 62.5478 62.5699 62.7864 68.0728
 69.1446 69.3282 69.7578 69.8339 69.8707

