11.4542 11.5517 11.863  11.9306 11.9713 11.9982 12.0511 12.0955 12.1207
 12.1437 12.1874 12.2027 12.2255 12.2455 12.276  12.3066 12.3302 12.3517
 12.3788 12.399  12.4209 12.4456 12.4611 12.4809 12.4989 12.5136 12.5255
 12.5396 12.5556 12.5787 12.5949 12.6101 12.6283 12.6446 12.661  12.675
 12.6907 12.7035 12.7153 12.7275 12.7411 12.7573 12.7746 12.7885 12.8021
 12.8157 12.8264 12.8383 12.8503 12.8663 12.8823 12.8934 12.9044 12.915
 12.9276 12.9393 12.9502 12.9656 12.9797 12.9905 13.0039 13.0151 13.0336
 13.0444 13.0594 13.0729 13.0842 13.1015 13.1164 13.1287 13.1409 13.1516
 13.1627 13.1746 13.1856 13.1985 13.2125 13.2262 13.2412 13.2549 13.2699
 13.284  13.296  13.3088 13.3216 13.3381 13.3517 13.3636 13.3777 13.3912
 13.4027 13.417  13.4288 13.4391 13.4535 13.4659 13.4819 13.4928 13.5047
 13.5186 13.5343 13.5482 13.5608 13.574  13.59   13.6023 13.6143 13.6253
 13.6402 13.6537 13.672  13.6864 13.7067 13.7214 13.7344 13.746  13.7593
 13.7824 13.7973 13.8122 13.8283 13.8474 13.8646 13.8817 13.8997 13.9149
 13.9355 13.9487 13.9615 13.9769 13.9926 14.0094 14.0248 14.0373 14.0557
 14.0739 14.0888 14.1134 14.1372 14.1636 14.1938 14.2188 14.2476 14.2877
 14.3238 14.3658 17.7168
20.0987 20.4503 20.4835 20.7507 20.8447 20.9638 20.9887 21.0853 21.1178
 21.1745 21.1962 21.223  21.2425 21.2739 21.2926 21.3065 21.3304 21.3542
 21.3735 21.4037 21.4219 21.4595 21.4804 21.5061 21.5232 21.5388 21.5597
 21.5876 21.6645 21.6847 21.7115 21.7289 21.7585 21.7755 21.8012 21.8224
 21.8407 21.8801 21.8968 21.9139 21.9346 21.969  21.9837 22.0021 22.0248
 22.049  22.0749 22.0928 22.1319 22.1585 22.1733 22.2085 22.2244 22.2426
 22.2665 22.2972 22.326  22.3657 22.3955 22.4238 22.4431 22.4612 22.4753
 22.5181 22.5434 22.5643 22.5862 22.6125 22.6335 22.665  22.7028 22.8035
 22.8796 22.9031 22.9356 23.0028 23.0448 27.7155 28.4309 29.1724 29.2137
 29.3017 29.3638 29.3908 29.4639 29.4845 29.564  29.5917 29.6141 29.6457
 29.6667 29.7294 29.7477 29.7694 29.8145 29.8333 29.8711 29.8897 29.9328
 29.9626 29.9863
30.0039 30.0329 30.0695 30.096  30.1153 30.1343 30.1672 30.1887 30.2052
 30.2493 30.2905 30.3381 30.3698 30.3889 30.4188 30.4379 30.4698 30.5078
 30.5494 30.6276 30.6622 30.7161 30.7489 30.801  30.845  30.8751 31.0125
 31.1278 31.1536 31.2962 36.5356 36.6422 36.812  36.8718 36.9474 37.0148
 37.1431 37.1713 37.2038 37.2359 37.2675 37.2919 37.3085 37.3302 37.3674
 37.4028 37.4383 37.4548 37.4724 37.4945 37.5426 37.5664 37.5917 37.6093
 37.6956 37.7085 37.7268 37.7456 37.7654 37.7825 37.8048 37.822  37.8365
 37.8582 37.8789 37.8967 37.9171 37.9367 37.9542 37.9727 37.9936 38.0089
 38.0208 38.0357 38.0515 38.067  38.0826 38.0967 38.1086 38.1243 38.1404
 38.1547 38.1677 38.1897 38.2166 38.2305 38.2467 38.2721 38.2855 38.301
 38.3208 38.333  38.3525 38.3696 38.386  38.3978 38.4161 38.4416 38.4661
 38.4837 38.4994 38.5188 38.5385 38.5656 38.5854 38.6022 38.6201 38.6365
 38.6585 38.6811 38.6991 38.7253 38.752  38.7853 38.8138 38.861  38.8787
 38.9027 38.9328 38.9602 38.9872 39.011  39.0289 39.0532 39.0768 39.1083
 39.1423 39.1902 39.2603 39.4057
44.7307 45.5521 45.6906 45.8007 45.8691 45.9838 46.021  46.0519 46.0861
 46.1044 46.1737 46.2551 46.2867 46.3109 46.3304 46.3596 46.3955 46.4262
 46.4423 46.457  46.4994 46.5449 46.5686 46.5853 46.5992 46.6239 46.6467
 46.6639 46.7027 46.7226 46.7428 46.7712 46.7938 46.8286 46.847  46.8833
 46.9011 46.9273 46.9586 47.0554 47.1116 47.1754 47.2184 47.2426 47.2755
 47.3389 47.3615 47.3932 47.4716 47.5567 47.6025 47.6656 47.747  47.9108
53.3184 53.647  53.6959 53.7676 53.8872 53.9386 53.976  54.0081 54.0526
 54.0843 54.1064 54.121  54.1529 54.1768 54.1938 54.2117 54.229  54.2547
 54.2827 54.3023 54.3198 54.3473 54.3908 54.4129 54.4306 54.4457 54.484
 54.5026 54.5245 54.5435 54.5633 54.5819 54.6042 54.621  54.6422 54.659
 54.6771 54.7004 54.7139 54.7282 54.7508 54.7746 54.8064 54.8291 54.8472
 54.8695 54.8936 54.9184 54.9366 54.9523 54.9656 54.9821 54.9965 55.0097
 55.0251 55.0439 55.062  55.1097 55.1243 55.1353 55.1512 55.1676 55.1851
 55.2008 55.2263 55.2405 55.2659 55.2826 55.2979 55.3144 55.3332 55.3487
 55.3658 55.4011 55.4386 55.459  55.4821 55.5059 55.5234 55.5429 55.5636
 55.5813 55.6022 55.6247 55.6566 55.6808 55.7007 55.7281 55.7618 55.7909
 55.8318 55.9482 56.0094
61.0313 61.1429 61.2409 61.4605 61.4984 61.5677 61.7559 61.7803 61.8136
 61.8354 61.8673 61.8946 61.9488 61.9902 62.0099 62.0545 62.0746 62.0902
 62.109  62.1215 62.1533 62.169  62.1875 62.2066 62.2226 62.242  62.2598
 62.2731 62.2983 62.3125 62.3281 62.3449 62.362  62.3786 62.3978 62.4131
 62.4264 62.4393 62.4558 62.4686 62.4818 62.4938 62.5104 62.5303 62.5466
 62.561  62.5758 62.5918 62.6062 62.6197 62.6327 62.6447 62.6568 62.6736
 62.6883 62.7084 62.7225 62.7349 62.7487 62.7593 62.7726 62.7843 62.8039
 62.8234 62.842  62.8625 62.8798 62.8991 62.9113 62.9245 62.9442 62.9616
 62.975  62.9904 63.003  63.0186 63.0349 63.0546 63.0672 63.0814 63.0956
 63.1099 63.1309 63.1444 63.1554 63.1731 63.1964 63.2183 63.2334 63.2567
 63.2725 63.2881 63.3069 63.3318 63.3514 63.3707 63.3971 63.4193 63.4383
 63.4581 63.4738 63.4893 63.5061 63.5226 63.5474 63.5683 63.5826 63.6013
 63.6413 63.669  63.6943 63.7157 63.7498 63.7776 63.7938 63.8671 63.9219
 68.2902 69.3764 69.4963 69.5608 69.6903 69.7239 69.807  69.8329 69.8889
 69.915  69.9338 69.9855

