11.4583 11.6297 11.6804 11.7631 11.8028 11.8507 11.9819 12.0188 12.1088
 12.1273 12.1555 12.1775 12.2036 12.2281 12.2596 12.2852 12.3424 12.4267
 12.4453 12.4635 12.5066 12.5494 12.6289 18.9015 19.1158 19.7308 19.8195
 19.9211 19.9436
20.0919 20.1575 20.195  20.2806 20.295  27.465  27.6348 28.1277 28.1624
 28.2573 28.4528 28.5444
34.3622 35.9969 36.5219 36.6769 36.7945 36.8146 36.8345
41.8459 43.9075 44.52   44.8028 45.0053 45.0884 45.1502 45.1768 45.2171
 45.2635 45.3241 45.3712
51.6185 52.1663 52.5547 52.6396 52.7209 52.8329 52.8778 53.0643 53.1489
 53.2343 53.2575 53.3787 53.4869 53.6443 58.8953 59.7224
60.5826 61.0091 61.4276 61.7288 61.8458 61.9296 62.0435 62.1337 68.2829
 69.3197 69.4153 69.6847 69.7878 69.8635 69.9531

