11.465  11.8073 11.9799 12.0537 12.121  12.1474 12.1871 12.2186 12.2517
 12.2767 12.3003 12.3143 12.3359 12.3646 12.3861 12.4013 12.4203 12.4427
 12.4649 12.4831 12.4977 12.5191 12.5391 12.5604 12.5725 12.5871 12.6022
 12.6207 12.64   12.6527 12.6639 12.6773 12.6923 12.7047 12.7229 12.7366
 12.7505 12.7631 12.7755 12.7919 12.8203 12.836  12.8489 12.862  12.8741
 12.887  12.901  12.9133 12.9326 12.9489 12.9592 12.9724 12.9863 12.9979
 13.0088 13.0238 13.0343 13.0449 13.0564 13.0695 13.0812 13.0974 13.1101
 13.1345 13.1482 13.1628 13.1747 13.1888 13.2046 13.215  13.2297 13.2465
 13.2611 13.274  13.2864 13.3019 13.3148 13.3264 13.3402 13.3558 13.3672
 13.387  13.4003 13.4152 13.4304 13.4454 13.4582 13.4687 13.4788 13.495
 13.5084 13.5247 13.5412 13.5545 13.5697 13.5817 13.5942 13.6093 13.6224
 13.638  13.652  13.6656 13.6779 13.6919 13.7062 13.7209 13.7317 13.7481
 13.7611 13.7836 13.802  13.8158 13.8341 13.8462 13.8614 13.8778 13.8944
 13.912  13.9287 13.9502 13.9683 13.9932 14.0109 14.0446 14.0632 14.0881
 14.1081 14.1373 14.1537 14.1968 14.4296 18.6859 18.8555 19.3774 19.4743
 19.7058 19.7869 19.8698 19.9871
20.0619 20.0863 20.1514 20.1849 20.2008 20.2321 20.253  20.2662 20.2817
 20.2997 20.3269 20.3458 20.3653 20.3875 20.4025 20.4207 20.4371 20.4547
 20.4697 20.4838 20.4972 20.5097 20.5276 20.5423 20.5584 20.5721 20.5901
 20.608  20.6201 20.6367 20.6486 20.6628 20.6745 20.6857 20.6957 20.709
 20.7214 20.7343 20.7447 20.7546 20.7697 20.7827 20.7978 20.8127 20.8223
 20.835  20.8462 20.8571 20.869  20.8853 20.896  20.9076 20.9209 20.9328
 20.9456 20.9629 20.9768 20.9881 21.0036 21.0211 21.039  21.0516 21.0672
 21.0815 21.0975 21.1157 21.1264 21.1401 21.1612 21.2031 21.2169 21.2336
 21.2516 21.2661 21.2807 21.2983 21.3125 21.3269 21.3407 21.3566 21.3696
 21.3833 21.3977 21.413  21.4265 21.4389 21.4569 21.4679 21.482  21.4979
 21.5132 21.5253 21.545  21.5763 21.5922 21.6111 21.6293 21.6486 21.668
 21.6856 21.7078 21.7257 21.7449 21.7654 21.7894 21.8087 21.8276 21.8428
 21.8662 21.8919 21.9291 27.606  27.7674 27.8105 27.8692 27.9359 27.9824
 28.0016 28.0317 28.0628 28.1042 28.1191 28.1404 28.1769 28.1951 28.2116
 28.2284 28.2528 28.274  28.2991 28.3154 28.3319 28.3464 28.4067 28.4233
 28.4419 28.4597 28.4781 28.5244 28.54   28.5623 28.5828 28.603  28.6206
 28.6325 28.6468 28.6615 28.6768 28.6946 28.7103 28.7325 28.7436 28.758
 28.7685 28.7864 28.8027 28.8253 28.8434 28.8574 28.8728 28.8858 28.9031
 28.9228 28.936  28.9498 28.9654 28.979  28.993  29.0078 29.0248 29.0386
 29.0533 29.0703 29.0887 29.1036 29.1174 29.138  29.1578 29.1788 29.1912
 29.2085 29.2211 29.2407 29.2563 29.2708 29.2817 29.296  29.3094 29.3245
 29.3362 29.3493 29.3721 29.388  29.4146 29.4306 29.4522 29.4691 29.4816
 29.4989 29.5183 29.538  29.5577 29.5751 29.5958 29.6112 29.6317 29.6525
 29.6677 29.6885 29.7045 29.7211 29.7389 29.7687 29.8413 29.8724 29.8875
 29.9243 29.9518 29.9857
30.0409 30.0849 30.1634 30.5307 34.7143 36.3973 36.4283 36.4895 36.5891
 36.7225 36.7968 36.8204 36.8441 36.8967 36.9324 36.9616 36.9937 37.044
 37.0641 37.1076 37.1261 37.1479 37.1705 37.1949 37.2217 37.2439 37.2608
 37.2778 37.3    37.3166 37.3311 37.3428 37.3564 37.3735 37.4107 37.4239
 37.4381 37.4506 37.4819 37.5039 37.5253 37.5375 37.5484 37.5608 37.5763
 37.5958 37.613  37.6389 37.669  37.6825 37.7022 37.7248 37.7385 37.7576
 37.7784 37.7936 37.8154 37.8299 37.8471 37.8685 37.8836 37.9002 37.9181
 37.9418 37.9564 37.9893 38.0055 38.0186 38.0366 38.0646 38.0796 38.1047
 38.1302 38.1471 38.1664 38.1886 38.2055 38.23   38.2495 38.2699 38.2859
 38.3042 38.3275 38.3548 38.3856 38.4351 38.4639 38.4955 38.515  38.5554
 38.5865 38.6383 38.8026 38.8588
43.0338 43.2283 43.5338 44.0008 44.6621 44.7012 44.7555 44.9416 44.9835
 45.0196 45.047  45.0759 45.257  45.2984 45.3218 45.3432 45.359  45.3778
 45.4021 45.4322 45.4587 45.4809 45.5029 45.5363 45.5556 45.5825 45.6127
 45.6322 45.6532 45.6738 45.7042 45.723  45.7439 45.7646 45.7801 45.8005
 45.8302 45.8476 45.8773 45.9106 45.9368 45.9646 45.9824 45.9978 46.0153
 46.0319 46.0675 46.0828 46.104  46.121  46.1492 46.1773 46.2021 46.2207
 46.233  46.2503 46.2671 46.2908 46.3103 46.3267 46.3468 46.3655 46.3833
 46.3982 46.4153 46.4341 46.4667 46.4833 46.5019 46.5232 46.5438 46.5574
 46.5855 46.608  46.6349 46.6574 46.6834 46.7015 46.728  46.7572 46.7832
 46.8102 46.8404 46.8886 46.9164 46.9721
51.8545 52.4967 52.5357 52.7266 52.7692 52.9534 53.0045 53.0341 53.0624
 53.0892 53.1374 53.1803 53.1937 53.217  53.2376 53.2556 53.2743 53.3008
 53.3221 53.3446 53.3845 53.4009 53.4199 53.4448 53.4604 53.4766 53.499
 53.5142 53.5275 53.5418 53.5646 53.5825 53.604  53.6241 53.6367 53.65
 53.6637 53.6776 53.6891 53.7031 53.7173 53.7311 53.7441 53.7592 53.7748
 53.797  53.8109 53.8241 53.8403 53.8578 53.8698 53.8839 53.8965 53.9076
 53.9203 53.9406 53.9532 53.9705 53.9871 53.9995 54.0115 54.0318 54.0468
 54.0601 54.0738 54.0865 54.0991 54.1119 54.1363 54.1481 54.1625 54.1815
 54.1937 54.2094 54.2238 54.2371 54.2524 54.2718 54.2875 54.3014 54.3251
 54.3405 54.3548 54.373  54.3894 54.4035 54.4157 54.4308 54.4459 54.4609
 54.475  54.4873 54.5003 54.5139 54.5308 54.551  54.5662 54.5815 54.5985
 54.6137 54.6312 54.6474 54.6627 54.6767 54.6934 54.7151 54.7356 54.7551
 54.7812 54.7996 54.8245 54.8528 54.8827 54.9186 54.9395 55.0405 55.0755
 55.1328
60.5659 61.4571 61.5331 61.5891 61.6365 61.6622 61.6864 61.7136 61.7382
 61.7871 61.8521 61.8915 61.9221 61.9438 61.9884 62.0078 62.0289 62.0721
 62.1052 62.121  62.1428 62.1587 62.1719 62.1876 62.207  62.2242 62.2415
 62.2678 62.3082 62.3238 62.3564 62.3701 62.3926 62.4085 62.4228 62.4388
 62.4564 62.4691 62.4854 62.5083 62.5214 62.5361 62.5572 62.5841 62.61
 62.6299 62.6472 62.6603 62.676  62.7006 62.725  62.7538 62.7765 62.793
 62.808  62.8306 62.8496 62.8622 62.8889 62.9093 62.926  62.9409 62.9596
 62.9779 62.9939 63.0082 63.0228 63.0391 63.0573 63.0776 63.0932 63.1197
 63.1357 63.1552 63.1711 63.1873 63.2032 63.2214 63.24   63.2644 63.2833
 63.3015 63.3151 63.3365 63.361  63.3771 63.3956 63.4123 63.4293 63.4472
 63.4817 63.5208 63.5626 63.6541 63.7311 63.7713 63.8327 68.2265 69.1089
 69.8443 69.8871 69.9092 69.9316 69.9526 69.9909

