11.1455 11.2938 11.4562 12.0699 12.1006 12.156  12.2081 12.3197 12.3992
 12.5226 12.5944 12.613  12.6489 12.68   12.7079 12.755  12.7917 12.8414
 12.9254 18.3005 18.9531 19.5958 19.7966 19.9205
20.0463 20.1758 20.2564 20.2902 20.3551 20.4722 20.5605 20.7122 20.7383
 20.7517 20.7857 25.5948 26.3235 27.6332 27.9495 27.9922 28.1165 28.2506
 28.2779 28.3319 28.5039 28.5229 28.5449 28.6411 28.7018 28.7528
36.2427 36.6527 36.6986 36.7651 36.813  36.8449 37.0161 37.0525 37.108
 37.2929 37.3369 37.3585 37.4491
44.3499 44.8522 44.9877 45.1725 45.2389 45.4327 45.824  49.6146
52.1029 52.2388 52.6159 52.8629 52.8956 52.9594 52.9999 53.393  53.5033
 53.5235 53.5944 53.6871 53.8367 58.4617
61.6787 61.8302 61.8699 61.8976 62.2609 62.3196 62.3339 62.5872 69.0842
 69.1576 69.4559 69.697  69.7445 69.7866 69.9414 69.9872

