10.0651 11.1442 11.321  11.7349 11.8269 11.8849 11.934  11.9479 11.9793
 11.9967 12.0322 12.1122 12.1336 12.1669 12.2298 12.2546 12.2837 12.3017
 12.3361 12.4054 12.4206 12.4411 12.4558 12.4798 12.5315 12.5879 12.6647
 12.6872 12.734  12.7676 18.9835 19.0122 19.2353 19.3789 19.6095 19.6461
 19.6875 19.7085 19.7557 19.7757 19.8107 19.8438 19.8656 19.8828 19.9271
 19.9455 19.9807
20.0065 20.0308 20.0504 20.0896 20.1202 20.2941 20.3162 20.3348 26.5095
 27.0159 27.0973 27.137  27.2517 27.2809 27.3115 27.3598 27.6037 27.6534
 27.6821 27.7411 27.8074 27.8868 27.9035 27.9607 28.0153 28.0444 28.1264
 28.1528 28.1685 28.2163 28.2319 28.2468 28.3141 28.3612 28.4274 28.4441
35.7301 35.8693 36.1277 36.2672 36.5285 36.6232 36.6653 36.7248 36.7672
 36.9046 36.9925 37.0291 37.0853 37.115  37.3411
44.5656 44.7194 44.7883 45.0063 45.0256 45.1073 45.2011 45.2389 45.2803
 45.4215 45.4676
51.4224 52.1565 52.3706 52.4129 52.5998 52.6842 52.7956 52.8225 52.8384
 52.8719 52.98   53.0009 53.0149 53.1094 53.1466 53.1899 53.2547 53.2927
 53.3081 53.3671 53.3844 53.4096 53.5187 53.6628
60.8508 61.159  61.2774 61.7011 61.8045 61.8526 61.9454 61.9892 62.0049
 62.1413 62.2599 67.944  68.1614 69.0869 69.2079 69.4359 69.6639 69.7083
 69.8115 69.8529

