12.505  12.7239 12.8561 12.9185 13.0256 13.0613 13.1055 13.1739 13.2653
 13.3194 13.3683 13.4244
21.6384 21.8572 21.9269 21.9597 22.2134 22.2651 22.4946 22.5198 27.2998
 29.4866 29.8414 29.989
30.1117 30.2132 30.2548 30.3438 30.4696 30.5536 30.5956 30.6178 30.6596
 30.7267 30.8268 37.0628 38.3759 38.6917 38.7204 39.0766 39.1106 39.3631
 39.4218 39.4754 39.5334 39.5968
45.2183 46.2381 46.9416 47.1385 47.305  47.3725 47.4671 47.7108 47.7768
 47.8452 47.9254 48.1818
55.5372 56.1374 56.187  56.4764 56.5342 56.5631 56.6483 56.6957 56.7408
 56.7589 56.8817 56.9203 56.951  57.0014 57.0773
65.4243 65.6818 65.7139 66.0038 66.0366

