11.8868 12.4811 12.5592 12.6175 12.6939 12.7246 12.7816 12.7975 12.9827
 12.9993 13.0751 13.1007 13.1739 13.3107 19.8208
20.5015 21.3419 21.4573 21.5186 21.801  21.8568 21.9086 21.9289 21.9678
 22.0353 29.2956 29.4903 29.5803 29.8955
30.1733 30.1987 30.2139 30.3477 30.4142 30.5052 30.7077 30.7401 30.7769
 30.9663 38.0022 38.1757 38.3035 38.3352 38.44   38.5126 38.6029 38.6293
 38.6766 38.8629 39.2755 39.3283 39.3704
45.2503 46.6639 47.1104 47.1952 47.2262 47.3155 47.3775 47.4302 47.4858
 47.5427 47.6208 47.6472 47.6734 47.6924 47.7126 47.7507 47.7719 47.8152
55.7099 55.7531 55.8089 56.0956 56.223  56.2565 56.341  56.3646 56.3797
 56.3974 56.4485 56.4908 56.6293 56.6721 56.7402 56.7727
65.5725 65.7082

