12.1669 12.2192 12.3726 12.4365 12.4779 12.5239 12.5667 12.5823 12.6346
 12.7003 12.7629 12.8247 12.8465 12.8621 12.8793 12.8992 12.9133 12.9264
 12.9473 12.967  12.9853 13.0014 13.0159 13.0308 13.0528 13.0976 13.1169
 13.136  13.1505 13.1692 13.1825 13.1951 13.2099 13.2216 13.2334 13.2483
 13.263  13.2768 13.2977 13.3168 13.3706 13.3946 13.4124 13.4291 13.4432
 13.4616 13.4721 13.4849 13.4988 13.5153 13.5381 13.5536 13.5663 13.5803
 13.5929 13.6096 13.6226 13.6366 13.649  13.6621 13.6737 13.6873 13.7069
 13.7241 13.7402 13.7537 13.7714 13.7864 13.8021 13.8174 13.8344 13.8463
 13.8681 13.8823 13.8988 13.9236 13.935  13.949  13.9623 13.9818 14.0026
 14.0178 14.0334 14.0506 14.0664 14.0807 14.1008 14.1165 14.1297 14.1451
 14.1606 14.1756 14.1907 14.2025 14.2253 14.2498 14.2759 14.3005 14.3292
 14.3473 14.3729 14.3927 14.4097 14.4313 14.4548 14.4856 14.5095 14.5395
 14.5649 14.6177 14.6495 14.6758 19.4569 19.892
20.9358 21.2946 21.3256 21.3942 21.5308 21.6585 21.6834 21.7714 21.8308
 21.8719 21.916  21.9339 21.9627 21.9888 22.0109 22.0268 22.0477 22.0675
 22.081  22.1077 22.1281 22.1596 22.1868 22.2084 22.2245 22.2377 22.2605
 22.2737 22.2866 22.2961 22.3092 22.3284 22.3439 22.3635 22.3797 22.3928
 22.4145 22.4398 22.4524 22.4675 22.4838 22.4999 22.5129 22.53   22.5495
 22.565  22.5799 22.6017 22.6202 22.6468 22.6681 22.689  22.7093 22.7225
 22.7417 22.7594 22.7763 22.795  22.8114 22.8241 22.8392 22.8546 22.871
 22.8917 22.9058 22.9229 22.9402 22.9584 22.9726 22.9916 23.0088 23.0294
 23.0455 23.0642 23.0783 23.1029 23.1263 23.1416 23.1622 23.1774 23.193
 23.2088 23.2229 23.254  23.2697 23.2884 23.3124 23.3326 23.3504 23.3638
 23.3839 23.4107 23.4325 23.4537 23.4789 23.5389 23.5636 23.5886 23.6094
 23.6382 23.7056 23.7802 23.8166 28.5766 29.4607 29.5589 29.7254 29.8057
 29.8554 29.8862 29.9919
30.0162 30.0417 30.1419 30.1708 30.1961 30.2224 30.2443 30.3134 30.3427
 30.3755 30.4044 30.4445 30.4618 30.4911 30.5107 30.5403 30.5562 30.5783
 30.5999 30.6341 30.6495 30.6803 30.7053 30.7319 30.7446 30.7595 30.7768
 30.7899 30.8082 30.8223 30.8504 30.8716 30.8944 30.9158 30.9368 30.9691
 30.9839 31.0097 31.0232 31.0446 31.0735 31.0857 31.1012 31.1156 31.1355
 31.1558 31.1813 31.1949 31.2131 31.2357 31.2658 31.2969 31.3299 31.3527
 31.3657 31.3795 31.3969 31.4197 31.4465 31.4708 31.4906 31.5035 31.5204
 31.5353 31.5508 31.5619 31.5786 31.5983 31.6164 31.6363 31.6611 31.6772
 31.6922 31.7073 31.7196 31.7389 31.7643 31.7822 31.8008 31.8143 31.8359
 31.8534 31.8737 31.8925 31.9149 31.939  31.9763 31.9893 32.0309 32.0593
 32.0785 32.0979 32.1257 32.1619 32.1878 32.23   32.3162 32.4365 35.9054
 37.9366 38.1629 38.3024 38.5167 38.5413 38.5652 38.5913 38.6154 38.6559
 38.6728 38.6943 38.7173 38.7579 38.7755 38.7958 38.8218 38.8544 38.889
 38.9097 38.9391 38.9553 38.988  39.0155 39.0308 39.0679 39.1117 39.1314
 39.1667 39.1831 39.2175 39.2438 39.2615 39.2781 39.301  39.3281 39.3469
 39.3694 39.3822 39.4033 39.4191 39.4375 39.4497 39.4699 39.5105 39.5267
 39.5391 39.558  39.5716 39.5843 39.617  39.6334 39.6506 39.6627 39.6755
 39.6924 39.7079 39.724  39.7499 39.772  39.7859 39.8023 39.8328 39.8474
 39.8589 39.8749 39.8913 39.9058 39.92   39.9461 39.964  39.9814
40.0017 40.0205 40.038  40.0666 40.082  40.0976 40.1137 40.1335 40.1474
 40.1648 40.183  40.198  40.2108 40.2294 40.2514 40.2722 40.297  40.3231
 40.3574 40.393  40.4086 40.4379 40.4643 40.4859 40.5162 40.5362 40.5675
 40.5989 40.6269 40.6516 40.7205 40.8116 40.8353 40.8629 40.9349 46.5165
 46.6063 46.8621 46.9127 47.0458 47.1595 47.1845 47.2299 47.2502 47.3424
 47.3709 47.4054 47.4369 47.4664 47.5006 47.5242 47.5625 47.5886 47.6037
 47.6269 47.6499 47.6701 47.7024 47.7426 47.7677 47.7913 47.8063 47.8206
 47.8374 47.8634 47.8835 47.9002 47.912  47.9265 47.9387 47.96   47.9764
 47.9919 48.0079 48.0235 48.0459 48.061  48.0757 48.0899 48.1138 48.1304
 48.1459 48.1718 48.1903 48.2101 48.2231 48.235  48.2509 48.2736 48.2853
 48.3029 48.3207 48.3391 48.3555 48.372  48.3856 48.405  48.4273 48.4438
 48.4586 48.4729 48.4899 48.5042 48.5207 48.5397 48.5566 48.5718 48.5962
 48.6123 48.6244 48.6379 48.6541 48.6674 48.6846 48.7001 48.7135 48.732
 48.7569 48.7694 48.7828 48.7966 48.813  48.8305 48.8529 48.8688 48.8873
 48.9028 48.9169 48.9396 48.9676 48.9862 49.0074 49.0236 49.0401 49.0613
 49.0762 49.1022 49.1252 49.1552 49.1789 49.1981 49.2251 49.2506 49.2873
 49.3216 49.3457 49.3628 49.3888 49.4354 49.4542 49.4806 49.5084 49.5538
 49.5799 49.6377 49.7726
55.4013 55.4203 55.6708 55.8614 56.0172 56.118  56.1614 56.1862 56.2169
 56.2644 56.2975 56.3208 56.3472 56.3721 56.3893 56.4108 56.4401 56.4547
 56.4837 56.4942 56.5106 56.538  56.562  56.5809 56.6037 56.6203 56.6418
 56.6593 56.6803 56.7135 56.7365 56.7487 56.7652 56.7786 56.7957 56.8098
 56.8287 56.8403 56.8539 56.8759 56.8879 56.9014 56.9191 56.9342 56.9528
 56.9661 56.9829 56.9994 57.0166 57.0325 57.0508 57.0641 57.0935 57.1082
 57.1232 57.1407 57.1548 57.1681 57.1883 57.2026 57.2187 57.2352 57.2554
 57.2721 57.2946 57.3139 57.3289 57.3484 57.3632 57.392  57.411  57.4275
 57.4453 57.4697 57.4819 57.5003 57.5155 57.5411 57.564  57.5757 57.5888
 57.6082 57.6308 57.6488 57.6696 57.6904 57.7167 57.7329 57.7485 57.7672
 57.7834 57.8039 57.8221 57.8388 57.8554 57.8758 57.9057 57.923  57.9718
 57.9958 58.0178 58.0377 58.0857 58.1282 58.1557 58.2254 58.2532 58.3027
 58.3475
62.432  64.2379 64.5839 65.1608 65.2918 65.309  65.3423 65.3935 65.4303
 65.5028 65.6324 65.6586 65.8352 65.8823 65.9519 65.991  66.0167 66.0387
 66.0665 66.0969 66.1275 66.1594 66.2484 66.2719 66.3274 66.3514 66.3745
 66.4007 66.4459 66.4952 66.5241 66.5587 66.5889 66.6564 66.6876 66.7447
 66.7648 66.7935 67.0658

