12.34   12.374  12.4514 12.7605 12.8976 12.9159 12.9499 12.9688 12.9874
 13.0101 13.0338 13.0503 13.0846 13.0982 13.1206 13.1422 13.1681 13.1834
 13.198  13.2255 13.2607 13.2827 13.2967 13.3127 13.3275 13.3403 13.3579
 13.3702 13.392  13.4067 13.4178 13.4283 13.4381 13.4506 13.4657 13.4785
 13.4889 13.4995 13.511  13.5209 13.5311 13.5421 13.5533 13.5628 13.5734
 13.5878 13.5995 13.6128 13.6235 13.6341 13.6458 13.6563 13.6686 13.6772
 13.6868 13.6972 13.7063 13.7148 13.723  13.736  13.7447 13.7537 13.7632
 13.7753 13.7858 13.7955 13.8038 13.8141 13.8225 13.8316 13.8422 13.8509
 13.8589 13.8675 13.876  13.8848 13.8938 13.9022 13.9109 13.9207 13.9304
 13.9418 13.9523 13.9653 13.9753 13.9868 13.9985 14.0073 14.0168 14.0259
 14.0354 14.0441 14.055  14.0662 14.0761 14.0875 14.0971 14.1189 14.1336
 14.1432 14.1516 14.166  14.1759 14.188  14.2022 14.215  14.2281 14.24
 14.2542 14.273  14.2936 14.3174 14.3326 14.3453 14.3796 19.4656 19.5072
21.0457 21.4163 21.5259 21.5859 21.6689 21.7195 21.7949 21.8124 21.8736
 21.9014 21.9657 22.0187 22.0421 22.0597 22.0792 22.1005 22.1213 22.1428
 22.1603 22.1861 22.2152 22.2331 22.2739 22.292  22.3081 22.3317 22.353
 22.3886 22.409  22.4235 22.441  22.4534 22.4707 22.4842 22.4975 22.5093
 22.5206 22.5313 22.5425 22.5561 22.5702 22.5867 22.6043 22.6157 22.6293
 22.6449 22.6586 22.6689 22.6817 22.6941 22.7062 22.7224 22.7431 22.7603
 22.7772 22.7879 22.7988 22.8188 22.859  22.8708 22.88   22.9019 22.9668
 22.9933 23.0243 27.8668
30.4488 30.5848 30.6136 30.9275 30.9493 31.0029 31.0242 31.0501 31.0754
 31.1896 31.2107 31.2332 31.2594 31.2806 31.3024 31.3403 31.4041 31.4267
 31.4478 31.5718 31.6044 31.6777 31.7622 31.8448 37.3518 38.9425 38.9877
 39.3804 39.6284 39.6597 39.9316 39.9728
40.022  40.1457 40.1853 40.2064 40.2837 47.1726 47.5628 47.6413 47.6738
 47.7019 47.7266 47.7682 47.8712 47.9067 47.9463 47.9705 48.0394 48.0626
 48.1081 48.1418 48.1717 48.1957 48.2135 48.2255 48.2374 48.2588 48.3008
 48.3141 48.3373 48.3678 48.3952 48.4076 48.4219 48.4416 48.4728 48.4885
 48.5086 48.5279 48.5476 48.5638 48.5815 48.594  48.6339 48.6487 48.6679
 48.6869 48.7121 48.7323 48.7469 48.7573 48.7824 48.8243 48.8462 48.9135
 48.9376 48.9536 49.0087 49.0902
54.1376 55.6086 56.1265 56.1745 56.2587 56.3403 56.3667 56.4774 56.4974
 56.5122 56.5369 56.5593 56.5883 56.6053 56.6285 56.6452 56.6628 56.6758
 56.6973 56.7114 56.7413 56.7616 56.7757 56.7915 56.806  56.8213 56.8386
 56.8548 56.8746 56.8875 56.901  56.9149 56.9319 56.9468 56.9593 56.9755
 56.9912 57.0053 57.0166 57.0442 57.0595 57.0785 57.1007 57.1174 57.1307
 57.1457 57.1583 57.1734 57.1843 57.1953 57.2096 57.2218 57.233  57.2442
 57.2567 57.2758 57.2887 57.2986 57.3078 57.3196 57.3324 57.3427 57.3544
 57.3682 57.3792 57.3902 57.4024 57.4163 57.4271 57.4424 57.4559 57.4672
 57.4796 57.4965 57.509  57.5246 57.5436 57.5592 57.5743 57.5895 57.6069
 57.6184 57.6336 57.6499 57.676  57.7085 57.7248
62.8467 64.5142 64.5914 64.7019 64.7398 65.0046 65.1515 65.1723 65.218
 65.2554 65.2785 65.3172 65.382  65.452  65.4733 65.5059 65.5253 65.5596
 65.6393 65.6654 65.7178 65.7419 65.7585 65.777  65.7888 65.8042 65.8224
 65.8515 65.8689 65.8964 65.9261 66.0224 66.0646 66.109  66.1325 66.1574
 66.1719 66.1915 66.2089 66.3121

