11.4608 12.5466 12.8414 12.9073 12.9378 13.0966 13.1295 13.2166 13.2382
 13.2705 13.298  13.3174 13.3476 13.3686 13.3874 13.4061 13.446  13.4678
 13.4887 13.5112 13.5293 13.5488 13.5771 13.5953 13.6177 13.6393 13.6548
 13.6816 13.6955 13.7127 13.7287 13.7457 13.7607 13.7794 13.7939 13.8316
 13.9163 13.9338 14.0421 14.0589 14.0904 14.111  14.1316 14.1482 14.1737
 14.2191 14.347
20.5711 21.2947 21.5724 21.7874 21.871  21.8969 22.0026 22.0244 22.056
 22.0768 22.1758 22.2016 22.3003 22.33   22.3967 22.4278 22.4607 22.4764
 22.5069 22.5611 22.7304 22.8734 22.9379 22.9984 29.9434
30.407  30.7752 30.8857 30.9959 31.1168 31.2777 31.5065 31.8443 39.517
 39.7057 39.8708
40.2231 47.6605 47.9989 48.1714 48.2129 48.2469 48.2784 48.3385 48.3702
 48.3909 48.41   48.4268 48.461  48.4789 48.494  48.5278 48.6343 48.6862
 48.7131 48.8005 48.8279 48.9766
55.9555 56.0822 56.4821 56.5331 56.5893 56.6136 56.6388 56.671  56.6972
 56.7171 56.7362 56.7703 56.7964 56.8249 56.8424 56.866  56.8803 56.8964
 56.9135 56.9299 56.9466 56.9685 56.9983 57.0322 57.0647 57.0885 57.1035
 57.1188 57.1363 57.1537 57.1781 57.2166 57.2413 57.2593 57.3335 57.3613
 57.3928 57.4057 57.4317 57.4925 57.6601 57.7284
64.9555 65.339  65.5669 65.6043 65.6634 65.6864 65.7099 65.7422 65.7595
 65.7868 65.844  65.8648 65.8919 65.9379 65.9767 66.0006 66.0608 66.0799
 66.1661

