11.4664 11.6819 11.8023 12.5239 12.6209 12.6935 12.8346 12.8801 12.9027
 13.0063 13.0371 13.0601 13.0802 13.1295 13.1464 13.2277 13.2431 13.2957
 13.3235 13.3447 13.361  13.3804 13.3966 13.413  13.4355 13.4639 13.4841
 13.5035 13.5292 13.5426 13.5766 13.604  13.6762 13.7454 13.7843 13.8146
 13.861  13.9057
20.6667 21.7577 21.7975 21.9266 21.9538 21.9923 22.0296 22.0905 22.1238
 22.1439 22.1872 22.2231 22.2408 22.2854 22.3638 22.3952 22.571
30.588  30.6704 30.9189 30.9954 31.2395 31.3514 39.3554 39.7816 39.8388
40.0759 46.6636 47.6639 47.6931 47.9012 48.0327 48.1259 48.2706 48.2971
 48.3849 48.4152 48.4344 48.501  48.5912 48.6895 48.7109 48.7405
55.9054 55.9399 56.0182 56.1716 56.2974 56.4922 56.523  56.5571 56.6092
 56.6721 56.7035 56.7229 56.7459 56.8014 56.8747 56.9015 56.9149 56.9451
 56.9751 56.9965 57.0229 57.0446 57.0619 57.1145 57.1322 57.2039 57.2609
63.6969 63.9155 65.0705 65.1919 65.2349 65.2718 65.3262 65.4198 65.4379
 65.458  65.498  65.6392 65.7246 65.7545 65.8539 65.8817

