10.3049 12.7183 12.7593 12.8193 12.8699 12.9053 12.9395 13.0025 13.1046
 13.1359 13.1744 13.23   13.2705 13.3171 13.3905 13.4101 18.7566 19.8882
20.51   20.968  21.6301 21.67   21.8315 21.9031 21.9303 21.998  22.1089
 22.1617 22.1874 22.2286 22.2477 22.2702 29.0106 29.9048
30.0414 30.0747 30.1035 30.2216 30.2616 30.3736 30.4051 30.4587 30.4941
 30.5542 30.6157 30.6852 30.7211 30.789  30.815  30.8485 30.9177 37.4155
 37.9425 38.7427 38.8278 38.8862 38.8997 38.9155 39.0925 39.1204 39.1913
 39.2854 39.3288 39.3992 39.4538 39.6886
46.5434 47.0157 47.3947 47.42   47.4846 47.5673 47.6763 47.7585 47.8362
 47.8566 47.9688 48.0299 48.0863 48.1864
56.1726 56.4278 56.5534 56.6794 56.8196
63.5408 63.9213 63.9809 64.0148 64.0693 64.2009 64.2446 64.5759 64.692
 64.7795 64.7995 64.8173

