11.896  12.1127 12.4304 12.4962 12.534  12.5625 12.6476 12.6716 12.7022
 12.7674 12.8044 12.8548 12.8794 12.9218 12.9454 12.9908 13.0127 13.0285
 13.0488 13.0717 13.0902 13.1089 13.1357 13.1466 13.1696 13.1856 13.2093
 13.2261 13.2376 13.2514 13.2631 13.2784 13.2885 13.3012 13.3161 13.3285
 13.3442 13.3557 13.3706 13.3871 13.4034 13.4184 13.4313 13.4454 13.4583
 13.4699 13.4826 13.4944 13.5063 13.5187 13.5315 13.545  13.5569 13.5699
 13.588  13.6023 13.6191 13.6308 13.6417 13.6554 13.6722 13.684  13.701
 13.7135 13.7245 13.7374 13.7513 13.7624 13.7747 13.7855 13.7966 13.8069
 13.819  13.8287 13.8388 13.8517 13.8676 13.8828 13.8933 13.9055 13.9184
 13.9302 13.9467 13.9595 13.9719 13.989  13.9999 14.0125 14.0325 14.0454
 14.0639 14.0812 14.0948 14.1059 14.1219 14.1368 14.1595 14.181  14.1945
 14.2091 14.2228 14.2381 14.2652 14.2815 14.3006 14.3168 14.3489 14.3656
 14.3831 14.4058 14.4244 14.4413 14.4576 14.4745 14.491  14.5136 14.5375
 14.558  14.5719 14.5975 14.6306 14.6622 14.6852 14.71   14.7447 14.7727
 14.7962 14.8799 14.9167 14.9463 14.9909 15.2948
20.8799 21.4339 21.6507 21.7935 21.8108 21.8726 21.8986 21.9317 21.9811
 22.0224 22.0937 22.1296 22.1595 22.183  22.208  22.2303 22.2524 22.2735
 22.2902 22.3038 22.3183 22.3351 22.3518 22.3687 22.3844 22.4057 22.4189
 22.4329 22.4552 22.4665 22.4838 22.4987 22.5104 22.5283 22.5431 22.5548
 22.5701 22.5887 22.6013 22.6117 22.6257 22.6381 22.6537 22.6682 22.6853
 22.7075 22.7213 22.7405 22.7542 22.7697 22.7852 22.8022 22.8172 22.8312
 22.847  22.8588 22.8778 22.8927 22.9047 22.9166 22.9274 22.9386 22.953
 22.9655 22.9823 22.9922 23.0036 23.0167 23.0316 23.0416 23.0528 23.0646
 23.079  23.0921 23.1109 23.1268 23.1411 23.1672 23.1803 23.1952 23.2127
 23.2371 23.2586 23.278  23.2914 23.3072 23.3249 23.3421 23.3787 23.4058
 23.422  23.4415 23.4606 23.4838 23.5063 23.5228 23.5413 23.559  23.5762
 23.5887 23.6028 23.6284 23.6538 23.6932 23.7138 23.7373 23.7698 23.8238
 23.9132 23.9413 23.9827 24.1486 29.2954 29.3754 29.5529
30.0276 30.2223 30.2712 30.3458 30.3892 30.4127 30.4714 30.5059 30.5338
 30.5607 30.5829 30.6139 30.6569 30.6723 30.699  30.7117 30.7318 30.76
 30.7718 30.7962 30.8099 30.8262 30.8377 30.8478 30.863  30.8855 30.9066
 30.9214 30.9439 30.9614 30.9749 30.994  31.0086 31.0236 31.0393 31.0553
 31.0677 31.0788 31.0904 31.1016 31.1161 31.1298 31.142  31.1548 31.1654
 31.1753 31.188  31.2003 31.2167 31.234  31.2462 31.259  31.2716 31.2826
 31.2939 31.3049 31.3154 31.3293 31.3405 31.3561 31.3746 31.3895 31.4013
 31.4132 31.4269 31.4438 31.4605 31.4767 31.4906 31.5087 31.5241 31.5392
 31.556  31.573  31.5848 31.5976 31.6244 31.6385 31.6544 31.6735 31.6897
 31.7092 31.7235 31.739  31.7518 31.7663 31.7837 31.8085 31.8266 31.8406
 31.8583 31.8716 31.9072 31.9311 31.9604 31.9929 32.0061 32.0232 32.0389
 32.0644 32.0879 32.1192 32.1485 32.2003 32.2423 32.2668 32.3266 32.3623
 32.3883 32.4379 32.47   37.5396 37.9479 38.1418 38.3518 38.6489 38.6763
 38.7187 38.7659 38.8389 38.8827 38.9033 38.9242 38.9488 38.9937 39.0151
 39.0448 39.0661 39.0899 39.1195 39.1359 39.1548 39.1716 39.1956 39.2159
 39.239  39.2673 39.2844 39.2966 39.3137 39.3342 39.3531 39.3674 39.3795
 39.3897 39.4026 39.4157 39.4304 39.4445 39.4563 39.4698 39.4814 39.4939
 39.5066 39.5202 39.5307 39.5446 39.555  39.5659 39.5779 39.59   39.6008
 39.6149 39.627  39.6379 39.6504 39.6617 39.6787 39.6905 39.7014 39.7181
 39.7298 39.7411 39.755  39.7668 39.7815 39.7943 39.8046 39.8148 39.8251
 39.8355 39.8461 39.8591 39.8736 39.8839 39.8942 39.9115 39.9213 39.9317
 39.9422 39.9547 39.9661 39.977  39.9919
40.0042 40.0147 40.0247 40.0348 40.0471 40.0588 40.0713 40.0821 40.0938
 40.1057 40.1179 40.1357 40.1488 40.1624 40.1728 40.187  40.1989 40.2136
 40.2279 40.24   40.2563 40.2675 40.2822 40.2982 40.3134 40.3267 40.3451
 40.3568 40.3694 40.3846 40.3987 40.4118 40.4291 40.4406 40.4553 40.4719
 40.4877 40.5029 40.5216 40.5351 40.551  40.5635 40.5781 40.6002 40.614
 40.6289 40.6469 40.6698 40.6977 40.715  40.7309 40.7454 40.7651 40.7854
 40.8036 40.8207 40.8414 40.8626 40.8856 40.9037 40.9492 40.9849 41.0261
 41.0598 41.0836 41.1148 41.1482 41.2358 41.3966 41.8157 44.3396 46.456
 46.7875 47.2417 47.3824 47.445  47.5158 47.5944 47.6325 47.6608 47.6828
 47.7071 47.7508 47.7751 47.7947 47.8212 47.8561 47.8772 47.892  47.9332
 47.9548 47.9743 47.9977 48.0181 48.0426 48.0591 48.0843 48.0989 48.1116
 48.124  48.1371 48.1516 48.1645 48.1817 48.1996 48.2132 48.228  48.2432
 48.2579 48.2711 48.283  48.298  48.3121 48.3242 48.3346 48.3483 48.3616
 48.3727 48.3838 48.3958 48.4059 48.4183 48.4298 48.4451 48.4567 48.469
 48.4812 48.4933 48.5093 48.5203 48.5356 48.5456 48.5562 48.5699 48.582
 48.5938 48.6038 48.6191 48.6344 48.656  48.6775 48.6941 48.7079 48.7201
 48.7376 48.754  48.7718 48.7851 48.7989 48.8145 48.8291 48.8412 48.8549
 48.874  48.8935 48.915  48.9312 48.9489 48.9626 48.9873 48.9998 49.0212
 49.0477 49.0669 49.0855 49.1036 49.1246 49.1462 49.1792 49.1987 49.2149
 49.2326 49.2563 49.2829 49.3033 49.3352 49.3588 49.3807 49.4071 49.432
 49.4496 49.4825 49.5346 49.5659 49.5994 49.6388 49.7512 49.7775
56.0963 56.1262 56.207  56.2696 56.2944 56.3187 56.3731 56.4147 56.4747
 56.5109 56.5518 56.5929 56.6131 56.6578 56.6889 56.7136 56.7295 56.742
 56.7596 56.799  56.8199 56.8492 56.866  56.8851 56.9116 56.9488 56.9678
 56.9802 56.9951 57.0143 57.0486 57.0648 57.0844 57.1046 57.1213 57.1356
 57.1566 57.1793 57.2012 57.2298 57.2486 57.2706 57.2889 57.307  57.3229
 57.3456 57.3702 57.3861 57.4115 57.4368 57.4607 57.5188 57.5652 57.6094
 57.6387 57.6709 57.6982 57.7609 57.818  57.8808 57.9139 57.9429 58.0581
 58.1193 58.2838 58.3737 58.4429
64.0929 64.2204 64.2412 64.2705 64.3843 64.4251 64.4922 64.5448 64.5868
 64.6319 64.6669 64.6876 64.705  64.7257 64.7467 64.7639 64.7837 64.8071
 64.8272 64.8527 64.8743 64.8945 64.9166 64.9306 64.9432 64.9561 64.9713
 64.988  65.013  65.0257 65.0437 65.0669 65.0836 65.1017 65.1145 65.1331
 65.1488 65.1624 65.1753 65.1897 65.2091 65.2246 65.2368 65.2507 65.262
 65.2732 65.2841 65.2962 65.3102 65.3195 65.3287 65.3422 65.3593 65.3763
 65.3939 65.408  65.4191 65.4313 65.4456 65.4591 65.4729 65.4863 65.501
 65.514  65.5264 65.5405 65.5531 65.5639 65.5754 65.5896 65.6021 65.6145
 65.6259 65.6384 65.6506 65.672  65.6899 65.7063 65.7246 65.7416 65.7554
 65.7701 65.7872 65.8005 65.8169 65.8308 65.8476 65.8618 65.8788 65.8949
 65.9166 65.9438 65.9761 66.0028 66.0179 66.0386 66.0554 66.0836 66.1048
 66.1411 66.1689 66.1921 66.2258 66.2513 66.2775 66.3179 66.3626 66.4173
 66.48   66.5547 66.6027 66.6516 66.7712 66.9705

