12.5026 12.5593 12.6564 12.6878 12.7961 12.8603 12.9621 13.0297 13.0801
 13.1066 13.1981 13.2706 13.3085 13.3565 13.3771 13.3882 13.4118 13.4565
 13.4751 13.4929 13.5617 13.5787 13.6048 13.6372 13.7389 13.7694 19.4563
20.1238 20.3859 20.6336 21.3772 21.3974 21.4312 21.5193 21.5721 21.597
 21.6414 21.6588 21.6733 21.7075 21.7647 21.8    21.8165 21.8483 21.8764
 21.8979 21.9491 21.9646 21.9788 22.0008 22.0551 22.0889 22.1029 22.1139
 22.1367 22.1596 22.1885 22.2387 22.3274 22.354  22.5732 29.4619 29.4806
 29.5447 29.6628 29.7651 29.9073 29.9516 29.9823
30.0308 30.0628 30.0919 30.1065 30.1471 30.1829 30.2024 30.2208 30.2604
 30.2881 30.3139 30.334  30.3494 30.3717 30.4238 30.4452 30.4707 30.5287
 30.5562 30.6352 30.7282 38.1142 38.7919 38.8775 39.1928 39.2796 39.3674
 39.4222 39.4998 39.5942 39.7084
44.1372 45.9699 46.1807 46.8895 46.9326 47.1583 47.1784 47.2235 47.2767
 47.2929 47.3894 47.4143 47.6052 47.6528 47.7253 47.7536 47.7893 47.9676
 48.0241 48.1649
55.8717 55.9053 56.3168 56.3659 56.4634 56.4851 56.5059 56.5478 56.5967
 56.6194 56.6985 56.7373
64.1648 64.6299 65.0261 65.073  65.2336 65.3026 65.3165 65.405  65.4294
 65.455  65.4786 65.8488 65.9035

