12.5238 12.8269 12.9054 13.1516 13.2103 13.23   13.302  13.3189 13.3754
 13.4393 13.4678 13.4858 13.5029 13.5544 13.6113 13.6316 13.6529 13.6851
 13.8388
21.3686 21.4307 21.4935 21.5374 21.5708 21.6699 21.7063 21.7475 21.8334
 21.8641 21.9035 21.9527 22.0165 22.0353 22.0487 22.0661 22.0831 22.1103
 22.1266 22.1475 22.1613 22.1979 22.2136 22.2347 22.2511 22.2795 22.3108
 22.5012 29.255  29.4499 29.6801 29.7141
30.0027 30.0213 30.1454 30.2108 30.3799 30.4747 37.6287 39.5888 39.6178
 39.6368 39.6564 39.6908 39.9246 39.9714 39.9866
46.1487 46.5132 46.6622 46.7146 47.1149 47.5173 47.5415 47.6063 47.6625
 47.7274 47.7585 47.7835 47.8321 47.8931 47.9071 47.9495 47.9713 48.0788
 48.098  48.1729 48.2401 48.3149
56.0518 56.1582 56.4415 56.5098 56.8092 56.8628 56.9252 57.0065 57.0441
 57.0646
63.9494 64.0993 64.4038 64.7466 64.8399 64.8852 65.0397 65.1191 65.1474
 65.2083 65.245  65.2837 65.3374 65.3797 65.5027 65.5204 65.5565 65.7452

