12.2094 13.0246 13.3277 13.3669 13.5285 13.5823 13.6038 13.6839 13.8406
21.3497 21.7666 21.8249 22.0846 22.1198 22.2045 22.3869 29.5027
30.0936 30.1349 30.2493 30.3166 30.3737 30.3983 30.4706 30.5589 30.6528
 30.7184 30.8402 30.8969 30.9469 30.9947 31.081  31.1523 37.4838 37.8488
 38.5145 38.7818 38.919  39.003  39.2293 39.2641 39.4796 39.5201
43.2777 46.0898 46.4335 47.5761 47.6803 47.7041 47.7315 47.7623 47.8236
 48.1647 48.1915 48.2958
54.9117 55.4729 55.5279 55.5761 55.6904 55.705  55.774  55.9157 56.0867
 56.1248 56.1482 56.1682 56.2399 56.2882
63.2069 64.4691 64.6356 64.7683 64.9103 64.965  65.1989 65.3291

