13.1763 13.4245 13.6561 13.6756 13.7484 13.7846 13.8247 19.5881
21.184  21.4611 21.7714 21.9316 21.9619 21.993  22.0137 22.0832 22.1525
 22.1716 22.2329 22.2625 22.2895 22.3076 22.3268 22.3468 22.369  22.391
 22.5372 22.5947 29.2681 29.8463
30.1854 30.3406 30.4518 30.5087 30.6313 30.6483 30.6851 30.716  30.7784
 30.7984 30.8572 30.8851 30.9114 30.9332 30.9535 31.0275 31.1469 37.9318
 38.3285 38.7424 38.7911 38.8499 38.9253 39.0081 39.1119 39.1947 39.2635
 39.3563 39.3763 39.4482 39.4883 39.6256
46.8801 47.304  47.7019 47.7384 47.8036 47.8395 47.8616 47.9115 47.9492
 48.0223 48.0494 48.0779 48.1743 48.3551
54.6607 55.3261 55.4616 55.4922 55.6515 55.7122 55.732  55.8135 55.874
 55.9084 55.9664 56.0303 56.0981 56.1176 56.2326 56.2959 56.313  56.3497
 56.4104 56.6111
63.3052 64.1778 64.4157 64.6284 64.739  64.9069 64.9326 64.9692 65.0139
 65.0422 65.0976 65.1586 65.2333 65.2644 65.285  65.4199 65.4767 65.5345

