12.5335 12.6593 12.8825 12.9916 13.0386 13.0934 13.1789 13.2576 13.2829
 13.3025 13.3375 13.3627 13.3955 13.4592 13.4849 13.5041 13.5226 13.5412
 13.5586 13.5747 13.5926 13.6171 13.6536 13.6697 13.6933 13.7181 13.7375
 13.7516 13.7654 13.779  13.7965 13.8117 13.829  13.8533 13.874  13.8876
 13.9066 13.9249 13.9401 13.957  13.9753 14.0072 14.0227 14.0421 14.0596
 14.0744 14.0903 14.1083 14.1257 14.151  14.1676 14.1819 14.1949 14.2124
 14.2255 14.2392 14.2528 14.2702 14.2937 14.3174 14.3346 14.3524 14.3659
 14.3841 14.413  14.4274 14.4422 14.4572 14.4816 14.5021 14.5179 14.5327
 14.5497 14.5679 14.583  14.5953 14.6087 14.629  14.6582 14.6879 14.7026
 14.7186 14.7404 14.7608 14.7792 14.7957 14.8218 14.8502 14.8654 14.8827
 14.8981 14.9331 14.9479 14.966  14.9977 15.0644 15.0864 15.1033 15.1212
 15.1437 15.1821 15.2215 19.7156
20.7317 20.8778 21.0615 21.2296 21.276  21.4219 21.5357 21.6098 21.6359
 21.6599 21.6916 21.7235 21.7535 21.7744 21.8185 21.8404 21.8599 21.8857
 21.9289 21.9501 21.9698 21.9857 22.0135 22.0376 22.0551 22.0789 22.0938
 22.1099 22.1312 22.1504 22.1647 22.1797 22.1972 22.2131 22.2279 22.2422
 22.262  22.281  22.2927 22.3103 22.3214 22.3317 22.3477 22.3672 22.3784
 22.3922 22.4045 22.4192 22.4393 22.4508 22.4624 22.4762 22.4888 22.4999
 22.5132 22.5246 22.5375 22.5497 22.5629 22.5753 22.5879 22.6029 22.6188
 22.639  22.6519 22.6649 22.6793 22.6921 22.7053 22.7188 22.734  22.7517
 22.766  22.7775 22.8012 22.8185 22.8373 22.8498 22.8657 22.8782 22.8886
 22.9009 22.9131 22.93   22.9457 22.9578 22.9693 22.9832 22.9989 23.0206
 23.0371 23.0564 23.0737 23.0939 23.1122 23.1288 23.1445 23.1567 23.1691
 23.1816 23.1942 23.2056 23.2195 23.231  23.2464 23.2627 23.2774 23.2914
 23.3038 23.3192 23.3333 23.3549 23.3671 23.3855 23.4052 23.4241 23.4375
 23.4553 23.4712 23.4865 23.5016 23.5127 23.5288 23.5424 23.5704 23.5869
 23.6021 23.6179 23.6388 23.6534 23.6806 23.6972 23.7346 23.7556 23.7883
 23.8164 23.8499 23.8811 23.9134 24.0025 29.9426 29.9856
30.0657 30.1732 30.2036 30.2252 30.2544 30.2866 30.3193 30.3425 30.3566
 30.3714 30.4049 30.4579 30.4797 30.5007 30.5158 30.5339 30.5485 30.5695
 30.5821 30.5996 30.6132 30.629  30.6496 30.6625 30.676  30.6899 30.7029
 30.7157 30.7291 30.7425 30.7567 30.7763 30.7894 30.799  30.8117 30.8282
 30.8417 30.859  30.8697 30.8815 30.8984 30.9105 30.9236 30.9362 30.9469
 30.9593 30.9697 30.9819 30.9928 31.005  31.0176 31.0298 31.0427 31.053
 31.0629 31.0718 31.082  31.0923 31.1013 31.1119 31.1243 31.135  31.1458
 31.1592 31.1707 31.1801 31.1911 31.2031 31.2138 31.222  31.2314 31.2408
 31.2522 31.2631 31.2735 31.2839 31.2943 31.3044 31.3141 31.327  31.3382
 31.3478 31.3586 31.3697 31.3822 31.3961 31.4069 31.4183 31.4353 31.4451
 31.457  31.4679 31.4783 31.4894 31.5004 31.5112 31.5218 31.5322 31.5457
 31.5578 31.5727 31.5867 31.6003 31.6127 31.6251 31.6372 31.6505 31.6658
 31.6811 31.6934 31.7054 31.7187 31.7288 31.7396 31.7494 31.7607 31.7703
 31.7815 31.7927 31.8061 31.8193 31.8327 31.8446 31.8573 31.8684 31.881
 31.8952 31.9084 31.919  31.9321 31.9439 31.9551 31.9669 31.9817 31.9918
 32.0056 32.0197 32.0307 32.0411 32.0525 32.0648 32.0766 32.0882 32.1042
 32.1187 32.1318 32.1448 32.1557 32.1683 32.1801 32.1935 32.2094 32.2207
 32.2345 32.246  32.2586 32.2724 32.286  32.3006 32.3171 32.3357 32.3522
 32.3672 32.3839 32.4007 32.4184 32.436  32.4632 32.4819 32.4947 32.5149
 32.5317 32.5644 32.5904 32.6135 32.669  32.6945 32.8483 36.7762 37.7158
 38.1715 38.3498 38.3747 38.4426 38.4641 38.5382 38.6287 38.6616 38.685
 38.7321 38.7723 38.809  38.832  38.8955 38.9308 38.9645 38.9799 39.0006
 39.0158 39.0297 39.0478 39.0669 39.0791 39.0925 39.1065 39.1296 39.1446
 39.1623 39.177  39.2041 39.2215 39.2371 39.2569 39.2777 39.2928 39.3102
 39.3246 39.3399 39.3518 39.365  39.3757 39.3903 39.4043 39.4139 39.4268
 39.4378 39.4552 39.4696 39.4811 39.4942 39.5037 39.515  39.5254 39.5379
 39.5498 39.5612 39.5756 39.5869 39.5978 39.6121 39.6227 39.6355 39.646
 39.6583 39.6673 39.6769 39.687  39.698  39.7098 39.7221 39.7329 39.7437
 39.754  39.7652 39.7782 39.7887 39.8048 39.8187 39.8355 39.847  39.8575
 39.8702 39.89   39.9026 39.9151 39.9253 39.9384 39.9506 39.9626 39.9751
40.0013 40.0122 40.0231 40.0375 40.049  40.0608 40.0732 40.0849 40.0959
 40.1107 40.123  40.1333 40.1443 40.1561 40.1668 40.1779 40.1887 40.1995
 40.2096 40.2254 40.2435 40.254  40.2647 40.2752 40.2863 40.2983 40.3109
 40.3295 40.3452 40.357  40.3705 40.381  40.3938 40.4055 40.422  40.4342
 40.4469 40.4602 40.4737 40.4848 40.5009 40.5243 40.5371 40.5475 40.5638
 40.5807 40.5955 40.6078 40.6214 40.6362 40.6571 40.6707 40.694  40.7118
 40.7255 40.7471 40.7669 40.7809 40.7989 40.8266 40.8528 40.8695 40.8919
 40.9059 40.9217 40.9423 40.9701 40.9928 41.0319 41.0798 41.1172 41.2628
 45.6109 47.2504 47.3791 47.4067 47.4647 47.4853 47.571  47.5886 47.6138
 47.6557 47.6722 47.6982 47.7441 47.7639 47.7865 47.8102 47.8284 47.8498
 47.8658 47.8841 47.9004 47.9149 47.9329 47.954  47.9887 48.0105 48.025
 48.0406 48.0538 48.0645 48.0778 48.0888 48.1005 48.1165 48.1303 48.143
 48.1579 48.1699 48.1814 48.1932 48.2042 48.217  48.2329 48.2441 48.2601
 48.2706 48.283  48.297  48.3094 48.3306 48.3418 48.3541 48.3663 48.3795
 48.3926 48.4039 48.4173 48.4317 48.4491 48.4746 48.4927 48.5098 48.5225
 48.5369 48.5548 48.5658 48.5782 48.5883 48.6027 48.6208 48.6355 48.6494
 48.6628 48.6758 48.6912 48.7034 48.7171 48.7341 48.7586 48.7769 48.7909
 48.8107 48.8238 48.8397 48.8538 48.8675 48.882  48.8954 48.9086 48.9282
 48.9444 48.9592 48.9774 48.9902 49.0125 49.0251 49.0369 49.0508 49.0648
 49.0882 49.1054 49.1235 49.1413 49.1587 49.1739 49.1865 49.2037 49.2215
 49.2378 49.2624 49.2784 49.295  49.3177 49.3469 49.362  49.3783 49.4044
 49.4222 49.463  49.4963 49.5304 49.6108 49.637  49.665  49.7159 49.7953
 49.8295 49.8678
53.1679 54.8292 54.9996 55.0256 55.1104 55.2578 55.3036 55.3978 55.4246
 55.4748 55.5068 55.5757 55.6003 55.626  55.6525 55.6719 55.7058 55.7254
 55.7521 55.7649 55.7944 55.8207 55.8392 55.856  55.8707 55.8847 55.9004
 55.9142 55.9375 55.9525 55.9677 55.9784 55.995  56.0101 56.0223 56.041
 56.0529 56.0772 56.0912 56.1082 56.1201 56.135  56.1536 56.1726 56.1834
 56.1955 56.2101 56.23   56.2424 56.2543 56.268  56.2793 56.291  56.3039
 56.3184 56.332  56.3426 56.357  56.3663 56.3776 56.3894 56.4007 56.4154
 56.4279 56.4379 56.4495 56.4591 56.4694 56.4811 56.4918 56.5017 56.5129
 56.525  56.5357 56.5485 56.5599 56.5705 56.5827 56.5948 56.6053 56.6163
 56.6315 56.646  56.6581 56.6715 56.6841 56.6964 56.7065 56.7233 56.7353
 56.7471 56.7582 56.7699 56.7806 56.8035 56.817  56.8293 56.8431 56.856
 56.8687 56.881  56.8912 56.9038 56.916  56.9294 56.9452 56.9561 56.9675
 56.9906 57.0048 57.0176 57.0296 57.0421 57.0564 57.0687 57.0795 57.0902
 57.1054 57.1218 57.133  57.1441 57.1578 57.1709 57.185  57.1964 57.2095
 57.224  57.2382 57.2521 57.2636 57.2759 57.293  57.3054 57.3181 57.3297
 57.3463 57.3641 57.3783 57.3968 57.4112 57.4255 57.4398 57.456  57.4735
 57.4884 57.5023 57.524  57.5402 57.5544 57.5681 57.5818 57.594  57.6092
 57.6282 57.6542 57.6695 57.6891 57.7088 57.7275 57.7498 57.77   57.7957
 57.8354 57.8616 57.8964 58.0639
62.5367 63.7936 63.9779 64.1947 64.2346 64.3862 64.4068 64.5134 64.6107
 64.6275 64.6793 64.7122 64.7793 64.8007 64.8271 64.8518 64.8717 64.9016
 64.9314 64.9436 64.9641 64.9808 64.9965 65.0149 65.0272 65.0463 65.0621
 65.0816 65.0992 65.1134 65.1255 65.1381 65.1518 65.1649 65.1771 65.1922
 65.208  65.2238 65.2385 65.2581 65.2775 65.2893 65.3059 65.3197 65.3347
 65.3492 65.3742 65.3873 65.3979 65.4099 65.424  65.4415 65.4549 65.4666
 65.4792 65.4901 65.5021 65.5193 65.5391 65.5543 65.5741 65.5856 65.6004
 65.6159 65.6382 65.6535 65.6708 65.6834 65.6954 65.7088 65.7223 65.7336
 65.7448 65.7614 65.7817 65.7941 65.8084 65.8379 65.8619 65.8729 65.8854
 65.8984 65.9092 65.923  65.9398 65.9572 65.9696 65.9809 65.9929 66.0105
 66.0286 66.042  66.0577 66.0699 66.0829 66.1017 66.1159 66.1351 66.1505
 66.1642 66.1821 66.2023 66.2137 66.2301 66.2429 66.2593 66.274  66.294
 66.3088 66.3265 66.3444 66.3598 66.3733 66.39   66.4087 66.4236 66.4502
 66.4722 66.4988 66.5198 66.5408 66.5547 66.584  66.6114 66.6274 66.6608
 66.6892 66.7118 66.7412 66.7613 66.7848 66.8222 67.1776

