12.4092 12.8954 13.0925 13.2557 13.3283 13.473  13.4962 13.5212 13.5823
 13.6264 13.6618 13.6886 13.7143 13.7304 13.7555 13.7768 13.8125 13.8326
 13.8491 13.8706 13.8947 13.9101 13.9253 13.9434 13.9587 13.9738 13.9867
 14.001  14.0184 14.0443 14.0656 14.0801 14.0928 14.1061 14.1213 14.1366
 14.1507 14.1642 14.1775 14.2013 14.2205 14.2371 14.2487 14.2686 14.2831
 14.301  14.3196 14.3471 14.3635 14.3815 14.4088 14.425  14.4455 14.4672
 14.4882 14.5256 14.5385 14.5571 14.5907 14.6132 14.6674 14.6939 14.7133
 14.7385 14.7604 14.7858 14.8841 14.9237 14.9757 14.9968 15.0134 15.0638
 15.1001 15.1378 15.2011 15.2314 15.2628 15.2893 15.3499
20.6544 20.9114 20.9786 21.2164 21.5983 21.6542 21.6938 21.7591 21.7964
 21.9686 22.018  22.0449 22.0973 22.1187 22.1711 22.1997 22.2473 22.2735
 22.2925 22.3113 22.3319 22.3497 22.3665 22.3787 22.3927 22.4086 22.4251
 22.441  22.4567 22.4716 22.4853 22.5032 22.5206 22.5349 22.5527 22.5658
 22.5816 22.5946 22.6078 22.6198 22.6336 22.6493 22.6634 22.6779 22.6911
 22.7042 22.7177 22.7293 22.7437 22.7534 22.765  22.7762 22.7873 22.7983
 22.8142 22.8271 22.8397 22.8498 22.8634 22.8775 22.8923 22.9054 22.9179
 22.9334 22.948  22.9639 22.9749 22.9859 22.9969 23.0078 23.0214 23.0357
 23.0491 23.061  23.0761 23.0937 23.1089 23.1208 23.1337 23.1465 23.1614
 23.1787 23.1919 23.2056 23.2383 23.2654 23.285  23.3028 23.3178 23.3345
 23.3524 23.3664 23.3889 23.4106 23.4258 23.4454 23.4608 23.4806 23.4994
 23.5274 23.5451 23.5678 23.5877 23.6388 23.6803 23.7149 23.7417 23.7627
 23.7837 23.8279 23.8564 23.9618 24.0939 24.1728 24.2212 24.4778 27.5937
 29.5371
30.2996 30.3527 30.4118 30.532  30.5667 30.6127 30.6315 30.6624 30.6794
 30.6974 30.7103 30.7309 30.7545 30.7683 30.7856 30.8006 30.8247 30.8387
 30.8504 30.8699 30.8873 30.8998 30.9127 30.9328 30.9445 30.9584 30.9743
 30.9955 31.0083 31.0206 31.0313 31.0449 31.0557 31.0664 31.0764 31.0872
 31.0991 31.1091 31.1219 31.1315 31.1414 31.1514 31.1619 31.174  31.1835
 31.1923 31.2015 31.2177 31.2301 31.2393 31.2499 31.2602 31.2708 31.2813
 31.2912 31.3004 31.3095 31.3203 31.3299 31.3387 31.3471 31.356  31.365
 31.375  31.3851 31.3943 31.4045 31.4133 31.4235 31.4321 31.4424 31.4518
 31.4605 31.4724 31.4824 31.4942 31.504  31.5134 31.5245 31.5369 31.5467
 31.5576 31.5671 31.5784 31.5887 31.6001 31.6124 31.6224 31.6331 31.643
 31.652  31.6615 31.6712 31.6828 31.6956 31.7064 31.7185 31.7291 31.7393
 31.75   31.7595 31.7687 31.779  31.7903 31.8025 31.8178 31.8323 31.8453
 31.8626 31.874  31.8861 31.8979 31.9143 31.9278 31.9385 31.9504 31.9684
 31.986  32.0018 32.0154 32.0316 32.0442 32.0562 32.0733 32.0893 32.1025
 32.1225 32.1386 32.1561 32.1764 32.192  32.2054 32.2164 32.2322 32.2478
 32.2659 32.2827 32.3057 32.3218 32.3412 32.3828 32.4014 32.4226 32.4437
 32.4627 32.4904 32.5138 32.5311 32.5577 32.5828 32.623  32.6793 32.7083
 32.7614 32.7876 32.8157 32.8708 32.9684 33.0363 33.0874 38.7088 38.7326
 38.7685 38.8469 38.9719 39.0046 39.0351 39.0886 39.108  39.1357 39.1558
 39.1873 39.2136 39.2372 39.2569 39.2758 39.2945 39.3136 39.3244 39.3442
 39.3659 39.3868 39.4095 39.4219 39.4316 39.4452 39.4588 39.4732 39.4906
 39.5052 39.5185 39.5301 39.5416 39.5562 39.5764 39.5909 39.603  39.616
 39.635  39.6484 39.6594 39.6719 39.6861 39.7009 39.7131 39.7245 39.7396
 39.7525 39.7649 39.7751 39.7866 39.7998 39.8155 39.8272 39.8408 39.853
 39.8657 39.8792 39.8921 39.9037 39.9145 39.9256 39.9355 39.9448 39.9543
 39.9641 39.9752 39.9885
40.0006 40.0116 40.0229 40.0352 40.0482 40.0629 40.076  40.0874 40.0983
 40.1099 40.1207 40.1357 40.1487 40.1628 40.1778 40.19   40.2025 40.2129
 40.2264 40.2446 40.2646 40.2831 40.2978 40.3115 40.3246 40.3392 40.354
 40.3677 40.3859 40.4017 40.4244 40.4363 40.4499 40.4614 40.483  40.5027
 40.5157 40.5295 40.5467 40.564  40.5796 40.5999 40.6194 40.6329 40.6509
 40.6652 40.6846 40.7087 40.7328 40.7506 40.7671 40.7874 40.8083 40.8249
 40.8389 40.8529 40.8684 40.8826 40.9128 40.9383 40.9727 41.0007 41.0236
 41.0454 41.1054 41.2032 41.2233 41.4639 45.4818 47.4174 47.6021 47.665
 47.6998 47.7192 47.7533 47.8306 47.8819 47.9027 47.9242 47.9613 47.9775
 47.9939 48.0074 48.0727 48.0979 48.1219 48.1393 48.1537 48.1676 48.1909
 48.2027 48.2213 48.2387 48.2588 48.2729 48.2911 48.3107 48.326  48.3407
 48.3592 48.3743 48.3876 48.4044 48.4203 48.4361 48.4489 48.465  48.4808
 48.4948 48.5084 48.5244 48.5369 48.5489 48.5617 48.5749 48.5954 48.6084
 48.6189 48.6314 48.6517 48.6734 48.6844 48.6964 48.7097 48.7262 48.7546
 48.7724 48.7848 48.8019 48.8237 48.8412 48.8588 48.8766 48.8927 48.9116
 48.9319 48.9464 48.9643 48.9773 48.9924 49.0132 49.0346 49.0566 49.0764
 49.0914 49.1105 49.1375 49.1603 49.1901 49.2208 49.2415 49.2746 49.3019
 49.3442 49.3757 49.3985 49.4213 49.4459 49.4671 49.4984 49.5248 49.5426
 49.5768 49.6552 49.6973 49.7276 49.8468 49.8811 49.916
50.0822 50.1694 50.2552 54.3077 55.1783 55.4124 55.5078 55.6115 55.7483
 55.7732 55.8138 55.8559 55.8915 55.9129 55.9406 55.9686 55.9929 56.0099
 56.0238 56.0542 56.0779 56.0941 56.1096 56.1221 56.1373 56.1519 56.1706
 56.1855 56.2035 56.2282 56.2462 56.2589 56.2796 56.2918 56.308  56.3221
 56.3349 56.3553 56.3682 56.3795 56.3924 56.4051 56.4183 56.4307 56.4447
 56.4541 56.4641 56.4744 56.4859 56.4977 56.5092 56.5271 56.539  56.5481
 56.5623 56.5726 56.5883 56.6016 56.6117 56.6226 56.6311 56.6406 56.6503
 56.6599 56.6697 56.6799 56.6921 56.7038 56.7143 56.7264 56.7438 56.7575
 56.7701 56.7808 56.7928 56.8048 56.8156 56.8285 56.8391 56.8546 56.8671
 56.8805 56.8932 56.9065 56.9196 56.9333 56.9449 56.9572 56.968  56.9796
 56.9984 57.0154 57.0264 57.038  57.0499 57.0628 57.0775 57.0972 57.1101
 57.1276 57.1421 57.1567 57.1705 57.1848 57.2063 57.2197 57.2344 57.2535
 57.2667 57.2854 57.3007 57.3188 57.3351 57.3514 57.3756 57.3949 57.4083
 57.4255 57.4397 57.4582 57.4825 57.5026 57.5174 57.5298 57.5471 57.5632
 57.5844 57.6052 57.6319 57.6627 57.6797 57.6971 57.7226 57.7403 57.7836
 57.8091 57.8453 57.8703 57.8923 57.9381 57.9776 58.0078 58.0587 58.0933
 58.4575
61.7598 63.9451 64.2262 64.6107 64.6869 64.7353 64.7619 64.8296 64.8591
 64.9489 65.0026 65.0608 65.0912 65.1097 65.1411 65.1631 65.1864 65.2129
 65.2386 65.2624 65.2881 65.3027 65.3214 65.3426 65.3595 65.3803 65.4004
 65.4226 65.438  65.4547 65.4691 65.4876 65.5006 65.5128 65.5258 65.5422
 65.5546 65.5663 65.5845 65.595  65.6073 65.6225 65.6373 65.6501 65.6629
 65.6767 65.6922 65.7076 65.7252 65.742  65.7566 65.7737 65.7889 65.8006
 65.8164 65.8296 65.8424 65.8715 65.8933 65.9079 65.9289 65.9446 65.9618
 65.9766 65.9944 66.0083 66.0284 66.0483 66.0647 66.0781 66.0948 66.1123
 66.1627 66.1762 66.1892 66.2051 66.2255 66.2443 66.261  66.2789 66.3061
 66.3324 66.3607 66.3762 66.3935 66.4317 66.4553 66.4753 66.5006 66.5444
 66.5609 66.6089 66.6384 66.6615 66.6907 66.7621 66.8121 66.8988 66.9388
 66.9743 67.0637 67.2318

