13.1447 13.5719 13.6884 13.7756 13.8367 14.027  14.0515 14.0894 14.1292
 14.2207 14.2969 14.313  14.3275 14.3489 14.3699 14.4126 14.4278 14.4487
 14.4655 14.4815 14.5002 14.5359 14.5525 14.5671 14.5923 14.6107 14.6294
 14.6464 14.6691 14.6808 14.7098 14.7246 14.7446 14.7553 14.7682 14.7802
 14.7972 14.8095 14.8367 14.8496 14.8648 14.8763 14.8919 14.9087 14.9311
 14.9472 14.9623 14.974  14.9883 15.0031 15.036  15.0499 15.0672 15.0903
 15.1046 15.1154 15.1263 15.1396 15.1496 15.1617 15.1748 15.1847 15.1978
 15.2094 15.2215 15.2364 15.2461 15.2581 15.2683 15.2852 15.2956 15.3073
 15.3207 15.3328 15.3441 15.3563 15.3691 15.3866 15.4005 15.4161 15.4314
 15.4499 15.474  15.5032 15.5384 15.5577 15.5863 19.5209
23.365  23.4542 23.6629 23.8089 23.8896 23.9628 24.0548 24.1436 24.1853
 24.2136 24.2336 24.2544 24.2694 24.2878 24.3071 24.3806 24.3982 24.4291
 24.4413 24.456  24.4708 24.489  24.5042 24.5208 24.5442 24.5615 24.573
 24.5859 24.6034 24.6202 24.6365 24.6582 24.6763 24.6979 24.7126 24.7365
 24.7638 24.7805 24.7932 24.8042 24.8164 24.8279 24.8422 24.8537 24.8676
 24.8783 24.8919 24.9016 24.9159 24.9336 24.954  24.9688 24.9858 24.998
 25.0127 25.0261 25.0417 25.0567 25.0715 25.0885 25.0984 25.1178 25.1405
 25.1571 25.1777 25.1931 25.2157 25.2338 25.2509 25.2661 25.2928 25.3174
 25.36
32.5137 33.0438 33.1143 33.1679 33.214  33.2472 33.2789 33.317  33.3718
 33.395  33.4887 33.5125 33.5697 33.6831 33.7097 33.7245 33.7448 33.7701
 33.7883 33.8051 33.8162 33.8312 33.8457 33.8613 33.875  33.8933 33.9131
 33.926  33.9442 33.9565 33.9668 33.9807 33.9925 34.0055 34.0201 34.0354
 34.0485 34.0671 34.0785 34.0899 34.1016 34.1206 34.136  34.1484 34.1623
 34.1728 34.1827 34.1959 34.2058 34.22   34.2309 34.2412 34.2526 34.2628
 34.272  34.2851 34.2973 34.3117 34.3254 34.34   34.3517 34.3621 34.3712
 34.3816 34.3919 34.4029 34.4118 34.4225 34.4344 34.4435 34.4524 34.4638
 34.4739 34.4854 34.4956 34.5056 34.5158 34.5307 34.5397 34.55   34.5588
 34.571  34.581  34.5917 34.6022 34.6112 34.6222 34.632  34.6423 34.6524
 34.6623 34.6722 34.6819 34.6914 34.7027 34.711  34.7197 34.7304 34.7414
 34.7517 34.7624 34.7746 34.7867 34.8002 34.8138 34.8246 34.8363 34.8462
 34.8571 34.867  34.8787 34.8887 34.9003 34.9128 34.9289 34.943  34.9528
 34.9668 34.9817 34.9926 35.0033 35.0211 35.0338 35.046  35.0569 35.1021
42.2515 43.2642 43.3539 43.4416 43.5434 43.6122 43.6827 43.7174 43.7914
 43.8056 43.8303 43.8515 43.8927 43.9084 43.9404 43.9635 43.9801 44.0042
 44.0234 44.0385 44.0529 44.08   44.0957 44.1235 44.1521 44.1658 44.1795
 44.2085 44.2229 44.2354 44.2511 44.2682 44.2796 44.2904 44.3035 44.3209
 44.3347 44.3486 44.3621 44.379  44.3918 44.422  44.4416 44.4614 44.4751
 44.4867 44.4983 44.5136 44.5261 44.5353 44.5447 44.5544 44.5674 44.5804
 44.5929 44.6067 44.6187 44.6323 44.6519 44.6621 44.6714 44.6827 44.6964
 44.712  44.7239 44.7336 44.7453 44.7568 44.7732 44.7855 44.8165 44.8321
 44.8543 44.8649 44.8792 44.8929 44.9139 44.9269 44.9397 44.9553 44.9721
 44.9875 44.9984 45.0168 45.0293 45.0467 45.0602 45.0733 45.096  45.1138
 45.1289 45.1506 45.1642
51.1938 53.136  53.1994 53.4377 53.4847 53.5258 53.5517 53.5872 53.6063
 53.629  53.6836 53.7071 53.7771 53.7974 53.8142 53.8295 53.8437 53.8603
 53.8759 53.8916 53.9153 53.9326 53.9553 53.9678 53.9797 53.9964 54.0099
 54.0294 54.0432 54.0631 54.0724 54.0952 54.116  54.1285 54.1438 54.1543
 54.1743 54.1877 54.2115 54.2238 54.2375 54.2541 54.2705 54.282  54.2933
 54.3059 54.3156 54.3286 54.3431 54.3557 54.3656 54.3784 54.3917 54.4008
 54.4126 54.4221 54.4315 54.4406 54.4488 54.4608 54.4706 54.4817 54.4938
 54.5069 54.5178 54.5302 54.5397 54.5516 54.5608 54.5696 54.5782 54.5892
 54.599  54.6112 54.6195 54.6324 54.644  54.6547 54.6657 54.6781 54.6914
 54.7109 54.727  54.7455 54.7566 54.7666 54.7815 54.7936 54.8137 54.8659
 54.9112 54.926
60.5814 61.7477 62.3384 62.4018 62.6415 62.7334 62.8284 62.946  63.0563
 63.0989 63.1425 63.1919 63.2297 63.3366 63.3872 63.4349 63.4707 63.5106
 63.5299 63.5618 63.6066 63.6185 63.6434 63.6569 63.6971 63.7146 63.727
 63.7412 63.762  63.8046 63.8231 63.8387 63.8615 63.8773 63.8906 63.9246
 63.9585 63.975  63.9863 64.0033 64.0228 64.05   64.0698 64.0904 64.1089
 64.1214 64.1319 64.1467 64.162  64.1848 64.2018 64.2212 64.2354 64.2552
 64.275  64.2866 64.3039 64.3206 64.3334 64.3724 64.3852 64.4214 64.433
 64.4425 64.4542 64.4701 64.5034 64.5151 64.5489 64.5768 64.6584

