11.3742 12.6549 12.9899 13.2718 14.4092 14.4241 14.5872 14.6142 14.6373
 14.6697 14.6918 14.7698 14.8035 14.822  15.1815 15.2058 15.2456 15.2671
 15.3908 15.4263 15.4447
22.1035 23.7969 24.0558 24.1325 24.1542 24.2466 24.2736 24.2967 24.3238
 24.3659 24.4242 24.4669 24.4933 24.5595 24.6733 24.7464 24.9738 25.0349
32.5921 32.7852 32.972  33.0796 33.2461 33.4409 33.6787 33.6977 33.8183
 33.8599 33.8923 33.9234 33.9479 33.97   33.9841 34.0456 34.0673 34.0985
 34.1142 34.1393 34.1639 34.1765 34.2144 34.2296 34.2504 34.2863 34.3062
 34.36   34.377  34.3931 34.4585 34.5076 34.5196 34.5789 34.6059 34.6493
 34.6691 34.6888 34.709  34.7649 34.8085 34.8995 34.9294 34.9869 35.0026
42.8351 43.6633 43.7186 43.743  43.8823 44.0037 44.1286 44.1621 44.1803
 44.1989 44.2792 44.3741 44.4079 44.4276 44.5024 44.5678 44.594  44.647
 44.6589 44.6729 44.7283 44.8118 44.8611 44.9747
53.2792 53.3629 53.702  53.8383 53.8938 53.9548 54.1335 54.1488 54.2406
 54.3183 54.3355 54.3967 54.4559 54.4765 54.5062 54.6428 54.7015 54.768
61.1029 62.5518 63.0681 63.2827 63.3214 63.3796 63.4944 63.598  63.6738
 63.7669 63.7977 63.8258 63.9506 64.2791 64.3196

