13.9251 14.0039 14.2413 14.2883 14.3079 14.3448 14.3936 14.4145 14.433
 14.5149 14.5347 14.5555 14.5726 14.5958 14.622  14.6564 14.6751 14.7011
 14.7245 14.7397 14.7609 14.7883 14.8239 14.8516 14.8843 14.9163 14.9288
 14.9436 14.9585 14.9759 14.9869 15.0029 15.0332 15.0583 15.0842 15.1003
 15.1157 15.131  15.1433 15.1562 15.1705 15.1861 15.2021 15.2128 15.2281
 15.2442 15.2566 15.2686 15.2807 15.2946 15.3081 15.3262 15.3387 15.3513
 15.3696 15.3846 15.3982 15.412  15.4301 15.4439 15.459  15.4742 15.4911
 15.5058 15.5204 15.5364 15.5476 15.5608 15.5752 15.5895 15.6107 15.6301
 15.6423 15.6547 15.6703 15.6826 15.695  15.7106 15.723  15.7362 15.7504
 15.7685 15.7855 15.7999 15.814  15.8311 15.8452 15.8572 15.8714 15.886
 15.9024 15.9173 15.9371 15.9605 15.9749 15.9881 16.0058 16.0226 16.0371
 16.0574 16.0722 16.0856 16.1039 16.1274 16.1452 16.1613 16.1745 16.1933
 16.2085 16.222  16.2403 16.2545 16.2736 16.2903 16.3056 16.3239 16.3389
 16.3542 16.3693 16.3946 16.4137 16.4324 16.452  16.4702 16.4906 16.5099
 16.5346 16.559  16.5874 16.6079 16.6249 16.6506 16.6994 16.7412 16.7618
 16.7831 16.8155 16.8532 16.8912 16.9847 17.0908 17.1383
23.9092 24.1275 24.2117 24.2445 24.3015 24.343  24.414  24.4369 24.4668
 24.496  24.5139 24.537  24.5561 24.5807 24.6172 24.6345 24.6528 24.6713
 24.6875 24.7132 24.7296 24.7492 24.7641 24.7871 24.8082 24.8274 24.8461
 24.8611 24.8839 24.8971 24.9113 24.9253 24.944  24.9588 24.9749 24.9902
 25.0023 25.0198 25.0329 25.0485 25.0658 25.0784 25.0907 25.1067 25.1258
 25.1402 25.1589 25.1771 25.1962 25.2099 25.2257 25.2446 25.2596 25.2729
 25.2902 25.304  25.3158 25.3368 25.356  25.3683 25.3899 25.4141 25.4325
 25.4517 25.4685 25.485  25.5033 25.5174 25.5301 25.5458 25.5602 25.5806
 25.6018 25.6186 25.6378 25.6563 25.6699 25.6824 25.6978 25.7118 25.7304
 25.7495 25.7688 25.7848 25.8007 25.8138 25.8293 25.8454 25.8699 25.8967
 25.9129 25.9325 25.9503 25.9677 25.9819 26.0024 26.0184 26.0307 26.0452
 26.062  26.0862 26.1139 26.138  26.1592 26.1846 26.2097 26.2266 26.247
 26.2729 26.2905 26.3228 26.3741 26.3972 26.4303 26.4655 26.4901 26.5187
 26.5808 26.6078 26.6441 26.8864 26.9857
33.4536 33.5265 33.5662 33.6809 33.7224 33.7742 33.7949 33.8176 33.8807
 33.9133 33.9411 33.9605 33.9778 33.999  34.019  34.0401 34.0545 34.0662
 34.0824 34.1021 34.1216 34.1362 34.1525 34.1662 34.1808 34.2017 34.2152
 34.2317 34.2477 34.2734 34.2878 34.2986 34.3097 34.324  34.3368 34.3526
 34.3764 34.3893 34.404  34.416  34.4269 34.4393 34.4513 34.4643 34.4746
 34.4876 34.5002 34.5144 34.5316 34.5416 34.5525 34.5646 34.5778 34.5889
 34.599  34.6098 34.6233 34.6335 34.6474 34.6576 34.669  34.6792 34.6891
 34.6983 34.7082 34.7206 34.732  34.7435 34.7557 34.7663 34.7762 34.787
 34.7986 34.8087 34.8186 34.829  34.8418 34.8523 34.8623 34.8725 34.8832
 34.8954 34.9055 34.916  34.9256 34.9375 34.948  34.9608 34.9731 34.9846
 34.9934 35.0055 35.0157 35.0257 35.0359 35.0458 35.0548 35.065  35.0741
 35.0837 35.0936 35.104  35.1143 35.1261 35.1372 35.1468 35.1583 35.1698
 35.1847 35.1949 35.2058 35.2213 35.2342 35.247  35.2581 35.27   35.2802
 35.2924 35.3043 35.3159 35.326  35.3357 35.3483 35.361  35.3731 35.3837
 35.3947 35.4071 35.42   35.4332 35.4437 35.4548 35.4647 35.4761 35.4871
 35.5009 35.5123 35.5224 35.5336 35.5486 35.5613 35.5739 35.5854 35.5958
 35.6062 35.6185 35.63   35.6409 35.6515 35.6646 35.6766 35.6895 35.6992
 35.7106 35.7229 35.7351 35.7453 35.7575 35.772  35.7828 35.7954 35.8096
 35.8203 35.8312 35.8453 35.8613 35.8742 35.885  35.8986 35.9108 35.9292
 35.9408 35.9556 35.9692 35.9839 36.0001 36.016  36.0331 36.0451 36.0602
 36.0747 36.0978 36.1137 36.1297 36.1447 36.1596 36.1771 36.1935 36.2086
 36.2255 36.244  36.2618 36.2805 36.2999 36.3178 36.3378 36.3548 36.3696
 36.3922 36.4135 36.4402 36.4621 36.4984 36.5199 36.5496 36.5908 36.6416
 36.7099 36.7956 36.8279 37.0891
42.3812 43.5376 43.5813 43.6919 43.7233 43.7978 43.8103 43.8529 43.9531
 43.9865 44.0444 44.0869 44.1135 44.1308 44.1457 44.1695 44.188  44.2042
 44.2258 44.2633 44.3275 44.3467 44.365  44.3981 44.4128 44.4398 44.4587
 44.4751 44.4927 44.5093 44.5252 44.5387 44.5562 44.5756 44.5886 44.6027
 44.6166 44.6277 44.6429 44.6544 44.6686 44.683  44.6965 44.7101 44.7206
 44.7343 44.7471 44.7693 44.7838 44.7985 44.8116 44.8273 44.8417 44.8543
 44.867  44.8795 44.8931 44.9072 44.9214 44.9332 44.9463 44.9582 44.9695
 44.9843 44.9979 45.0104 45.0222 45.0343 45.0452 45.0562 45.0703 45.0803
 45.094  45.1053 45.1161 45.1299 45.1426 45.1566 45.1679 45.1798 45.1916
 45.2043 45.2159 45.2264 45.2374 45.2517 45.2698 45.283  45.2994 45.3102
 45.3218 45.3352 45.3493 45.3658 45.3786 45.3897 45.4013 45.4143 45.4307
 45.4458 45.4577 45.4739 45.4875 45.504  45.5199 45.5369 45.5493 45.5613
 45.5718 45.584  45.5969 45.6143 45.6288 45.6453 45.6578 45.6703 45.6807
 45.7017 45.7194 45.7353 45.7521 45.7766 45.7921 45.8057 45.818  45.8339
 45.8499 45.8704 45.8818 45.9004 45.9142 45.9337 45.9481 45.9707 45.9868
 46.0035 46.0227 46.0425 46.0607 46.0884 46.1084 46.1269 46.1473 46.1863
 46.2117 46.2384 46.273  46.2888 46.3157 46.3453 46.3657 46.3845 46.4058
 46.4705 46.5183 46.5603 46.5793 46.6264 46.9029
52.6196 52.8987 53.1059 53.2263 53.3127 53.492  53.5973 53.6444 53.6672
 53.6924 53.7652 53.8092 53.8895 53.9118 53.9539 53.9792 53.9964 54.0213
 54.0469 54.0672 54.0858 54.1037 54.1345 54.1523 54.1702 54.1956 54.2131
 54.2373 54.2517 54.2767 54.2946 54.3175 54.3367 54.3526 54.3679 54.3823
 54.3969 54.4121 54.4335 54.455  54.4706 54.4849 54.5024 54.5179 54.5322
 54.5498 54.5695 54.582  54.5991 54.6134 54.6276 54.6395 54.6545 54.6688
 54.6833 54.6969 54.7105 54.7224 54.7357 54.7458 54.7586 54.7698 54.782
 54.7929 54.8045 54.817  54.8272 54.8399 54.8518 54.867  54.8784 54.8896
 54.9019 54.9145 54.9259 54.9389 54.9515 54.9649 54.9766 54.9895 55.0049
 55.0169 55.0273 55.0406 55.053  55.0659 55.0765 55.0874 55.1003 55.1119
 55.1234 55.1353 55.146  55.159  55.1736 55.1881 55.2036 55.2163 55.2277
 55.2397 55.2543 55.2664 55.2793 55.2912 55.3028 55.316  55.3302 55.3437
 55.3565 55.3745 55.393  55.4099 55.4232 55.4351 55.4492 55.4701 55.4878
 55.5003 55.516  55.5296 55.5453 55.5596 55.5776 55.5975 55.6167 55.6318
 55.6471 55.6597 55.6765 55.6926 55.7104 55.728  55.742  55.7583 55.7726
 55.7903 55.8134 55.8313 55.8491 55.8674 55.8807 55.8959 55.9116 55.932
 55.9507 55.9689 55.9898 56.0105 56.033  56.0532 56.0704 56.0911 56.1205
 56.1541 56.208  56.2414 56.3088 56.3737 56.3965 56.4559 56.6246 56.6648
62.3837 62.4508 63.1698 63.243  63.2817 63.3676 63.4337 63.4696 63.4966
 63.5185 63.5671 63.6277 63.6471 63.6636 63.7407 63.7687 63.7861 63.8176
 63.8324 63.85   63.8767 63.9058 63.9333 63.9743 63.9924 64.0126 64.035
 64.0599 64.0744 64.0882 64.1036 64.1169 64.1312 64.1487 64.1631 64.1775
 64.1889 64.2009 64.2154 64.2275 64.2437 64.2554 64.2745 64.2869 64.3028
 64.3193 64.3385 64.359  64.3778 64.3909 64.4024 64.4134 64.4256 64.44
 64.4522 64.4669 64.4815 64.4966 64.5118 64.5256 64.5391 64.5539 64.5706
 64.5864 64.6005 64.6127 64.6299 64.6478 64.6654 64.6825 64.6989 64.7116
 64.7263 64.7381 64.7495 64.7652 64.7792 64.7906 64.8035 64.8163 64.8299
 64.8438 64.8582 64.8766 64.8922 64.9033 64.9176 64.931  64.944  64.9569
 64.9711 64.9888 65.0083 65.0214 65.0401 65.0553 65.077  65.0898 65.1054
 65.1177 65.1423 65.1605 65.1799 65.1939 65.22   65.2346 65.2522 65.2711
 65.2889 65.3135 65.3271 65.3417 65.359  65.3783 65.3935 65.4207 65.4459
 65.4702 65.4895 65.5134 65.5363 65.5587 65.5962 65.622  65.6431 65.671
 65.7091 65.7358 65.8066 65.9385 65.9836 66.0593 66.0931

