13.2543 13.8648 13.9954 14.0579 14.1247 14.3145 14.3613 14.5453 14.5795
 14.6085 14.6724 14.7358 14.7602 14.7794 14.8028 14.8378 14.8614 14.8823
 14.9013 14.9196 14.9459 14.9629 14.9778 14.9966 15.0086 15.0286 15.0405
 15.0533 15.0952 15.1166 15.1293 15.1431 15.1617 15.1793 15.2006 15.2151
 15.2355 15.2507 15.2638 15.2759 15.2966 15.311  15.3334 15.3458 15.3727
 15.3884 15.401  15.4156 15.4341 15.4484 15.4727 15.4944 15.5291 15.5406
 15.5595 15.6953
22.6118 22.7427 24.2673 24.3807 24.5816 24.6383 24.7883 24.8729 24.8891
 24.97   24.99   25.0411 25.0575 25.0946 25.1271 25.1472 25.1716 25.1921
 25.2113 25.2225 25.2414 25.2602 25.2856 25.3435 25.3668 25.3891 25.4018
 25.4332 25.4569 25.4674 25.482  25.5043 25.5264 25.5478 25.5684 25.5859
 25.5954 25.6248 25.6466 25.6834 25.6944 25.7073 25.738  25.753  25.7659
 25.7957 25.8297 25.8813 25.9162
32.8529 33.2035 33.4133 33.6256 33.8157 33.8526 33.9019 33.9454 34.0494
 34.1125 34.1395 34.1726 34.1919 34.2514 34.3158 34.3619 34.3751 34.3988
 34.4185 34.4348 34.4495 34.4697 34.4867 34.5117 34.5317 34.5517 34.5691
 34.5935 34.6093 34.6223 34.6438 34.6553 34.6662 34.685  34.6996 34.7264
 34.7371 34.7553 34.7681 34.7863 34.8097 34.8368 34.8802 34.9003 34.9188
 34.9329 34.95   34.9616 34.9848 34.9995 35.0201 35.0444 35.0547 35.0688
 35.0853 35.1071 35.1231 35.1386 35.1585 35.1714 35.2004 35.2207 35.2391
 35.2508 35.2665 35.2827
41.837  42.6497 42.9433 43.0549 43.4023 43.4829 43.5686 43.6155 43.6539
 43.6771 43.7417 43.7983 43.8312 43.854  43.8776 43.9053 43.9526 43.9779
 43.9974 44.0129 44.0342 44.0543 44.0738 44.1113 44.132  44.1714 44.2216
 44.2396 44.2549 44.2701 44.2884 44.3077 44.3273 44.3511 44.3663 44.3826
 44.4206 44.4387 44.4687 44.4834 44.496  44.5117 44.5252 44.5411 44.5733
 44.6035 44.621  44.6329 44.6461 44.6757 44.6916 44.7095 44.7222 44.7396
 44.7528 44.7704 44.7812 44.7976 44.851  44.8634 44.878  44.9254
53.7196 53.8706 53.9678 54.2084 54.294  54.3274 54.3481 54.3697 54.401
 54.4259 54.4943 54.5173 54.5427 54.5592 54.6318 54.6492 54.6959 54.7328
 54.7549 54.7776 54.7927 54.8273 54.8518 54.888  54.9038 54.9232 54.9406
 54.9585 55.0156 55.0378 55.061  55.0806 55.109  55.1446 55.2167 55.2425
 55.5152
63.6117 63.8021 63.9134 64.02   64.1116 64.1665 64.2294 64.2608 64.2938
 64.3149 64.3354 64.3601 64.4175 64.4308 64.4456 64.4592 64.476  64.4922
 64.5094 64.5353 64.5561 64.5705 64.5833 64.6006 64.6314 64.6555 64.6671
 64.6831 64.7073 64.7252 64.7439 64.758  64.7695 64.7819 64.7941 64.8082
 64.8186 64.8283 64.8447 64.8712 64.8915 64.9074 64.928  64.9514 64.9618
 64.9745 64.9995 65.0285 65.0394 65.0723 65.0865 65.0991 65.1284 65.1432
 65.1548 65.1692 65.1871 65.2001 65.2128 65.2217 65.2334 65.2432 65.2542
 65.2681 65.2867 65.3169 65.327  65.3428 65.364  65.3752 65.4034 65.4276
 65.4406 65.4667 65.4829

