12.2684 13.2343 13.8174 14.4008 14.4818 14.5582 14.6319 14.6501 14.6893
 14.7169 14.7376 14.7998 14.8314 14.8549 14.8704 14.8864 14.9156 14.9537
 14.9868 15.0176 15.0366 15.0578 15.0695 15.1023 15.1149 15.1253 15.1465
 15.1605 15.1741 15.2009 15.2198 15.2512 15.267  15.2824 15.3064 15.3348
 15.3594 15.3734 15.3895 15.4083 15.4375 15.4561 15.4698 15.502  15.5115
 15.5337 15.5677 15.5907
23.6258 24.3301 24.6368 24.7495 24.7682 24.7882 24.9244 24.9677 24.9845
 25.0129 25.0659 25.0849 25.101  25.1187 25.1329 25.1476 25.1797 25.1983
 25.2342 25.2552 25.2726 25.2896 25.3021 25.3251 25.3429 25.3637 25.3804
 25.4048 25.4241 25.4554 25.4717 25.4911 25.5077 25.5206 25.5361 25.5615
 25.576  25.6149 25.6413 25.7433
33.5044 33.6426 33.6934 33.8964 34.0247 34.0619 34.1802 34.2035 34.2245
 34.254  34.2691 34.3235 34.3385 34.3585 34.4007 34.4237 34.4738 34.4975
 34.5145 34.5312 34.5439 34.5653 34.5917 34.615  34.6393 34.6611 34.6876
 34.7006 34.7124 34.7312 34.7537 34.7702 34.7907 34.8206 34.8357 34.8488
 34.8607 34.8757 34.9009 34.9165 34.9366 34.9669 35.0426 35.0752 35.0939
 35.1139
41.4947 43.255  43.3233 43.4722 43.5598 43.5819 43.5951 43.6187 43.6626
 43.7007 43.7412 43.7722 43.8083 43.8523 43.8694 43.8983 43.9119 43.9311
 43.9631 43.9836 43.9972 44.0218 44.0456 44.0603 44.0758 44.0933 44.1204
 44.1354 44.1571 44.1705 44.1919 44.2042 44.2314 44.251  44.2645 44.2756
 44.2893 44.3032 44.3288 44.3414 44.3542 44.3748 44.3909 44.4048 44.4213
 44.4344 44.4663 44.4825 44.536  44.6156 44.6749 44.7702
52.6729 52.7903 52.8376 53.0819 53.3831 53.6948 54.0423 54.1026 54.1587
 54.2506 54.2691 54.3024 54.3209 54.351  54.43   54.444  54.4672 54.4911
 54.5144 54.5483 54.6152 54.6546 54.6733 54.699  54.7131 54.7461 54.7926
 54.8166 54.8326 54.8502 54.8677 54.9114 54.9257 54.9453 54.9585 54.9765
 54.9947 55.0091 55.0261 55.0849 55.1073 55.1247 55.1653
62.6974 63.5296 63.6532 63.8726 63.9821 64.0578 64.1522 64.1749 64.2058
 64.2349 64.2577 64.2708 64.3323 64.3655 64.4196 64.444  64.4789 64.5058
 64.5253 64.5376 64.5519 64.573  64.5918 64.6169 64.6494 64.6676 64.679
 64.695  64.7131 64.727  64.7436 64.7599 64.7725 64.7849 64.8349 64.8452
 64.8722 64.883  64.8989 64.9159 64.9315 64.9435 64.9532 64.9693 64.9798
 65.0027 65.0147 65.0258 65.0368 65.0493 65.0645 65.0757 65.0908 65.109
 65.1246 65.1373 65.1523 65.1643 65.176  65.1896 65.2112 65.2449 65.2654
 65.2815 65.2924 65.3062 65.322  65.3429 65.3729 65.3925 65.4911

