10.5265 13.6868 13.7365 13.9386 14.0453 14.1197 14.2445 14.2805 14.3485
 14.4474 14.5435 14.5708 14.6465 14.6702 14.7019 14.7174 14.7338 14.7819
 14.8174 14.8371 14.854  14.8791 14.9005 14.9204 14.9396 14.9571 14.9915
 15.0195 15.0316 15.0451 15.0652 15.0904 15.1041 15.1184 15.1291 15.1431
 15.1556 15.1742 15.2034 15.2228 15.2417 15.256  15.2696 15.2825 15.3064
 15.3267 15.3458 15.3626 15.382  15.3994 15.4174 15.4337 15.4488 15.4616
 15.4764 15.4908 15.5091 15.5238 15.5363 15.5586 15.5876
21.9296 24.0025 24.0654 24.1299 24.1709 24.3088 24.4404 24.4949 24.5378
 24.6367 24.6906 24.7401 24.7575 24.7929 24.8591 24.8778 24.9138 24.9396
 24.9594 24.9929 25.0373 25.0549 25.072  25.1249 25.1465 25.1799 25.2016
 25.2219 25.2344 25.2554 25.2768 25.2926 25.3073 25.32   25.3328 25.3503
 25.3677 25.3887 25.412  25.43   25.4457 25.4644 25.4798 25.5016 25.5137
 25.5355 25.5594 25.5687 25.5794 25.5914 25.6035 25.6192 25.6351 25.6519
 25.6739 25.6931 25.7079 25.7251 25.7823 25.8335 25.8565 26.0327
33.3064 33.5152 33.6138 33.6705 33.6917 33.7642 33.8005 33.8473 33.9117
 33.9526 34.0328 34.1256 34.1453 34.1617 34.1825 34.2736 34.3    34.3243
 34.3852 34.444  34.4657 34.4923 34.5062 34.5243 34.5451 34.5579 34.5861
 34.6142 34.633  34.6517 34.6653 34.6789 34.6935 34.7048 34.7182 34.7382
 34.7508 34.7745 34.791  34.8042 34.826  34.849  34.8615 34.8726 34.8902
 34.9037 34.9186 34.9445 34.9609 34.9749 34.9937 35.01   35.0223 35.0335
 35.0469 35.0642 35.0862 35.1108 35.1293 35.1528 35.184  35.2102 35.2306
 35.254  35.2764 35.2863 35.3027
43.0599 43.197  43.2617 43.3248 43.3751 43.4936 43.5379 43.6457 43.6805
 43.7449 43.7735 43.839  43.8573 43.8788 43.9132 43.9423 43.954  43.967
 43.9862 44.0038 44.0196 44.0517 44.0855 44.1063 44.1348 44.1586 44.1696
 44.1891 44.2109 44.2245 44.2544 44.2738 44.2882 44.3031 44.3221 44.3358
 44.4076 44.4249 44.4451 44.4574 44.4722 44.4853 44.5051 44.519  44.5354
 44.5503 44.5704 44.5995 44.6169 44.6575 44.6921 44.7251 44.7496 44.7924
 44.8148 44.851
51.9079 53.1262 53.5117 53.6254 53.8952 53.9158 53.9398 54.0327 54.0664
 54.0943 54.1458 54.194  54.243  54.3113 54.339  54.3649 54.3829 54.4374
 54.4853 54.5041 54.5364 54.5558 54.5797 54.6036 54.6266 54.6435 54.6544
 54.6847 54.7017 54.7197 54.7379 54.7564 54.7946 54.8072 54.8275 54.8759
 54.8909 54.9153 54.9435 54.9962 55.0113 55.0309 55.0462 55.0789 55.0933
 55.2092 55.2446 55.3709
62.1186 63.7719 64.1185 64.2826 64.3254 64.3782 64.4294 64.4591 64.5047
 64.5429 64.576  64.5959 64.6178 64.6322 64.6502 64.6687 64.6878 64.7026
 64.7454 64.7584 64.7719 64.7993 64.8151 64.8272 64.8452 64.8609 64.8845
 64.9024 64.9151 64.9307 64.9458 64.9589 64.9709 64.9826 64.9966 65.0138
 65.0266 65.0425 65.0642 65.0778 65.1029 65.1139 65.1361 65.1528 65.1658
 65.1805 65.1929 65.2038 65.2177 65.235  65.2472 65.2601 65.2724 65.2908
 65.3058 65.334  65.349  65.3811 65.4323 65.4489 65.4651 65.4984 65.5095
 65.5265 65.5474

