13.6306 14.0559 14.42   14.4984 14.5909 14.6264 14.6537 14.6847 14.7184
 14.7679 14.7968 14.8481 14.8842 14.9169 14.9378 14.9524 14.9717 14.989
 15.0043 15.0253 15.0598 15.0806 15.0928 15.1123 15.1246 15.1369 15.151
 15.1691 15.1834 15.1986 15.214  15.2334 15.2488 15.2621 15.2747 15.2862
 15.2966 15.3087 15.3234 15.3376 15.3484 15.3667 15.3806 15.3943 15.4093
 15.4204 15.4319 15.4421 15.4531 15.4696 15.4838 15.5053 15.5187 15.5309
 15.5451 15.5556 15.5675 15.58   15.5904 15.5998 15.6126 15.6246 15.6384
 15.6494 15.6631 15.6729 15.6829 15.6945 15.7048 15.7161 15.7252 15.736
 15.7472 15.7566 15.7664 15.7754 15.7846 15.7956 15.8049 15.8151 15.8238
 15.834  15.8432 15.8527 15.8626 15.8712 15.8815 15.8919 15.9002 15.911
 15.9203 15.9291 15.9384 15.9491 15.9579 15.9676 15.9761 15.9855 15.9946
 16.0042 16.0126 16.0215 16.032  16.0406 16.0489 16.0583 16.0687 16.0782
 16.0877 16.0965 16.1064 16.1174 16.126  16.1362 16.1457 16.1558 16.1671
 16.179  16.1891 16.1984 16.2078 16.2171 16.2271 16.2372 16.247  16.256
 16.2666 16.277  16.2884 16.2984 16.3067 16.3159 16.326  16.3354 16.3457
 16.355  16.3654 16.3761 16.3864 16.3981 16.409  16.4199 16.4328 16.4435
 16.4529 16.4632 16.4755 16.4871 16.4991 16.5101 16.5209 16.5298 16.5388
 16.5517 16.5641 16.5774 16.5882 16.5995 16.6097 16.6208 16.6329 16.6477
 16.6624 16.6788 16.6934 16.7058 16.7217 16.7353 16.7504 16.7642 16.7871
 16.8094 16.8313 16.8586 16.8896 16.9219 16.9445 16.9628 16.9898 17.0081
 17.0335 17.0646 17.0883 17.1068 17.132  17.1653 17.2101 17.3253 17.3837
23.2718 24.3336 24.4554 24.5668 24.5977 24.6195 24.7515 24.8029 24.9035
 24.9278 24.9871 25.0131 25.0859 25.1239 25.1372 25.1584 25.1802 25.1971
 25.2107 25.2246 25.2484 25.2665 25.2828 25.2965 25.3102 25.3288 25.3441
 25.3605 25.3779 25.3992 25.4149 25.4307 25.4533 25.4751 25.4878 25.5071
 25.5216 25.5357 25.5454 25.5584 25.5694 25.5827 25.5975 25.6108 25.6267
 25.6409 25.655  25.6673 25.6778 25.6888 25.7042 25.7207 25.7325 25.7502
 25.7639 25.7747 25.7856 25.8009 25.8157 25.8289 25.8419 25.8531 25.8649
 25.8742 25.8853 25.8964 25.9058 25.9153 25.9318 25.944  25.9553 25.9652
 25.9743 25.9846 25.9949 26.0061 26.0161 26.0253 26.0351 26.0444 26.0549
 26.0646 26.0748 26.0867 26.0964 26.1085 26.1195 26.1301 26.1409 26.1502
 26.1594 26.1694 26.1784 26.1872 26.197  26.2075 26.2184 26.2293 26.2383
 26.2473 26.2567 26.2663 26.2759 26.2854 26.2958 26.3048 26.3144 26.3246
 26.335  26.345  26.3572 26.3691 26.3809 26.3925 26.4034 26.4125 26.4229
 26.434  26.447  26.4572 26.468  26.4773 26.4876 26.4984 26.5074 26.5169
 26.5264 26.5367 26.5474 26.5578 26.5688 26.5809 26.5897 26.6009 26.6119
 26.6219 26.6329 26.6444 26.6582 26.6731 26.6844 26.6944 26.7062 26.7184
 26.7294 26.7406 26.7519 26.7638 26.78   26.7934 26.8068 26.8257 26.8414
 26.858  26.8727 26.8892 26.9032 26.9169 26.933  26.9487 26.9664 26.9875
 27.0134 27.0335 27.0526 27.0814 27.1149 27.1441 27.1622 27.1899 27.2659
 27.3048 27.3413 27.4447 27.4915
31.3199 33.0133 33.7028 33.7325 33.8086 33.8948 34.1366 34.1937 34.2246
 34.2465 34.3181 34.366  34.4013 34.4449 34.4713 34.4914 34.5395 34.5731
 34.5866 34.6053 34.6281 34.6457 34.6614 34.6768 34.6916 34.7063 34.7225
 34.7414 34.7567 34.7704 34.7876 34.8004 34.8141 34.8291 34.8436 34.8567
 34.8698 34.8883 34.8997 34.9106 34.9237 34.9375 34.9508 34.9626 34.9747
 34.9873 35.0019 35.013  35.0239 35.0346 35.0494 35.0599 35.0703 35.0839
 35.0938 35.1052 35.1162 35.1256 35.1368 35.1478 35.156  35.1661 35.1747
 35.1839 35.1934 35.203  35.2117 35.2219 35.2323 35.2446 35.2532 35.2628
 35.2716 35.2829 35.2941 35.3072 35.3164 35.3271 35.3367 35.346  35.3547
 35.3682 35.378  35.387  35.3956 35.4055 35.4141 35.4223 35.4305 35.4395
 35.4489 35.4572 35.4656 35.4755 35.4851 35.495  35.5045 35.513  35.5223
 35.5302 35.5385 35.5473 35.5558 35.5643 35.5736 35.5835 35.596  35.6051
 35.616  35.6262 35.6381 35.6476 35.6569 35.6661 35.6749 35.6833 35.6917
 35.7013 35.7101 35.7193 35.7299 35.7397 35.7502 35.7588 35.768  35.7779
 35.7874 35.7968 35.8056 35.8153 35.8257 35.8359 35.8453 35.8544 35.8646
 35.8745 35.8839 35.8928 35.9022 35.9123 35.922  35.931  35.9416 35.9507
 35.961  35.9715 35.982  35.9925 36.0033 36.0151 36.0269 36.0371 36.0468
 36.0578 36.0696 36.0794 36.0909 36.1036 36.1157 36.1288 36.1418 36.1528
 36.1647 36.1752 36.189  36.2003 36.2139 36.227  36.2418 36.2556 36.2688
 36.2825 36.2942 36.3092 36.3254 36.3384 36.3535 36.3684 36.3858 36.408
 36.4242 36.4479 36.4772 36.4949 36.5196 36.5356 36.5578 36.5787 36.6149
 36.6515 36.676  36.6957 36.7385 36.7735 36.7948 36.8548
42.8449 43.0178 43.0589 43.2909 43.3226 43.3634 43.4643 43.7183 43.8144
 43.8909 43.9632 43.99   44.0067 44.0381 44.0746 44.0934 44.1146 44.1299
 44.1534 44.1723 44.2008 44.2205 44.2355 44.249  44.2706 44.2839 44.2959
 44.3085 44.3225 44.3351 44.3496 44.3668 44.3793 44.3934 44.4099 44.4264
 44.4397 44.4519 44.4614 44.4728 44.4935 44.5121 44.5271 44.539  44.5496
 44.561  44.5722 44.5859 44.5946 44.6066 44.6189 44.631  44.643  44.6534
 44.6644 44.6759 44.6865 44.6967 44.7071 44.7174 44.7286 44.7384 44.7488
 44.7593 44.7684 44.7775 44.7882 44.7965 44.8066 44.8177 44.8263 44.8362
 44.8454 44.8548 44.8643 44.8735 44.8833 44.8933 44.9016 44.9117 44.9213
 44.9311 44.9406 44.9507 44.9602 44.9685 44.9777 44.9889 44.9977 45.0066
 45.0158 45.0263 45.0363 45.0465 45.0563 45.0651 45.0756 45.0847 45.0952
 45.1039 45.1131 45.1218 45.1308 45.1414 45.1514 45.1607 45.1703 45.1788
 45.1878 45.1969 45.2055 45.215  45.224  45.2331 45.2431 45.2525 45.2614
 45.2705 45.2811 45.2915 45.3008 45.3111 45.3199 45.3295 45.3392 45.3488
 45.3592 45.3691 45.3799 45.3889 45.3986 45.4085 45.4181 45.4278 45.4377
 45.4471 45.4569 45.4664 45.4754 45.4847 45.4965 45.5074 45.518  45.5312
 45.5408 45.5513 45.5609 45.5718 45.5831 45.5949 45.6041 45.6166 45.6278
 45.6386 45.6496 45.6623 45.6724 45.6885 45.6994 45.7118 45.723  45.7321
 45.7445 45.7569 45.7711 45.7856 45.7983 45.812  45.8282 45.8452 45.8584
 45.87   45.8831 45.8954 45.9122 45.9267 45.9411 45.9543 45.968  45.9978
 46.0124 46.032  46.0552 46.0747 46.0951 46.1206 46.1454 46.1679 46.2068
 46.2265 46.2529 46.2749 46.3045 46.3468 46.4099
53.5896 53.6279 53.7756 53.9654 54.0873 54.222  54.2697 54.3151 54.4096
 54.4361 54.4596 54.4811 54.5018 54.5513 54.5771 54.6267 54.6451 54.6606
 54.6778 54.691  54.7131 54.7243 54.7425 54.7621 54.7801 54.8013 54.8167
 54.8344 54.852  54.868  54.8827 54.9008 54.9192 54.9399 54.9546 54.9723
 54.9887 55.0017 55.0154 55.0328 55.0452 55.0565 55.0683 55.0797 55.0923
 55.1071 55.1218 55.1348 55.1463 55.1589 55.1758 55.19   55.2027 55.2169
 55.2311 55.2461 55.2581 55.2746 55.2854 55.2954 55.307  55.319  55.3303
 55.3412 55.3549 55.3659 55.3757 55.3855 55.3956 55.4073 55.418  55.4293
 55.44   55.4517 55.4632 55.4734 55.4816 55.4919 55.5074 55.5168 55.5279
 55.5426 55.5532 55.565  55.5792 55.5913 55.6018 55.6139 55.6247 55.6343
 55.6442 55.6544 55.6668 55.6789 55.6899 55.6997 55.7106 55.7206 55.7312
 55.7415 55.7521 55.763  55.7751 55.784  55.7958 55.8084 55.8204 55.8325
 55.8441 55.8551 55.8652 55.876  55.8883 55.901  55.9115 55.9222 55.9336
 55.9447 55.9559 55.9691 55.9803 55.9911 56.0044 56.0156 56.0268 56.0396
 56.0519 56.0654 56.0777 56.0878 56.0993 56.1093 56.1201 56.1308 56.142
 56.1584 56.1739 56.1867 56.2016 56.2185 56.2308 56.2438 56.2615 56.2752
 56.2884 56.3032 56.3174 56.3332 56.3488 56.3692 56.3834 56.3977 56.4199
 56.4439 56.4671 56.4896 56.5259 56.5643 56.5908 56.6424 56.6928 56.7403
 56.8968
62.8356 63.5313 63.6578 64.0302 64.0913 64.1423 64.2082 64.2384 64.2573
 64.3311 64.3714 64.4014 64.4212 64.4487 64.471  64.5025 64.5286 64.5451
 64.5732 64.589  64.6074 64.6249 64.6458 64.663  64.6935 64.7136 64.7329
 64.7496 64.7655 64.7785 64.7918 64.8045 64.8196 64.8399 64.8608 64.874
 64.8859 64.8998 64.9149 64.929  64.9398 64.9538 64.9654 64.9767 64.9946
 65.0042 65.019  65.0349 65.0468 65.057  65.0685 65.0779 65.0886 65.1075
 65.1174 65.13   65.1435 65.1574 65.1725 65.1817 65.193  65.2018 65.2104
 65.2196 65.2285 65.2384 65.2484 65.2573 65.2679 65.2783 65.287  65.2964
 65.3051 65.3142 65.3229 65.3319 65.3406 65.3493 65.3581 65.3668 65.3773
 65.3851 65.3936 65.4026 65.411  65.4206 65.4312 65.4404 65.4491 65.459
 65.4688 65.4801 65.4893 65.4977 65.506  65.514  65.5227 65.5317 65.5399
 65.5491 65.5584 65.5673 65.5769 65.5866 65.5953 65.6035 65.6113 65.6207
 65.6288 65.6384 65.6482 65.6569 65.6658 65.6741 65.6833 65.6919 65.6998
 65.7086 65.7175 65.7254 65.7343 65.7422 65.7505 65.7584 65.7667 65.7756
 65.7838 65.7929 65.8012 65.8098 65.8185 65.8263 65.8347 65.8425 65.8511
 65.8591 65.867  65.8748 65.8835 65.8912 65.8992 65.9074 65.9155 65.9233
 65.9324 65.9418 65.9506 65.9587 65.9675 65.9758 65.9844 65.9922 66.0003
 66.0085 66.0175 66.0261 66.0364 66.0451 66.0542 66.0621 66.0699 66.0782
 66.0867 66.0957 66.1053 66.1139 66.1228 66.1323 66.1407 66.1495 66.1584
 66.1668 66.1757 66.1839 66.1931 66.203  66.2123 66.2217 66.2315 66.2402
 66.2487 66.2581 66.2673 66.2765 66.2845 66.2922 66.301  66.31   66.3195
 66.328  66.3374 66.347  66.3564 66.3668 66.3761 66.3853 66.3955 66.4059
 66.4157 66.4255 66.4358 66.4458 66.456  66.4676 66.4808 66.4914 66.5033
 66.5148 66.5265 66.5396 66.5503 66.5624 66.5762 66.5882 66.6    66.6121
 66.6239 66.6364 66.6478 66.6664 66.6797 66.7005 66.7216 66.7397 66.7555
 66.7713 66.7908 66.8073 66.8265 66.8391 66.8678 66.8869 66.9068 66.9296
 66.9502 66.9823 67.0033 67.0408 67.068  67.1397 67.3477 69.7677

