13.4739 13.8706 14.0339 14.1156 14.1823 14.2899 14.4804 14.5255 14.587
 14.6337 14.6503 14.6756 14.7138 14.7395 14.7592 14.8111 14.8407 14.8704
 14.9096 14.9606 14.9962 15.0144 15.0448 15.0667 15.0952 15.1172 15.1334
 15.1495 15.1662 15.1845 15.2007 15.2169 15.2349 15.2632 15.2815 15.2989
 15.3156 15.3306 15.3452 15.3599 15.3757 15.3898 15.4036 15.4212 15.4335
 15.4482 15.4646 15.4776 15.4897 15.4998 15.5131 15.5264 15.5404 15.5513
 15.5624 15.5735 15.5844 15.5962 15.6073 15.6186 15.6306 15.6408 15.6519
 15.6629 15.6729 15.6834 15.6936 15.7038 15.7163 15.7267 15.7391 15.7484
 15.7579 15.7682 15.7783 15.7873 15.7966 15.8082 15.8187 15.8272 15.8389
 15.849  15.8604 15.8702 15.8787 15.8885 15.8991 15.9086 15.9178 15.9276
 15.9365 15.946  15.9571 15.9662 15.9762 15.9866 15.9963 16.0067 16.0161
 16.0267 16.0356 16.047  16.0564 16.0661 16.0749 16.0839 16.095  16.1048
 16.1131 16.1251 16.1353 16.1442 16.1528 16.1618 16.1724 16.1829 16.1935
 16.2027 16.213  16.2226 16.2314 16.2404 16.2511 16.2626 16.274  16.2848
 16.2949 16.3055 16.3155 16.3268 16.338  16.348  16.3594 16.3718 16.3823
 16.3952 16.4043 16.4139 16.4232 16.4339 16.4462 16.4576 16.4689 16.4802
 16.4944 16.5076 16.5198 16.5329 16.5477 16.5662 16.5781 16.5902 16.6049
 16.6226 16.6337 16.6464 16.6621 16.6819 16.6985 16.7125 16.7276 16.7415
 16.7587 16.7914 16.8119 16.8324 16.8494 16.8628 16.8752 16.8894 16.9081
 16.924  16.9512 16.9746 17.0263 17.0451 17.0675 17.1237 17.1453 17.1798
 17.1995 17.2626 17.2898
24.7353 24.7552 24.8348 24.883  24.9131 24.9488 24.975  25.0007 25.0399
 25.0815 25.1201 25.1394 25.1531 25.1709 25.1894 25.2052 25.2231 25.2679
 25.2832 25.3006 25.3208 25.3395 25.3532 25.3775 25.397  25.411  25.4341
 25.4502 25.4701 25.4892 25.5033 25.5173 25.5278 25.5416 25.5533 25.5669
 25.5836 25.5947 25.613  25.6286 25.6442 25.6615 25.6738 25.6867 25.6997
 25.7192 25.7368 25.752  25.7637 25.7745 25.7864 25.8031 25.8148 25.828
 25.8404 25.8528 25.8666 25.8804 25.897  25.9075 25.9218 25.9351 25.9483
 25.9596 25.9724 25.9821 25.9959 26.0109 26.0238 26.037  26.049  26.0592
 26.0694 26.0787 26.0886 26.0993 26.1112 26.1233 26.1369 26.1467 26.1559
 26.1651 26.1751 26.1852 26.1951 26.2062 26.215  26.2257 26.2368 26.248
 26.2576 26.2703 26.2809 26.2924 26.3033 26.3139 26.3236 26.3332 26.3425
 26.3515 26.3606 26.3717 26.382  26.3926 26.4037 26.4181 26.4288 26.4412
 26.4517 26.4634 26.4736 26.484  26.4956 26.5074 26.5182 26.5299 26.5401
 26.5517 26.5618 26.573  26.5851 26.5968 26.6077 26.6195 26.6321 26.6452
 26.6565 26.6725 26.6857 26.6988 26.72   26.738  26.7504 26.7624 26.7739
 26.789  26.8029 26.8165 26.8332 26.8475 26.8638 26.8861 26.9016 26.918
 26.937  26.9618 26.9787 27.0103 27.032  27.0488 27.0653 27.0874 27.14
 27.1609 27.1818 27.2215 27.2722 27.3476 27.4961
33.3034 33.8918 33.9777 34.1151 34.1713 34.2088 34.2874 34.3255 34.3689
 34.3895 34.4199 34.4392 34.4558 34.4763 34.517  34.54   34.5751 34.5909
 34.6135 34.6319 34.6578 34.6726 34.6888 34.702  34.7138 34.7307 34.7465
 34.7592 34.7783 34.8005 34.8112 34.8227 34.8416 34.8557 34.8664 34.8803
 34.894  34.9153 34.9305 34.9515 34.9673 34.9819 34.993  35.0064 35.0211
 35.0324 35.043  35.055  35.066  35.0762 35.0885 35.1007 35.1125 35.1242
 35.1349 35.1467 35.1583 35.1677 35.1781 35.1882 35.1996 35.212  35.2219
 35.2319 35.2442 35.2576 35.2688 35.2799 35.2899 35.2999 35.3097 35.3184
 35.3289 35.3391 35.3479 35.3565 35.3684 35.3781 35.3878 35.397  35.4052
 35.4136 35.4227 35.4315 35.4416 35.4507 35.4612 35.4702 35.4792 35.4889
 35.4989 35.5084 35.519  35.5297 35.5401 35.5488 35.5591 35.5677 35.5768
 35.5869 35.5966 35.6051 35.6139 35.6236 35.6341 35.6443 35.6544 35.6641
 35.6736 35.6846 35.6952 35.7065 35.7169 35.7266 35.7362 35.7469 35.758
 35.7673 35.7773 35.7876 35.7976 35.8069 35.8173 35.8297 35.8403 35.8507
 35.8613 35.8735 35.8841 35.8934 35.906  35.9161 35.9262 35.9361 35.946
 35.9566 35.966  35.976  35.9887 36.0003 36.0142 36.0259 36.0384 36.0503
 36.0606 36.0723 36.0842 36.0939 36.1045 36.1164 36.1273 36.1382 36.1499
 36.1605 36.17   36.1827 36.1927 36.2049 36.2164 36.2348 36.2501 36.2655
 36.279  36.2951 36.3138 36.3297 36.3442 36.3634 36.3937 36.4127 36.4313
 36.4593 36.4835 36.5049 36.5312 36.5497 36.5664 36.5846 36.6111 36.6384
 36.6536 36.6751 36.6985 36.7329 36.8406 36.8994 36.9429 39.1088
42.4873 42.7951 43.2872 43.5079 43.6188 43.7922 43.8622 43.9192 43.95
 43.9675 43.982  44.0062 44.0286 44.0516 44.0816 44.0999 44.1305 44.1499
 44.1637 44.179  44.1929 44.2093 44.2319 44.244  44.2734 44.2909 44.3119
 44.3277 44.3467 44.3608 44.3749 44.3907 44.4045 44.4195 44.4333 44.4443
 44.4552 44.4778 44.4885 44.4982 44.5131 44.5276 44.5404 44.5521 44.5649
 44.5764 44.5871 44.5963 44.6065 44.6161 44.628  44.6382 44.6488 44.6606
 44.6727 44.6819 44.6921 44.7023 44.7121 44.7218 44.7343 44.7443 44.7551
 44.7636 44.7744 44.7855 44.7963 44.8093 44.8206 44.8309 44.84   44.8491
 44.8591 44.8696 44.8784 44.8901 44.8997 44.9099 44.9222 44.9308 44.9392
 44.9496 44.9585 44.9688 44.9786 44.9873 44.9965 45.0054 45.014  45.0227
 45.0313 45.043  45.0533 45.0627 45.072  45.0807 45.0895 45.0988 45.1094
 45.1182 45.131  45.1408 45.1506 45.1595 45.1687 45.178  45.1879 45.1971
 45.2067 45.2183 45.2274 45.236  45.2449 45.2565 45.2677 45.2767 45.2867
 45.2961 45.3051 45.3151 45.3242 45.3339 45.3443 45.3538 45.3626 45.3708
 45.3803 45.3908 45.3996 45.4089 45.419  45.43   45.4402 45.4505 45.4609
 45.4738 45.4847 45.4965 45.5083 45.52   45.5307 45.5403 45.5509 45.5634
 45.5754 45.585  45.5955 45.6054 45.6171 45.6316 45.6427 45.6534 45.6653
 45.6782 45.6903 45.7016 45.7132 45.7244 45.736  45.7483 45.7594 45.77
 45.7838 45.799  45.8121 45.8262 45.8448 45.8572 45.8687 45.8817 45.8945
 45.9097 45.9303 45.9465 45.9624 45.9824 46.0067 46.0241 46.0399 46.0687
 46.0846 46.1085 46.1313 46.1479 46.1646 46.2089 46.2227 46.2419 46.2613
 46.2894 46.3219 46.3659
53.1249 53.3649 53.8538 54.0118 54.0373 54.2214 54.2626 54.3849 54.4089
 54.4355 54.4668 54.501  54.5558 54.584  54.6039 54.6167 54.6426 54.6625
 54.6922 54.7061 54.7288 54.7421 54.7667 54.7798 54.8051 54.825  54.8461
 54.8681 54.8852 54.9005 54.9195 54.9356 54.9567 54.973  54.9902 55.006
 55.0181 55.0334 55.0508 55.0638 55.0774 55.0883 55.1014 55.1191 55.1324
 55.1486 55.1611 55.1763 55.1882 55.2038 55.2161 55.2312 55.2449 55.2566
 55.2691 55.2801 55.2912 55.3047 55.3192 55.3295 55.3419 55.3555 55.3758
 55.3888 55.4015 55.4126 55.4228 55.4351 55.4443 55.4551 55.4648 55.4738
 55.4848 55.4947 55.5052 55.5148 55.5261 55.5357 55.545  55.5555 55.566
 55.5763 55.5866 55.5976 55.6074 55.6191 55.6323 55.6433 55.655  55.6654
 55.6783 55.6919 55.7041 55.7156 55.7265 55.7371 55.7482 55.7586 55.7708
 55.7811 55.7922 55.8038 55.8151 55.8263 55.838  55.8491 55.8589 55.8714
 55.8843 55.8973 55.9092 55.9193 55.9301 55.943  55.9549 55.9658 55.9775
 55.9889 56.002  56.0141 56.0376 56.0506 56.0647 56.0811 56.0948 56.108
 56.1193 56.1328 56.1459 56.1563 56.1713 56.1865 56.2013 56.2124 56.2254
 56.2434 56.2559 56.2716 56.2883 56.3082 56.3241 56.3423 56.3659 56.3852
 56.4116 56.4318 56.4522 56.4821 56.5046 56.5385 56.5577 56.5906 56.6232
 56.6716 56.7299 56.772  56.8145 56.8509 56.9457 57.0674
63.3669 63.422  63.5398 63.7143 63.7704 64.3183 64.3676 64.3931 64.4177
 64.4481 64.4746 64.5112 64.5423 64.5613 64.6093 64.6265 64.6454 64.6735
 64.686  64.7082 64.7251 64.7508 64.7687 64.7864 64.802  64.8172 64.8324
 64.8489 64.8631 64.8751 64.8866 64.9007 64.9147 64.9327 64.9469 64.9585
 64.9708 64.9832 64.9941 65.0053 65.0165 65.0277 65.0395 65.0508 65.0598
 65.0717 65.0817 65.0909 65.1023 65.1138 65.1264 65.1368 65.1478 65.1587
 65.1695 65.1807 65.1886 65.197  65.2103 65.2199 65.2301 65.2407 65.2514
 65.2624 65.2737 65.2834 65.2925 65.3029 65.3128 65.3228 65.3336 65.3428
 65.352  65.361  65.371  65.3799 65.3894 65.3987 65.4075 65.4165 65.4266
 65.4354 65.4445 65.4533 65.463  65.472  65.4807 65.489  65.4981 65.5063
 65.5173 65.5271 65.5378 65.5468 65.5565 65.5652 65.5743 65.5819 65.5908
 65.5991 65.608  65.6162 65.6253 65.6337 65.6434 65.6521 65.6613 65.6703
 65.6795 65.6888 65.6987 65.7072 65.7155 65.7234 65.732  65.7402 65.7489
 65.7575 65.767  65.7759 65.7842 65.7927 65.8007 65.8085 65.818  65.8269
 65.8353 65.8444 65.853  65.8617 65.8708 65.8794 65.8881 65.8958 65.9045
 65.9129 65.9213 65.9308 65.9399 65.9487 65.9577 65.9671 65.9762 65.9854
 65.9949 66.0048 66.0139 66.0232 66.0316 66.0419 66.0512 66.0599 66.0695
 66.0782 66.0872 66.095  66.1034 66.1121 66.1208 66.1297 66.1388 66.1472
 66.1562 66.1663 66.1744 66.1837 66.192  66.2007 66.2092 66.2182 66.2274
 66.2366 66.2455 66.2553 66.2647 66.2748 66.2834 66.292  66.3007 66.3097
 66.3195 66.33   66.3398 66.3502 66.362  66.3715 66.381  66.392  66.4029
 66.4128 66.4219 66.4319 66.4417 66.4513 66.46   66.4704 66.4814 66.4921
 66.5034 66.5153 66.5273 66.5392 66.549  66.5594 66.5731 66.5858 66.599
 66.6109 66.6263 66.6426 66.6564 66.6692 66.6871 66.7029 66.7177 66.7308
 66.7439 66.7605 66.7738 66.7875 66.8112 66.8254 66.8433 66.8684 66.8867
 66.9033 66.9218 66.9401 66.9772 67.002  67.0248 67.0701 67.106  67.1518
 67.2315 67.2796 67.3605

