12.9029 13.1999 13.5318 14.1354 14.1867 14.3287 14.3479 14.3825 14.4476
 14.4934 14.5232 14.5438 14.5762 14.6122 14.6579 14.6799 14.7246 14.762
 14.775  14.7997 14.8213 14.8436 14.8645 14.8826 14.902  14.9163 14.9413
 14.9689 14.9846 14.9999 15.0164 15.044  15.0773 15.1221 15.1645 15.1901
 15.248  15.2701 15.3193 15.3728 15.4158 15.4557
23.2489 23.2866 23.8731 23.9408 23.9856 24.0647 24.0917 24.1272 24.1704
 24.2332 24.2555 24.3168 24.3604 24.3908 24.4322 24.4523 24.4839 24.5137
 24.5718 24.595  24.6234 24.6424 24.6616 24.6844 24.7091 24.7243 24.7621
 24.7826 24.8241 24.8474 24.8655 24.9029 24.9203 24.9413 24.9582 24.9825
 24.9987 25.034  25.0579 25.1446
32.4451 32.6399 32.7183 32.7873 33.0796 33.1067 33.4034 33.4791 33.5107
 33.6288 33.6473 33.6829 33.7087 33.7955 33.8684 33.9061 33.9433 34.0108
 34.0269 34.0472 34.0989 34.1817 34.2201 34.2537 34.2711 34.2906 34.3187
 34.343  34.3689 34.4476 34.5515
41.0376 41.3776 42.5092 42.5705 42.8686 43.0157 43.0515 43.1024 43.2289
 43.2577 43.2776 43.2934 43.3305 43.3455 43.3621 43.4039 43.4323 43.4658
 43.4814 43.5021 43.5208 43.5992 43.6392 43.6827 43.71   43.7355 43.7643
 43.8188 43.8362 43.9089 43.9635
50.5107 51.4301 51.5519 52.0194 52.1214 52.2318 52.3297 52.3713 52.412
 52.4823 52.5166 52.5846 52.6239 52.6897 52.7108 52.755  52.7831 52.8081
 52.8309 52.8516 52.9091 52.9786 53.0077 53.0473 53.0722 53.1007 53.122
 53.1516 53.1734 53.1993 53.2454 53.3295 53.4687 53.6137
60.8471 60.9506 61.1307 61.2926 61.3761 61.5555 61.5964 61.6213 61.6684
 61.6919 61.7044 61.7256 61.7923 61.8215 61.8464 61.8698 61.8922 61.9323
 61.9645 61.9974 62.0441 62.058  62.1076 62.1818 62.1968 62.2349 62.2574
 62.3187 62.3465 62.3927 62.4094 67.7735 69.1196 69.3057

