12.0656 13.4621 13.9878 14.0385 14.3375 14.4116 14.45   14.6824 14.8069
 14.8537 14.9082 15.0157
21.8406 23.2245 23.3152 23.7662 23.9648 23.991  24.014  24.3126 24.5259
 24.6278
31.4685 32.9705 33.0391 33.0873 33.4178 33.4817 33.6111 33.6889 33.8726
 33.8889 34.0429 34.2999
40.0348 41.7826 42.1078 42.1248 42.3586 42.3969 42.8939 43.178  43.4186
 43.4597
50.6309 50.7019 51.0954 51.283  51.5265 51.6332 51.8564 51.9685 51.9829
 52.1014 52.2516 58.2059 59.688
60.1788 60.2333 60.4126 60.496  60.5947 60.6522 60.7949 60.8328 60.8886
 60.9466 60.9928 61.2814 69.1468 69.3033 69.7398 69.8958

