13.6336 13.6671 13.9037 13.9353 14.2572 14.2945 14.3767 14.3967 14.4204
 14.4508 14.5407 14.558  14.6883 14.7634 14.8046 14.83   14.86   14.8996
 14.9768 14.989  15.0637 15.2053
22.5233 23.0968 23.2737 23.4987 23.5429 23.68   23.7816 23.8276 23.9346
 23.9965 24.0109 24.0387 24.0737 24.0962 24.1169 24.1828 24.1977 24.3454
 24.3628 24.4312
32.1444 32.4001 32.4588 32.5276 33.0309 33.1814 33.2057 33.2594 33.3399
 33.4185 33.4353 33.5278 33.623  33.6849 33.7354 33.8338 33.8515 33.8945
 34.019  34.0615 39.7856
40.9096 41.9275 42.1746 42.2186 42.2719 42.3277 42.3648 42.4487 42.5125
 42.5347 42.5957 42.613  42.6244 42.6439 42.661  42.7101 42.7366 42.7905
 42.8307 42.8767 42.8987 42.9895 43.0627 43.2154 47.9926
50.5398 50.5978 50.9869 51.0971 51.1778 51.2019 51.3174 51.4064 51.4538
 51.4947 51.5276 51.6084 51.6518 51.6875 51.7159 51.8029 51.8314 51.8515
 51.9146 51.9413 51.9601 51.988  52.0098 52.0416 52.071  52.0875 52.1586
 52.2084 52.3514 59.9196
60.0779 60.1219 60.1489 60.1996 60.2637 60.2871 60.3748 60.4386 60.5174
 60.5657 60.5955 60.6412 60.6592 60.6916 60.7157 60.7371 60.8127 60.8352
 60.9486 61.007  61.0449 61.0626 61.0826 61.1013 61.1182 61.1542 61.2852
 61.3082 61.3302 61.3789 61.3983 61.4356 67.837  69.2653 69.8265 69.8703

