11.0052 14.2629 14.348  14.392  14.4598 14.5065 14.5976 14.6186 14.6562
 14.6873 14.7014 14.7224 14.7506 14.8122 14.8419 14.8626 14.9042 14.9256
 14.943  14.9639 14.9848 15.0103 15.0286 15.0507 15.0706 15.0888 15.1058
 15.1357 15.1655 15.1908 15.2211 15.2431 15.2602 15.2816 15.3148 15.334
 15.3585 15.3737 15.3896 15.406  15.4266 15.4435 15.4582 15.4751 15.4899
 15.5087 15.5217 15.5411 15.5597 15.5781 15.5951 15.6153 15.63   15.6478
 15.6661 15.6823 15.7006 15.7169 15.7318 15.7496 15.7625 15.7788 15.7942
 15.8109 15.832  15.845  15.8595 15.8774 15.8969 15.9198 15.9391 15.9586
 15.9889 16.0046 16.0276 16.0469 16.0673 16.0809 16.1015 16.1225 16.1474
 16.1677 16.1937 16.229  16.2508 16.3706 16.3978 16.421  16.4896 16.5159
 16.5498 16.592  16.6194 16.6524 16.6812 16.7068
22.8613 22.9705 23.3849 23.4723 23.5353 23.5888 23.6401 23.7247 23.7519
 23.7934 23.8539 23.9509 23.9788 24.0574 24.1158 24.1434 24.187  24.2182
 24.2416 24.2618 24.2872 24.3032 24.3168 24.3398 24.3577 24.3797 24.4114
 24.4316 24.4465 24.4608 24.4848 24.5012 24.5194 24.5337 24.5521 24.5744
 24.5931 24.6119 24.6229 24.6366 24.6607 24.6747 24.6943 24.7088 24.723
 24.7405 24.7868 24.8029 24.8196 24.8354 24.8485 24.8827 24.9004 24.9128
 24.9265 24.9435 24.9613 24.9769 24.9974 25.011  25.031  25.0869 25.1251
 25.1428 25.1624 25.1916 25.2249 25.2447 25.2735 25.295  25.3467 25.3873
 25.4472 25.4803 25.511  25.5592 25.6572 25.6989 25.7365 25.8249 25.8697
 25.9088 26.085
33.3632 33.6098 33.6389 33.7151 33.7381 33.7639 33.8373 33.8554 33.9035
 33.9224 33.9396 33.9566 33.9852 34.0095 34.0249 34.041  34.0577 34.0733
 34.0995 34.1174 34.1575 34.1744 34.1921 34.2057 34.2197 34.2349 34.2544
 34.2736 34.2888 34.313  34.3299 34.3426 34.3825 34.3977 34.4281 34.4505
 34.4646 34.4862 34.5089 34.5318 34.5497 34.5722 34.5915 34.6119 34.6305
 34.6772 34.7008 34.7395 34.7537 34.772  34.8009 34.8308 34.88   34.901
 34.9244 34.9653 34.9846 35.0153 35.0344 35.0653 35.0947 35.1199 35.151
 35.1784 35.2429 35.2874 35.312  35.3517 35.4001 35.6325 35.7807 35.8227
 35.9371 36.3074 38.5679
42.1209 42.2186 42.3493 42.3848 42.4643 42.5575 42.5868 42.6207 42.6931
 42.7245 42.7517 42.7718 42.7912 42.8087 42.8328 42.8489 42.8704 42.8998
 42.9255 42.9458 42.9712 42.9884 43.009  43.0313 43.0564 43.0781 43.1026
 43.1139 43.1293 43.144  43.1579 43.176  43.2015 43.2171 43.2298 43.2425
 43.258  43.2688 43.2839 43.3033 43.3146 43.3264 43.3418 43.3618 43.3739
 43.3948 43.4101 43.4245 43.4474 43.4588 43.4755 43.4946 43.5087 43.5258
 43.5373 43.5506 43.5736 43.589  43.6062 43.6203 43.6343 43.6495 43.665
 43.6814 43.6964 43.7126 43.7269 43.742  43.7604 43.7771 43.7928 43.8166
 43.8441 43.8701 43.8881 43.9035 43.9177 43.9339 43.9486 43.9678 43.9926
 44.0091 44.025  44.0398 44.0609 44.0837 44.1015 44.1325 44.1504 44.1798
 44.2064 44.2384 44.2637 44.292  44.3076 44.3246 44.3543 44.3745 44.4103
 44.4396 44.4612 44.4869 44.5191 44.558  44.5976 44.8839 46.3244 49.8129
50.7146 50.8892 50.9537 51.1447 51.4832 51.5419 51.5963 51.67   51.7499
 51.7855 51.8161 51.8576 51.8841 51.915  51.9488 51.9768 51.9973 52.0191
 52.0366 52.0657 52.0913 52.1078 52.1251 52.1387 52.1647 52.1997 52.2156
 52.2301 52.2505 52.2914 52.3363 52.3629 52.4097 52.4281 52.4529 52.4709
 52.4871 52.5048 52.5457 52.5628 52.575  52.5934 52.6072 52.6242 52.6377
 52.6507 52.6725 52.698  52.7111 52.7322 52.7555 52.7727 52.7901 52.8084
 52.8245 52.8426 52.8634 52.8888 52.9097 52.9285 52.959  52.9895 53.0328
 53.0751 53.0922 53.1113 53.1385 53.1598 53.1779 53.204  53.2729 53.3612
 53.3828 53.4016 53.4366 53.5165 53.5369 53.5709 53.6562 53.7489 53.8407
60.4215 60.577  60.7574 60.8368 60.8955 60.9275 60.9645 61.0036 61.0216
 61.0381 61.0606 61.0939 61.1127 61.1751 61.2004 61.2215 61.2394 61.2651
 61.2893 61.3123 61.3303 61.3484 61.3646 61.3815 61.4043 61.4269 61.4416
 61.4664 61.4817 61.5111 61.5259 61.5497 61.5693 61.5844 61.6008 61.6172
 61.6343 61.6517 61.6655 61.6943 61.71   61.7264 61.7497 61.7674 61.7828
 61.7967 61.8166 61.8382 61.856  61.8707 61.883  61.8985 61.9129 61.9313
 61.9508 61.9673 61.9824 61.9951 62.0105 62.0218 62.0331 62.0449 62.0592
 62.0733 62.0903 62.1025 62.1159 62.1373 62.1532 62.1706 62.1848 62.2048
 62.2261 62.2427 62.2574 62.2809 62.2966 62.3184 62.3382 62.4416 62.4775
 62.5059 62.5492 62.6046 62.6639 62.7029 62.7639 62.7982 62.8448 62.8737
 62.9202 62.9461 63.0314 69.5705 69.6881

