10.7529 11.2232 11.8848 11.9379 11.9696 12.0863 12.1336 12.2476 12.3009
 12.4515 12.4976 12.519  12.5337 12.5635 12.5873 12.6155 12.626  12.6423
 12.6551 12.6718 12.6967 12.7145 12.7398 12.7562 12.7684 12.8048 12.826
 12.8438 12.8702 12.8957 12.915  12.9461 12.9635 12.9924 13.0196 13.0378
 13.2707 18.4279 19.5091 19.7425 19.8796
20.4009 20.4722 20.5296 20.5997 20.6411 20.7138 20.7781 20.7917 20.8438
 20.8797 20.9737 20.9927 21.0159 21.0468 21.0696 21.1158 21.1651 21.1866
 21.2114 21.2275 21.2485 21.2635 21.2768 21.3041 21.4167 21.58   26.3817
 27.2886 28.1407 28.8633 28.9715 28.9964 29.0942 29.2216 29.3009 29.4395
 29.4554 29.4838 29.5162 29.569  29.6683 29.8081 29.8197 29.8431 29.8703
 29.9253 29.9709 29.9958
30.1578 35.8109 37.2892 37.368  37.5692 37.595  37.6244 37.6399 37.7103
 37.7292 37.7824 37.8224 37.8554 37.8983 37.9188 37.9433 37.9658 37.9854
 38.0003 38.0202 38.0609 38.0963 38.1452 38.29
43.3399 45.1119 45.2445 45.2694 45.5428 45.7171 45.7437 45.8309 45.8671
 45.8927 45.9799 45.9997 46.0171 46.063  46.0852 46.153  46.1854 46.2116
 46.2426 46.279  46.3046 46.3157 46.3498 46.3644 46.3807 46.4258 46.4684
 46.5063 46.5215 46.5372 46.5643 46.6168 46.6681 46.6969
53.2043 53.2534 53.4838 53.7188 53.9025 53.9969 54.1552 54.286  54.3687
 54.5339 54.6015 54.7728 54.8227 54.8995 54.9178 54.9388 54.9546 54.9732
 55.0004 55.0205 55.0479 55.09   55.1052 55.1214 55.173  55.2142 55.2789
 55.2953 55.3287 55.3926 55.5256
61.4619 61.781  62.2566 62.3784 62.5533 62.6667 62.6906 62.7348 62.7607
 62.8643 62.8987 62.9657 62.9895 63.0748 63.0955 63.1133 63.1308 63.1588
 63.1918 63.2123 63.2258 63.2532 63.3088 63.3202 63.3334 63.349  63.3869
 63.4503 63.4672 63.4926 63.5307 63.5466 63.5716 63.6667 69.9549

