11.6408 12.0368 12.3804 12.4678 12.6529 12.887  12.9113 13.021  13.0978
 13.1321 13.2055 13.2946 13.3588 19.0228 19.5115 19.6541 19.8527
21.1209 21.1636 21.2509 21.3398 21.5427 21.6023 21.6976 28.6117 29.2169
 29.2998 29.4682 29.602  29.6728 29.6957 29.7122 29.9452
30.0251 30.0874 30.1073 30.1411 30.176  30.1975 30.2199 30.2579 30.3017
 36.1924 36.9715 37.0968 37.1179 37.2767 37.4437 37.5482 37.6717 37.7234
 37.7594 37.8377 37.8792 37.9341 38.0028 38.0157 38.0302 38.0625 38.0964
 38.2089 38.2356 38.2526 38.273  38.3037
46.0036 46.1264 46.2485 46.2935 46.3094 46.4354 46.4957 46.5779 46.7466
 46.7626 46.7884 46.8493 46.8781 46.9182 46.9725 47.0139 47.2276
53.0461 54.7496 54.7832 54.8843 54.9072 55.0152 55.0297 55.1069 55.1712
 55.2149 55.2335 55.2639 55.2903 55.4054 55.4267 55.4642 55.514  55.5275
 55.6259 55.6481
62.8524 62.9976 63.5893 63.6268 63.6614 64.0027 69.9077

