10.5696 11.7769 12.1028 12.1987 12.2579 12.326  12.3608 12.5183 12.6705
 12.6948 12.712  12.7481 12.8104 12.8423 12.8733 12.9289 12.9887 13.043
 13.1322 13.1563 13.1724 13.1872 13.2119 13.2241 13.2368 13.2623 13.286
 13.3055 13.3374 13.3556 13.3737 13.3936 13.4143 13.4415 13.4873 13.5821
 13.6365
20.3467 21.0983 21.1815 21.245  21.2746 21.3027 21.4554 21.4885 21.5398
 21.5842 21.6224 21.6484 21.7329 21.8544 21.9846 26.4254 27.1197 28.6642
 29.4417 29.4859 29.5376 29.5826 29.634  29.657  29.6924 29.7423 29.8046
 29.9088 29.9273 29.9525 29.9837 29.9966
30.0255 30.0446 30.0637 30.0884 30.1188 30.1358 30.1969 30.2566 30.2863
 30.3016 30.4161 36.3099 36.6933 36.8422 36.9684 37.1139 37.2174 37.2523
 37.5546 37.623  37.6795 37.6956 37.7305 37.7468 37.7638 37.8199 37.8375
 37.87   37.889  37.902  37.9266 38.0112 38.0389 38.0526 38.0806 38.0956
 38.1126 38.1308 38.1421 38.1586 38.1704 38.2014 38.2193 38.2314 38.2459
 38.2575 38.2767 38.2914 38.3056 38.3209 38.3374 38.3561 38.3917 38.4414
 38.4832 38.5017 38.519  38.5415 38.5689
45.6243 45.9608 46.3408 46.4971 46.533  46.6023 46.6915 46.7173 46.7759
 46.7975 46.865  46.8871 46.92   46.9538 46.9976 47.0329 47.0945 47.1295
 47.2528 47.3006
54.6178 54.8148 54.9544 54.9944 55.0286 55.0486 55.0698 55.1621 55.1977
 55.2463 55.2638 55.2988 55.3148 55.3332 55.3746 55.3942 55.4198 55.4333
 55.4446 55.4552 55.4802 55.5413 55.5874 55.623  55.649  55.675  55.6914
 55.7168 55.7487 55.7704 55.7906 55.8114 55.8276 55.8531 55.8852 55.92
 55.9615 56.0153
62.2793 62.9912 63.2789 63.3694 63.4464 63.4927 63.5896 63.9263 64.1546
 69.5917

