11.6052 11.7504 11.9158 12.1189 12.2853 12.5694 12.6662 12.8667 17.8262
20.0864 20.1727 20.3192 20.3787 20.411  20.5284 20.6066 20.6281 20.6627
 20.9399 21.0702 28.3631 28.4768 28.5997 28.7985 28.8783 28.9138 28.9987
 29.2493
33.9292 36.1922 36.449  36.5392 37.1099 37.23   37.3262 37.5486 37.6305
 37.7352 37.7615 37.9893
45.2338 45.3014 45.3338 45.5823 45.6425 45.6605 45.9598 45.9936 46.0521
 46.0792 46.1321 46.1928
51.513  52.8906 53.4063 53.6718 53.6934 54.1928 54.3331 54.4065 54.4534
 54.499
60.2397 61.5894 61.6721 61.7121 61.9085 62.1122 62.1668 62.2201 62.2601
 62.2855 62.3232 62.3995 62.5408 62.6385 62.7326 62.7798 62.8449 62.8966
 69.2569 69.5547 69.9687

