11.8553 12.1311 12.1795 12.2382 12.2756 12.32   12.3679 12.4017 12.4429
 12.4805 12.4989 12.6828 19.6218
20.171  20.3679 20.5545 20.5842 20.6841 20.698  20.8021 20.8962 20.9666
 21.1185 27.2128 28.7532 28.8366 28.8975 28.9345 28.9957 29.1418 29.2002
 29.3237 29.4452 29.5205 29.5412
36.8341 37.2569 37.2986 37.3248 37.3738 37.5066 37.5545 37.6088 37.6313
 37.6528 37.7504 37.8134 37.8636 38.1766
42.7208 45.1396 45.5277 45.726  45.7724 45.957  46.097  46.1584 46.1934
52.1879 53.3504 53.4628 53.9129 53.9968 54.0412 54.2321 54.2624 54.3427
 54.4554 54.4975 54.528  54.732  54.8318 54.9587
62.7575 62.844  62.9835 68.5661

