11.0329 11.6917 11.791  11.8676 11.9056 11.9541 12.0502 12.0975 12.22
 12.2381 12.2596 12.2781 12.3953 12.4155 12.4989 12.5366 12.6079 17.1588
 18.83   19.2883 19.4716 19.8419
20.0839 20.1886 20.2538 20.4243 20.6524 20.6818 20.7026 20.7936 21.0425
 28.6174 28.6903 28.8364 28.961  29.2345 29.3102 29.3428 29.5343
35.9627 36.9201 37.1    37.4709 37.5049 37.5483 37.6295 37.7152 37.7749
 37.8154 37.9599
42.6507 44.9956 45.0443 45.1123 45.1941 45.2802 45.4646 45.6315 45.7614
 45.78   45.8978 45.9753 46.1132
51.8219 53.5755 53.6221 53.764  53.865  54.0526 54.0856 54.3377 54.3747
 54.4289 54.4884 54.754
62.1287 62.6168 62.6457 62.9672 69.2546 69.9918

