11.5091 11.994  12.1598 12.2994 12.3688 12.4968 12.5246 12.6599 12.7022
 12.8452 12.9859
20.0974 20.2791 20.3991 20.4242 20.5472 20.6143 20.6608 20.8069 20.8591
 20.9009 26.7597 28.3407 28.3645 28.6626 28.7162 28.8479 28.8771 28.9671
 29.0992 29.4392 29.4616 29.5325 29.5723 29.6298 29.6574 29.6863
36.3345 36.7407 37.1134 37.2498 37.4127 37.4968 37.6987 37.8514
45.5107 45.7881 45.9699 46.0381 46.0537 46.0762 46.2182 46.2568 46.3013
 46.3307 46.4087 46.4234 46.4406 46.6063 46.7696 46.8403 46.8723
52.9908 53.4401 53.5365 53.6615 53.7743 53.835  53.9897 54.0127 54.088
 54.4262 54.5498 54.7449
61.2226 61.2909 61.9099 61.9456 62.0439 62.0885 62.1191 62.1917 62.2504
 62.2907 62.3622 62.39   62.4056 62.5328 62.6094 62.6486 62.661  62.6801
 62.7376 62.7879 62.7995

