10.8195 11.3841 11.7674 11.8126 11.9063 12.0226 12.1359 12.1681 12.2127
 12.2694 12.3719 12.4349 12.4602 12.5045 12.5338 12.5539 12.5863 12.6038
 12.6349 12.668  12.6874 12.7046 12.7306 12.7532 12.7757 12.8005 12.825
 12.8443 12.8601 12.8821 12.8983 12.9097 12.9285 12.9443 12.9636 12.9859
 13.0051 13.0203 13.0348 13.0485 13.0631 13.076  13.0907 13.1026 13.1179
 13.1303 13.1462 13.1681 13.1834 13.1957 13.2097 13.2223 13.2341 13.26
 13.2714 13.2878 13.3004 13.3119 13.3233 13.3389 13.3518 13.3689 13.3891
 13.4002 13.4124 13.4272 13.4383 13.4513 13.4686 13.4826 13.4956 13.5102
 13.5221 13.5337 13.5488 13.5598 13.5732 13.5899 13.6059 13.6218 13.636
 13.6545 13.6694 13.6879 13.7033 13.7196 13.735  13.7553 13.7691 13.786
 13.8    13.8104 13.8315 13.8462 13.8623 13.8894 13.9151 13.9317 13.9472
 13.9651 13.9872 14.0066 14.0259 14.0416 14.0725 14.0979 14.124  14.1449
 14.1819 14.2023 14.2277 14.2499 14.3052 14.3811 14.4669 14.5269 19.5235
 19.7128 19.8837
20.0958 20.2339 20.3927 20.4399 20.5076 20.5338 20.5753 20.6299 20.6639
 20.6939 20.7173 20.7288 20.7429 20.7586 20.7701 20.7846 20.8019 20.8244
 20.8499 20.8726 20.8893 20.9087 20.9318 20.9475 20.9618 20.9744 20.9926
 21.0127 21.0339 21.0496 21.0624 21.0723 21.0821 21.0935 21.1041 21.1155
 21.1304 21.1434 21.1601 21.1723 21.1861 21.2029 21.2156 21.2341 21.2485
 21.2605 21.2711 21.2821 21.2963 21.3069 21.3214 21.3334 21.3459 21.3564
 21.3691 21.3845 21.4056 21.4165 21.4328 21.4437 21.4544 21.4665 21.4762
 21.49   21.502  21.5165 21.5296 21.5412 21.5534 21.5649 21.5759 21.5883
 21.6012 21.6139 21.6254 21.6361 21.6502 21.6652 21.6801 21.6928 21.7071
 21.7191 21.7302 21.743  21.7588 21.7741 21.7854 21.7957 21.8082 21.82
 21.8308 21.8418 21.8527 21.8677 21.8785 21.8915 21.9047 21.9193 21.9328
 21.9444 21.9588 21.9752 21.9907 22.0053 22.0214 22.032  22.0453 22.0595
 22.0732 22.0927 22.1107 22.126  22.1425 22.1581 22.17   22.1836 22.1985
 22.2216 22.2361 22.2522 22.2724 22.2923 22.3084 22.3241 22.3413 22.3563
 22.3817 22.4001 22.4184 22.4377 22.4534 22.4706 22.4882 22.5138 22.5357
 22.5591 22.5874 22.6598 22.7018 22.739  27.7296 27.7839 28.1444 28.7835
 28.8608 28.9308 29.014  29.0366 29.0686 29.0903 29.1319 29.1467 29.1833
 29.201  29.2195 29.2398 29.2654 29.2856 29.314  29.3299 29.3424 29.357
 29.3843 29.3965 29.4112 29.4319 29.4452 29.462  29.4768 29.4925 29.5081
 29.5233 29.5423 29.5581 29.5771 29.602  29.6159 29.6318 29.6575 29.6689
 29.6811 29.693  29.7055 29.7182 29.7391 29.7536 29.7677 29.7796 29.7944
 29.8049 29.8157 29.8255 29.8379 29.8519 29.8618 29.8736 29.8873 29.901
 29.9113 29.923  29.9361 29.9465 29.9584 29.9687 29.9822
30.0007 30.0101 30.0208 30.0361 30.0492 30.0601 30.0733 30.0885 30.1056
 30.1216 30.1367 30.1476 30.1592 30.1707 30.1799 30.1983 30.2134 30.2257
 30.2422 30.2562 30.2713 30.281  30.293  30.3038 30.3159 30.3315 30.3439
 30.3565 30.3723 30.3841 30.3957 30.4061 30.4183 30.4299 30.4408 30.455
 30.4714 30.4837 30.4939 30.5057 30.5176 30.5286 30.5412 30.5533 30.566
 30.577  30.5882 30.6016 30.6134 30.6284 30.647  30.6593 30.6804 30.6973
 30.7113 30.723  30.7369 30.7561 30.7722 30.7859 30.7989 30.8132 30.8269
 30.8407 30.856  30.8765 30.8942 30.9077 30.9238 30.9466 30.9718 30.9886
 31.0083 31.0246 31.0425 31.0557 31.0832 31.1015 31.1294 31.1537 31.1877
 31.248  35.3009 35.9717 36.3349 36.6466 37.4307 37.4651 37.6526 37.6813
 37.7405 37.7875 37.8058 37.8647 37.883  37.9186 37.9457 37.9674 37.9816
 38.0122 38.0314 38.0614 38.0817 38.1187 38.1583 38.189  38.2097 38.223
 38.2419 38.2569 38.2865 38.3116 38.3266 38.3417 38.3577 38.396  38.4127
 38.4295 38.449  38.4636 38.4774 38.4928 38.5052 38.523  38.5416 38.5621
 38.5751 38.5871 38.601  38.6182 38.6286 38.6451 38.663  38.6742 38.685
 38.6987 38.7227 38.7376 38.753  38.7696 38.7824 38.7952 38.8061 38.8238
 38.8363 38.8528 38.8714 38.8826 38.9003 38.9139 38.9278 38.9506 38.9641
 38.9759 38.9892 39.0104 39.031  39.0464 39.0631 39.0774 39.0926 39.1104
 39.1369 39.1576 39.1739 39.1972 39.2236 39.2377 39.2609 39.2848 39.2994
 39.3327 39.359  39.3825 39.4054 39.4273 39.4537 39.4769 39.5243 39.5585
 39.5815 39.5986 39.6292 39.7307 39.7753 39.7989
45.5143 45.5401 45.7257 45.8859 45.9827 46.0136 46.0448 46.1406 46.16
 46.1854 46.2372 46.2728 46.2903 46.3058 46.3326 46.3548 46.3717 46.3925
 46.4082 46.4279 46.4595 46.4739 46.4944 46.5097 46.5253 46.5544 46.57
 46.5851 46.6026 46.6248 46.6434 46.6565 46.6686 46.6811 46.6953 46.7154
 46.73   46.7491 46.7655 46.7789 46.7942 46.8085 46.8218 46.8338 46.8621
 46.8816 46.9015 46.9195 46.9315 46.9452 46.9627 46.9767 46.9905 47.003
 47.0157 47.0275 47.0427 47.0612 47.0758 47.0931 47.1071 47.1201 47.1339
 47.1456 47.1565 47.1703 47.1858 47.2071 47.222  47.2409 47.2562 47.2717
 47.2865 47.3016 47.3136 47.3263 47.3391 47.3516 47.3654 47.3782 47.3902
 47.4093 47.4214 47.4335 47.4468 47.4613 47.4823 47.5006 47.5179 47.5385
 47.5538 47.5728 47.5897 47.6025 47.6149 47.6275 47.6389 47.6525 47.6724
 47.686  47.6993 47.7179 47.7362 47.751  47.7758 47.7899 47.8069 47.8234
 47.8408 47.8638 47.8826 47.9096 47.9276 47.9485 47.9654 47.9851 48.0099
 48.0255 48.0656 48.0853 48.1193 48.1398 48.1652 48.1824 48.2446 48.2817
 48.3108 48.4485
53.3909 53.7067 53.8019 53.8382 53.9871 54.0871 54.1259 54.1431 54.1589
 54.1813 54.1997 54.2214 54.2379 54.262  54.2907 54.3051 54.3298 54.3523
 54.3669 54.3864 54.4109 54.4316 54.4457 54.4876 54.502  54.5158 54.5361
 54.5578 54.5748 54.5969 54.6177 54.6372 54.6607 54.6767 54.6896 54.7058
 54.718  54.7319 54.7519 54.7763 54.7886 54.8024 54.8191 54.8299 54.8405
 54.8616 54.8819 54.8958 54.9074 54.9206 54.9346 54.947  54.9599 54.9732
 54.9867 55.0004 55.0146 55.026  55.037  55.0475 55.06   55.0705 55.0826
 55.0968 55.1089 55.1242 55.1359 55.1478 55.1605 55.1746 55.1863 55.1965
 55.2083 55.2237 55.2337 55.2479 55.2596 55.2757 55.29   55.3007 55.3144
 55.3247 55.3347 55.3452 55.359  55.3726 55.3858 55.3987 55.4155 55.4302
 55.4429 55.4587 55.4711 55.483  55.4961 55.511  55.5316 55.5525 55.5728
 55.5887 55.6015 55.6162 55.6277 55.6404 55.6558 55.6758 55.6915 55.7056
 55.7224 55.7404 55.7636 55.7806 55.794  55.8084 55.8235 55.8495 55.8675
 55.8846 55.9016 55.9283 55.9464 55.9685 55.9916 56.0098 56.0318 56.0542
 56.0783 56.1057 56.1374 56.1635 56.2019 56.2811 56.4463 56.6278
61.2645 61.8072 61.9229 61.9584 62.013  62.0575 62.1076 62.1205 62.1582
 62.1995 62.2315 62.2724 62.3055 62.3264 62.3466 62.3678 62.4152 62.4354
 62.4508 62.4678 62.4823 62.5135 62.5447 62.5655 62.5802 62.5946 62.6104
 62.6308 62.6528 62.663  62.6758 62.6908 62.7034 62.7167 62.7288 62.7416
 62.7541 62.766  62.7797 62.7936 62.8052 62.8184 62.8328 62.8472 62.8582
 62.8667 62.8805 62.8941 62.9039 62.9135 62.9231 62.9333 62.9458 62.9579
 62.9711 62.9824 62.993  63.0029 63.0144 63.0249 63.0359 63.0459 63.0563
 63.0675 63.0803 63.0899 63.1008 63.1146 63.1233 63.1331 63.1434 63.1549
 63.1657 63.1789 63.1896 63.2006 63.2122 63.2237 63.2335 63.244  63.2539
 63.2634 63.2733 63.2824 63.2934 63.3034 63.3144 63.3255 63.3377 63.3473
 63.3568 63.3671 63.3768 63.3862 63.3958 63.4051 63.4148 63.4247 63.4334
 63.4445 63.4537 63.4635 63.473  63.484  63.4934 63.5025 63.5135 63.5225
 63.5334 63.5423 63.5553 63.567  63.5766 63.5865 63.5965 63.6066 63.6156
 63.6258 63.6367 63.6471 63.6559 63.6651 63.6762 63.6884 63.7004 63.7133
 63.723  63.7331 63.7439 63.7547 63.7642 63.7753 63.7854 63.7969 63.8093
 63.82   63.8314 63.8416 63.8538 63.8638 63.8751 63.8868 63.8993 63.91
 63.9229 63.9345 63.9448 63.956  63.9672 63.9792 63.9927 64.0048 64.0174
 64.0299 64.0396 64.0512 64.0635 64.0776 64.091  64.1024 64.1144 64.1274
 64.139  64.1517 64.1651 64.1786 64.1938 64.2081 64.2239 64.2369 64.2497
 64.2651 64.281  64.2997 64.316  64.3322 64.3538 64.3849 64.4144 64.4444
 64.4724 69.5665 69.7518

