11.0454 11.5748 11.8759 12.0145 12.142  12.1934 12.3801 12.4451 12.4757
 12.5102 12.6157 12.6355 19.5759 19.8168
20.0622 20.1263 20.2299 20.3875 20.4068 20.4575 20.4946 20.5988 20.6811
 20.6989 20.7475 20.8607 20.8826 21.0506 21.1706 21.2165 21.2425 25.8906
 26.8348 27.7927 28.3985 28.5329 28.6957 28.8037 28.83   28.8517 28.8906
 28.9441 29.0109 29.0652 29.0882 29.1429 29.1796 29.3329 29.3571 29.4049
 29.5249 29.5496 29.5645 29.6024 29.6795 29.7132 29.7614 29.8129
36.6956 36.8566 37.1654 37.243  37.3657 37.6787 37.7322 37.8553 37.8818
 37.9218 38.0054 38.2211 38.2798
43.2643 45.0367 45.5187 45.749  45.7887 46.0606 46.0996 46.1423 46.1908
 46.3822 46.4154 46.4504 46.4668 46.6263 46.6547 46.7352 46.8484
52.4406 52.9449 53.1017 53.5594 53.7417 53.8204 53.8515 53.9056 53.9885
 54.0765 54.1    54.1478 54.2469 54.2986 54.3336 54.3731 54.3942 54.4184
 54.4409 54.457  54.4928 54.5253 54.5397 54.606  54.6305 54.8469 54.9233
61.0811 61.3582 61.4675 61.8448 61.8718 61.9207 61.9715 62.068  62.1258
 62.1684 62.2166 62.3119 62.3297 62.3802 62.4108 62.4316 62.4477 62.4734
 62.5245 62.5377 62.5686 62.6013 62.6239 62.6605 62.6859 62.7073 62.7245
 62.776  62.8032 62.818  62.8303 62.8969 62.912  62.947  62.9592 62.9833
 63.1777 69.8874

