11.6416 11.7068 12.0831 12.2559 12.2862 12.3739 12.4106 12.4445 12.5507
 12.6238 12.6478 12.69   12.7295 12.751  12.7709 12.8257 12.8717 12.8915
 12.9454 12.9721 12.9902 13.0063 13.043  13.1075 13.1226 13.16   13.1755
 13.2107 13.2797 13.4061 13.4331 13.4813 13.5343 13.6797 19.8587 19.9765
20.1971 20.2522 20.2937 20.424  20.5019 20.5957 20.6298 20.6509 20.6848
 20.7186 20.7435 20.7623 20.7908 20.8391 20.859  20.8812 20.899  20.9115
 20.9268 20.9458 20.9628 20.9799 20.9944 21.011  21.0262 21.0579 21.0738
 21.095  21.1133 21.1312 21.1601 21.1972 21.2206 21.2364 21.2587 21.2757
 21.2943 21.3147 21.3259 21.3426 21.3608 21.3744 21.3905 21.4224 21.4449
 21.4647 21.4773 21.4882 21.5067 21.525  21.5371 21.5606 21.6267 21.6479
 21.6615 21.6738 21.6913 21.7499 21.7905 21.8199 21.8387 26.1779 27.682
 28.4679 28.5311 28.6229 28.6734 28.7696 28.8458 28.8755 28.9159 28.9407
 28.9647 29.052  29.0689 29.1151 29.1321 29.1631 29.1976 29.2338 29.2636
 29.3036 29.3338 29.3543 29.3798 29.4055 29.4239 29.4522 29.4862 29.5141
 29.5424 29.5664 29.5853 29.6    29.6245 29.6632 29.7035 29.734  29.7866
 29.7986 29.8085 29.824  29.8409 29.8707 29.8818 29.8979 29.9202 29.9434
 29.9602 29.9869
30.0043 30.0325 30.0672 30.0838 30.1126 30.1518 30.1782 30.1929 30.2209
 30.25   30.2805 30.304  30.3231 30.3432 30.4028 36.3722 37.0029 37.3804
 37.4113 37.7757 37.8697 37.9144 37.9409 38.0077 38.0499 38.0773 38.1137
 38.1376 38.1543 38.185  38.2016 38.222  38.2665 38.2976 38.3113 38.3293
 38.3562 38.3804 38.4013 38.4205 38.4364 38.4859 38.5722 38.631  38.6851
 38.7633 38.7995 38.9099 38.9692
45.1234 45.6162 45.8486 45.975  46.0227 46.0467 46.1047 46.1806 46.2623
 46.2848 46.3014 46.3487 46.3797 46.4309 46.4592 46.4903 46.5041 46.5439
 46.5702 46.5886 46.6056 46.6234 46.6434 46.6598 46.6752 46.7076 46.7515
 46.7689 46.7887 46.8036 46.8213 46.8397 46.8691 46.9174 46.9375 46.9499
 46.9688 46.9992 47.0267 47.0536 47.0746 47.1467 47.1683 47.2156 47.2653
 47.3236 47.3728
53.5046 53.8085 53.9284 53.9652 54.0495 54.0774 54.1038 54.1977 54.227
 54.2434 54.2743 54.3193 54.3377 54.363  54.3878 54.4128 54.4382 54.4602
 54.4767 54.5034 54.5347 54.5506 54.5871 54.6202 54.644  54.6712 54.6892
 54.7139 54.7392 54.7792 54.798  54.8105 54.825  54.8387 54.8549 54.8705
 54.8836 54.8982 54.9578 54.9705 54.9906 55.0067 55.0281 55.0435 55.0641
 55.0875 55.1154 55.1352 55.1533 55.1771 55.2067 55.2273 55.282  55.2992
 55.3149 55.3532 55.4174
61.0592 61.3096 61.6217 61.663  61.8668 61.9236 61.9678 61.9938 62.0519
 62.1407 62.1876 62.2412 62.2679 62.3129 62.3368 62.3615 62.3835 62.4011
 62.4208 62.4337 62.459  62.5003 62.5261 62.551  62.5775 62.6007 62.6243
 62.6449 62.6693 62.6847 62.7008 62.7169 62.7294 62.7503 62.7851 62.8104
 62.8257 62.8378 62.8504 62.8674 62.8853 62.9051 62.9207 62.9314 62.9439
 62.9587 62.9701 62.9821 62.9976 63.01   63.0261 63.0392 63.0521 63.0661
 63.0831 63.0946 63.1067 63.1171 63.1329 63.1468 63.1605 63.176  63.1927
 63.2048 63.2184 63.2285 63.2413 63.2621 63.2834 63.2958 63.3079 63.3204
 63.3357 63.3503 63.3654 63.3831 63.3963 63.4183 63.4313 63.4544 63.4749
 63.4887 63.5133 63.527  63.5385 63.585  63.6205 63.6408 63.7073 69.6353
 69.7998 69.846

