13.0869 13.1132 13.4377 13.5898 13.9469 14.0956 14.1826 14.2287 14.259
 14.3366 14.5041
22.6827 22.808  23.0525 23.1585 23.1976 23.2739 23.3845 23.6146 23.8157
 23.9764
31.0921 31.2055 31.5673 32.6035 32.8822 32.914  33.0737 33.1629 33.4214
 33.5438 33.735
41.5751 42.2775 42.3503 42.3924 42.4864 42.5768 42.6099 42.6956 42.9084
 43.0789 43.1056 43.1954 49.1037
51.2446 51.5759 51.6308 51.8888 52.1829 52.2742 52.3351 52.4768 52.4994
 52.5721 52.6743 52.6982 52.8168 52.8772 52.9122 52.9419 53.0538
61.0694 61.1062 61.7675 61.8916 62.1014 62.1708 62.3449 62.5259 62.6955

