12.6695 12.7905 13.7626 14.1979 14.4774 14.6076 14.7067 14.854  14.9136
 14.9646 15.0288
23.5726 23.7798 23.8548 23.9029 24.098  24.1391 24.1899
32.3412 32.5696 32.8037 32.8358 32.9486 32.9979 33.0783 33.2336 33.5542
 33.5904 33.6302 33.6665 33.7546 33.7818 33.8101 33.8693 33.9905 34.0285
42.189  42.4656 42.8188 42.8496 43.004  43.1262 43.4458 49.3007
51.1288 51.6257 52.4141 52.7119 52.9728 53.1188 53.2463 53.2756 53.354
61.9448 62.0219 62.3019 62.3919 62.5993 62.7661 62.7989 62.8965 62.9254
 62.9616 62.9873

