12.2569 13.281  14.054  14.3817 14.4683 14.5332 14.6549 14.6905 14.7287
 14.7528 14.7829 14.8078 14.832  14.8545 14.8914 14.9175 14.9365 14.9524
 14.9799 14.9957 15.0208 15.0364 15.0546 15.0773 15.0982 15.1128 15.1295
 15.1453 15.1643 15.1896 15.2105 15.2248 15.2397 15.255  15.2689 15.2848
 15.3009 15.3151 15.329  15.3512 15.3639 15.3785 15.3926 15.4107 15.433
 15.4508 15.4648 15.4819 15.4954 15.5132 15.5288 15.5428 15.5572 15.5697
 15.5833 15.6031 15.6154 15.6366 15.6512 15.6636 15.6766 15.6921 15.7064
 15.7206 15.7562 15.7726 15.7859 15.8019 15.8255 15.8445 15.8604 15.8818
 15.9082 15.929  15.9452 15.9615 15.9786 15.9988 16.0167 16.0468 16.0611
 16.0985 16.1201 16.148  16.1737 16.1909 16.2135 16.2334 16.2577 16.2753
 16.302  16.3273 16.3445 16.3657 16.3955 16.4246 16.4445 16.4744 16.4994
 16.5385 16.5615 16.5866 16.611  16.6374 16.6728 16.6965 16.7458 16.8422
 16.8808 16.9591 17.0636 17.1248
23.3179 23.4937 23.7125 23.7547 23.7916 23.828  23.8603 23.9349 23.9628
 23.9963 24.0644 24.0809 24.1094 24.1436 24.1727 24.3272 24.3601 24.3949
 24.4196 24.4368 24.4527 24.5064 24.5208 24.5357 24.5679 24.5895 24.6066
 24.6336 24.6539 24.6795 24.6952 24.7193 24.739  24.755  24.7725 24.7848
 24.7966 24.8171 24.8322 24.8515 24.8688 24.8837 24.8994 24.9175 24.9321
 24.9468 24.9646 24.98   24.9978 25.011  25.0257 25.0435 25.0651 25.0848
 25.1021 25.118  25.131  25.1493 25.1702 25.1898 25.2111 25.2315 25.2578
 25.2836 25.2989 25.321  25.3479 25.3698 25.3883 25.4095 25.4256 25.4416
 25.458  25.4767 25.498  25.5173 25.5483 25.5749 25.5913 25.6133 25.6355
 25.6584 25.6946 25.7337 25.7645 25.7914 25.8643 25.9103 25.9539 26.0085
 26.1038 26.1389 26.2509 28.5396
32.8726 33.2321 33.2813 33.3228 33.3728 33.4256 33.4582 33.5045 33.5498
 33.5817 33.6025 33.6233 33.6669 33.6902 33.7218 33.7377 33.7622 33.8013
 33.8265 33.8497 33.8753 33.8903 33.9069 33.9287 33.9511 33.9732 33.9972
 34.0139 34.0319 34.0452 34.0648 34.1098 34.1237 34.1415 34.1549 34.1691
 34.1866 34.2014 34.2234 34.2412 34.2626 34.2779 34.2945 34.3081 34.3241
 34.3387 34.354  34.3757 34.3992 34.4175 34.4313 34.4486 34.47   34.4846
 34.5019 34.5196 34.5497 34.565  34.5864 34.6016 34.6166 34.6287 34.6441
 34.659  34.6757 34.6899 34.7019 34.716  34.7378 34.7522 34.7664 34.7852
 34.8049 34.8191 34.8329 34.8486 34.8671 34.8842 34.9014 34.9144 34.9275
 34.942  34.9629 34.9818 35.01   35.023  35.0364 35.0515 35.0706 35.0874
 35.1017 35.1167 35.1343 35.1506 35.1728 35.1854 35.2003 35.2184 35.233
 35.2517 35.2691 35.2818 35.3041 35.3239 35.3507 35.3739 35.3938 35.4211
 35.4385 35.4788 35.5039 35.5251 35.544  35.5627 35.5946 35.6229 35.6492
 35.6999 35.7283 35.8111 35.8681
41.0289 42.56   42.6118 42.7776 42.8486 42.8737 42.913  42.9339 42.9526
 42.9865 43.0345 43.0491 43.0867 43.1132 43.1316 43.1575 43.1784 43.2086
 43.2556 43.2816 43.3239 43.3414 43.3618 43.3801 43.398  43.4234 43.4473
 43.4652 43.4796 43.4975 43.5137 43.5384 43.5579 43.5778 43.5913 43.6047
 43.6218 43.6348 43.6508 43.6683 43.6887 43.7126 43.7269 43.7391 43.7496
 43.7658 43.778  43.7921 43.8069 43.8179 43.8354 43.8462 43.8652 43.8807
 43.8924 43.9038 43.9165 43.9363 43.9534 43.9677 43.983  43.996  44.009
 44.0208 44.0335 44.0504 44.0638 44.076  44.0903 44.106  44.1247 44.1384
 44.1588 44.1738 44.1884 44.2037 44.2251 44.2403 44.2584 44.2755 44.2886
 44.3041 44.3197 44.3399 44.3649 44.3813 44.3955 44.4111 44.4246 44.4398
 44.4594 44.4747 44.4895 44.5011 44.5216 44.5361 44.5552 44.575  44.5914
 44.6096 44.6296 44.6587 44.6789 44.6995 44.7161 44.7315 44.7509 44.7699
 44.7983 44.8161 44.8363 44.8617 44.8853 44.9059 44.9295 44.9514 45.0193
 45.0677 45.1039 45.2059 45.2932
52.1098 52.2018 52.3988 52.5393 52.6439 52.6875 52.784  52.8279 52.8921
 52.9159 52.9493 52.9643 53.0007 53.0253 53.0705 53.0957 53.1123 53.1333
 53.1499 53.1804 53.2201 53.2491 53.2613 53.2809 53.2949 53.3132 53.3304
 53.3483 53.3626 53.3843 53.4022 53.4335 53.4595 53.474  53.4883 53.5067
 53.5264 53.5425 53.5557 53.5704 53.5861 53.6033 53.6153 53.6339 53.6562
 53.6688 53.6854 53.6966 53.718  53.7323 53.7509 53.7625 53.777  53.7943
 53.8097 53.8229 53.8392 53.8516 53.8686 53.8856 53.9035 53.9234 53.9416
 53.9607 53.9755 53.9903 54.0104 54.0308 54.045  54.0672 54.0837 54.1047
 54.1249 54.1457 54.1584 54.1837 54.2035 54.2169 54.2353 54.251  54.2713
 54.284  54.3079 54.3339 54.3854 54.4212 54.4398 54.4535 54.4697 54.49
 54.5105 54.5318 54.5488 54.5702 54.5925 54.6078 54.6203 54.6379 54.6546
 54.6736 54.6967 54.7163 54.7382 54.7655 54.792  54.8169 54.8548 54.8806
 54.9088 54.9357 54.9647 54.9906 55.0243 55.0679 55.143  55.1793 58.5579
 59.7869
61.8863 62.4153 62.4449 62.517  62.5478 62.6106 62.6599 62.7029 62.7304
 62.7609 62.7839 62.8309 62.8803 62.9004 62.9463 62.9716 62.9891 63.0145
 63.0387 63.0814 63.1007 63.1211 63.1385 63.1608 63.1853 63.2061 63.2216
 63.2451 63.2617 63.2804 63.2963 63.3144 63.3397 63.3608 63.3817 63.3958
 63.4099 63.4249 63.4453 63.4626 63.4866 63.5104 63.5275 63.5471 63.5649
 63.582  63.5943 63.6173 63.6309 63.6451 63.6578 63.6762 63.6928 63.7174
 63.7401 63.7618 63.7777 63.8142 63.8401 63.8543 63.8689 63.8883 63.9129
 63.9341 63.955  63.9794 63.9987 64.0176 64.0311 64.0492 64.0726 64.0935
 64.1121 64.134  64.1488 64.1655 64.1851 64.2049 64.2313 64.2621 64.2993
 64.3227 64.3429 64.3733 64.3942 64.436  64.4708 64.4935 64.553  64.6786
 64.7065 64.747  64.7691 64.8803 65.0229

