13.6342 14.1194 14.1788 14.3058 14.3309 14.3968 14.4371 14.4559 14.479
 14.5006 14.5204 14.541  14.5689 14.5953 14.6239 14.6487 14.6933 14.7599
 14.8377 14.8602 14.9718 15.0284 15.0584 19.4675
22.7782 22.83   22.9407 23.0026 23.0441 23.3641 23.4583 23.5069 23.5895
 23.6657 23.7265 23.7389 23.7679 23.7987 23.8227 23.8574 23.8908 23.9124
 23.9353 23.9572 24.0498 24.0706 24.112  24.1687 24.2007 24.2249
31.6552 31.7126 32.6101 33.0237 33.1414 33.1624 33.1894 33.2849 33.3095
 33.3324 33.3486 33.3762 33.4118 33.4328 33.4656 33.5014 33.5219 33.554
 33.5917 33.6088 33.7029 33.7574 33.7732 33.8873
40.8093 41.4305 41.5616 41.8115 42.0862 42.1088 42.1899 42.2368 42.2579
 42.3343 42.4529 42.4889 42.5927 42.6107 42.625  42.6455 42.7304 42.7839
 42.8057 42.8581 42.8876 42.9221 42.9374 42.9733 42.9964 43.0242 43.1072
 43.4186
50.9157 51.7842 52.2266 52.2862 52.3689 52.4084 52.5988 52.6288 52.7486
 52.7905 52.8285 52.862  52.8748 52.8944 52.9101 52.9258 52.9925 53.0337
 53.2465
61.0215 61.5062 61.8768 62.0047 62.0995 62.2312 62.3386 62.3782 62.398
 62.4206 62.5298 62.6    62.721  62.796  62.8182 62.8694

