12.2813 13.9689 14.1391 14.3667 14.4178 14.4642 14.7076 14.8657 14.9798
23.1981 23.2996 23.3505 23.4279 23.4466 23.7443 23.7782 23.8674 23.9916
 24.3124 24.4628
32.1906 32.3322 32.9129 32.9519 32.9819 33.1268 33.2684 33.3019 33.4162
 33.4299 33.5556 33.5793 33.666  33.7201 33.7531 33.8411 33.9262 33.9443
41.4893 41.5699 41.9508 42.1148 42.2374 42.5016 42.546  42.6401 42.7162
 42.8088 42.8261 42.8426 42.9347 42.9585 43.3456 43.3619 43.3849 43.4324
50.3328 52.1396 52.634  52.6908 52.738  52.8039 52.8495 52.9683 52.9891
 53.0081 53.2084 53.2599
60.9252 61.6459 61.6785 61.7125 61.8898 62.1697 62.362  62.4078 62.4732
 62.4917 62.6743 62.7506 62.8009 62.8339 62.8714 62.9326 62.9838

