13.523  13.7053 14.0165 14.1069 14.1296 14.1597 14.1939 14.2363 14.2886
 14.3097 14.5062 14.5794 14.6232 14.6489 14.6812 14.7046 14.7288 14.7603
 14.7827 14.9918
21.9431 22.9185 23.1166 23.2799 23.5747 23.6049 23.6515 23.7018 23.7886
 23.8087 24.0446
32.5458 32.7414 32.7722 32.8638 32.9174 33.2669 33.3727 33.4069 33.434
 33.5225 33.5436 33.6017 33.6478 33.6777 33.769  39.119  39.3082
40.1923 40.5998 40.9069 41.9965 42.0575 42.0974 42.2651 42.4597 42.677
 42.7166 42.7334 42.7782 42.8582 42.9189 42.9438 42.9737 42.9999 43.0714
50.1375 50.3598 50.9789 51.5527 51.8379 52.0221 52.0952 52.1339 52.204
 52.2534 52.3187 52.4765 52.6799 52.7511 52.8203 52.8763 52.905  52.9523
 53.0085 53.0577
61.0786 62.0109 62.0683 62.1625 62.2085 62.2581 62.2944 62.3163 62.5723
 62.9154

