12.6887 13.1631 13.7161 13.9117 14.0141 14.1539 14.1923 14.224  14.2559
 14.2869 14.4205 14.4609 14.4769 14.4955 14.5215 14.5746 14.5917 14.6421
 14.672  14.6858 14.7092 14.7356 14.7536 14.7724 14.7947 14.8099 14.8346
 14.8582 14.8699 14.9319 14.9477 14.9658 14.9843 15.0077 15.0316 15.0483
 15.0665 15.0851 15.1063 15.1231 15.1407 15.1567 15.1763 15.203  15.2147
 15.2299 15.2465 15.2668 15.2777 15.2927 15.3107 15.3348 15.3493 15.3632
 15.3782 15.3944 15.4154 15.4331 15.4528 15.4734 15.4896 15.507  15.5231
 15.5342 15.5489 15.5634 15.577  15.5914 15.6192 15.6378 15.6507 15.6679
 15.6839 15.6976 15.7179 15.7384 15.7555 15.776  15.7925 15.8079 15.8228
 15.8397 15.8616 15.8763 15.9007 15.9215 15.9416 15.9778 16.0077 16.0268
 16.0467 16.0699 16.0844 16.1017 16.1225 16.139  16.1526 16.1758 16.2052
 16.2249 16.2627 16.3059 16.3222 16.3395 16.3675 16.3939 16.4464 16.4902
 16.5067 16.5553 16.6134 16.7219 16.7756 17.2126 17.2899
20.5086 21.6636 22.5529 23.1718 23.3781 23.437  23.4978 23.5628 23.6047
 23.6269 23.6469 23.6687 23.7177 23.7364 23.7619 23.8225 23.8632 23.9157
 23.9355 23.9512 23.9826 24.0221 24.0426 24.0628 24.0788 24.092  24.1086
 24.127  24.1426 24.1561 24.172  24.1937 24.2246 24.2488 24.2864 24.3133
 24.3293 24.3475 24.3616 24.3955 24.4112 24.4716 24.4923 24.5105 24.5366
 24.5487 24.5681 24.5928 24.6091 24.6218 24.6355 24.6541 24.6784 24.696
 24.7099 24.7373 24.7601 24.7783 24.7992 24.8153 24.8345 24.8659 24.8824
 24.8972 24.9182 24.929  24.9419 24.9634 24.9771 24.9951 25.0109 25.0307
 25.0492 25.0666 25.082  25.1007 25.1189 25.1328 25.1504 25.1693 25.2007
 25.2204 25.233  25.2509 25.2646 25.2795 25.2953 25.3091 25.3246 25.3504
 25.3658 25.382  25.4049 25.4259 25.4468 25.4676 25.4964 25.5198 25.5402
 25.5638 25.5885 25.6097 25.6349 25.6548 25.6856 25.7025 25.7405 25.7602
 25.7871 25.8586 25.9237 25.9686 26.0249 26.2699 26.5825
32.0762 32.1619 32.8497 32.9954 33.0318 33.0672 33.1095 33.1398 33.2106
 33.2339 33.2557 33.2743 33.3146 33.331  33.3646 33.4013 33.4347 33.4661
 33.4855 33.5101 33.5265 33.5491 33.5647 33.5859 33.6254 33.6389 33.652
 33.6675 33.6895 33.7139 33.7277 33.745  33.7578 33.7743 33.7915 33.8166
 33.8477 33.8633 33.8805 33.8956 33.9132 33.9285 33.9462 33.9672 33.9826
 33.9933 34.005  34.0217 34.0344 34.0626 34.0789 34.0939 34.1087 34.1352
 34.1532 34.1705 34.1834 34.196  34.2153 34.2374 34.2507 34.2626 34.2749
 34.2912 34.3061 34.323  34.3369 34.3533 34.3648 34.3776 34.3956 34.4142
 34.4275 34.4408 34.458  34.4818 34.5024 34.5154 34.5299 34.5438 34.569
 34.5896 34.6128 34.6268 34.6405 34.6551 34.6747 34.687  34.7015 34.7207
 34.7354 34.7572 34.7735 34.7891 34.8069 34.8253 34.8414 34.8586 34.873
 34.8866 34.9001 34.9167 34.9299 34.9493 34.9665 34.9834 34.9983 35.0277
 35.0432 35.0719 35.0882 35.1088 35.1357 35.1557 35.179  35.2228 35.2446
 35.2665 35.2948 35.3266 35.3659 35.4065 35.4729 35.4997 35.6934 35.7822
41.6028 41.7549 41.892  42.0079 42.4189 42.4758 42.5377 42.583  42.6131
 42.6608 42.6839 42.7287 42.7538 42.7694 42.8251 42.8487 42.8738 42.9107
 42.9429 42.9579 42.9911 43.0066 43.0343 43.0562 43.0741 43.0906 43.1138
 43.1427 43.1615 43.185  43.2034 43.2166 43.2499 43.2661 43.2876 43.3052
 43.3278 43.346  43.3598 43.3784 43.4116 43.4335 43.4487 43.4639 43.4776
 43.49   43.507  43.5207 43.5368 43.5559 43.571  43.5828 43.6046 43.6196
 43.6386 43.6538 43.672  43.6983 43.7114 43.7264 43.7397 43.7559 43.7697
 43.7825 43.7973 43.8115 43.8243 43.8401 43.8537 43.8753 43.8918 43.9083
 43.9257 43.9471 43.9616 43.9754 43.9954 44.0124 44.0259 44.0439 44.0552
 44.0747 44.0894 44.1052 44.122  44.1425 44.1579 44.1755 44.1999 44.2161
 44.2337 44.2518 44.2677 44.2838 44.2989 44.315  44.3389 44.3531 44.3675
 44.3868 44.4076 44.4209 44.4352 44.4504 44.4713 44.487  44.5079 44.5207
 44.5359 44.5512 44.5683 44.5838 44.6079 44.6293 44.6575 44.6927 44.7236
 44.741  44.7645 44.7985 44.8229 44.8546 44.9293 44.9706 45.0228
51.4448 51.6884 52.0368 52.1707 52.2302 52.3678 52.4302 52.4687 52.4913
 52.5156 52.5483 52.5792 52.6175 52.641  52.7086 52.7417 52.7698 52.8082
 52.8295 52.8514 52.8811 52.9058 52.9419 52.969  52.9936 53.0094 53.0559
 53.0796 53.0939 53.119  53.1538 53.1715 53.1944 53.2081 53.229  53.2434
 53.2598 53.2716 53.2856 53.3024 53.3165 53.3322 53.3469 53.3604 53.3742
 53.3902 53.4047 53.4225 53.441  53.4614 53.4854 53.5002 53.5184 53.5423
 53.5547 53.5773 53.6056 53.6207 53.6328 53.6444 53.6574 53.6687 53.6857
 53.7034 53.7167 53.7348 53.7517 53.7675 53.7804 53.7961 53.8093 53.8263
 53.843  53.8607 53.8822 53.8995 53.9248 53.947  53.9603 53.982  54.0031
 54.0186 54.0339 54.0566 54.0766 54.0977 54.1121 54.1259 54.1386 54.155
 54.1719 54.184  54.2013 54.2253 54.2387 54.2507 54.2679 54.2846 54.304
 54.3246 54.3563 54.382  54.3999 54.4212 54.4426 54.4569 54.4804 54.5087
 54.5265 54.5459 54.5752 54.5945 54.6191 54.6582 54.6875 54.7192 54.7453
 54.7896 54.8322 54.8752 54.9043 54.9769
60.6399 60.6889 61.8026 61.8387 61.9944 62.0977 62.1437 62.2046 62.2286
 62.2789 62.3568 62.3925 62.4345 62.4499 62.4983 62.5125 62.5333 62.5563
 62.5843 62.6232 62.6398 62.6752 62.6913 62.7319 62.747  62.7638 62.7847
 62.802  62.8162 62.8325 62.8489 62.8744 62.9155 62.9308 62.9492 62.9631
 62.9849 63.0044 63.0281 63.0508 63.0689 63.0848 63.1109 63.1249 63.1417
 63.1659 63.1836 63.2013 63.216  63.2304 63.2452 63.2616 63.2862 63.3021
 63.3158 63.3278 63.3465 63.3657 63.3922 63.4068 63.4435 63.4761 63.4904
 63.5062 63.5206 63.5427 63.5714 63.5908 63.6055 63.6169 63.6352 63.6504
 63.6952 63.7102 63.7333 63.761  63.7744 63.7992 63.8172 63.839  63.8672
 63.8895 63.9143 63.9375 63.9553 64.002  64.018  64.0416 64.0652 64.0872
 64.1059 64.14   64.1693 64.2258 64.3083 64.3253 64.3642 64.4189 64.7334
 64.8657 65.2509 68.5144

