13.4668 13.9329 13.9819 14.3272 14.3938 14.4493 14.5477 14.5786 14.6046
 14.6288 14.6635 14.6832 14.7374 14.7549 14.7858 14.8118 14.828  14.8528
 14.8786 14.8965 14.9205 14.9363 14.9502 14.9635 14.9791 14.9944 15.0089
 15.0272 15.0525 15.0731 15.0857 15.1126 15.1326 15.1508 15.1667 15.18
 15.1955 15.2094 15.2231 15.2337 15.2567 15.2792 15.2988 15.3134 15.3268
 15.3408 15.3654 15.3814 15.3971 15.4167 15.4313 15.4507 15.4679 15.4825
 15.4948 15.5039 15.5163 15.5287 15.5428 15.5542 15.5722 15.585  15.599
 15.613  15.6244 15.6367 15.6527 15.6688 15.6833 15.6996 15.7103 15.7265
 15.7466 15.7633 15.7769 15.7892 15.8019 15.8233 15.841  15.8582 15.8729
 15.8862 15.9033 15.9204 15.9407 15.9631 15.9815 16.0082 16.0285 16.052
 16.0748 16.0923 16.1068 16.1275 16.1454 16.1835 16.2082 16.2447 16.2721
 16.2907 16.3094 16.3377 16.3585 16.3868 16.4274 16.4736 16.5122 16.5376
 16.6114 16.6586 16.8644
22.9104 23.2653 23.4583 23.527  23.5725 23.6012 23.6525 23.7199 23.7726
 23.7934 23.8235 23.8975 23.9409 23.9653 23.987  24.0093 24.0359 24.0651
 24.0905 24.1069 24.1217 24.1455 24.1599 24.1757 24.192  24.2139 24.2258
 24.2416 24.2551 24.2699 24.2872 24.3079 24.3356 24.3523 24.3811 24.4096
 24.4248 24.4372 24.452  24.4663 24.4817 24.5    24.5164 24.5316 24.5498
 24.5621 24.5871 24.6024 24.6149 24.6303 24.6414 24.6539 24.6725 24.6874
 24.7035 24.7156 24.7314 24.7441 24.7582 24.7724 24.7843 24.7986 24.8125
 24.8262 24.8399 24.8534 24.8678 24.8859 24.898  24.9105 24.9233 24.9376
 24.9484 24.9642 24.9828 24.9975 25.0181 25.0374 25.0533 25.0675 25.0836
 25.0997 25.1116 25.1274 25.1439 25.1566 25.1798 25.1939 25.2086 25.2258
 25.2389 25.2545 25.2814 25.2984 25.3168 25.3366 25.3573 25.3863 25.4038
 25.4237 25.4462 25.4597 25.4781 25.5032 25.5291 25.5675 25.5892 25.6208
 25.6532 25.6811 25.7063 25.7306 25.7584 25.7789 25.8243 25.8878 25.9894
 26.0259 26.0895 26.3488
32.3835 32.8947 32.9872 33.0799 33.1809 33.275  33.3896 33.4239 33.4428
 33.4632 33.5022 33.5229 33.5456 33.568  33.5892 33.6124 33.6287 33.6537
 33.6892 33.7031 33.7324 33.7584 33.7716 33.7879 33.806  33.8217 33.8348
 33.8534 33.8675 33.8854 33.8978 33.9124 33.9229 33.9388 33.9648 33.9782
 33.9899 34.0047 34.0169 34.0327 34.0456 34.0611 34.0752 34.0916 34.1041
 34.1292 34.1424 34.1542 34.1664 34.1778 34.188  34.2001 34.2111 34.2217
 34.2338 34.2462 34.2616 34.2754 34.2884 34.3008 34.3124 34.323  34.3336
 34.3432 34.3552 34.3684 34.3797 34.3929 34.4051 34.4175 34.4294 34.4417
 34.4561 34.4685 34.4812 34.492  34.5031 34.5151 34.5262 34.5401 34.5581
 34.5731 34.5874 34.6027 34.6175 34.6288 34.645  34.6602 34.6739 34.6859
 34.6993 34.7107 34.7249 34.7382 34.7524 34.7679 34.7821 34.798  34.813
 34.8282 34.8493 34.8649 34.8785 34.8931 34.9133 34.9282 34.9402 34.9623
 34.9796 34.9936 35.0103 35.0316 35.0456 35.0632 35.0971 35.1247 35.1513
 35.1693 35.1863 35.203  35.2312 35.2558 35.2824 35.3069 35.3388 35.3828
 35.422  35.5079 35.5522 35.5882 35.681  35.8419 35.9269
42.0487 42.2128 42.3387 42.5118 42.5541 42.6072 42.6485 42.6777 42.7058
 42.7265 42.7488 42.7867 42.8332 42.8538 42.8714 42.8924 42.9147 42.9495
 42.973  42.9968 43.0311 43.0552 43.0719 43.1037 43.1351 43.1587 43.1706
 43.1891 43.2137 43.2309 43.245  43.2614 43.273  43.287  43.3019 43.3158
 43.3352 43.3488 43.3666 43.3818 43.3973 43.4181 43.4393 43.4543 43.4729
 43.4874 43.5023 43.5131 43.5266 43.5452 43.562  43.5789 43.5909 43.6023
 43.6153 43.6283 43.639  43.6527 43.6655 43.6799 43.6921 43.7041 43.716
 43.7266 43.7368 43.7509 43.7633 43.7783 43.7938 43.8062 43.8174 43.8307
 43.8442 43.8595 43.8726 43.8841 43.8946 43.9071 43.9223 43.9333 43.9463
 43.9612 43.9715 43.9836 43.9962 44.0086 44.0193 44.0322 44.0464 44.0582
 44.0731 44.0918 44.1045 44.1148 44.1296 44.1462 44.1629 44.1736 44.1891
 44.2076 44.2252 44.2419 44.2553 44.2717 44.2895 44.3017 44.3157 44.3301
 44.347  44.367  44.3891 44.407  44.4198 44.4352 44.4552 44.4736 44.4991
 44.5152 44.5425 44.5613 44.5816 44.5975 44.6153 44.6378 44.6637 44.6859
 44.7193 44.7448 44.7629 44.7895 44.8125 44.8466 44.96   44.9802 45.0338
 45.1053 45.1309 45.2859
51.6799 52.2669 52.3978 52.477  52.5632 52.601  52.6383 52.6695 52.7058
 52.7779 52.8134 52.8397 52.9141 52.9599 52.9781 53.0058 53.0306 53.0643
 53.085  53.1001 53.1173 53.1353 53.1556 53.1845 53.2029 53.2259 53.2377
 53.2528 53.2682 53.285  53.304  53.3195 53.341  53.3607 53.3781 53.3929
 53.4072 53.4203 53.4316 53.4505 53.4622 53.4768 53.4893 53.5034 53.5188
 53.5353 53.5509 53.5657 53.5793 53.5896 53.6011 53.6152 53.6276 53.6432
 53.6577 53.6719 53.6835 53.6943 53.7059 53.7205 53.7335 53.7449 53.7582
 53.7677 53.7778 53.789  53.8012 53.8137 53.825  53.836  53.8468 53.8583
 53.8683 53.8791 53.8918 53.9033 53.9147 53.9291 53.9451 53.9577 53.9715
 53.9829 53.9956 54.0071 54.0198 54.0327 54.0453 54.0594 54.072  54.0863
 54.0982 54.1103 54.1252 54.1434 54.1546 54.1696 54.1878 54.1983 54.2131
 54.2265 54.2451 54.2637 54.2811 54.2985 54.3144 54.3344 54.3585 54.385
 54.4098 54.4348 54.4517 54.5017 54.5548 54.5707 54.5977 54.6423 54.6738
 54.6994 54.7228 54.7515 54.7906 54.849  54.9055 54.9479 55.0905 58.1225
62.2854 62.3082 62.4628 62.4932 62.5431 62.5633 62.6145 62.6365 62.6744
 62.6979 62.7568 62.7837 62.8264 62.8498 62.8623 62.8815 62.9066 62.9315
 62.957  62.9787 63.0245 63.0553 63.0723 63.0872 63.1063 63.1166 63.1306
 63.1473 63.1606 63.1734 63.1843 63.2044 63.2176 63.2354 63.2482 63.2655
 63.2834 63.3002 63.3137 63.3341 63.3512 63.3734 63.3901 63.4032 63.4228
 63.4388 63.4549 63.468  63.4862 63.4984 63.5135 63.5325 63.5496 63.5646
 63.5762 63.5892 63.6034 63.6202 63.6417 63.6575 63.6718 63.6847 63.6983
 63.7111 63.7243 63.7387 63.7544 63.7692 63.7843 63.7998 63.8119 63.8242
 63.8415 63.8554 63.8752 63.8893 63.9125 63.9337 63.9523 63.969  63.9821
 63.9953 64.0149 64.0386 64.0549 64.0979 64.1284 64.1578 64.1819 64.2057
 64.2549 64.2824 64.3554 64.3847 64.4336 64.5076 64.608  64.8007

