14.0586 14.4671 14.5117 14.5823 14.6307 14.6763 14.7083 14.7806 14.8285
 14.8525 14.8957 14.9173 14.9392 14.9545 14.9753 14.9947 15.0171 15.0345
 15.0515 15.0798 15.0953 15.1138 15.1299 15.1418 15.1572 15.1741 15.191
 15.2059 15.2215 15.2366 15.2482 15.2629 15.2779 15.2889 15.3002 15.3127
 15.3278 15.3428 15.3536 15.3715 15.3858 15.3973 15.4082 15.4196 15.4317
 15.4422 15.4536 15.4674 15.4789 15.4911 15.5044 15.5141 15.5236 15.5337
 15.5452 15.5595 15.5751 15.5855 15.5965 15.6089 15.6189 15.6294 15.6423
 15.6535 15.6645 15.675  15.6909 15.7051 15.7167 15.7305 15.7414 15.7526
 15.7644 15.7748 15.7855 15.7959 15.8057 15.8151 15.8277 15.8389 15.8511
 15.8618 15.8759 15.8878 15.9011 15.9132 15.9256 15.9362 15.9474 15.9598
 15.9729 15.9828 15.9936 16.0053 16.0166 16.0259 16.0377 16.0484 16.0612
 16.0707 16.0834 16.0951 16.1065 16.1179 16.1282 16.1383 16.1499 16.1606
 16.1716 16.1819 16.1952 16.2058 16.228  16.2436 16.2576 16.271  16.2894
 16.3036 16.3203 16.337  16.3499 16.363  16.3752 16.3963 16.4105 16.4276
 16.4478 16.4715 16.4864 16.5006 16.5159 16.5347 16.5533 16.5713 16.5912
 16.6088 16.6336 16.6491 16.6741 16.6977 16.7219 16.7486 16.8203 16.8845
 16.9021 16.9543 17.089  17.1752 19.4518
23.2531 23.3938 23.4223 23.4487 23.488  23.5447 23.5924 23.6302 23.6668
 23.7204 23.7553 23.8179 23.8408 23.8674 23.8798 23.8978 23.9222 23.9415
 23.9596 23.9721 23.9924 24.009  24.036  24.0529 24.0737 24.095  24.1067
 24.1219 24.14   24.158  24.1703 24.1881 24.2055 24.2228 24.2382 24.2541
 24.2702 24.2854 24.2983 24.3124 24.3234 24.3358 24.3465 24.3592 24.3741
 24.3871 24.4022 24.4176 24.4288 24.4413 24.4535 24.4644 24.4749 24.4869
 24.4971 24.5105 24.5223 24.5351 24.5468 24.5592 24.5693 24.5809 24.5924
 24.6035 24.6135 24.6234 24.6336 24.6441 24.6573 24.6669 24.6772 24.6866
 24.6962 24.7069 24.7162 24.7262 24.7359 24.7467 24.7554 24.7649 24.7739
 24.7831 24.7914 24.8013 24.8106 24.8212 24.8302 24.8389 24.8468 24.8561
 24.8646 24.8736 24.8824 24.8911 24.9002 24.9103 24.9196 24.9284 24.9377
 24.9476 24.9562 24.9653 24.9754 24.9847 24.9932 25.0014 25.0112 25.0212
 25.0294 25.0382 25.0465 25.0563 25.0647 25.0725 25.0804 25.0899 25.0979
 25.1061 25.1147 25.1232 25.1323 25.1411 25.1488 25.1576 25.1663 25.1742
 25.1826 25.19   25.1981 25.207  25.2164 25.2244 25.232  25.2412 25.2499
 25.2596 25.2687 25.2774 25.2857 25.2943 25.3033 25.3116 25.3197 25.3278
 25.3365 25.3446 25.354  25.3621 25.3701 25.3782 25.386  25.3953 25.4053
 25.4141 25.423  25.4311 25.4396 25.4489 25.4568 25.4649 25.4741 25.4829
 25.4917 25.5    25.5089 25.5174 25.5259 25.5349 25.5439 25.5524 25.561
 25.5698 25.5798 25.5905 25.5994 25.6087 25.6182 25.6273 25.6361 25.6468
 25.6563 25.6658 25.6759 25.6849 25.6955 25.7063 25.7149 25.7254 25.737
 25.747  25.7571 25.7678 25.7764 25.7878 25.7982 25.808  25.8175 25.8287
 25.8392 25.8482 25.8591 25.8689 25.8794 25.8907 25.9024 25.9157 25.9266
 25.9358 25.9465 25.9581 25.9695 25.9811 25.9932 26.0044 26.0192 26.0324
 26.0449 26.0558 26.069  26.0819 26.096  26.1126 26.1273 26.1419 26.1553
 26.1705 26.1844 26.1975 26.2099 26.223  26.2385 26.2511 26.2698 26.2855
 26.3072 26.3295 26.3523 26.375  26.3934 26.4204 26.4397 26.4593 26.4868
 26.5158 26.5555 26.6028 26.6273 26.6899 26.7617 26.8198 26.8612 26.9727
32.944  33.0405 33.0804 33.2631 33.2992 33.3425 33.3787 33.4461 33.4912
 33.5123 33.5893 33.6667 33.6864 33.7036 33.7254 33.7476 33.7761 33.8004
 33.8179 33.8354 33.8558 33.8793 33.8933 33.9083 33.9262 33.9377 33.9545
 33.9674 33.9961 34.0138 34.0272 34.0393 34.0528 34.0703 34.0901 34.1017
 34.1145 34.128  34.1391 34.155  34.1754 34.1883 34.2004 34.2114 34.2222
 34.2342 34.2475 34.2604 34.2733 34.2878 34.302  34.3164 34.3308 34.3425
 34.3544 34.3665 34.3802 34.3928 34.4084 34.4213 34.4332 34.4454 34.457
 34.4693 34.4824 34.4946 34.511  34.5228 34.5346 34.5479 34.5597 34.5728
 34.5844 34.5954 34.6103 34.6254 34.6366 34.6481 34.6595 34.6713 34.6818
 34.6929 34.704  34.7146 34.7284 34.7411 34.753  34.7654 34.7775 34.7895
 34.8006 34.8106 34.8216 34.834  34.8476 34.8595 34.8719 34.8927 34.9081
 34.9232 34.9361 34.9513 34.9662 34.9794 34.9929 35.0076 35.0194 35.0355
 35.0496 35.0675 35.0792 35.0932 35.106  35.1221 35.1335 35.1553 35.1693
 35.1818 35.1987 35.2325 35.2564 35.2718 35.2886 35.3023 35.3198 35.333
 35.3527 35.3934 35.4185 35.4364 35.4581 35.4788 35.4998 35.5467 35.5657
 35.5968 35.6605 35.7033 35.7735
41.5376 42.3592 42.4848 42.6259 42.6914 42.8028 42.8401 42.9006 42.9335
 42.973  42.9963 43.0164 43.0389 43.0609 43.0779 43.094  43.1114 43.135
 43.1611 43.174  43.1981 43.2101 43.2292 43.2539 43.2734 43.2891 43.3029
 43.3162 43.3364 43.3539 43.3687 43.3799 43.3925 43.4037 43.4185 43.4298
 43.4426 43.4567 43.4688 43.4804 43.4952 43.5081 43.5236 43.5351 43.5458
 43.5575 43.5693 43.582  43.5934 43.6019 43.611  43.6222 43.635  43.6478
 43.6618 43.672  43.6836 43.7    43.7116 43.7272 43.7372 43.7469 43.7559
 43.7662 43.7756 43.7852 43.7945 43.8064 43.8167 43.8281 43.8384 43.8486
 43.8625 43.8735 43.8855 43.8962 43.9062 43.917  43.9266 43.9357 43.9457
 43.9552 43.9633 43.9733 43.9819 43.9922 44.0019 44.0113 44.0222 44.0343
 44.0437 44.0535 44.0636 44.0739 44.0844 44.095  44.1049 44.1143 44.1256
 44.138  44.151  44.1599 44.1705 44.1797 44.1913 44.202  44.2114 44.2213
 44.2317 44.2414 44.2515 44.2616 44.273  44.283  44.2941 44.3041 44.3164
 44.3272 44.3403 44.3528 44.3664 44.379  44.3888 44.4001 44.4104 44.4232
 44.4325 44.4419 44.4533 44.4648 44.4744 44.4859 44.4978 44.5099 44.5205
 44.5342 44.5477 44.5586 44.5706 44.5831 44.5938 44.6054 44.6188 44.63
 44.6417 44.6529 44.6692 44.684  44.6965 44.7117 44.7241 44.7384 44.7513
 44.7653 44.7789 44.7929 44.8113 44.8323 44.8509 44.8634 44.8798 44.8977
 44.9099 44.9298 44.9484 44.9648 44.9854 45.0154 45.0317 45.0508 45.0741
 45.1105 45.1505 45.1698 45.1965 45.2228 45.2719 45.3628 45.4005 45.4618
 45.5198 45.624
51.5189 51.6092 51.785  51.9343 52.0082 52.086  52.115  52.2621 52.2925
 52.3281 52.3587 52.3946 52.4217 52.4448 52.4847 52.5018 52.5529 52.5745
 52.5885 52.6112 52.6363 52.6509 52.6703 52.6839 52.6945 52.7178 52.7326
 52.7447 52.7595 52.7748 52.7911 52.8123 52.8279 52.8394 52.8506 52.8666
 52.8823 52.8941 52.9083 52.9215 52.9426 52.9601 52.971  52.9832 52.9943
 53.0066 53.0176 53.0297 53.0418 53.0543 53.067  53.0787 53.089  53.099
 53.11   53.1207 53.1344 53.1445 53.1536 53.1637 53.1742 53.1849 53.1957
 53.2068 53.2202 53.2329 53.245  53.2545 53.2652 53.2782 53.2903 53.3033
 53.3134 53.3245 53.3359 53.3471 53.3589 53.3705 53.3816 53.3912 53.4032
 53.4137 53.4234 53.4342 53.4437 53.4534 53.4634 53.475  53.4843 53.4936
 53.5032 53.5147 53.5261 53.5364 53.5465 53.5553 53.5658 53.5753 53.584
 53.593  53.6016 53.6111 53.6198 53.6295 53.6383 53.6471 53.6589 53.6679
 53.6777 53.6869 53.6974 53.7063 53.7152 53.7263 53.7369 53.7461 53.756
 53.7658 53.7764 53.7891 53.8009 53.8107 53.8201 53.8294 53.8388 53.8486
 53.86   53.8717 53.8831 53.8937 53.9041 53.9138 53.9238 53.935  53.9435
 53.9525 53.9622 53.9723 53.9827 53.9955 54.0072 54.0207 54.0309 54.0415
 54.0549 54.0658 54.0794 54.0908 54.1013 54.112  54.1275 54.1381 54.1493
 54.1601 54.1721 54.1859 54.1981 54.2099 54.221  54.2331 54.2452 54.2619
 54.274  54.2898 54.3063 54.3295 54.3472 54.3612 54.3732 54.3873 54.4023
 54.4216 54.4364 54.4528 54.4711 54.4874 54.5036 54.5198 54.5443 54.5662
 54.5876 54.6104 54.6296 54.6606 54.7577 54.8045 54.8269 54.8565 54.8966
 54.9249 54.9581 54.9829 55.0471 55.1005 55.7191
61.5498 61.6388 61.6759 61.7898 61.8149 61.8402 61.8565 61.9005 61.928
 61.9516 61.9883 62.0155 62.0505 62.0905 62.1114 62.1355 62.1545 62.1771
 62.206  62.2179 62.23   62.2451 62.2586 62.2725 62.2869 62.3015 62.3191
 62.3428 62.3569 62.3768 62.392  62.4049 62.4171 62.4283 62.4407 62.4514
 62.4607 62.4725 62.4841 62.4979 62.5102 62.5209 62.5343 62.5463 62.5565
 62.5692 62.579  62.59   62.5995 62.61   62.6196 62.6318 62.6429 62.6513
 62.6628 62.6737 62.6845 62.6944 62.7056 62.7143 62.7238 62.7332 62.7432
 62.7534 62.7638 62.774  62.7824 62.7916 62.8007 62.809  62.818  62.8276
 62.8363 62.8452 62.8549 62.8651 62.8737 62.8839 62.8935 62.9028 62.911
 62.9192 62.9282 62.9378 62.9474 62.9553 62.9631 62.9723 62.9814 62.9911
 63.0006 63.0109 63.0199 63.0297 63.0388 63.0473 63.0563 63.0646 63.0729
 63.0815 63.0904 63.0989 63.1088 63.1175 63.1271 63.1354 63.1443 63.1525
 63.1615 63.17   63.1787 63.187  63.1953 63.2044 63.2129 63.2216 63.2304
 63.2393 63.2487 63.2577 63.2668 63.2755 63.2842 63.2924 63.3013 63.3099
 63.3185 63.3273 63.3359 63.3442 63.3525 63.3608 63.3694 63.3779 63.3873
 63.396  63.4048 63.4134 63.4221 63.43   63.4382 63.4478 63.4567 63.4664
 63.4757 63.484  63.4928 63.5028 63.5122 63.5219 63.5309 63.5396 63.548
 63.5567 63.5667 63.5766 63.5852 63.5943 63.6046 63.6143 63.6239 63.6329
 63.6418 63.6517 63.6609 63.6699 63.6794 63.6895 63.6979 63.7092 63.7192
 63.7302 63.7402 63.7487 63.7593 63.7702 63.7829 63.7947 63.8045 63.816
 63.8248 63.8351 63.8459 63.8555 63.8681 63.8782 63.8894 63.8994 63.9087
 63.9196 63.9319 63.9428 63.9556 63.9677 63.9798 63.9919 64.0044 64.0175
 64.037  64.0507 64.0669 64.0821 64.0962 64.1088 64.124  64.1396 64.152
 64.1662 64.1819 64.1985 64.2152 64.2278 64.2469 64.2619 64.2885 64.3188
 64.3494 64.3695 64.3869 64.424  64.458  64.4775 64.5099 64.5308 64.5641
 64.628  64.6645 64.6943 64.7471 64.9398 65.0186

