14.1051 14.3304 14.3886 14.4364 14.5611 14.6187 14.7025 14.7762 14.8578
 14.9434 15.1112
23.3021 23.7877 23.8191 23.9198 23.9394 23.9849 24.0841 24.2054 24.234
 24.2559 24.2991 24.3634 24.4117
33.0972 33.1822 33.285  33.6151 33.7196 33.7619
42.1706 42.3337 42.3766 42.4632 42.6104 42.6778 42.7753 42.8415 43.0408
 43.3105 43.5084
51.4085 51.561  51.7259 51.8249 51.8979 51.9276 52.2123 52.2876 52.3942
 52.5416 52.7029
60.6047 60.9631 61.3064 61.411  61.5038 61.5563 61.6875 61.7104 61.7611
 61.7967 61.9959 62.0317 62.0895 62.1332 62.1628 62.2902 62.434  69.9758

