13.3499 14.1076 14.2408 14.4528 14.6928 14.7378 14.7573 14.8244 14.8508
 14.8719 14.9599 15.1095 15.1434 15.1825 15.2579 15.2728 15.3135 15.3773
 15.393  15.4157 15.4293 15.4474 15.4654 15.4843 15.5373 15.6454 15.6867
23.2172 23.3895 23.6134 23.668  23.7078 23.7305 23.7663 23.843  23.893
 23.986  24.0182 24.0704 24.0963 24.114  24.1299 24.1623 24.1812 24.2094
 24.2291 24.3011 24.3361 24.3632 24.3772 24.4157 24.4342 24.4584 24.5013
 24.5305 24.546  24.5639 24.6123 24.6257 24.6392 24.6655 24.6896 24.7131
 24.7427 24.7726 24.7875 24.8035 24.8254 24.8877 24.9034 24.964  25.0649
 25.1445
30.5247 32.2789 32.9953 33.237  33.5444 33.5826 33.725  33.7789 33.9069
 33.9483 33.972  34.0005 34.0217 34.0627 34.1329 34.1539 34.1802 34.3088
 34.3304 34.3702 34.4266 34.4793 38.5068
41.8094 42.2614 42.3509 42.4478 42.8824 42.9437 42.9889 43.0084 43.0489
 43.0867 43.1081 43.1496 43.18   43.2209 43.2467 43.2662 43.3045 43.3785
 43.3936 43.5169 43.54   43.5855 43.6126 43.644  43.6718 43.7086 43.7356
 43.7623 43.8026 44.0044 48.6569
50.3977 51.1342 51.7187 51.9497 52.0036 52.1065 52.3467 52.3869 52.4038
 52.4359 52.4754 52.4971 52.5854 52.6044 52.6235 52.6468 52.6679 52.6835
 52.718  52.7352 52.7663 52.7846 52.7965 52.8683 52.9163 52.9552 52.9803
 53.0188 53.041  53.0694 53.1101 53.1285 53.245  53.2763 53.2924 53.3136
 53.3553 53.3944 53.4194 53.4412 53.4592
61.3443 61.5091 61.5277 61.7512 61.7843 61.8236 61.8837 61.9111 61.9822
 62.0101 62.0298 62.0533 62.0803 62.1331 62.1777 62.1929 62.2841 62.3221
 62.3483 62.3584 62.38   62.4022 62.4299 62.4889 62.5137 62.5354 62.5655
 62.5821 62.6161 62.6283 62.6488 62.6756 62.7042 62.7202 62.7561 62.7796
 62.7943 62.8071 62.8267 62.8565 62.8849 62.9126 63.0568

