13.4769 14.1789 14.6072 14.7782 14.8201 14.8707 14.9638 14.9833 15.0272
 15.0567 15.0778 15.1075 15.1424 15.1814 15.2019 15.23   15.2486 15.2771
 15.3309 15.4307
21.7668 23.1637 23.6217 23.6608 23.6938 23.7363 23.8237 23.8609 23.9188
 23.9812 24.0243 24.0706 24.0982 24.1146 24.1321 24.156  24.1687 24.1854
 24.244  24.2602 24.2795 24.3059 24.3537 24.373  24.4505 24.4749 24.4948
 24.5156 24.5812 24.594  24.619  24.6325 24.6496 24.6742 24.8079 24.8398
 24.8631 24.9075 24.9309
31.8721 32.8511 32.9737 33.0909 33.1812 33.2569 33.4745 33.5299 33.5727
 33.6326 33.6589 33.85   33.8774 33.9199 33.9661 33.9876 34.0192 34.1022
 34.1243 34.1992 34.2261 34.2474 34.3338 34.4105
40.7917 41.0788 42.5251 42.5967 42.6301 42.7355 42.7538 42.8159 42.8607
 42.9708 43.0276 43.0829 43.1177 43.133  43.1659 43.1914 43.2665 43.2877
 43.3127 43.4141 43.5409 43.5554 43.5849 43.6067 48.8723
50.3677 51.8293 51.986  52.1537 52.5112 52.5354 52.6462 52.6651 52.6881
 52.7395 52.7894 52.8157 52.8596 52.8763 52.9701 53.0657 53.0963 53.2854
 58.5449
61.0285 61.1188 61.3569 61.6638 61.6865 61.7829 61.8476 61.922  61.9496
 61.964  61.9822 62.0248 62.048  62.1137 62.1726 62.2116 62.2405 62.3045
 62.3351 62.36   62.3948 62.4125 62.4286 62.4828 62.5011 62.52   62.5379
 62.5624 62.5788 62.6116 62.6308 62.6832 62.7138 62.7297 62.7658 62.8794

