13.575  14.2286 14.6245 14.8465 14.8859 14.9169 14.9555 15.0357 15.0942
23.5376 23.5714 23.6665 23.9645 24.0145 24.0871 24.109  24.1341 24.1958
 24.2462 24.2608 24.3082 24.3492 24.4709 24.5058 24.6418
33.0639 33.3027 33.3726 33.474  33.632  33.6706 33.7067 33.7218 33.7522
 33.7939 33.8168 33.8743 33.9297
40.3461 41.2276 42.4406 42.8173 42.9201 42.9708 43.065  43.0921 43.1174
 43.2371 43.2578 43.3152 43.4908 43.5798
51.9618 52.0707 52.1613 52.2743 52.4445 52.5025 52.5909 52.6405 52.7112
 52.7374 52.7774 52.8315 52.8515 52.9758 53.0179 58.8552
60.8933 61.6992 61.7507 61.7809 61.8823 61.9816 62.0118 62.1068 62.1519
 62.2038 62.2243 62.4455 62.4671 62.4884 62.5304 62.5598

