10.6318 13.5158 13.9356 13.9808 14.2855 14.3236 14.3547 14.3811 14.4459
 14.4716 14.5643 14.6202 14.6336 14.6524 14.678  14.7173 14.7412 14.7564
 14.7757 14.799  14.8168 14.8387 14.8561 14.8728 14.8868 14.9038 14.9251
 14.9395 14.9587 14.9738 14.9852 15.0009 15.0138 15.0248 15.0372 15.0486
 15.065  15.0792 15.0911 15.1043 15.1182 15.1311 15.1448 15.1562 15.168
 15.1811 15.1911 15.2014 15.2136 15.2246 15.2382 15.25   15.2627 15.2747
 15.2845 15.2942 15.3025 15.3129 15.3231 15.333  15.3421 15.3526 15.3634
 15.3738 15.3841 15.3944 15.4066 15.4159 15.4253 15.4354 15.4475 15.4571
 15.4678 15.4765 15.4864 15.4974 15.5072 15.517  15.527  15.5371 15.547
 15.5589 15.5683 15.5777 15.5876 15.5967 15.6051 15.614  15.623  15.6316
 15.6411 15.6502 15.6606 15.6693 15.6789 15.6899 15.6993 15.7114 15.7217
 15.7311 15.7418 15.7521 15.7615 15.7709 15.7796 15.7894 15.7991 15.8087
 15.8199 15.8303 15.8405 15.8521 15.8635 15.8717 15.8804 15.892  15.902
 15.9117 15.923  15.9336 15.9463 15.9564 15.9659 15.9758 15.9857 15.996
 16.0076 16.0188 16.0306 16.0413 16.0558 16.0707 16.0813 16.0918 16.102
 16.1115 16.1225 16.1331 16.1438 16.1549 16.1655 16.1767 16.1875 16.2008
 16.2176 16.2343 16.2507 16.2652 16.2758 16.2923 16.3057 16.3182 16.3324
 16.3499 16.3667 16.3827 16.4154 16.4343 16.4521 16.4708 16.4913 16.5103
 16.534  16.5716 16.6218 16.7045
22.6303 22.8059 23.1787 23.2383 23.2758 23.3015 23.465  23.5041 23.5348
 23.5576 23.5969 23.6298 23.6506 23.679  23.6982 23.7231 23.7571 23.7798
 23.8198 23.8358 23.8644 23.8829 23.9017 23.9246 23.9426 23.9608 23.9793
 23.9935 24.0087 24.0244 24.0389 24.0503 24.0599 24.0758 24.0919 24.109
 24.1203 24.1331 24.1449 24.1571 24.1681 24.1806 24.1923 24.2022 24.2132
 24.2232 24.2345 24.2449 24.2539 24.2629 24.2733 24.2832 24.2925 24.3021
 24.3128 24.3241 24.3353 24.3441 24.3548 24.3647 24.3744 24.3841 24.3936
 24.405  24.4172 24.4284 24.4384 24.4477 24.459  24.4684 24.4785 24.4891
 24.4975 24.5069 24.5181 24.5263 24.5352 24.5449 24.5539 24.562  24.5702
 24.5791 24.5874 24.5949 24.6034 24.6112 24.6194 24.6274 24.6353 24.6465
 24.6561 24.6655 24.6737 24.6816 24.6898 24.6978 24.7057 24.7135 24.7212
 24.7295 24.7368 24.7448 24.753  24.7607 24.7694 24.7769 24.7846 24.7924
 24.8006 24.808  24.8155 24.8233 24.8311 24.8389 24.8462 24.8541 24.8617
 24.8699 24.8781 24.8864 24.8947 24.9021 24.9095 24.9167 24.9241 24.9317
 24.9395 24.9471 24.9546 24.9619 24.9692 24.9769 24.9849 24.9924 24.9996
 25.007  25.0147 25.0222 25.0298 25.0374 25.0451 25.0523 25.06   25.0689
 25.0759 25.0832 25.0907 25.0982 25.1066 25.1142 25.1222 25.1298 25.1375
 25.1455 25.1536 25.1609 25.1684 25.1756 25.1829 25.1906 25.199  25.2069
 25.2144 25.2219 25.2297 25.2374 25.2455 25.2532 25.2613 25.269  25.2769
 25.2855 25.2932 25.3013 25.3093 25.3172 25.3248 25.3325 25.3401 25.3484
 25.356  25.364  25.3727 25.3801 25.3892 25.3988 25.4074 25.4159 25.4245
 25.4332 25.4413 25.4498 25.4588 25.4673 25.4768 25.4861 25.494  25.5019
 25.5101 25.5186 25.5277 25.5356 25.5445 25.5534 25.5622 25.5721 25.5804
 25.5902 25.5996 25.6091 25.618  25.6264 25.6352 25.644  25.6534 25.6633
 25.6727 25.6826 25.6918 25.7014 25.7119 25.7215 25.731  25.7411 25.7522
 25.7644 25.7739 25.7852 25.7974 25.8059 25.8167 25.829  25.8461 25.8594
 25.871  25.8827 25.8993 25.9209 25.9353 25.9488 25.966  25.9822 25.9996
 26.0137 26.0318 26.0549 26.0691 26.0873 26.1142 26.1409 26.1976 26.2288
 26.2526 26.3172
30.9957 31.1089 31.6001 32.0443 32.2799 32.6664 32.696  32.9175 33.0919
 33.1417 33.1662 33.2188 33.2907 33.3086 33.3611 33.3863 33.4289 33.4888
 33.5075 33.5362 33.5637 33.5762 33.5943 33.6183 33.6365 33.6599 33.6709
 33.688  33.7014 33.7142 33.7274 33.7455 33.7636 33.7866 33.8029 33.8163
 33.8324 33.8483 33.8648 33.8876 33.9006 33.9115 33.9277 33.9405 33.9556
 33.9682 33.9827 33.9967 34.0085 34.0187 34.0287 34.0407 34.0534 34.0639
 34.0756 34.0855 34.0944 34.1037 34.1144 34.1237 34.1348 34.147  34.1578
 34.1716 34.1822 34.1912 34.2007 34.2114 34.2223 34.2352 34.2476 34.2585
 34.2679 34.2787 34.2893 34.3008 34.3128 34.3232 34.335  34.3463 34.3577
 34.3674 34.3776 34.3892 34.4013 34.4116 34.4218 34.4332 34.4454 34.4561
 34.4671 34.4765 34.4859 34.4949 34.5043 34.5142 34.5271 34.5399 34.5503
 34.5625 34.5728 34.5817 34.5935 34.6061 34.6165 34.6257 34.638  34.6523
 34.6622 34.6732 34.6852 34.6977 34.7121 34.7213 34.731  34.7426 34.7544
 34.7638 34.7769 34.7887 34.8018 34.8135 34.8258 34.8362 34.8472 34.8593
 34.8707 34.8806 34.8916 34.9034 34.9154 34.928  34.9397 34.9568 34.9705
 34.9859 35.0005 35.0152 35.0308 35.0475 35.0711 35.0856 35.1044 35.1173
 35.133  35.1479 35.1675 35.1878 35.2117 35.2348 35.2829 35.3088 35.3321
 35.3619 35.422  35.4849 35.5679
42.2427 42.3142 42.3368 42.3703 42.4665 42.4909 42.6392 42.6721 42.6965
 42.7418 42.7692 42.8047 42.8234 42.8486 42.8656 42.8806 42.896  42.9109
 42.9282 42.9478 42.9684 42.9889 43.0042 43.0203 43.0412 43.0556 43.0704
 43.0851 43.0975 43.112  43.1272 43.1425 43.158  43.168  43.1801 43.1908
 43.2035 43.2172 43.2324 43.2425 43.2516 43.2625 43.2745 43.2863 43.2994
 43.3148 43.3271 43.3382 43.3498 43.3609 43.3739 43.3887 43.3996 43.4104
 43.4243 43.4368 43.4485 43.4586 43.4675 43.4772 43.488  43.4985 43.5073
 43.52   43.5305 43.5409 43.551  43.56   43.5712 43.5801 43.5896 43.6012
 43.6114 43.6209 43.6296 43.6389 43.6482 43.6582 43.6685 43.6776 43.6867
 43.696  43.7049 43.7146 43.7246 43.7325 43.7407 43.7494 43.7583 43.768
 43.7769 43.7856 43.7945 43.8034 43.8135 43.825  43.8339 43.8425 43.8509
 43.8591 43.8667 43.8744 43.8824 43.8919 43.901  43.9101 43.9191 43.9285
 43.9373 43.9462 43.9552 43.9641 43.9728 43.9835 43.9921 44.0009 44.0092
 44.0196 44.0294 44.0388 44.0474 44.0567 44.0663 44.0751 44.0841 44.0945
 44.1036 44.1144 44.1239 44.1348 44.1435 44.1532 44.1611 44.1697 44.1789
 44.1878 44.1986 44.2098 44.2248 44.2347 44.2436 44.2523 44.2618 44.2718
 44.2827 44.2924 44.3018 44.3119 44.3217 44.3305 44.3396 44.3487 44.3584
 44.3677 44.3767 44.3874 44.3977 44.4075 44.4189 44.4301 44.4417 44.4531
 44.464  44.4732 44.485  44.4958 44.5072 44.5194 44.5301 44.5398 44.55
 44.5611 44.5735 44.5872 44.6002 44.6124 44.6281 44.6432 44.6583 44.6796
 44.6962 44.7135 44.7288 44.7507 44.7709 44.7859 44.8056 44.8228 44.8454
 44.8696 44.9056 44.9237 45.0783 45.1214 49.0914
50.6156 51.6665 51.703  51.8587 51.9044 52.0134 52.0459 52.0719 52.1034
 52.1272 52.1703 52.2051 52.2275 52.2655 52.2843 52.3111 52.3522 52.3729
 52.3871 52.4027 52.4315 52.4482 52.464  52.4818 52.505  52.5218 52.5415
 52.5606 52.6009 52.6131 52.6292 52.6506 52.6633 52.6768 52.6896 52.7014
 52.7129 52.7245 52.7387 52.7516 52.7644 52.7749 52.7842 52.7953 52.8062
 52.8207 52.8321 52.8425 52.853  52.8658 52.8754 52.8912 52.902  52.9132
 52.9238 52.9358 52.9454 52.9603 52.9703 52.9799 52.9912 53.0021 53.0123
 53.0214 53.032  53.0421 53.0532 53.062  53.0722 53.0823 53.0935 53.1046
 53.1149 53.1251 53.1345 53.1447 53.1537 53.1629 53.1734 53.1835 53.1918
 53.2007 53.2087 53.218  53.2259 53.2355 53.2443 53.2532 53.2614 53.2693
 53.2789 53.2872 53.297  53.3062 53.3159 53.3247 53.335  53.3453 53.3543
 53.3632 53.3715 53.3812 53.3911 53.3995 53.4078 53.4161 53.4257 53.4355
 53.445  53.4533 53.4619 53.4711 53.4797 53.4878 53.4957 53.504  53.512
 53.5196 53.5289 53.5383 53.547  53.5549 53.5631 53.5719 53.5813 53.5899
 53.5986 53.6076 53.6158 53.6259 53.6361 53.6468 53.6551 53.6641 53.674
 53.6818 53.6903 53.6997 53.7097 53.7185 53.728  53.7375 53.7476 53.7571
 53.7666 53.776  53.7866 53.7979 53.8082 53.817  53.8263 53.8356 53.8455
 53.8553 53.8665 53.8763 53.8883 53.8989 53.9081 53.9185 53.9286 53.9394
 53.9489 53.9585 53.9683 53.9804 53.9914 54.001  54.0152 54.0266 54.0371
 54.0506 54.0603 54.0719 54.0827 54.093  54.1073 54.1218 54.1344 54.1477
 54.1619 54.1777 54.1922 54.2098 54.2245 54.2411 54.2559 54.2722 54.2899
 54.3062 54.3267 54.3429 54.3723 54.3974 54.4372 54.4567 54.4827
61.0944 61.1414 61.1988 61.2408 61.3604 61.4205 61.4415 61.4661 61.5581
 61.5756 61.6033 61.6163 61.6764 61.7017 61.7214 61.7394 61.7609 61.7774
 61.7952 61.8118 61.8462 61.8619 61.8843 61.9027 61.9179 61.9315 61.9469
 61.9641 61.9774 62.0041 62.0205 62.037  62.0536 62.0651 62.0799 62.0953
 62.107  62.1188 62.1329 62.1529 62.168  62.1804 62.1916 62.2041 62.2134
 62.2239 62.2339 62.243  62.2526 62.2624 62.274  62.2846 62.2983 62.3107
 62.3208 62.3335 62.3441 62.3534 62.3645 62.3742 62.384  62.3936 62.403
 62.414  62.4229 62.4324 62.4415 62.4507 62.4608 62.4694 62.4786 62.4878
 62.4961 62.5048 62.5142 62.5236 62.5323 62.5415 62.5508 62.5601 62.5686
 62.5777 62.5856 62.5952 62.6032 62.6121 62.62   62.6292 62.6381 62.6484
 62.6568 62.6648 62.6735 62.6817 62.6899 62.6997 62.7089 62.7173 62.7257
 62.734  62.7424 62.7509 62.7601 62.7681 62.7765 62.7856 62.7944 62.8027
 62.8107 62.8194 62.8271 62.8359 62.844  62.8513 62.8588 62.8663 62.874
 62.8819 62.8895 62.8974 62.9047 62.9121 62.9194 62.9273 62.9353 62.943
 62.9512 62.9589 62.967  62.9754 62.9846 62.9921 62.9996 63.0075 63.0152
 63.0234 63.0318 63.0401 63.0484 63.0561 63.0644 63.0723 63.0807 63.0888
 63.0971 63.1058 63.1136 63.1218 63.1302 63.1387 63.1461 63.1537 63.1613
 63.1695 63.1769 63.1847 63.1924 63.2003 63.208  63.216  63.2239 63.2319
 63.2401 63.2485 63.256  63.2638 63.2716 63.28   63.2882 63.2965 63.3048
 63.3133 63.3218 63.3306 63.3382 63.3469 63.3549 63.3631 63.3717 63.3802
 63.3883 63.3966 63.4054 63.4146 63.4226 63.4331 63.4407 63.4485 63.4569
 63.4667 63.4754 63.4831 63.4915 63.5    63.5094 63.5186 63.5279 63.5364
 63.5453 63.5543 63.563  63.5718 63.581  63.5902 63.5992 63.6089 63.6184
 63.6274 63.6382 63.6474 63.6561 63.6657 63.6762 63.6856 63.6957 63.7069
 63.7176 63.7279 63.7385 63.7488 63.7607 63.7717 63.7836 63.794  63.8084
 63.8218 63.8333 63.8462 63.8582 63.8704 63.8939 63.9112 63.9255 63.9422
 63.9553 63.9724 63.9893 64.0023 64.0202 64.0364 64.0621 64.0841 64.1065
 64.1283 64.1453 64.1729 64.1939 64.2868 64.3298 68.1694

