10.2119 11.6546 12.8918 13.1451 13.2469 13.5736 13.7158 13.7987 13.8686
 13.9201 13.9894 14.028  14.0467 14.0888 14.1166 14.1336 14.1556 14.1712
 14.2223 14.2434 14.2625 14.2838 14.3013 14.3295 14.3503 14.3714 14.3922
 14.4183 14.4373 14.4602 14.4771 14.5017 14.5193 14.5395 14.5538 14.5747
 14.5917 14.6099 14.6238 14.6349 14.6458 14.6565 14.6679 14.6795 14.6975
 14.7119 14.7258 14.7403 14.7522 14.7652 14.7766 14.7944 14.8062 14.8227
 14.8358 14.8515 14.8649 14.8786 14.8907 14.9047 14.9163 14.929  14.9414
 14.9516 14.9633 14.9772 14.9968 15.0124 15.0306 15.0413 15.0526 15.0625
 15.0729 15.0845 15.1013 15.1148 15.1304 15.1471 15.1586 15.1698 15.1826
 15.1979 15.2155 15.2279 15.2404 15.2587 15.2701 15.2833 15.3002 15.3142
 15.3291 15.3435 15.3609 15.3792 15.3957 15.4092 15.4246 15.4463 15.4597
 15.4778 15.4894 15.5041 15.5179 15.5343 15.5493 15.5651 15.5765 15.5979
 15.6135 15.6411 15.6592 15.6754 15.6879 15.7013 15.7166 15.7315 15.7587
 15.7789 15.7966 15.8143 15.8386 15.8519 15.8704 15.8923 15.9115 15.9255
 15.9408 15.9739 15.997  16.0243 16.0441 16.0573 16.0781 16.1079 16.1204
 16.143  16.1654 16.1799 16.1942 16.2109 16.2287 16.2768 16.2946 16.3148
 16.3338 16.3621 16.3778 16.4131 16.4357 16.4569 16.4849 16.517  16.5549
 16.5878 16.6389 16.6819 16.8438
21.4536 22.7752 22.9185 23.0044 23.0443 23.3313 23.3706 23.3957 23.4478
 23.5152 23.545  23.5716 23.6047 23.6366 23.6596 23.6814 23.6967 23.7139
 23.7264 23.7435 23.763  23.7809 23.8025 23.8171 23.8353 23.8549 23.8832
 23.8999 23.9183 23.9319 23.9428 23.9574 23.9742 23.9891 24.0044 24.0188
 24.035  24.0502 24.0629 24.0766 24.0925 24.1068 24.1231 24.1371 24.1484
 24.1607 24.1725 24.1836 24.2029 24.2153 24.2267 24.2386 24.2501 24.2674
 24.2784 24.2915 24.3012 24.3127 24.3254 24.3356 24.3478 24.3588 24.3733
 24.385  24.4065 24.4203 24.4324 24.4439 24.4556 24.4697 24.4842 24.5015
 24.5201 24.5332 24.5469 24.5584 24.5712 24.5826 24.5948 24.6066 24.6197
 24.6318 24.6549 24.6659 24.677  24.6939 24.716  24.7279 24.7401 24.7534
 24.7677 24.783  24.7949 24.809  24.8276 24.8403 24.855  24.8744 24.8922
 24.9064 24.9227 24.9416 24.9573 24.9732 24.9923 25.0067 25.0191 25.032
 25.0442 25.0589 25.0716 25.0871 25.1086 25.1329 25.1464 25.1609 25.1919
 25.2069 25.2248 25.2456 25.2587 25.2753 25.2993 25.3168 25.3416 25.3615
 25.382  25.3994 25.4164 25.432  25.452  25.4661 25.513  25.5322 25.5464
 25.5681 25.5844 25.5999 25.6234 25.6422 25.663  25.6815 25.6993 25.7309
 25.7517 25.7777 25.8069 25.8383 25.8647 25.8826 25.9001 25.9309 25.9562
 25.9782 26.0107 26.0378 26.0854 26.1061 26.1399 26.2375 26.2772 26.4405
31.1787 32.5182 32.8576 32.9038 33.1158 33.1727 33.2365 33.3397 33.3576
 33.3845 33.4045 33.4346 33.4632 33.4798 33.4987 33.5262 33.5405 33.5632
 33.5802 33.6065 33.6197 33.6417 33.6683 33.697  33.7121 33.7304 33.7563
 33.7949 33.8114 33.8238 33.8362 33.8509 33.8653 33.8791 33.8917 33.9031
 33.9156 33.9295 33.9415 33.9579 33.9727 33.9864 34.0043 34.0174 34.0327
 34.0513 34.0692 34.0815 34.0949 34.1113 34.1247 34.138  34.1522 34.17
 34.1839 34.2024 34.2217 34.2398 34.2603 34.283  34.2958 34.3074 34.3251
 34.3403 34.364  34.376  34.3897 34.4033 34.4157 34.4305 34.4438 34.461
 34.4755 34.4885 34.5064 34.5218 34.5408 34.5554 34.5745 34.5883 34.6057
 34.6239 34.6434 34.6589 34.6723 34.6941 34.7188 34.742  34.7564 34.7815
 34.8022 34.8238 34.8379 34.8551 34.8703 34.8957 34.9111 34.9294 34.9504
 34.9658 34.9849 35.0153 35.0527 35.0697 35.0908 35.1117 35.1442 35.1778
 35.2096 35.2339 35.2533 35.2756 35.3027 35.3258 35.3515 35.3797 35.4065
 35.4344 35.5017 35.5622 35.6172 35.6606 35.7243 36.0618
42.5519 42.9316 42.9929 43.0155 43.0376 43.0742 43.1251 43.1819 43.2038
 43.2284 43.2505 43.2678 43.2942 43.3084 43.3412 43.3549 43.3761 43.3985
 43.4273 43.4433 43.4674 43.479  43.4901 43.5026 43.5218 43.5407 43.556
 43.5735 43.5916 43.6058 43.6177 43.6333 43.6517 43.6637 43.676  43.6907
 43.7047 43.7213 43.7365 43.751  43.7671 43.7811 43.7943 43.8088 43.8187
 43.8291 43.8432 43.8601 43.8769 43.8974 43.9148 43.9311 43.9425 43.9569
 43.9712 43.984  43.9999 44.0122 44.0261 44.0377 44.052  44.0645 44.0758
 44.0868 44.1038 44.1218 44.1337 44.1493 44.1687 44.186  44.1999 44.2169
 44.2319 44.2459 44.268  44.2895 44.3097 44.3282 44.3555 44.3888 44.4038
 44.423  44.4356 44.4577 44.4812 44.5025 44.5329 44.5584 44.5779 44.5945
 44.6176 44.6884 44.7029 44.7195 44.748  44.7649 44.8084 44.8353 44.8538
 44.8795 44.8967 44.9184 44.9422 44.9705 44.987  45.0151 45.0552 45.0832
 45.1121 45.1293 45.1687 45.19   45.2587 45.2985 45.3246 45.4262 45.4928
 45.5448 45.7489
51.7014 51.8186 52.1185 52.1589 52.1826 52.2256 52.2555 52.3001 52.3218
 52.3849 52.407  52.4528 52.5043 52.5282 52.5803 52.6066 52.6242 52.6494
 52.6719 52.6952 52.7156 52.734  52.7473 52.7613 52.7804 52.7988 52.8129
 52.8339 52.8458 52.8614 52.8754 52.8895 52.9114 52.9296 52.9468 52.9585
 52.9713 52.985  53.0004 53.0194 53.0325 53.0447 53.0614 53.076  53.088
 53.1001 53.1153 53.1273 53.1399 53.1585 53.1742 53.1879 53.2007 53.2138
 53.2249 53.2379 53.2494 53.2662 53.2783 53.2909 53.3051 53.3169 53.3292
 53.3457 53.3652 53.377  53.3899 53.4029 53.4173 53.4318 53.4508 53.4658
 53.4768 53.4867 53.5011 53.5131 53.527  53.5419 53.5576 53.577  53.5884
 53.6008 53.6159 53.6295 53.6456 53.6599 53.6745 53.6891 53.7059 53.724
 53.7406 53.7645 53.7896 53.8165 53.8467 53.858  53.8777 53.896  53.9126
 53.9301 53.9517 53.9704 53.9862 54.0023 54.0178 54.0389 54.0603 54.1046
 54.1202 54.1365 54.153  54.1747 54.1955 54.2129 54.2406 54.2592 54.2749
 54.2915 54.3168 54.3383 54.3627 54.3986 54.4196 54.4344 54.4588 54.4889
 54.508  54.5344 54.5627 54.5928 54.6143 54.6353 54.6604 54.7171 54.7506
 54.7739 54.8167 54.8485 54.8707 54.9245 54.9556 54.9823 55.0394 55.0708
 55.143
61.2502 61.3474 61.4065 61.4455 61.5442 61.6111 61.6432 61.7211 61.7547
 61.8468 61.8707 61.8849 61.9279 61.9565 61.9876 62.004  62.0163 62.037
 62.058  62.0746 62.0907 62.1074 62.1227 62.1342 62.1516 62.1721 62.1856
 62.203  62.2197 62.2342 62.2492 62.2639 62.2825 62.3031 62.3184 62.3403
 62.3563 62.3726 62.3868 62.4001 62.4146 62.4277 62.4393 62.4556 62.4693
 62.4829 62.4965 62.5103 62.5243 62.5404 62.5534 62.5642 62.5806 62.5956
 62.6137 62.6277 62.6426 62.6586 62.6739 62.6899 62.7029 62.7176 62.7325
 62.7481 62.7612 62.7871 62.7997 62.811  62.8252 62.8388 62.8511 62.8665
 62.8828 62.8956 62.9102 62.928  62.9406 62.9561 62.9707 62.984  62.9972
 63.0107 63.0233 63.0352 63.0494 63.0615 63.0784 63.0949 63.1088 63.1229
 63.1448 63.1632 63.1766 63.1873 63.2047 63.2198 63.2325 63.2503 63.2679
 63.282  63.2946 63.312  63.3295 63.345  63.3652 63.3812 63.4024 63.4217
 63.4363 63.4534 63.4693 63.4999 63.5259 63.5423 63.5547 63.5733 63.5978
 63.6177 63.6445 63.6751 63.6954 63.7158 63.7289 63.7487 63.7696 63.7915
 63.8098 63.8299 63.8441 63.8629 63.8964 63.9181 63.9492 63.9705 63.9971
 64.0377 64.0684 64.0995 64.182  64.2067 64.2304 64.2799 64.3272 64.3783
 64.4077 64.4413 68.6406

