11.4639 11.9018 13.5817 13.6179 13.6729 13.7027 13.7882 13.9341 13.986
 14.0168 14.0904 14.1439 14.1664 14.2302 14.2739 14.2929 14.3103 14.3248
 14.3446 14.3631 14.3797 14.3971 14.4125 14.431  14.4464 14.465  14.4872
 14.5002 14.5146 14.5327 14.5476 14.5742 14.5869 14.6041 14.6266 14.6432
 14.6585 14.6749 14.6899 14.7066 14.7292 14.7527 14.7638 14.7765 14.7903
 14.806  14.8207 14.833  14.8466 14.8616 14.8787 14.8907 14.9015 14.9121
 14.9253 14.9415 14.951  14.9618 14.9727 14.9872 14.9994 15.0098 15.0227
 15.0331 15.0455 15.0581 15.0689 15.0819 15.0945 15.1086 15.1228 15.1363
 15.1463 15.1573 15.1729 15.184  15.1989 15.2098 15.2236 15.2372 15.25
 15.2621 15.2722 15.2854 15.2977 15.3111 15.3242 15.3351 15.3457 15.3581
 15.3696 15.3825 15.3948 15.409  15.4187 15.429  15.4414 15.4512 15.4631
 15.4716 15.4809 15.4928 15.5051 15.5163 15.5291 15.5387 15.549  15.5593
 15.5711 15.5847 15.5963 15.6091 15.6212 15.6336 15.6452 15.6589 15.6713
 15.6821 15.6944 15.7043 15.7164 15.7291 15.7414 15.7555 15.7675 15.7804
 15.7916 15.8035 15.8171 15.8283 15.8412 15.8525 15.8648 15.8774 15.8886
 15.9001 15.9105 15.9235 15.9385 15.9518 15.9636 15.9752 15.9863 15.9971
 16.009  16.0214 16.0325 16.0457 16.0626 16.0775 16.0908 16.1034 16.114
 16.1262 16.1406 16.1556 16.1668 16.1838 16.1951 16.21   16.2237 16.2375
 16.2508 16.2646 16.2778 16.2934 16.3078 16.3228 16.3511 16.3662 16.3815
 16.3938 16.4122 16.4368 16.4754 16.5145 16.5468 16.5799 16.6093 16.6364
 16.6775 16.7093 16.7378 16.7645
22.3448 23.0091 23.0897 23.1168 23.2492 23.4266 23.4917 23.5299 23.5859
 23.6045 23.6319 23.6505 23.6761 23.7041 23.7526 23.7779 23.7965 23.8149
 23.8358 23.8677 23.8874 23.9008 23.9168 23.9352 23.9538 23.9713 23.9896
 24.0062 24.0208 24.0385 24.056  24.0787 24.0943 24.1086 24.1211 24.1374
 24.1505 24.1621 24.1725 24.1875 24.2018 24.2171 24.2335 24.2455 24.2564
 24.2668 24.279  24.2962 24.3091 24.3211 24.3345 24.345  24.3564 24.3689
 24.3812 24.3958 24.4068 24.4202 24.4334 24.4461 24.4584 24.4688 24.4805
 24.4937 24.5037 24.5144 24.5232 24.5355 24.5464 24.5608 24.5732 24.584
 24.5952 24.6079 24.6233 24.6343 24.6466 24.6621 24.6733 24.6829 24.6952
 24.7119 24.7247 24.7367 24.7483 24.7584 24.7698 24.7835 24.7932 24.8037
 24.8143 24.8258 24.8402 24.8517 24.8634 24.8739 24.8858 24.8968 24.9115
 24.9232 24.935  24.9461 24.9591 24.9691 24.9801 24.9902 25.0016 25.0153
 25.027  25.0369 25.0487 25.0602 25.0734 25.0906 25.1002 25.1114 25.1216
 25.1334 25.1445 25.1583 25.1696 25.1803 25.1926 25.2052 25.2173 25.2306
 25.2422 25.2588 25.2707 25.2884 25.3033 25.3168 25.3275 25.34   25.3542
 25.3664 25.377  25.3868 25.3985 25.4096 25.4214 25.4368 25.4501 25.4628
 25.4731 25.489  25.5036 25.5162 25.5289 25.5395 25.5523 25.565  25.5795
 25.5917 25.604  25.6174 25.6311 25.6458 25.6611 25.6728 25.69   25.706
 25.7232 25.7361 25.751  25.7664 25.7847 25.7962 25.8091 25.8257 25.8431
 25.8639 25.8828 25.9041 25.9203 25.9373 25.9561 25.9814 26.0021 26.0227
 26.0434 26.0841 26.1232 26.2657
30.4415 31.6337 32.7966 33.2406 33.2747 33.3056 33.4082 33.4283 33.4499
 33.4949 33.5319 33.5542 33.5678 33.6284 33.6416 33.6632 33.6839 33.703
 33.7234 33.7387 33.7535 33.7708 33.7822 33.8016 33.8231 33.8385 33.8533
 33.87   33.8836 33.8967 33.9109 33.9278 33.9469 33.9595 33.9829 33.9979
 34.0244 34.0507 34.0639 34.0787 34.0931 34.1071 34.1266 34.1429 34.1573
 34.1671 34.1797 34.1935 34.2058 34.2202 34.2368 34.2493 34.262  34.2727
 34.2836 34.297  34.3067 34.3215 34.3335 34.346  34.359  34.3726 34.3837
 34.3965 34.4132 34.4285 34.449  34.4622 34.4747 34.4869 34.4975 34.5112
 34.5265 34.5426 34.5558 34.5682 34.5843 34.6011 34.6137 34.6274 34.6393
 34.6488 34.6647 34.6778 34.6907 34.7032 34.7169 34.7305 34.7457 34.7595
 34.7745 34.7901 34.8026 34.8146 34.8275 34.8411 34.8513 34.8637 34.874
 34.8869 34.8988 34.9144 34.9284 34.9424 34.9595 34.9794 34.9947 35.009
 35.0224 35.0356 35.0494 35.0646 35.077  35.0913 35.1037 35.1153 35.1313
 35.1427 35.1624 35.1854 35.2039 35.2224 35.2376 35.2509 35.2695 35.2843
 35.3102 35.3305 35.3519 35.3672 35.3834 35.404  35.4403 35.4609 35.4868
 35.5089 35.534  35.5638 35.6107 35.6397 35.6659 35.7649 35.8276
40.7869 42.6937 42.8221 42.8888 42.9478 42.9923 43.1466 43.1682 43.2173
 43.3208 43.3516 43.3925 43.4281 43.4491 43.4778 43.5003 43.5309 43.5502
 43.5897 43.605  43.6287 43.6473 43.6594 43.6737 43.6883 43.7061 43.7205
 43.7324 43.7472 43.765  43.7788 43.7941 43.8125 43.8262 43.8384 43.8547
 43.8709 43.8875 43.9051 43.9196 43.9318 43.9463 43.9638 43.9766 43.9919
 44.0052 44.0177 44.0317 44.045  44.0577 44.0712 44.0829 44.0937 44.1062
 44.1215 44.1454 44.1578 44.1733 44.1862 44.2072 44.2229 44.2366 44.2498
 44.267  44.2831 44.2974 44.3139 44.3255 44.3354 44.3465 44.3601 44.378
 44.3907 44.404  44.4185 44.4342 44.449  44.4656 44.4826 44.4953 44.509
 44.5241 44.5363 44.5478 44.5635 44.5777 44.5943 44.6066 44.6203 44.6388
 44.6582 44.6771 44.6921 44.7056 44.7196 44.7378 44.7546 44.7751 44.7934
 44.8114 44.8245 44.8402 44.8536 44.866  44.8807 44.8931 44.9102 44.9268
 44.9417 44.9623 44.9766 44.9911 45.0095 45.022  45.0338 45.0468 45.0704
 45.0916 45.1072 45.1254 45.1424 45.1651 45.1843 45.2017 45.2243 45.2457
 45.2622 45.3005 45.3219 45.34   45.3683 45.3842 45.4154 45.4467 45.4939
 45.5388
51.8562 51.9453 52.     52.1094 52.1862 52.2287 52.317  52.4227 52.4773
 52.5037 52.5225 52.5535 52.5833 52.6182 52.6837 52.7038 52.7227 52.7442
 52.7616 52.7781 52.7936 52.8275 52.85   52.8711 52.885  52.9004 52.9153
 52.9314 52.944  52.9713 52.9853 52.9986 53.0165 53.0345 53.0507 53.0635
 53.0805 53.0989 53.1181 53.1333 53.1476 53.1617 53.1793 53.192  53.2039
 53.2154 53.2256 53.24   53.2544 53.2656 53.2776 53.2881 53.3005 53.3194
 53.332  53.3445 53.3568 53.3684 53.3795 53.3936 53.4052 53.4196 53.4301
 53.44   53.4531 53.4636 53.4746 53.4863 53.4969 53.5086 53.5213 53.5356
 53.5471 53.5585 53.5732 53.5866 53.6015 53.6121 53.6223 53.6332 53.6463
 53.6598 53.6751 53.6879 53.7008 53.7116 53.723  53.7332 53.7472 53.7601
 53.7743 53.7845 53.7951 53.8111 53.8235 53.8361 53.8468 53.8613 53.8728
 53.8836 53.8972 53.9138 53.9269 53.9411 53.9523 53.9657 53.9772 53.989
 54.0022 54.0162 54.0299 54.0458 54.0569 54.0722 54.0862 54.1    54.1131
 54.1268 54.14   54.1521 54.164  54.1752 54.1859 54.1986 54.2122 54.2235
 54.2362 54.2508 54.2668 54.2818 54.2957 54.3089 54.3238 54.3373 54.3532
 54.364  54.3781 54.3936 54.4162 54.4284 54.443  54.4561 54.472  54.4858
 54.5003 54.5163 54.5314 54.5469 54.5615 54.578  54.5902 54.6106 54.632
 54.6485 54.6676 54.685  54.7025 54.7259 54.7575 54.7821 54.8121 54.8352
 54.8718 54.9221 54.9444 54.9642 55.0689 59.5217
61.2415 61.5076 61.5746 61.6297 61.6755 61.7085 61.7316 61.7857 61.8679
 61.9035 61.9531 61.9742 62.0329 62.0586 62.0858 62.1109 62.1379 62.1531
 62.1776 62.1929 62.2067 62.2202 62.2381 62.2654 62.2796 62.2951 62.3101
 62.3322 62.346  62.3629 62.3801 62.3978 62.4163 62.4288 62.4429 62.4557
 62.4698 62.4829 62.4955 62.507  62.5177 62.5357 62.5459 62.5581 62.5715
 62.5853 62.5978 62.6076 62.6184 62.6318 62.6442 62.656  62.6663 62.6787
 62.6907 62.7047 62.7201 62.7334 62.7449 62.7565 62.7659 62.7762 62.7881
 62.7995 62.8107 62.8218 62.8333 62.844  62.8558 62.868  62.8803 62.8906
 62.8996 62.9105 62.9204 62.9342 62.9437 62.9542 62.9655 62.9799 62.9924
 63.0034 63.0147 63.0287 63.0424 63.0558 63.0664 63.0762 63.0867 63.0964
 63.107  63.1181 63.1294 63.1395 63.1513 63.1621 63.1726 63.1828 63.1921
 63.2031 63.2127 63.2245 63.2385 63.2489 63.26   63.2706 63.2808 63.2932
 63.3046 63.3168 63.3271 63.3388 63.3501 63.3605 63.3712 63.3806 63.3914
 63.4024 63.4124 63.4224 63.433  63.4444 63.4564 63.4692 63.4812 63.4941
 63.5046 63.5163 63.5277 63.5369 63.5495 63.561  63.5742 63.5856 63.6003
 63.613  63.6259 63.6404 63.6548 63.6677 63.6826 63.6962 63.7064 63.7195
 63.7346 63.7476 63.766  63.7807 63.7925 63.8044 63.8216 63.8359 63.8536
 63.8727 63.8851 63.8989 63.9131 63.9304 63.9439 63.9584 63.9746 63.9927
 64.0094 64.0233 64.0449 64.0667 64.0916 64.1078 64.1249 64.1622 64.2231
 64.2425 64.2724 64.2966 64.3219 64.3473 64.3766 64.4315 69.4278

