13.9542 14.0462 14.2549 14.3774 14.3966 14.4731 14.5107 14.5385 14.5879
 14.6029 14.625  14.6465 14.6943 14.7468 14.8314 14.8495 14.987
23.418  23.4395 23.8038 23.83   24.4362 24.7419
31.9038 32.5823 32.6454 32.7395 32.8106 33.1105 33.1345 33.1832 33.208
 33.3543 33.4197 33.4869 33.5192 33.5474 33.6986 33.7217 33.7513 33.873
 33.9913 34.0134 34.0397 34.079  39.9348
41.1978 42.4472 42.5249 42.5688 42.728  42.8109 42.8577 42.9449 43.1892
 43.3234 43.4198
51.2631 51.6345 52.2486 52.2785 52.3306 52.4286 52.6056 52.672  58.5208
61.8113 61.8447 61.9134 62.0498 62.1019 62.1517 62.1756 62.2036 62.3168
 62.4159 62.5611 62.7141 62.7743 69.9608

