13.0617 13.2407 13.3746 13.8514 14.0001 14.0366 14.0539 14.1077 14.203
 14.2257 14.2817 14.3245 14.3898 14.4255 14.4482 14.4996 14.5177 14.5398
 14.5564 14.5966 14.62   14.6446 14.6807 14.6975 14.7151 14.7355 14.7492
 14.7682 14.7831 14.8412 14.8775 14.9083 14.9285 14.9445 14.9577 14.9761
 14.9978 15.0168 15.0364 15.0588 15.0801 15.1107 15.1376 15.1527 15.1695
 15.1862 15.2078 15.2295 15.3067 15.3385 15.3724 15.5096
20.7419 21.2939 23.4814 23.9315 24.0166 24.1858 24.2519 24.4457 24.4669
 24.5111 24.5491 24.6449 24.8583 24.9277
32.2286 32.2978 32.6168 32.7227 32.766  32.9252 33.0678 33.2902 33.3341
 33.3803 33.4311 33.4481 33.4731 33.4925 33.5143 33.5272 33.5647 33.6246
 33.651  33.6682 33.6818 33.7079 33.7249 33.743  33.761  33.7829 33.7986
 33.8207 33.8386 33.8751 33.8912 33.9066 33.9213 33.9399 33.9545 33.9804
 34.0029 34.0181 34.0315 34.046  34.0695 34.0845 34.1008 34.1212 34.1441
 34.1625 34.1773 34.1896 34.2058 34.2263 34.2421 34.2544 34.3011 34.3253
 34.343  34.3604 34.3737 34.4345 34.4518 34.4681 34.4867 34.5551
41.0365 42.1257 42.2056 42.4879 42.5181 42.5625 42.6478 42.675  42.7212
 42.7968 42.8152 42.8454 42.874  42.8975 42.9263 42.9478 42.9693 43.0252
 43.0457 43.0738 43.1187 43.1382 43.1561 43.1836 43.2224 43.2409 43.2552
 43.2709 43.2886 43.3126 43.3751 43.3918 43.4407 43.4706 43.482  43.5288
 43.5588 43.6073 43.6278 43.6614 43.7549 43.7759 43.9431
50.4589 51.1549 51.4041 52.4156 52.4766 52.6078 52.6594 52.7647 53.033
 53.0657 53.0842 53.1069 53.1396 53.1588 53.2731 53.3303 53.3602 53.3905
 53.4316 53.534
61.5855 61.6159 61.7874 61.9799 62.0231 62.1635 62.1987 62.2244 62.3115
 62.3353 62.3706 62.4083 62.4686 62.4986 62.5493 62.5717 62.5863 62.6611
 62.6852 62.7041 62.7615 62.8161 62.8488 62.8761 62.8964 62.9277 62.9534

