11.1721 11.3628 11.9457 12.3639 12.4138 13.4436 13.4875 13.5475 13.6569
 13.7764 13.8737 13.9053 13.9807 14.0239 14.0768 14.1037 14.1304 14.1745
 14.2337 14.2594 14.2822 14.302  14.3292 14.3449 14.3682 14.3813 14.3977
 14.4145 14.449  14.4678 14.4895 14.5059 14.519  14.535  14.5478 14.5613
 14.5717 14.5825 14.5991 14.6129 14.6257 14.6388 14.6542 14.664  14.6744
 14.6855 14.6975 14.7101 14.7274 14.7398 14.7529 14.7659 14.7788 14.7908
 14.8027 14.8132 14.8239 14.8348 14.8468 14.8603 14.8704 14.8829 14.8959
 14.9082 14.9167 14.927  14.9366 14.9467 14.9562 14.9657 14.9751 14.9853
 14.9942 15.0037 15.0149 15.0243 15.0339 15.0444 15.0548 15.0647 15.0753
 15.0847 15.0948 15.1036 15.1122 15.1208 15.1297 15.1399 15.1491 15.1579
 15.1675 15.178  15.1879 15.1973 15.2075 15.216  15.2247 15.2337 15.2425
 15.2525 15.2621 15.2731 15.2822 15.2912 15.3    15.3096 15.3183 15.3263
 15.3347 15.3432 15.3512 15.3597 15.3685 15.3795 15.3876 15.3962 15.4048
 15.4142 15.4244 15.4346 15.4447 15.4544 15.4645 15.4738 15.4831 15.4919
 15.4999 15.5099 15.5187 15.5282 15.5373 15.5464 15.5556 15.5636 15.5727
 15.5819 15.5916 15.6009 15.6106 15.6202 15.629  15.6379 15.6476 15.6573
 15.6668 15.6765 15.6849 15.6952 15.7048 15.7145 15.7238 15.7338 15.7443
 15.7531 15.762  15.7717 15.7831 15.7926 15.8022 15.8129 15.8221 15.833
 15.8482 15.8609 15.8721 15.8831 15.8946 15.9089 15.9241 15.9333 15.9437
 15.9558 15.9666 15.9776 15.9902 16.0024 16.0166 16.0296 16.0407 16.054
 16.0661 16.0779 16.0974 16.1119 16.1246 16.1364 16.1527 16.166  16.1803
 16.1964 16.2133 16.2303 16.2417 16.2546 16.2709 16.2824 16.2972 16.3126
 16.3387 16.3551 16.3702 16.3892 16.4084 16.4277 16.4444 16.4632 16.4805
 16.5098 16.5258 16.5535 16.5789 16.6149 16.6399 16.6598 16.6774 16.703
 16.7258 16.7475 16.7792 16.7964 16.8201 16.8479 16.875  16.9196 16.9457
 17.0429
23.8039 23.8307 23.8996 23.9639 24.0088 24.1621 24.1882 24.2035 24.242
 24.2633 24.3154 24.3325 24.3549 24.3755 24.39   24.4103 24.4315 24.4438
 24.4614 24.4811 24.497  24.5098 24.524  24.5398 24.5547 24.5693 24.5908
 24.6032 24.6181 24.6313 24.6491 24.6617 24.6759 24.6876 24.7035 24.719
 24.7388 24.7501 24.7623 24.7746 24.7876 24.8014 24.8162 24.8296 24.8511
 24.861  24.8729 24.8902 24.9017 24.9124 24.9255 24.939  24.9496 24.9644
 24.9753 24.9924 25.005  25.0195 25.0356 25.0506 25.0645 25.0769 25.0913
 25.1035 25.1171 25.1307 25.1452 25.1571 25.1722 25.184  25.1973 25.2095
 25.221  25.2333 25.2453 25.2572 25.2728 25.2882 25.3001 25.3139 25.3248
 25.3377 25.3495 25.3608 25.3725 25.3843 25.3967 25.4165 25.4319 25.4473
 25.4669 25.4828 25.5014 25.5164 25.5303 25.5495 25.5671 25.5812 25.5974
 25.6239 25.6373 25.6507 25.6632 25.6758 25.6946 25.7103 25.7422 25.7698
 25.7942 25.8207 25.8611 25.8909 25.9218 25.9431 25.9801 26.0209 26.0696
 26.099  26.1361 26.2079 26.3082 26.4089 26.4547 26.5462 26.6395
31.8672 32.6752 32.7445 32.8175 32.8608 32.8849 32.9099 32.9541 33.0336
 33.0933 33.1144 33.1453 33.1915 33.222  33.2619 33.2915 33.3098 33.3258
 33.3718 33.3991 33.4379 33.4553 33.4741 33.4956 33.5094 33.5353 33.5502
 33.5637 33.5744 33.5856 33.608  33.6258 33.6358 33.6469 33.6587 33.6708
 33.6808 33.6942 33.7059 33.7192 33.7319 33.7443 33.7547 33.7649 33.7757
 33.7859 33.7968 33.8078 33.8253 33.8354 33.847  33.8563 33.8666 33.8771
 33.889  33.8998 33.9086 33.9181 33.9286 33.9405 33.9543 33.965  33.9741
 33.9833 33.993  34.0025 34.0122 34.0225 34.0334 34.0453 34.0556 34.0653
 34.075  34.0872 34.0963 34.1056 34.1145 34.123  34.1325 34.1407 34.1506
 34.1621 34.172  34.1803 34.19   34.2002 34.2088 34.2178 34.2274 34.2355
 34.2441 34.2524 34.2624 34.2719 34.2805 34.2889 34.2974 34.306  34.3155
 34.325  34.3343 34.3443 34.3526 34.3617 34.3701 34.3788 34.3879 34.3964
 34.4055 34.415  34.4242 34.4327 34.441  34.4503 34.4585 34.4675 34.4765
 34.4847 34.4927 34.5009 34.5092 34.518  34.5268 34.5353 34.5441 34.5518
 34.5607 34.5694 34.5798 34.5888 34.5981 34.6071 34.6157 34.6241 34.6328
 34.6414 34.6502 34.6595 34.6685 34.6775 34.6868 34.6958 34.7053 34.7142
 34.7247 34.7339 34.743  34.7527 34.7617 34.7707 34.7812 34.791  34.8008
 34.8097 34.818  34.8272 34.8359 34.8464 34.8569 34.8675 34.8773 34.887
 34.8975 34.9077 34.9166 34.9258 34.9359 34.9461 34.9575 34.9669 34.9767
 34.9867 34.9981 35.0079 35.0187 35.0285 35.0388 35.0483 35.0605 35.0697
 35.0807 35.0894 35.0991 35.1107 35.1239 35.1347 35.145  35.1583 35.1733
 35.1863 35.199  35.2107 35.2231 35.2345 35.2479 35.2603 35.2743 35.2915
 35.3072 35.3199 35.3343 35.3471 35.3605 35.3732 35.3941 35.4108 35.4305
 35.4459 35.4606 35.4731 35.488  35.5021 35.5224 35.5396 35.5566 35.5719
 35.589  35.6061 35.6259 35.6478 35.6606 35.6785 35.6954 35.7096 35.728
 35.7482 35.7672 35.7903 35.8108 35.8392 35.8654 35.8957 35.916  35.9439
 35.9863 36.0134 36.0441 36.0743 36.109  36.1433 36.2748
41.2885 41.3612 41.8745 41.9291 42.0367 42.0919 42.3669 42.4058 42.5048
 42.5547 42.5889 42.625  42.6429 42.6725 42.7226 42.7408 42.7636 42.7965
 42.8247 42.8578 42.8872 42.9023 42.9278 42.9493 42.9625 42.979  42.9914
 43.0036 43.0178 43.0311 43.0489 43.0692 43.0854 43.1013 43.1201 43.1457
 43.1576 43.1722 43.1856 43.2053 43.2241 43.2371 43.2477 43.2617 43.2735
 43.2867 43.3005 43.3127 43.3256 43.3373 43.3515 43.3642 43.3761 43.3867
 43.3979 43.4095 43.4225 43.4338 43.4451 43.4546 43.465  43.4761 43.4872
 43.4981 43.5087 43.5194 43.5309 43.5435 43.5526 43.5633 43.5748 43.5849
 43.5948 43.6058 43.6163 43.626  43.6359 43.6458 43.6563 43.6668 43.6775
 43.6874 43.6975 43.7069 43.7166 43.7252 43.7337 43.7452 43.7561 43.7658
 43.7758 43.787  43.7972 43.8069 43.8169 43.8267 43.8357 43.8469 43.8582
 43.8693 43.8796 43.8893 43.9002 43.9103 43.9213 43.9323 43.9421 43.9515
 43.9612 43.9708 43.9809 43.9911 44.0014 44.0132 44.0226 44.0337 44.0451
 44.0573 44.0674 44.0776 44.0874 44.0975 44.1067 44.1171 44.1272 44.1386
 44.1483 44.1593 44.1692 44.1786 44.1903 44.2008 44.2108 44.2222 44.2333
 44.2427 44.2542 44.2647 44.2757 44.2852 44.2951 44.3058 44.3172 44.3291
 44.34   44.3506 44.3613 44.3703 44.3819 44.3935 44.4048 44.4183 44.4289
 44.4414 44.4568 44.4692 44.4796 44.4925 44.5032 44.5165 44.5287 44.5427
 44.5568 44.5725 44.5885 44.6027 44.6161 44.628  44.6435 44.6563 44.6827
 44.7066 44.7242 44.7416 44.7581 44.7733 44.7913 44.8052 44.8203 44.8379
 44.8564 44.8721 44.888  44.9054 44.9255 44.9454 44.9639 44.9849 45.0031
 45.0255 45.0524 45.0705 45.0858 45.1031 45.1217 45.1436 45.1721 45.1956
 45.2306 45.2558 45.2856 45.3089 45.3498 45.3826 45.4415 45.4899 45.5282
 48.8397
51.92   51.9563 52.0448 52.3369 52.4255 52.5625 52.5849 52.6041 52.6257
 52.6539 52.6689 52.6878 52.7089 52.7404 52.7656 52.7852 52.8066 52.8268
 52.8407 52.8564 52.904  52.9237 52.9398 52.9568 52.9736 52.9883 53.0044
 53.0221 53.0364 53.0508 53.0628 53.0746 53.0877 53.0978 53.1115 53.1264
 53.1415 53.1601 53.1753 53.1912 53.2068 53.2203 53.2368 53.2485 53.2611
 53.2751 53.2892 53.3001 53.3152 53.3274 53.3399 53.3537 53.3699 53.3851
 53.3956 53.4059 53.4168 53.4301 53.4418 53.4563 53.4704 53.4823 53.4941
 53.5058 53.5167 53.5277 53.5396 53.5535 53.5656 53.5814 53.5911 53.6037
 53.6171 53.6291 53.6425 53.6568 53.6703 53.6816 53.6931 53.7044 53.7179
 53.7302 53.7453 53.7562 53.7684 53.7798 53.7904 53.8    53.8132 53.827
 53.8409 53.8534 53.8655 53.8786 53.893  53.9086 53.9256 53.9387 53.9501
 53.9657 53.9822 53.9972 54.0093 54.0228 54.0357 54.0497 54.0618 54.0734
 54.0888 54.113  54.1313 54.1594 54.1718 54.1924 54.2267 54.2434 54.2647
 54.2864 54.3084 54.3258 54.3497 54.3723 54.3894 54.4151 54.4404 54.4659
 54.486  54.5195 54.5572 54.5836 54.6105 54.6335 54.6663 54.7187 54.7402
 54.7741 54.8123 54.8442 54.8847 55.0773 55.1884 58.8885
60.6205 60.9404 61.1977 61.3544 61.5742 61.6255 61.6861 61.721  61.8395
 61.876  61.9124 61.9435 61.9576 61.9919 62.0083 62.0318 62.0515 62.0756
 62.1006 62.1218 62.1472 62.1677 62.1866 62.2124 62.2307 62.252  62.2713
 62.2862 62.3039 62.3247 62.3401 62.3546 62.3742 62.3905 62.4072 62.4265
 62.4417 62.4601 62.4728 62.4872 62.504  62.5167 62.5328 62.5454 62.558
 62.5714 62.5835 62.5944 62.6055 62.6172 62.6277 62.6387 62.6501 62.6623
 62.6774 62.6889 62.6998 62.7128 62.7239 62.7375 62.7505 62.7656 62.7776
 62.7892 62.8004 62.8138 62.8247 62.834  62.8448 62.8542 62.8659 62.8745
 62.8847 62.8951 62.9049 62.9164 62.9255 62.9346 62.9453 62.9566 62.9665
 62.9757 62.9853 62.9961 63.0058 63.0194 63.0298 63.0427 63.0537 63.0645
 63.0752 63.0847 63.0942 63.109  63.1203 63.1312 63.1415 63.1526 63.1629
 63.1745 63.1848 63.1973 63.2077 63.2199 63.2314 63.2411 63.2514 63.2621
 63.2737 63.2851 63.2956 63.3051 63.3152 63.3252 63.3365 63.3476 63.3606
 63.3723 63.3824 63.3925 63.4041 63.4141 63.4242 63.435  63.4477 63.4591
 63.4725 63.4828 63.4938 63.5042 63.5143 63.5254 63.5377 63.5515 63.5642
 63.5774 63.5879 63.6018 63.6161 63.6264 63.6383 63.651  63.6647 63.6803
 63.6959 63.7092 63.7229 63.7373 63.7531 63.7663 63.7922 63.808  63.8241
 63.8398 63.8602 63.9005 63.9233 63.9498 63.9687 63.9827 64.0067 64.0359
 64.058  64.0833 64.1017 64.119  64.1363 64.1709 64.1972 64.2128 64.2399
 64.2975 64.3312 64.3759 64.4165 64.4905 64.5178 64.5688 64.8675

