13.0098 13.3433 13.4496 13.7555 13.9233 13.9476
21.6595 22.0318 22.1186 22.3029 22.5125 22.5454 22.6313 22.6855 22.831
 22.9272 22.9516 23.0267
30.112  30.6104 30.9856 31.0159 31.1877 31.3872 31.4409 31.4652 31.6433
 31.68   31.7764 31.8295 31.8463 31.9712 32.0174 32.1814 32.5816 39.7889
40.5672 40.7027 40.7283 40.8098 40.9955 41.0167 41.1356 41.1543 41.1817
 41.2294 41.2629 41.3034 41.3322 41.4896 41.6662 49.2431 49.2894 49.7946
 49.8557 49.9901
50.106  50.1619 50.1837 50.3196 50.3548 50.5012 50.5919 50.6838 50.7023
 58.734  58.7838 59.0531 59.1785 59.2756 59.3152 59.4256 59.5335 59.5519
 59.6149 59.7999 59.8254
67.311  67.4708 67.8867 67.9358 68.1479 68.4155 68.4424 68.4934

