10.9069 12.1744 12.2875 12.4386 12.7321 12.7851 12.8654 12.9092 12.982
 13.0227 13.0427 13.0741 13.1267 13.1491 13.1668 13.1843 13.1979 13.2146
 13.254  13.2707 13.2848 13.311  13.3284 13.3414 13.3538 13.3742 13.4015
 13.4227 13.4435 13.4581 13.4772 13.4915 13.5079 13.5201 13.5307 13.5444
 13.5579 13.5705 13.5804 13.5932 13.6052 13.6191 13.6309 13.6446 13.6556
 13.6687 13.6795 13.6907 13.7022 13.7141 13.7256 13.7385 13.7528 13.7654
 13.7782 13.7935 13.8046 13.8155 13.8283 13.8404 13.851  13.8625 13.8763
 13.8888 13.9008 13.9115 13.9238 13.9357 13.9477 13.9592 13.97   13.9812
 13.9927 14.0016 14.0139 14.024  14.0339 14.0463 14.0587 14.0691 14.0794
 14.0901 14.1033 14.1131 14.1233 14.1327 14.143  14.1571 14.1672 14.1782
 14.1893 14.1997 14.2103 14.2211 14.2325 14.2462 14.2583 14.2681 14.2798
 14.2912 14.3014 14.3135 14.324  14.337  14.3472 14.3607 14.3719 14.3814
 14.3922 14.4043 14.4159 14.4275 14.4383 14.4479 14.4588 14.4698 14.4828
 14.5005 14.5123 14.5235 14.5353 14.5467 14.5604 14.5763 14.5901 14.6019
 14.6153 14.6297 14.6411 14.6521 14.6637 14.6754 14.691  14.703  14.723
 14.7363 14.7484 14.7593 14.7726 14.7842 14.7978 14.8119 14.8304 14.8446
 14.8592 14.8732 14.8938 14.9096 14.9251 14.9466 14.9758 14.9933 15.0139
 15.0348 15.0514 15.0731 15.0908 15.1119 15.1343 15.1708 15.2006 15.2384
 15.2707 15.3199 15.3617 15.3914 15.4271 15.4599 15.5223 15.5936
20.7407 21.0692 21.1812 21.2996 21.8078 21.8402 21.8956 21.9519 21.9796
 22.0162 22.0476 22.0682 22.0972 22.1198 22.1383 22.1621 22.1792 22.191
 22.2149 22.2498 22.2672 22.2788 22.2933 22.3143 22.3413 22.3639 22.3905
 22.4018 22.4177 22.4307 22.4423 22.4536 22.4654 22.4815 22.4933 22.5071
 22.5201 22.5308 22.5412 22.5538 22.5685 22.5782 22.5917 22.6018 22.615
 22.6291 22.6421 22.6515 22.6624 22.672  22.6816 22.6922 22.7032 22.7143
 22.725  22.7349 22.745  22.755  22.7664 22.7755 22.7845 22.7945 22.8035
 22.8121 22.8224 22.8338 22.8454 22.8557 22.8661 22.8756 22.885  22.8947
 22.9039 22.9126 22.9208 22.9293 22.9379 22.9468 22.9559 22.9658 22.975
 22.9829 22.9911 23.0005 23.0104 23.0198 23.0286 23.0376 23.0462 23.054
 23.0637 23.0728 23.0809 23.0888 23.0976 23.1064 23.115  23.1235 23.1315
 23.141  23.1497 23.1583 23.1672 23.176  23.1846 23.1938 23.2024 23.211
 23.2204 23.2291 23.2376 23.2469 23.2547 23.2631 23.2715 23.2807 23.2898
 23.2987 23.3075 23.3165 23.3244 23.333  23.3425 23.3509 23.3598 23.3684
 23.3782 23.3863 23.3955 23.4053 23.4133 23.4216 23.4295 23.4374 23.4458
 23.4546 23.4627 23.4717 23.4799 23.4881 23.4972 23.5061 23.5152 23.5245
 23.5331 23.5421 23.5508 23.5586 23.5669 23.5745 23.5831 23.5916 23.6003
 23.6094 23.6177 23.6256 23.6343 23.6434 23.652  23.6618 23.6702 23.6792
 23.6875 23.6965 23.7062 23.7156 23.7256 23.7342 23.7435 23.7522 23.7626
 23.7714 23.781  23.7907 23.7998 23.8092 23.8186 23.8282 23.8374 23.8488
 23.8591 23.8704 23.8817 23.8914 23.9015 23.9108 23.9218 23.9331 23.9446
 23.9543 23.9642 23.974  23.9889 23.9993 24.0116 24.0227 24.0342 24.0457
 24.0578 24.0714 24.0815 24.093  24.1071 24.1198 24.1304 24.1433 24.1565
 24.1688 24.1823 24.1935 24.2115 24.2261 24.2401 24.254  24.2681 24.2794
 24.2953 24.3076 24.3219 24.3394 24.3603 24.3819 24.4089 24.4266 24.4572
 24.4769 24.5146 24.5394 24.5629 24.6213 24.705  24.8119 24.8465
30.5892 30.7532 30.9291 30.9644 31.0081 31.087  31.1121 31.1462 31.1865
 31.2336 31.2576 31.3016 31.33   31.3464 31.3612 31.385  31.4168 31.4365
 31.4491 31.4688 31.483  31.5044 31.5226 31.5442 31.5751 31.588  31.6009
 31.6167 31.6329 31.6475 31.6644 31.6771 31.694  31.7066 31.72   31.7307
 31.7438 31.7575 31.7719 31.7829 31.7941 31.8048 31.8158 31.8315 31.8441
 31.8557 31.8665 31.8804 31.8994 31.9117 31.9222 31.9332 31.946  31.9562
 31.9695 31.9788 31.9888 31.9974 32.0082 32.0193 32.0301 32.0401 32.0497
 32.0591 32.068  32.0776 32.0867 32.0962 32.107  32.1169 32.1264 32.1358
 32.1447 32.1542 32.1636 32.1721 32.1821 32.1908 32.2003 32.2106 32.2207
 32.2303 32.2408 32.2512 32.2613 32.2712 32.2801 32.2885 32.2974 32.3069
 32.317  32.3264 32.3354 32.3449 32.3539 32.3631 32.3732 32.3827 32.3922
 32.4028 32.4116 32.4203 32.4298 32.4404 32.4495 32.4592 32.4695 32.4777
 32.4864 32.4959 32.5049 32.5139 32.5241 32.535  32.5433 32.5516 32.5618
 32.5715 32.581  32.5902 32.5997 32.609  32.619  32.6277 32.6383 32.648
 32.6571 32.6662 32.6768 32.686  32.6948 32.7036 32.7141 32.723  32.7322
 32.7419 32.7523 32.7625 32.7731 32.7831 32.7918 32.8018 32.8112 32.821
 32.8302 32.8396 32.85   32.86   32.8696 32.8805 32.8911 32.9026 32.9143
 32.9242 32.9382 32.9502 32.962  32.9754 32.9864 32.9988 33.0086 33.0198
 33.0293 33.0417 33.0533 33.0645 33.077  33.0902 33.1016 33.1139 33.1271
 33.1387 33.1553 33.1693 33.1812 33.1965 33.2124 33.2269 33.2447 33.2635
 33.2797 33.2989 33.316  33.3343 33.3507 33.3709 33.395  33.4137 33.4315
 33.4681 33.488  33.5046 33.5219 33.5599 33.5823 33.6166 33.6394 33.6718
 33.7729 33.8658 33.9382 34.0107 38.5552 39.1175 39.3104 39.4455 39.7685
 39.9599
40.0407 40.1651 40.23   40.2689 40.3088 40.3242 40.3498 40.3758 40.4027
 40.4196 40.4357 40.4566 40.4844 40.5195 40.5343 40.5501 40.572  40.5892
 40.6045 40.6201 40.6363 40.6542 40.6733 40.6904 40.7104 40.7232 40.7364
 40.7525 40.7678 40.7833 40.7965 40.8095 40.8226 40.8339 40.8437 40.856
 40.8669 40.8795 40.8894 40.9003 40.9099 40.9188 40.9298 40.9423 40.9526
 40.9631 40.9726 40.9835 40.993  41.0038 41.0162 41.0267 41.0364 41.0462
 41.0573 41.0696 41.0807 41.09   41.0991 41.1095 41.1187 41.1284 41.137
 41.1465 41.155  41.1632 41.1729 41.1807 41.1891 41.1975 41.2067 41.2154
 41.2246 41.2341 41.2446 41.2555 41.2648 41.2731 41.2827 41.2923 41.3014
 41.31   41.3192 41.3274 41.3352 41.3438 41.3525 41.3611 41.3692 41.3781
 41.3863 41.3959 41.4043 41.4129 41.4227 41.4313 41.4408 41.4489 41.4575
 41.466  41.4746 41.4835 41.4927 41.5004 41.5092 41.5175 41.5259 41.5344
 41.5424 41.5505 41.5582 41.5662 41.5744 41.5835 41.5918 41.6    41.6085
 41.6175 41.6265 41.6349 41.6429 41.6503 41.659  41.6676 41.6758 41.6837
 41.6921 41.6999 41.7079 41.7169 41.7249 41.7329 41.7408 41.7494 41.7573
 41.7656 41.7731 41.7811 41.7892 41.7972 41.8056 41.8135 41.8214 41.83
 41.8384 41.8478 41.8562 41.8649 41.8728 41.8811 41.8897 41.8982 41.9069
 41.916  41.9247 41.9336 41.942  41.9506 41.9595 41.9681 41.9769 41.9849
 41.9932 42.0017 42.0105 42.02   42.0298 42.038  42.0474 42.0554 42.0644
 42.0733 42.0825 42.0906 42.0999 42.108  42.1173 42.1257 42.1353 42.1444
 42.1525 42.1614 42.1705 42.1797 42.1887 42.1977 42.2076 42.2174 42.2273
 42.2384 42.2482 42.259  42.2694 42.2809 42.2915 42.301  42.312  42.3221
 42.3314 42.3411 42.35   42.3619 42.3721 42.3848 42.398  42.4092 42.4195
 42.432  42.4441 42.4561 42.4703 42.482  42.4943 42.508  42.5219 42.5327
 42.5467 42.5606 42.5762 42.5888 42.6007 42.6134 42.626  42.6404 42.6558
 42.6683 42.6852 42.6992 42.7299 42.7652 42.7891 42.8066 42.8295 42.8499
 42.877  42.9283 42.9558 42.9979 43.0439 43.2426 47.6997 48.1995 48.299
 48.5579 49.1992 49.2236 49.2506 49.2757 49.2949 49.3829 49.4123 49.4382
 49.4838 49.5234 49.5535 49.5907 49.6103 49.6337 49.6512 49.6652 49.686
 49.7022 49.7289 49.7448 49.7658 49.7828 49.7963 49.8109 49.8252 49.8406
 49.8536 49.8664 49.8778 49.8929 49.9088 49.9222 49.9326 49.9455 49.958
 49.9757 49.9926
50.0041 50.0153 50.0254 50.037  50.0493 50.0626 50.074  50.0871 50.1007
 50.1137 50.125  50.1369 50.1491 50.1596 50.1694 50.1801 50.1889 50.198
 50.2068 50.2175 50.2284 50.2425 50.2514 50.2604 50.2716 50.2812 50.2946
 50.3053 50.3149 50.3256 50.3346 50.3441 50.3544 50.3639 50.3728 50.3837
 50.3916 50.4005 50.4086 50.4176 50.4262 50.4365 50.4467 50.4581 50.4663
 50.4754 50.4847 50.4929 50.5016 50.5099 50.519  50.5276 50.5358 50.5441
 50.5538 50.5629 50.5714 50.5798 50.5885 50.5965 50.605  50.614  50.623
 50.6308 50.6399 50.6494 50.6587 50.6674 50.6768 50.6852 50.6934 50.7021
 50.7103 50.719  50.7274 50.736  50.7444 50.7531 50.7628 50.7709 50.7785
 50.7872 50.7951 50.8044 50.8133 50.8218 50.8299 50.8393 50.848  50.8561
 50.8649 50.8741 50.8831 50.8921 50.9003 50.909  50.9184 50.9273 50.9362
 50.9451 50.9538 50.9628 50.9717 50.9811 50.9904 51.0014 51.0107 51.02
 51.0295 51.0394 51.0478 51.0573 51.0675 51.0766 51.0868 51.0967 51.1071
 51.1166 51.1254 51.1348 51.1442 51.1541 51.1647 51.1746 51.1858 51.1952
 51.2045 51.2161 51.2254 51.2352 51.2447 51.2531 51.2624 51.2717 51.2862
 51.296  51.3091 51.3188 51.3299 51.3402 51.3514 51.3622 51.3723 51.3819
 51.3921 51.4028 51.4134 51.4257 51.4397 51.4523 51.463  51.4751 51.488
 51.5014 51.5131 51.5233 51.5346 51.5486 51.561  51.5735 51.5846 51.5992
 51.6145 51.6308 51.6439 51.6552 51.6694 51.6833 51.6972 51.7086 51.7308
 51.7485 51.7707 51.8022 51.8216 51.841  51.8659 51.891  51.9121 51.9413
 51.9594 51.9828 52.015  52.0353 52.0755 52.1276 52.1643 52.1896 52.3404
 55.3128 57.2697 58.1204 58.3779 58.623  58.6579 58.7787 58.7999 58.8254
 58.8552 58.9023 58.9268 58.9635 58.9866 59.0046 59.0352 59.0689 59.0849
 59.1055 59.1262 59.1413 59.1569 59.1908 59.2057 59.2274 59.2441 59.2563
 59.2739 59.286  59.302  59.3178 59.3361 59.3486 59.3613 59.374  59.3888
 59.4037 59.4176 59.4294 59.4404 59.4578 59.4671 59.4809 59.4932 59.5055
 59.5191 59.5338 59.5471 59.5579 59.5676 59.5787 59.5907 59.6026 59.6145
 59.6286 59.6413 59.6556 59.6666 59.6771 59.6866 59.697  59.7069 59.723
 59.7345 59.7449 59.7582 59.7704 59.7811 59.7931 59.8072 59.8211 59.8316
 59.8425 59.851  59.8602 59.8713 59.8809 59.8923 59.9032 59.9148 59.9247
 59.9358 59.9461 59.9581 59.9683 59.9786 59.9887 59.9988
60.0083 60.0189 60.0318 60.0443 60.0527 60.0621 60.0728 60.083  60.0939
 60.1055 60.1161 60.1269 60.1385 60.1498 60.1607 60.1734 60.1858 60.1957
 60.2084 60.2197 60.2324 60.2442 60.253  60.2633 60.2744 60.2886 60.2989
 60.3107 60.3208 60.3302 60.343  60.3541 60.3661 60.3791 60.3919 60.4038
 60.4165 60.4285 60.4379 60.4482 60.4597 60.4727 60.4863 60.4981 60.512
 60.5276 60.5388 60.551  60.5662 60.5816 60.595  60.6082 60.6245 60.6391
 60.6546 60.6678 60.6809 60.6957 60.7084 60.7228 60.7369 60.7523 60.7705
 60.7875 60.8097 60.8248 60.8406 60.8597 60.8844 60.91   60.9297 60.9476
 60.9802 61.0035 61.0435 61.0647 61.1033 61.142  61.2108 61.2369 61.2703
 61.3115 61.4543 66.5574 66.9664 67.0608 67.4154 67.5441 67.6926 67.7262
 67.7573 67.7928 67.8392 67.8902 67.9237 67.9398 67.9717 67.9935 68.0077
 68.0247 68.0482 68.0668 68.0898 68.1095 68.1258 68.1592 68.1836 68.2021
 68.2236 68.2449 68.2614 68.279  68.2954 68.3103 68.3285 68.3407 68.3565
 68.3715 68.3855 68.3991 68.413  68.424  68.435  68.4509 68.4645 68.4834
 68.496  68.5116 68.5257 68.5388 68.5505 68.5642 68.5771 68.5886 68.6024
 68.6165 68.6287 68.6414 68.6538 68.6669 68.6786 68.6921 68.7039 68.7156
 68.7265 68.7379 68.7501 68.7616 68.7722 68.7856 68.7978 68.8097 68.8213
 68.8322 68.8435 68.8593 68.8726 68.8841 68.897  68.9087 68.9248 68.9404
 68.9555 68.9667 68.9785 68.9914 69.0035 69.0146 69.0249 69.0376 69.0517
 69.0677 69.0844 69.1013 69.1153 69.1308 69.146  69.1644 69.1804 69.1929
 69.2084 69.2195 69.2334 69.2459 69.2569 69.2693 69.282  69.294  69.3099
 69.3211 69.3351 69.351  69.3627 69.3776 69.3938 69.4104 69.4243 69.4378
 69.4512 69.4676 69.4836 69.5011 69.5158 69.5367 69.5535 69.5741 69.5898
 69.6084 69.6275 69.6431 69.6598 69.6921 69.7117 69.7274 69.7642 69.7831
 69.8093 69.8436 69.8779 69.9206 69.972  69.996

