12.273  12.3551 12.7997 12.9057 12.9629 13.0116 13.1322 13.154  13.1724
 13.2012 13.3002 13.3256 13.3432 13.4303 13.4502 13.4738 13.5087 13.5384
 13.6041 13.6831 13.7568 13.8343 13.8587
21.3022 21.3968 21.6647 21.7533 21.8937 21.9445 22.0534 22.101  22.1218
 22.1502 22.1952 22.2205 22.2631 22.2835 22.3074 22.3343 22.3562 22.3794
 22.3958 22.4236 22.4878 22.5074 22.5425 22.5566 22.5766 22.5899 22.6213
 22.6376 22.6564 22.6767 22.7008 22.7199 22.732  22.7434 22.7566 22.7685
 22.7898 22.8664 22.9017 22.9204 22.9564 22.9717 22.9902 23.1327 29.3492
30.4506 30.5864 30.9576 31.0169 31.0413 31.0981 31.1219 31.164  31.1811
 31.2802 31.3013 31.3205 31.3548 31.4063 31.4424 31.4655 31.4908 31.513
 31.5296 31.5654 31.5863 31.6257 31.6493 31.6738 31.6898 31.7175 31.7383
 31.7761 31.7987 31.8274 31.8422 31.8868 31.9005 31.9231 32.0546 32.0977
 32.1182 32.1407 39.0508 39.4828
40.0065 40.0933 40.1427 40.184  40.2207 40.2726 40.2967 40.3288 40.3611
 40.4346 40.4524 40.4737 40.4936 40.5105 40.5307 40.5493 40.5696 40.6049
 40.6251 40.6585 40.6812 40.6947 40.7106 40.7485 40.7795 40.7951 40.8301
 40.862  40.8837 40.9046 40.9217 40.9346 40.9588 40.9763 41.0741 41.1044
 41.1239 41.1343 41.1497 41.1588 41.1707 41.1827 41.2028 41.2153 41.2551
 41.2664 41.2815 41.2968 41.3109 41.3572 41.406  48.9924 49.1318 49.1843
 49.2227 49.3725 49.3978 49.4377 49.4779 49.4967 49.5753 49.5987 49.6312
 49.6906 49.7227 49.7634 49.8479 49.8854 49.9105 49.9242 49.9372 49.9501
 49.9806
50.     50.0149 50.0343 50.0535 50.098  50.1335 50.1537 50.1952 50.2215
 50.2399 50.3069 50.3267 50.3571 50.3778 50.4034 50.6356 58.134  58.2342
 58.4571 58.5641 58.6371 58.6976 58.758  58.8803 58.902  58.947  58.9726
 59.0162 59.0342 59.0565 59.1183 59.1387 59.1737 59.2121 59.2448 59.2814
 59.3228 59.3414 59.3606 59.3829 59.4647 59.5009 59.532  59.6018 59.6493
 59.6754 59.725  59.7456
67.4407 67.5869 67.6543 67.7287 67.7724 67.8655 67.8972 67.9292 67.9595
 68.0854 68.1257 68.1763 68.2781 68.3095 68.34   68.3778 68.4111 68.6065

