11.7187 12.8138 13.0349 13.061  13.0966 13.1352 13.2502 13.3145 13.3371
 13.4247 13.441  13.5248 13.6004 13.6261 13.7336 13.7482 13.7758 13.8025
 13.8478 13.8777 13.9251 13.9524
21.2299 21.6656 21.852  21.9985 22.0935 22.1259 22.1748 22.2297 22.3175
 22.34   22.4261 22.485  22.5069 22.5534 22.5688 22.5976 22.6488 22.8046
 22.8276 22.8888 23.207  23.239
30.3958 30.4248 30.4518 30.9927 31.0164 31.2165 31.2921 31.3378 31.3718
 31.3889 31.6208 31.6695 31.7178 31.7753 31.8239 31.8824 32.1151 39.7209
40.1164 40.2216 40.3694 40.4705 40.5399 40.5623 40.5778 40.6243 40.6437
 40.6839 40.7503 40.7747 40.8129 40.8489 40.8722 40.8871 40.9285 41.0699
 41.1012 41.2021 41.2165 41.2556 41.3554 41.5166 45.8669 48.6462 49.134
 49.5587 49.5984 49.6328 49.6864 49.7395 49.8104 49.9238
50.0025 50.1022 50.1477 50.1731 50.3839 50.4169 50.5103 50.5571 50.764
 50.7838 56.9805 58.6409 58.9036 58.9497 59.0098 59.0807 59.2908 59.3556
 59.3946 59.4505 59.8391 59.904
64.8784 67.0975 67.8276 68.1198 68.3058

