12.0888 12.4703 12.5289 12.5764 12.6897 12.9641 13.0133 13.0593 13.1006
 13.1404 13.2077 13.2755 13.3432 13.3736 13.4074 13.4393 13.4622 13.4867
 13.5508 13.5629 13.5791 13.5906 13.6014 13.6136 13.6461 13.6752 13.7113
 13.7506 13.7645 13.777  13.7916 13.8298 13.847  13.8731 13.9173
21.1518 21.2869 21.3937 21.5245 21.5635 21.702  21.7772 21.9553 22.022
 22.0416 22.0579 22.0718 22.0958 22.1111 22.1276 22.1496 22.1642 22.1876
 22.2026 22.216  22.2366 22.2632 22.2904 22.3037 22.3175 22.3383 22.3599
 22.3751 22.3913 22.4152 22.4323 22.4441 22.4634 22.4812 22.4983 22.5225
 22.5353 22.5567 22.5726 22.5857 22.6026 22.6125 22.6318 22.6488 22.6638
 22.6732 22.6846 22.6964 22.7069 22.717  22.7302 22.7459 22.759  22.7787
 22.7934 22.812  22.8315 22.848  22.8649 22.906  22.9224 22.9335 22.9531
 22.9793 22.9893 23.0033 23.0253 23.0517 29.9535
30.693  30.7832 30.9459 30.9894 31.0163 31.0487 31.0675 31.0989 31.1163
 31.1507 31.1658 31.1837 31.2022 31.219  31.2383 31.299  31.3441 31.3873
 31.4025 31.4127 31.4249 31.4596 31.4822 31.5194 31.5498 31.5813 31.5925
 31.6056 31.635  31.6847 31.7016 31.7143 31.7432 31.7714 31.7874 31.7975
 31.8129 31.8309 31.8508 31.8698 31.893  31.9071 31.9175 31.929  31.9423
 31.9623 31.9861 32.0011 32.0139 32.0371 32.0816 32.1378 32.1557 37.4598
 37.8676 39.3838 39.459  39.6417 39.8897 39.9647
40.045  40.1858 40.256  40.2885 40.3938 40.4339 40.467  40.4823 40.5017
 40.5222 40.5459 40.5599 40.5707 40.5889 40.6346 40.6471 40.6622 40.6974
 40.7099 40.7307 40.7481 40.7627 40.7772 40.7895 40.8018 40.8209 40.8376
 40.8498 40.8697 40.8808 40.9035 40.9214 40.939  40.954  40.9635 40.9796
 40.9945 41.0111 41.0285 41.0387 41.0492 41.0599 41.0736 41.0886 41.1004
 41.1107 41.1202 41.1347 41.1472 41.1651 41.1813 41.1929 41.2077 41.2175
 41.2265 41.2404 41.254  41.2693 41.2976 41.3287 41.348  41.3772 41.4005
 41.4366 48.1167 48.4006 48.8025 49.0509 49.0776 49.1468 49.2676 49.4525
 49.5106 49.5423 49.5697 49.585  49.6105 49.634  49.6646 49.6819 49.7007
 49.7163 49.7328 49.7458 49.7613 49.7908 49.808  49.8276 49.8462 49.8786
 49.8909 49.9054 49.9157 49.9364 49.9518 49.9633 49.9845 49.9946
50.0075 50.0249 50.04   50.0594 50.0711 50.0841 50.1006 50.119  50.1329
 50.1519 50.1661 50.1842 50.2249 50.2403 50.2654 50.2777 50.2876 50.3065
 50.3213 50.335  50.3474 50.3612 50.3779 50.4036 50.4277 50.4387 50.4516
 50.4736 50.4934 55.7764 57.7871 58.4394 58.5827 58.6459 58.6702 58.7532
 58.7766 58.7972 58.8335 58.8587 58.9406 58.9714 59.0158 59.0439 59.0678
 59.1117 59.132  59.1684 59.1942 59.2085 59.2206 59.2358 59.2663 59.2884
 59.3095 59.3349 59.4018 59.4164 59.4696 59.4848 59.507  59.5236 59.5884
 59.6252 59.6721 59.6903 59.7392 59.7527 59.7879
66.9736 67.115  67.2092 67.2973 67.4504 67.6171 67.6462 67.8848 67.9113
 67.9415 67.9558 67.9753 67.9978 68.0196 68.0434 68.0829 68.1149 68.156
 68.1704 68.1931 68.2329 68.2743 68.335  68.3552 68.3749 68.389  68.4085
 68.461  68.585  68.5993 68.6305

