11.5943 12.7182 12.8745 13.0062 13.2378 13.4362 13.4605 13.5192 13.5414
 13.5646 13.5793 13.7026 13.7187 13.7556 13.8713 13.9531 13.9769
21.2504 21.4717 21.5819 21.7798 22.0108 22.0461 22.1148 22.1344 22.1741
 22.2494 22.2962 22.3339 22.39   22.4061 22.4325 22.5067 22.5802 22.6089
 22.647  22.6759 22.7441 22.7686 22.7896 22.8155 22.8498 22.8745 22.9039
 22.9174 22.9647 22.9879 23.0423 23.1092
30.0214 30.7408 31.0164 31.1569 31.3849 31.4353 31.494  31.5785 31.69
 31.8054 31.8327 31.8579 31.9709 32.0355 32.0741 32.156  39.988
40.0129 40.3017 40.4531 40.4726 40.4932 40.5086 40.5344 40.6056 40.6509
 40.6857 40.7076 40.7593 40.8027 40.8524 40.8758 40.9115 40.9424 40.9747
 40.9913 41.0307 41.0523 41.1086 41.1338 41.1658 41.2262 41.2884 41.3143
 41.3623 41.3829 41.4592 46.8963 48.6577 48.9099 49.2405 49.3135 49.3659
 49.4691 49.5739 49.6922 49.7514 49.8022 49.8285 49.8839 49.9697 49.9885
50.0347 50.0541 50.0925 50.1092 50.1336 50.1485 50.1632 50.1899 50.2104
 50.2397 50.2651 50.3237 50.352  50.3724 50.3939 50.4548 50.4787 50.4974
 58.3318 58.8157 58.9399 58.9794 59.0813 59.3472 59.4137 59.4401 59.5673
 59.5905 59.717  59.7365 59.7696
65.9606 67.6148 67.6508 67.7523 67.7942 67.8826 68.1129 68.1446 68.1821
 68.2563 68.3677 68.3858 68.4029 68.5225 68.5504 68.569  68.5904 68.6103
 68.6295 68.7344

