11.3519 12.3038 12.3906 12.4538 12.4937 12.5358 12.589  12.6347 12.7
 12.7256 12.767  12.7941 12.8495 12.8868 12.9175 12.9456 12.9582 12.9788
 13.0078 13.0366 13.0584 13.0785 13.1108 13.1309 13.146  13.1631 13.1818
 13.1983 13.2148 13.2332 13.2468 13.2591 13.2824 13.2942 13.3057 13.3164
 13.3269 13.3388 13.3519 13.363  13.3794 13.3928 13.4024 13.4132 13.4254
 13.4387 13.4497 13.4602 13.472  13.4845 13.4947 13.5053 13.5146 13.5241
 13.5329 13.5436 13.5535 13.5643 13.5739 13.583  13.594  13.6063 13.6165
 13.629  13.6397 13.6494 13.6587 13.667  13.6757 13.684  13.695  13.704
 13.7139 13.723  13.7341 13.7423 13.7508 13.761  13.771  13.7801 13.7895
 13.7983 13.8077 13.8167 13.8258 13.834  13.8435 13.8532 13.8628 13.8729
 13.8813 13.8898 13.8992 13.91   13.9192 13.9275 13.9358 13.9454 13.9534
 13.9618 13.9703 13.9783 13.9875 13.9955 14.0035 14.0117 14.0199 14.0287
 14.0362 14.0447 14.0537 14.0617 14.0704 14.079  14.0886 14.0976 14.1069
 14.1155 14.1243 14.1331 14.1414 14.1506 14.161  14.17   14.1795 14.1902
 14.1985 14.2086 14.2196 14.228  14.2369 14.2461 14.2548 14.2646 14.2744
 14.2833 14.2927 14.3031 14.3121 14.3208 14.3285 14.3376 14.3475 14.3564
 14.3653 14.3735 14.3822 14.3916 14.4016 14.4123 14.4209 14.4292 14.4374
 14.4469 14.4566 14.4657 14.4754 14.4854 14.4948 14.5043 14.5142 14.5249
 14.5343 14.544  14.5557 14.5653 14.5755 14.5869 14.5966 14.6068 14.617
 14.6275 14.639  14.6492 14.6601 14.6698 14.6794 14.6886 14.6994 14.7105
 14.7213 14.7321 14.7439 14.7552 14.7656 14.7759 14.7873 14.7973 14.8089
 14.8197 14.8327 14.8447 14.8567 14.8673 14.8838 14.8946 14.9069 14.9191
 14.9311 14.9434 14.9552 14.9701 14.982  14.9952 15.0083 15.0195 15.0328
 15.0468 15.0577 15.0712 15.0818 15.0958 15.1068 15.1182 15.1308 15.1443
 15.1547 15.1686 15.1816 15.1974 15.2148 15.2308 15.2458 15.2571 15.2744
 15.2906 15.3088 15.3246 15.3426 15.3588 15.3808 15.3998 15.4289 15.4511
 15.4738 15.4928 15.5195 15.6074 15.6867 15.7378
20.2156 21.6306 21.7201 22.1198 22.1433 22.2263 22.259  22.2869 22.3346
 22.3624 22.4228 22.4421 22.4592 22.5159 22.5747 22.6089 22.6437 22.6703
 22.6935 22.7085 22.72   22.7347 22.7535 22.7655 22.78   22.7964 22.81
 22.8247 22.8499 22.8648 22.8809 22.8963 22.9114 22.9232 22.9435 22.961
 22.9722 22.9933 23.006  23.0188 23.0297 23.0401 23.0523 23.0671 23.0819
 23.0938 23.108  23.1193 23.1334 23.1453 23.1574 23.1718 23.1859 23.198
 23.2107 23.2209 23.2312 23.2461 23.257  23.2692 23.2815 23.2959 23.3079
 23.3193 23.3323 23.3443 23.3564 23.3666 23.3779 23.389  23.3987 23.4087
 23.4194 23.4299 23.4395 23.4497 23.4636 23.474  23.4868 23.497  23.5071
 23.5209 23.5346 23.545  23.5556 23.568  23.579  23.5886 23.5989 23.6101
 23.6231 23.6337 23.6442 23.6571 23.6686 23.6796 23.6894 23.7    23.7103
 23.7251 23.7409 23.7507 23.7633 23.7749 23.7873 23.7974 23.8078 23.8202
 23.8311 23.8429 23.8543 23.8647 23.8746 23.8858 23.8982 23.9087 23.919
 23.9311 23.9417 23.9549 23.9679 23.979  23.9892 24.0004 24.0134 24.0264
 24.0431 24.059  24.0707 24.0816 24.0954 24.109  24.1192 24.1305 24.1471
 24.1632 24.1802 24.2033 24.2165 24.2348 24.2482 24.2644 24.278  24.3014
 24.3167 24.336  24.3559 24.3744 24.3907 24.408  24.4265 24.4475 24.463
 24.4776 24.4937 24.5086 24.5243 24.5463 24.5624 24.5885 24.6102 24.6341
 24.6579 24.6751 24.69   24.7051 24.7235 24.7401 24.7619 24.78   24.8029
 24.8259 24.8528 24.8976 24.9253 24.9492 24.9719 25.0429 25.0809 25.2808
 29.6418
30.7995 30.9221 31.0042 31.1246 31.1717 31.1954 31.2358 31.2783 31.3297
 31.3602 31.4047 31.4548 31.4755 31.4953 31.5233 31.5441 31.5614 31.5753
 31.5967 31.6207 31.633  31.645  31.6591 31.6741 31.6868 31.6987 31.71
 31.723  31.742  31.7514 31.7621 31.7732 31.7839 31.7982 31.8105 31.8235
 31.8364 31.8542 31.8653 31.877  31.8875 31.8989 31.9123 31.9263 31.9368
 31.9487 31.9594 31.9757 31.9853 31.9968 32.0124 32.0221 32.033  32.0439
 32.0542 32.0646 32.0738 32.0827 32.0936 32.1037 32.1141 32.1228 32.1328
 32.1431 32.1532 32.1642 32.1737 32.1837 32.1919 32.2005 32.2092 32.2177
 32.2269 32.2359 32.247  32.2562 32.2644 32.2737 32.2842 32.2931 32.3026
 32.3131 32.3233 32.3345 32.3451 32.3552 32.3649 32.3753 32.3838 32.3942
 32.405  32.4186 32.4282 32.4375 32.4493 32.4592 32.4686 32.4794 32.4883
 32.4992 32.5105 32.5203 32.5327 32.5418 32.5519 32.5628 32.5739 32.5848
 32.5936 32.6027 32.6143 32.6262 32.6368 32.6481 32.6599 32.6706 32.6842
 32.6963 32.7073 32.7189 32.7305 32.7421 32.7588 32.7726 32.7839 32.7957
 32.8059 32.8182 32.8296 32.8397 32.8523 32.8633 32.8736 32.8863 32.9011
 32.9116 32.9227 32.9316 32.9417 32.9539 32.9669 32.978  32.9898 33.0029
 33.0156 33.0268 33.0389 33.0543 33.0646 33.076  33.0878 33.1015 33.1147
 33.129  33.1422 33.1539 33.165  33.1775 33.1906 33.2036 33.215  33.2282
 33.2456 33.2636 33.2755 33.2902 33.3115 33.3269 33.3433 33.3581 33.3753
 33.3928 33.4094 33.4267 33.4604 33.4907 33.5138 33.535  33.5584 33.5859
 33.6009 33.6156 33.6389 33.6649 33.6875 33.708  33.7351 33.7676 33.7943
 33.8198 33.855  33.9068 33.9346 34.0272 37.2447 39.8759
40.2989 40.3649 40.6473 40.6839 40.7236 40.7846 40.7985 40.817  40.8401
 40.8579 40.8984 40.9279 40.9546 40.9736 40.9993 41.0097 41.0224 41.0435
 41.0574 41.0726 41.0851 41.0966 41.1115 41.1236 41.1358 41.1501 41.1615
 41.1711 41.1825 41.1992 41.2097 41.2225 41.2365 41.2501 41.2635 41.2746
 41.288  41.2996 41.3105 41.3256 41.337  41.3495 41.359  41.3704 41.3825
 41.3945 41.407  41.4206 41.4302 41.4409 41.4509 41.4636 41.4722 41.481
 41.4905 41.5007 41.5104 41.5204 41.531  41.5397 41.5491 41.5585 41.5675
 41.5774 41.5895 41.5985 41.608  41.6181 41.6275 41.6378 41.6475 41.6574
 41.666  41.6757 41.6857 41.6946 41.7032 41.7116 41.7203 41.7296 41.7382
 41.7468 41.7548 41.7638 41.7731 41.7825 41.7919 41.8015 41.81   41.8192
 41.8289 41.8398 41.8488 41.8584 41.8666 41.877  41.8855 41.8948 41.9032
 41.9121 41.9221 41.9317 41.941  41.9505 41.9587 41.968  41.977  41.9856
 41.9941 42.0029 42.0122 42.0215 42.031  42.0425 42.0518 42.0606 42.0702
 42.0791 42.0884 42.0983 42.1079 42.1184 42.1321 42.1418 42.1515 42.1601
 42.1689 42.1782 42.1873 42.1967 42.2055 42.2142 42.2222 42.2311 42.2405
 42.2501 42.2588 42.2694 42.2771 42.2857 42.2935 42.303  42.3116 42.3214
 42.3317 42.341  42.351  42.3617 42.3712 42.3806 42.391  42.4016 42.4133
 42.4243 42.4334 42.4433 42.4534 42.4631 42.4726 42.4822 42.4924 42.5023
 42.5121 42.5213 42.5318 42.5425 42.5533 42.5625 42.5717 42.5829 42.5938
 42.6058 42.6171 42.63   42.6423 42.6524 42.6632 42.6757 42.6868 42.7012
 42.711  42.7223 42.7335 42.7456 42.7563 42.7678 42.7787 42.7912 42.8031
 42.8146 42.8271 42.8385 42.8492 42.8607 42.8712 42.8818 42.8949 42.908
 42.9227 42.9368 42.9512 42.9645 42.979  42.9978 43.0099 43.0218 43.0348
 43.0498 43.0631 43.0817 43.0999 43.1279 43.1428 43.1587 43.1803 43.2111
 43.2336 43.2533 43.271  43.2912 43.3141 43.3438 43.3697 43.3955 43.4195
 43.4579 46.8906 48.8053 49.1433 49.2415 49.2587 49.3278 49.3807 49.5125
 49.5704 49.6306 49.7537 49.7928 49.8156 49.8394 49.8634 49.8884 49.9108
 49.9342 49.9636 49.9816
50.0089 50.0283 50.0458 50.0669 50.0855 50.1049 50.1252 50.142  50.1563
 50.1704 50.188  50.203  50.2174 50.233  50.2525 50.2797 50.2964 50.3106
 50.3238 50.3377 50.3593 50.3724 50.3883 50.4037 50.4216 50.4367 50.449
 50.468  50.4826 50.4941 50.5077 50.5277 50.5418 50.5557 50.5731 50.5856
 50.5996 50.6106 50.6221 50.6331 50.6466 50.6593 50.6741 50.6865 50.6993
 50.7115 50.729  50.7413 50.7523 50.764  50.7769 50.7883 50.8027 50.8164
 50.8313 50.8491 50.862  50.8746 50.8871 50.899  50.911  50.922  50.9364
 50.9493 50.9619 50.9821 50.9951 51.0074 51.0214 51.0365 51.0499 51.0633
 51.0826 51.0968 51.1103 51.125  51.1375 51.1511 51.1626 51.1761 51.1913
 51.2084 51.2281 51.2508 51.2729 51.2888 51.306  51.3216 51.3532 51.3702
 51.385  51.3999 51.4181 51.4456 51.4662 51.4816 51.5049 51.5181 51.5329
 51.5523 51.5793 51.5998 51.6228 51.6408 51.6637 51.6862 51.7229 51.7408
 51.7687 51.7926 51.8225 51.8687 51.9009 51.9292 51.9658 51.9896 52.0337
 52.0976 52.1769 55.6387 57.7723 58.2117 58.2306 58.2542 58.3453 58.3737
 58.4697 58.4926 58.5731 58.6219 58.6418 58.6692 58.6987 58.7142 58.7342
 58.7619 58.7934 58.8287 58.8484 58.8806 58.9033 58.9195 58.9322 58.9493
 58.9701 58.9826 58.9953 59.0082 59.023  59.0385 59.0495 59.0692 59.0848
 59.0965 59.1101 59.1315 59.1499 59.1627 59.1773 59.194  59.2076 59.2207
 59.2343 59.245  59.2569 59.2777 59.2926 59.3032 59.317  59.33   59.343
 59.3542 59.3647 59.3796 59.3932 59.4065 59.4194 59.4365 59.4485 59.459
 59.4727 59.4837 59.4936 59.5108 59.5289 59.542  59.5542 59.5649 59.5788
 59.5909 59.6027 59.6112 59.6236 59.6377 59.6493 59.665  59.6769 59.6894
 59.7014 59.7166 59.729  59.7394 59.7538 59.7645 59.7765 59.7873 59.8008
 59.8128 59.8239 59.8391 59.8546 59.8694 59.886  59.9    59.9145 59.9296
 59.9461 59.9605 59.9761
60.002  60.0178 60.0359 60.0501 60.0751 60.0939 60.1084 60.1256 60.1488
 60.1729 60.1937 60.2166 60.2335 60.2502 60.2633 60.2792 60.3043 60.3217
 60.3364 60.3541 60.3718 60.3855 60.4019 60.4223 60.439  60.4671 60.4889
 60.5176 60.5482 60.5661 60.607  60.6439 60.693  60.7926 60.8327 60.8738
 61.1    66.6859 67.4246 67.6489 67.6828 67.7196 67.7525 67.7738 67.8091
 67.8318 67.8698 67.9234 67.9619 67.9883 68.0065 68.0253 68.0436 68.0717
 68.095  68.1136 68.1298 68.1523 68.1749 68.1914 68.2103 68.2276 68.2426
 68.2593 68.2749 68.2893 68.3071 68.3196 68.3313 68.3432 68.3566 68.3684
 68.3835 68.3946 68.4073 68.4197 68.4323 68.4431 68.4557 68.4697 68.4812
 68.4928 68.504  68.5244 68.5384 68.5492 68.561  68.5732 68.5842 68.5945
 68.6043 68.6145 68.629  68.6396 68.6522 68.6669 68.6772 68.6868 68.7
 68.7157 68.7269 68.7405 68.7531 68.7662 68.7768 68.7865 68.7963 68.8061
 68.8157 68.8265 68.8365 68.8463 68.8568 68.8661 68.8764 68.8872 68.8972
 68.9071 68.9183 68.9282 68.938  68.9493 68.9613 68.9755 68.9862 68.9957
 69.0059 69.018  69.0297 69.0425 69.0525 69.0634 69.0746 69.0858 69.0959
 69.1063 69.117  69.1279 69.1377 69.148  69.1602 69.1708 69.1814 69.1932
 69.2045 69.2154 69.2258 69.2389 69.2517 69.264  69.2772 69.2891 69.3002
 69.315  69.327  69.3392 69.3518 69.3621 69.3728 69.3831 69.3972 69.4095
 69.4198 69.4338 69.4474 69.4616 69.4773 69.4949 69.5061 69.5195 69.5335
 69.5485 69.5621 69.579  69.5931 69.6146 69.6314 69.6468 69.6609 69.6787
 69.692  69.7145 69.7322 69.7504 69.7658 69.7818 69.7963 69.8162 69.8348
 69.8477 69.8651 69.8774 69.8979 69.9186 69.9345 69.9517 69.9689 69.987
 69.9995

