11.7793 12.0208 12.1821 12.2768 12.546  12.6418 12.7221 12.7422 12.869
 12.8964 12.9782 13.0088 13.0509 13.0787 13.1134 13.1442 13.2725 13.3235
 13.3454 13.3682 13.4143 13.4659 13.5385 13.5531 13.5821 13.6077
21.9253 22.1901 22.3718 22.4006 22.4437 22.5542 22.6007 22.6162 22.6747
 22.7518 22.801  22.8161 22.8522 22.9377
30.5328 30.6008 30.7967 30.9159 31.2172 31.2545 31.3775 31.4827 31.5068
 31.5717 31.6365 32.0257
40.0464 40.4323 40.5827 40.6543 40.9158 41.0137 41.0352 41.1241 41.2014
 41.2497 41.2627 41.6162 48.7641 49.3643 49.4075 49.439  49.4864 49.5926
 49.679  49.6982 49.7779 49.9776
50.0739 50.1035 50.1679 56.6005 57.9809 58.3206 58.5613 58.7863 59.0101
65.9325 67.0099 67.1595 67.3918 67.4304 67.8614 67.9379 67.9864 68.0581
 68.1049 68.1313 68.1663 68.4459

