10.7515 11.5125 12.5456 12.67   12.7255 12.9142 12.9421 12.9995 13.0549
 13.0767 13.1234 13.1819 13.2163 13.2356 13.266  13.2978 13.3316 13.3578
 13.3759 13.4306 13.4454 13.4681 13.4855 13.5177 13.5515 13.5771 13.6279
 13.6765 13.7117 13.7265 13.7655 13.7818 13.8157 13.8792 13.9257 18.6355
21.1535 21.8344 22.174  22.2255 22.2728 22.3243 22.4316 22.5608 22.7196
 22.7403 22.8312 22.8704 22.9223 22.9387 23.0003 23.1537 23.3028
30.1561 30.4026 30.5988 31.0904 31.2603 31.3279 31.3819 31.4352 31.5268
 31.6327 31.6777 31.6995 31.723  31.8414 31.8602 31.8908 31.9835 32.0193
 32.0383 32.1097 32.1449 32.1974
40.1258 40.4917 40.6187 40.6467 40.7525 40.7727 40.7965 40.9015 41.0632
 41.1101 41.14   41.2008 41.2393 41.3231 41.3606 41.4079 41.4641 41.4823
 41.5086 41.5425 41.5594 41.6032 41.7705 41.7912 41.8053 41.8548 49.4861
 49.7809 49.8038 49.9049
50.0835 50.186  50.2815 57.6325 58.0858 58.167  58.2962 58.4683 58.6125
 58.65   58.8211 58.9514 58.9995 59.0786 59.1144 59.1476 59.1968
65.9642 67.1909 67.3806 67.727  67.8219 67.8668 67.9732 68.0024 68.0257
 68.1326 68.1858 68.2877 68.5624 68.801

