11.7915 11.8945 12.2139 12.368  12.7339 12.7788 12.8524 12.8754 12.9004
 12.9301 13.0054 13.0219 13.0529 13.1274 13.1476 13.1816 13.2162 13.2364
 13.2724 13.2882 13.304  13.3259 13.3405 13.3751 13.4271 13.4574 13.4959
 13.5139 13.5334 13.5488 13.6098 13.6438
20.5985 22.1698 22.2919 22.3635 22.4209 22.5059 22.6557 22.7019 22.8123
 22.8556 22.8859 22.9157 23.0141 23.0808 23.1455 23.1616 23.1808 23.2461
 23.2695
30.2789 30.4396 30.5623 30.5969 30.7244 30.8769 30.8964 30.9104 30.9444
 30.9968 31.0592 31.105  31.144  31.1968 31.2453 31.3649 31.4263 31.4476
 31.4856 31.5246 31.5473 31.6524 31.6847 31.7031 31.7196 31.7944 31.8748
 31.9879 32.0162 32.0388 32.0868 39.3478 39.9948
40.156  40.3044 40.4014 40.5499 40.5719 40.6182 40.6827 40.7168 40.7357
 40.7698 40.8286 40.8568 40.8749 40.8994 40.9386 40.9783 40.9926 41.0191
 41.053  41.0927 41.1235 41.1439 41.1596 41.1816 41.2147 41.2367 41.2545
 41.2635 41.3017 41.3187 41.3422 41.3559 41.3883 41.4866 41.5059 41.5638
 41.5794 49.2928 49.3969 49.6297 49.6593 49.7564 49.7968 49.8466 49.9591
50.0934 50.1288 56.2718 57.2042 57.7934 58.1872 58.2963 58.3928 58.4416
 58.4676 58.4987 58.6137 58.6588 58.6944 58.7196 58.7433 58.7892 58.807
 58.8469 58.9136 58.9472 58.9959 59.0206
65.4758 66.1474 67.4467 67.5031 67.5661 67.6252 67.6642 67.714  67.7703
 67.8063 67.8857 67.9882 68.0074 68.047  68.079  68.1076 68.124  68.1446
 68.1691 68.1866 68.2166 68.2443 68.2794 68.2981 68.3157 68.3836 68.4326
 68.4479 68.4777 68.5562 68.7587

