11.6657 11.8251 12.476  12.6807 12.7119 12.8528 12.8767 12.9405 13.0001
 13.0583 13.0972 13.1802 13.2871 13.3091 13.3329 13.3635 13.3794 13.398
 13.4175 13.474  13.495  13.5603 13.5973 13.6166 13.6777 13.6916 13.7088
22.0798 22.349  22.4057 22.5614 22.5867 22.6404 22.6625 22.7048 22.858
 22.8837 22.956  23.062  29.5752
30.8547 31.0822 31.2898 31.3088 31.3584 31.4723 31.4954 31.5985 31.6412
 31.6657 31.8247 31.9542 37.6601
40.3877 40.7095 40.7439 40.8548 40.9335 40.9549 41.0165 41.0982 41.147
 41.2219 41.2406 41.2832 41.3447 41.3786 41.3937 41.4621 41.5753 41.6065
 47.7787 48.2103 49.4738 49.5147 49.7355 49.7924 49.8857 49.9835
50.029  50.1289 50.2435 50.2652 58.3341 58.3824 58.6154 58.6953 58.7496
 58.7934 58.8622 58.9767 59.0127 59.0394 59.0856
67.2038 67.6128 67.7052 67.8873 67.954  68.005  68.1555 68.2429 68.2729
 68.5354 68.5533

