12.4571 12.5026 12.7336 12.8928 12.9341 12.9574 12.9807 13.012  13.0345
 13.1199 13.1392 13.1645 13.1871 13.2117 13.2247 13.2373 13.2509 13.2634
 13.3157 13.3377 13.3524 13.3687 13.3809 13.4004 13.4119 13.4277 13.4414
 13.4546 13.4708 13.4869 13.5006 13.5147 13.5261 13.5403 13.551  13.5657
 13.578  13.593  13.6087 13.6195 13.6346 13.6537 13.664  13.675  13.6882
 13.7013 13.7149 13.7277 13.7399 13.7513 13.7735 13.7859 13.7965 13.8102
 13.8238 13.8371 13.8501 13.8643 13.8749 13.8857 13.8956 13.91   13.9331
 13.9485 13.9668 13.9806 14.0215 14.0355 14.0568 14.0741 14.0876 14.1036
 14.1197 14.1559 14.1817 14.2131 14.2381
20.3396 22.1531 22.3858 22.4063 22.5002 22.5423 22.5751 22.6117 22.6703
 22.736  22.755  22.7776 22.7988 22.8208 22.8652 22.8855 22.8995 22.9148
 22.9353 22.9523 22.9743 23.0047 23.0306 23.0516 23.063  23.0744 23.1013
 23.1291 23.1628 23.1898 23.202  23.2133 23.2256 23.2514 23.2905 23.3125
 23.3288 23.3464 23.3766 23.4011 23.4227 23.4512 23.4759 23.5522
30.5814 30.7897 30.8192 30.9808 31.1319 31.2484 31.3416 31.3684 31.4008
 31.4224 31.4487 31.4724 31.4958 31.5164 31.5365 31.5662 31.5861 31.6027
 31.6187 31.6854 31.699  31.7228 31.7475 31.774  31.7924 31.8299 31.8411
 31.8548 31.883  31.8986 31.9092 31.9312 31.9476 31.9653 32.0079 32.0317
 32.0439 32.0616 32.0806 32.1018 32.1528 32.1682 32.1836 32.2062 32.2229
 32.2535 32.2656 32.2863 32.3004 32.3165 32.3651 32.4239 32.4975 39.6582
40.1623 40.3037 40.701  40.8179 40.8464 40.9051 40.9441 40.9663 40.983
 40.9994 41.031  41.0629 41.0916 41.1129 41.1399 41.1789 41.1899 41.2042
 41.2194 41.2347 41.2511 41.2665 41.281  41.3022 41.3227 41.3358 41.3505
 41.3639 41.3815 41.4051 41.4178 41.4335 41.4502 41.4633 41.4783 41.4953
 41.5106 41.5229 41.5402 41.5542 41.5705 41.5844 41.601  41.6148 41.6272
 41.6394 41.6536 41.6643 41.6781 41.6952 41.7126 41.7224 41.7363 41.7488
 41.7609 41.7749 41.787  41.8037 41.8165 41.8328 41.8467 41.8599 41.8713
 41.8848 41.9036 41.9186 41.9406 41.9779 48.1514 49.4583 49.6095 49.9664
 49.9988
50.0432 50.0649 50.0827 50.112  50.1359 50.1592 50.1881 50.2095 50.2255
 50.2648 50.2875 50.3127 50.3433 50.3783 50.3996 50.4186 50.4469 50.4666
 50.4988 50.6025 50.6691 50.6966 50.7537 50.8163 50.8698 57.9446 58.0777
 58.1286 58.1735 58.482  58.5542 58.6094 58.7858 58.8225 58.8486 58.8817
 58.9094 58.9276 58.9511 58.9774 58.9999 59.0234 59.0663 59.0931 59.1391
 59.1648 59.188  59.2058 59.2388 59.2604 59.2778 59.3018 59.314  59.3324
 59.3575 59.3777 59.3997 59.4255 59.4685 59.5136 59.5966 59.6122
67.0928 67.2039 67.4952 67.5574 67.6158 67.6739 67.7613 67.8479 67.8735
 67.9621 68.0049 68.0226 68.0404 68.068  68.0904 68.1139 68.1377 68.1559
 68.2059 68.257  68.2766 68.3214 68.3683 68.3929 68.4297 68.4658 68.4805
 68.4972 68.5212 68.5384 68.558  68.5726 68.5918 68.6062 68.6265 68.6481
 68.6657 68.6768 68.6913 68.7262 68.7923 68.8579 68.8843 68.9002 68.9243
 68.9508 68.9678 69.0549 69.1514

