10.8793 12.7298 12.7595 12.7842 12.8147 12.8418 12.8831 12.988  13.0159
 13.0726 13.1171 13.143  13.2399 13.3143 13.4339 13.4641 13.4833 13.5119
 13.5586 13.8035
21.6642 22.2539 22.5065 22.5611 22.6597 22.7002 22.7474 22.8485 22.8806
 22.9136 22.937  22.9721 23.0183 23.0385 23.054  23.094  23.1587 23.1737
 23.2081
30.8515 31.0619 31.1244 31.1683 31.2523 31.2809 31.3248 31.3439 31.3925
 31.4504 31.4789 31.5072 31.5244 31.5535 31.5792 31.6069 31.6267 31.6803
 31.6985 31.7209 31.7366 31.9034 31.9564 31.982  32.0831 32.1715
40.6342 40.6813 40.7786 40.8267 40.8593 40.888  40.9362 40.9819 41.0268
 41.1615 41.1866 41.2102 41.2702 41.2954 41.3925 41.4133 41.4676 41.4827
 41.5065 41.594  48.8364 49.1576 49.4116 49.5909 49.64   49.7503 49.9144
 49.9393
50.0372 50.1097 50.143  50.1849 50.2028 50.2537 50.3954 55.2454 57.8512
 58.0922 58.1874 58.2509 58.378  58.4748 58.6257 58.6946 58.7143 58.7696
 58.8127 58.8835 59.0165 59.0423
64.9827 66.0852 66.6058 67.2898 67.4365 67.7148 67.7781 67.8812 67.9229
 67.9598 68.0261 68.0528 68.146  68.1989 68.3327 68.3581 68.4468 68.5122

