12.1987 12.2826 12.4429 12.6367 12.7287 12.7612 12.8115 12.8633 12.8904
 13.0042 13.0691 13.0849 13.1278 13.2347 13.2732 13.4795
20.8259 21.4517 21.6001 21.8433 22.0459 22.3108 22.4245 22.5226 22.5834
 22.7662 22.9283 29.4312
30.0592 30.6651 30.7704 30.8043 30.9905 31.0876 31.1288 31.1905 31.3213
 31.3503 31.3773 31.4464 31.4622 31.4878 31.5427 31.5721 31.6569 38.7235
40.1035 40.3108 40.4729 40.5095 40.5368 40.5632 40.6251 40.6482 40.6979
 40.7433 40.7962 40.8756 40.8999 40.9136 41.0013 41.0239 41.0612 41.2676
 47.5458 48.9404 49.2466 49.2692 49.3803 49.4155 49.6357 49.7662 49.8558
50.174  55.1868 57.9765 58.1214 58.1837 58.4475 58.478  58.7216 58.79
 58.8285 58.9101 58.9578
66.8684 66.9588 67.1398 67.6068 67.6451 67.7432 68.0626 68.144  68.2368

