12.3619 12.4404 12.5093 12.5614 12.5802 12.7387 12.7815 12.9065 12.9261
 12.9489 12.9748 13.0437 13.0793 13.1205 13.1918 13.2113 13.243  13.2754
 13.3079 13.3297 13.347  13.3719 13.3874 13.4003 13.4119 13.4271 13.44
 13.4554 13.4693 13.4838 13.5003 13.5158 13.531  13.5659 13.5781 13.5937
 13.6135 13.6459 13.6614 13.672  13.685  13.696  13.7075 13.722  13.7313
 13.7775 13.7979 13.8305 13.8483 13.8681 13.9003 14.0831
22.1545 22.1851 22.2799 22.323  22.6618 22.6892 22.7482 22.7949 22.8646
 22.8881 22.9179 22.9712 23.0008 23.0165 23.0323 23.0525 23.0747 23.1226
 23.1591 23.1698 23.1925 23.2595 23.4077 28.0618
30.4066 31.0488 31.1175 31.2471 31.2659 31.2852 31.3355 31.4035 31.4318
 31.4567 31.5272 31.5657 31.6004 31.6501 31.6674 31.6861 31.7098 31.7256
 31.7478 31.7682 31.79   31.8269 31.8544 31.8669 31.8828 31.8952 31.9132
 31.9327 31.9663 31.989  32.0084 32.0283 32.0511 32.0614 32.0751 32.1025
 32.114  32.1284 32.1487 32.182  32.1936 32.2101 32.2387 32.3111 32.3406
 38.7058
40.3857 40.4456 40.6312 40.6843 40.7179 40.7726 40.8152 40.8615 40.8838
 40.9057 40.9259 41.0336 41.0621 41.0813 41.096  41.1121 41.1266 41.1514
 41.1712 41.1859 41.2183 41.2338 41.2463 41.2622 41.2778 41.2919 41.32
 41.3371 41.3541 41.3686 41.3817 41.3944 41.4061 41.4263 41.4438 41.4653
 41.4789 41.4961 41.5109 41.5203 41.5315 41.5453 41.5591 41.5715 41.5938
 41.6215 41.6386 41.651  41.6679 41.6845 41.7051 41.7771 41.7884 41.8488
 41.8684 48.9349 49.2934 49.4399 49.6053 49.6561 49.7172 49.773  49.8129
 49.8547 49.941  49.9739
50.0134 50.0572 50.0829 50.1185 50.141  50.1607 50.1899 50.2109 50.3346
 50.3571 50.395  50.502  57.1489 57.4059 57.8847 58.3525 58.4964 58.5566
 58.5772 58.5963 58.6172 58.6468 58.6658 58.7069 58.788  58.8056 58.8325
 58.8849 58.9298 58.9533 58.9672 58.9998 59.0247 59.2094 59.2259 59.2459
66.5344 67.1655 67.3947 67.5966 67.6457 67.6718 67.7479 67.7686 67.7948
 67.8149 67.8683 67.9313 67.947  67.9676 67.9968 68.1798 68.2124 68.2291
 68.2545 68.3573 68.3824 68.4288 68.4819 68.5584 68.582  68.6146 68.7041
 68.7384 68.8299 68.9727

