12.1267 12.3619 12.3805 12.4619 12.6096 12.6538 12.7126 12.7404 12.7771
 12.8151 12.8425 12.8678 12.8965 12.9165 12.9357 12.9584 12.9814 13.0088
 13.0293 13.043  13.0643 13.0804 13.1067 13.1256 13.1416 13.1566 13.1725
 13.1904 13.2073 13.2213 13.2338 13.2467 13.2565 13.2674 13.2785 13.2896
 13.3    13.3102 13.3227 13.3355 13.3489 13.36   13.3713 13.3819 13.3923
 13.4031 13.4131 13.4234 13.4334 13.4432 13.4519 13.4637 13.4737 13.4838
 13.4946 13.506  13.5163 13.5247 13.5342 13.5439 13.5532 13.5624 13.5737
 13.5825 13.5926 13.6052 13.6165 13.6243 13.6337 13.6445 13.6533 13.6622
 13.6704 13.6786 13.6873 13.6963 13.7054 13.7146 13.7235 13.7329 13.743
 13.7534 13.7624 13.7712 13.7809 13.7889 13.7971 13.8059 13.8152 13.8231
 13.8319 13.8406 13.8492 13.8573 13.8665 13.8751 13.8839 13.8917 13.8998
 13.9074 13.9156 13.9232 13.9307 13.9384 13.9464 13.9542 13.962  13.9701
 13.9794 13.9879 13.9961 14.0044 14.0127 14.0208 14.029  14.0371 14.0448
 14.0533 14.0618 14.0692 14.0769 14.0856 14.0937 14.1025 14.1102 14.1181
 14.1261 14.1343 14.1426 14.1515 14.1611 14.1694 14.1777 14.1855 14.1932
 14.2013 14.21   14.2188 14.2278 14.2358 14.2445 14.2537 14.2631 14.2717
 14.2793 14.2876 14.2962 14.3048 14.3126 14.3211 14.3298 14.3387 14.3474
 14.356  14.3645 14.3729 14.3807 14.389  14.3972 14.4053 14.4142 14.4225
 14.4317 14.4413 14.4523 14.4606 14.4699 14.4789 14.4886 14.4981 14.5073
 14.5156 14.525  14.5361 14.5471 14.5577 14.5683 14.5784 14.5881 14.5987
 14.6105 14.6222 14.6331 14.6446 14.6561 14.667  14.6787 14.6909 14.7039
 14.7181 14.7344 14.7462 14.759  14.772  14.7845 14.8003 14.8178 14.8323
 14.8455 14.8612 14.8816 14.9019 14.9213 14.9404 14.9548 14.9885 15.0607
 15.1386 15.1767 15.2228 15.2807
21.5842 21.9777 22.1237 22.2814 22.3358 22.3551 22.4057 22.4436 22.4826
 22.5268 22.557  22.5773 22.5946 22.624  22.6422 22.6678 22.6841 22.7033
 22.7207 22.7347 22.7525 22.7684 22.7794 22.8041 22.8178 22.8338 22.8511
 22.8647 22.884  22.9065 22.9227 22.942  22.9591 22.9778 22.989  23.0037
 23.0173 23.0282 23.0406 23.0519 23.0633 23.0766 23.09   23.1014 23.1123
 23.1232 23.1361 23.1492 23.1642 23.1792 23.1913 23.2067 23.2204 23.2323
 23.243  23.2529 23.2646 23.2751 23.2861 23.2946 23.3043 23.313  23.3243
 23.3388 23.3505 23.361  23.3727 23.383  23.3928 23.4042 23.4157 23.4275
 23.4401 23.4505 23.4612 23.4723 23.4815 23.4916 23.5018 23.5109 23.5201
 23.5347 23.5497 23.5605 23.5711 23.5828 23.5939 23.6065 23.6166 23.6282
 23.6381 23.6494 23.6605 23.6712 23.6811 23.6905 23.7028 23.7137 23.7236
 23.7338 23.7446 23.7549 23.765  23.7747 23.7846 23.7954 23.8043 23.8139
 23.8236 23.8341 23.8444 23.8536 23.8654 23.8768 23.8871 23.9007 23.9127
 23.9237 23.9403 23.9529 23.9634 23.9792 23.9904 24.0027 24.0176 24.0283
 24.0432 24.0566 24.0735 24.084  24.0964 24.1115 24.129  24.1417 24.1559
 24.1759 24.1908 24.211  24.2259 24.2449 24.2748 24.2894 24.3078 24.35
 24.3919 24.4164 24.5394 24.5832 28.9003 29.6131
30.2995 30.5071 30.8104 30.9149 30.9519 31.0017 31.0477 31.0879 31.11
 31.1373 31.2039 31.2309 31.2605 31.283  31.3319 31.3514 31.3737 31.3868
 31.4065 31.4221 31.4376 31.4554 31.4748 31.4948 31.5144 31.5282 31.5537
 31.5651 31.5805 31.5928 31.6065 31.6233 31.6375 31.6497 31.6715 31.6835
 31.6963 31.7085 31.7222 31.7342 31.7459 31.7587 31.7713 31.7852 31.797
 31.8089 31.8215 31.8367 31.8477 31.8613 31.8739 31.8848 31.8963 31.9104
 31.9225 31.9328 31.9426 31.9516 31.9616 31.9729 31.9833 31.9946 32.0089
 32.0198 32.0286 32.0386 32.0486 32.0599 32.0701 32.0826 32.093  32.1031
 32.1139 32.1273 32.1396 32.1508 32.1618 32.1724 32.1824 32.1933 32.2036
 32.2131 32.2225 32.2328 32.2422 32.2519 32.2607 32.2705 32.2817 32.2929
 32.3012 32.31   32.3199 32.3298 32.3383 32.3479 32.3592 32.3687 32.3783
 32.3865 32.3962 32.4067 32.4158 32.4249 32.4344 32.4437 32.4534 32.4621
 32.4726 32.4826 32.4931 32.5031 32.513  32.5226 32.5323 32.5409 32.5494
 32.5586 32.5676 32.5776 32.5893 32.5999 32.6101 32.6204 32.6311 32.6415
 32.65   32.6597 32.6697 32.6796 32.6933 32.7052 32.7157 32.7289 32.7413
 32.753  32.7646 32.7752 32.7866 32.7979 32.8095 32.8214 32.8333 32.8434
 32.8536 32.8652 32.8762 32.887  32.8971 32.9102 32.9205 32.9296 32.9399
 32.9517 32.9628 32.9772 32.9893 33.0059 33.0186 33.0287 33.038  33.0506
 33.064  33.087  33.0997 33.1243 33.141  33.1594 33.174  33.1922 33.2068
 33.2243 33.2488 33.2721 33.3023 33.3183 33.3375 33.3616 33.5128 33.5737
 38.1449
40.3247 40.3786 40.4497 40.4893 40.5709 40.5916 40.6174 40.634  40.6698
 40.6893 40.7237 40.7635 40.7996 40.8165 40.8403 40.8574 40.8767 40.8947
 40.9145 40.9311 40.9453 40.9643 40.981  41.0012 41.019  41.0322 41.0636
 41.0762 41.0898 41.1019 41.1138 41.1254 41.1416 41.1552 41.168  41.1803
 41.1928 41.2022 41.2136 41.2263 41.2366 41.249  41.2627 41.2724 41.2842
 41.2961 41.3081 41.319  41.3302 41.3399 41.3504 41.3601 41.3708 41.3825
 41.3929 41.4029 41.4115 41.42   41.429  41.4398 41.4495 41.4596 41.4683
 41.4785 41.4866 41.4955 41.5054 41.5139 41.5234 41.5334 41.5417 41.5518
 41.5605 41.5696 41.5788 41.5876 41.5967 41.6053 41.6133 41.6215 41.6289
 41.6367 41.6455 41.6544 41.6632 41.6719 41.6809 41.69   41.6997 41.7088
 41.7183 41.727  41.7364 41.7465 41.7552 41.7635 41.7722 41.7803 41.7889
 41.7983 41.8072 41.8164 41.8259 41.8355 41.8442 41.8533 41.8616 41.8707
 41.8785 41.8875 41.8951 41.9037 41.912  41.9199 41.9278 41.9362 41.9451
 41.9534 41.9614 41.9699 41.9781 41.9864 41.9945 42.0026 42.0108 42.0202
 42.0287 42.038  42.0468 42.0552 42.0629 42.0714 42.08   42.088  42.0966
 42.1069 42.1154 42.1242 42.1324 42.141  42.1494 42.1576 42.1659 42.1743
 42.1825 42.1916 42.2001 42.2082 42.2173 42.2259 42.2343 42.2425 42.2506
 42.2593 42.2677 42.2768 42.2858 42.2952 42.304  42.313  42.3244 42.3339
 42.3437 42.3532 42.3639 42.3747 42.3856 42.3948 42.4035 42.4149 42.4281
 42.4389 42.4489 42.4591 42.4695 42.479  42.4895 42.5008 42.5117 42.5227
 42.5341 42.5453 42.5569 42.5665 42.5779 42.5901 42.6035 42.6169 42.6291
 42.6397 42.6508 42.6634 42.6773 42.6896 42.7037 42.7204 42.7455 42.7715
 42.7897 42.8087 42.8284 42.8477 42.8731 42.8955 42.9826 43.0642 43.2245
 49.2693 49.3418 49.4868 49.5675 49.616  49.6762 49.6975 49.7217 49.7593
 49.7915 49.8195 49.8364 49.8563 49.9018 49.9211 49.9679
50.0014 50.0158 50.0335 50.0549 50.0762 50.0913 50.1115 50.1299 50.1428
 50.1589 50.1749 50.1918 50.2087 50.2261 50.2404 50.2554 50.2671 50.2806
 50.2938 50.3099 50.3223 50.3341 50.3488 50.3653 50.3769 50.3884 50.4002
 50.4114 50.4252 50.4375 50.4538 50.4636 50.475  50.4895 50.5024 50.5147
 50.5323 50.5452 50.5581 50.5712 50.5821 50.5936 50.6072 50.6197 50.6302
 50.644  50.6551 50.6661 50.6798 50.6934 50.7042 50.7169 50.7285 50.743
 50.757  50.7703 50.7856 50.7975 50.8099 50.8212 50.8336 50.8467 50.8576
 50.8708 50.8824 50.8962 50.9099 50.9213 50.9311 50.9408 50.9543 50.9666
 50.9792 50.9904 51.0056 51.0207 51.0308 51.0418 51.0535 51.0667 51.0795
 51.0921 51.1052 51.1201 51.1349 51.1514 51.17   51.1832 51.1987 51.2133
 51.2282 51.2452 51.2715 51.2862 51.2993 51.3138 51.3308 51.3537 51.3768
 51.3947 51.4195 51.4406 51.4788 51.5212 51.549  51.5777 51.6245 51.6524
 51.6913 51.7228 51.8147 56.4434 57.5978 57.737  58.0573 58.2269 58.3473
 58.4099 58.4445 58.4731 58.4991 58.5235 58.5598 58.5844 58.5978 58.6314
 58.6522 58.6771 58.7086 58.7374 58.7652 58.7843 58.7964 58.8168 58.8342
 58.8599 58.88   58.8952 58.9072 58.9198 58.9337 58.9505 58.9674 58.9862
 59.0028 59.013  59.0295 59.0422 59.0595 59.0802 59.0933 59.1111 59.1271
 59.1405 59.1527 59.1637 59.1769 59.1931 59.2114 59.2333 59.2477 59.2634
 59.2831 59.2956 59.3065 59.3174 59.3282 59.3412 59.3527 59.368  59.3816
 59.3959 59.4083 59.4185 59.432  59.4449 59.4582 59.4711 59.4819 59.4951
 59.5062 59.5207 59.5332 59.5486 59.5609 59.5771 59.5909 59.608  59.6273
 59.6415 59.6572 59.6702 59.6812 59.6926 59.7064 59.7211 59.7329 59.7457
 59.7594 59.7722 59.7857 59.7957 59.8095 59.8225 59.8368 59.8482 59.8623
 59.8728 59.8888 59.9014 59.9202 59.9345 59.9478 59.9682 59.983  59.9956
60.0207 60.0485 60.0645 60.0801 60.1014 60.1227 60.1379 60.1542 60.1758
 60.2121 60.2385 60.2985 60.3225 60.3629 60.3902 60.5789 60.6906 66.9525
 67.2589 67.4106 67.5479 67.5796 67.6149 67.67   67.6893 67.7282 67.7452
 67.7983 67.8293 67.8554 67.9189 67.9485 67.9903 68.0172 68.0345 68.0506
 68.0676 68.0986 68.1182 68.1383 68.1541 68.1725 68.1833 68.1987 68.214
 68.233  68.2542 68.2708 68.2906 68.3049 68.3188 68.3331 68.3491 68.3642
 68.3804 68.3973 68.4156 68.4265 68.4396 68.4492 68.4592 68.4705 68.4837
 68.4945 68.5047 68.5168 68.5265 68.5383 68.5524 68.5622 68.5734 68.5844
 68.5958 68.6089 68.6193 68.6303 68.6403 68.6502 68.663  68.6746 68.6843
 68.694  68.7043 68.7155 68.7273 68.7376 68.7541 68.7661 68.7761 68.7861
 68.7983 68.8112 68.8234 68.8333 68.8427 68.8524 68.8618 68.872  68.8829
 68.8937 68.9032 68.9118 68.9218 68.9328 68.9434 68.9527 68.9629 68.9751
 68.9867 68.9971 69.007  69.0171 69.028  69.0393 69.0495 69.0589 69.0704
 69.0802 69.0904 69.101  69.1113 69.1229 69.1368 69.1467 69.1567 69.1665
 69.1783 69.1873 69.1964 69.2052 69.216  69.226  69.2366 69.248  69.2583
 69.268  69.2784 69.2903 69.3034 69.3151 69.327  69.3368 69.3488 69.3596
 69.3719 69.383  69.3949 69.4064 69.417  69.4298 69.4428 69.4542 69.4673
 69.4788 69.495  69.5082 69.5205 69.5348 69.5505 69.5611 69.5775 69.5894
 69.6037 69.6245 69.6411 69.6532 69.6708 69.6865 69.7077 69.7271 69.7452
 69.7697 69.7937 69.8469 69.9106 69.9706

