10.8196 11.8337 12.1269 12.2793 12.5515 12.651  12.7101 12.7537 12.7829
 12.8029 12.8784 12.9042 12.9478 12.9815 13.0051 13.0285 13.0496 13.0672
 13.0881 13.1056 13.1279 13.1496 13.1634 13.1742 13.1969 13.2119 13.229
 13.2433 13.2549 13.2705 13.2892 13.3011 13.3133 13.3287 13.3421 13.3537
 13.3663 13.3785 13.3928 13.4081 13.4208 13.4312 13.447  13.4588 13.4708
 13.4811 13.4916 13.5023 13.5131 13.5243 13.5335 13.5438 13.5541 13.5647
 13.5763 13.5877 13.5982 13.6081 13.6176 13.6285 13.6388 13.6491 13.6589
 13.6681 13.6778 13.6877 13.6964 13.706  13.7159 13.7257 13.736  13.7455
 13.7555 13.7658 13.7766 13.7851 13.7937 13.8041 13.814  13.8237 13.8326
 13.8421 13.8534 13.8626 13.8726 13.8822 13.8908 13.8986 13.907  13.9162
 13.9256 13.9334 13.9414 13.9517 13.9624 13.9719 13.9812 13.9904 13.9999
 14.0103 14.0207 14.0312 14.0405 14.0513 14.0603 14.0684 14.0775 14.0866
 14.0969 14.1064 14.1169 14.1257 14.1342 14.1444 14.154  14.165  14.1735
 14.1819 14.1909 14.2013 14.211  14.2195 14.228  14.2367 14.2453 14.2547
 14.2636 14.2727 14.2839 14.2924 14.3028 14.3126 14.3241 14.3339 14.3429
 14.3524 14.3633 14.3739 14.3854 14.3941 14.4035 14.4134 14.4231 14.4351
 14.4445 14.4538 14.4629 14.4753 14.486  14.4965 14.5073 14.5171 14.5268
 14.5362 14.5468 14.5573 14.5676 14.5782 14.589  14.6017 14.6128 14.6221
 14.6338 14.6444 14.654  14.6636 14.6734 14.684  14.6952 14.7064 14.7187
 14.7299 14.7412 14.7527 14.7629 14.7731 14.7832 14.7966 14.8066 14.8188
 14.8277 14.8393 14.8524 14.8622 14.8747 14.8856 14.8958 14.9059 14.9171
 14.9276 14.9382 14.9486 14.9605 14.9721 14.9819 14.9926 15.0026 15.0153
 15.027  15.0381 15.0498 15.062  15.0731 15.0861 15.0969 15.1091 15.122
 15.133  15.1446 15.1563 15.1676 15.1787 15.1909 15.2037 15.2163 15.2299
 15.2429 15.257  15.2703 15.2826 15.2978 15.311  15.3247 15.3448 15.3636
 15.3807 15.3972 15.4116 15.4433 15.4596 15.4802 15.4995 15.5193 15.5539
 15.5837 15.6138 15.6445 15.6745 15.7043 15.8612
22.0409 22.1804 22.3194 22.3519 22.3827 22.4425 22.4733 22.491  22.518
 22.5398 22.5785 22.6142 22.6379 22.6655 22.7018 22.725  22.7389 22.7584
 22.7826 22.8057 22.8255 22.8474 22.8604 22.8761 22.8961 22.9185 22.9292
 22.9446 22.9749 22.9887 23.0039 23.015  23.0315 23.0509 23.0673 23.0819
 23.0989 23.1109 23.1225 23.1348 23.1456 23.1607 23.1744 23.1903 23.2006
 23.2109 23.223  23.2351 23.2485 23.2626 23.2754 23.2869 23.3    23.3106
 23.3233 23.3408 23.3537 23.3659 23.3766 23.3901 23.4014 23.4142 23.4295
 23.4428 23.4543 23.4666 23.4778 23.4883 23.5026 23.5141 23.5245 23.5396
 23.5541 23.5669 23.5806 23.5927 23.606  23.6202 23.6338 23.6472 23.6582
 23.6706 23.6831 23.6958 23.7086 23.7221 23.7359 23.754  23.7654 23.7821
 23.7953 23.808  23.8231 23.8359 23.8539 23.8703 23.8828 23.8978 23.9123
 23.9302 23.9452 23.9579 23.9714 23.9843 23.9978 24.0144 24.029  24.0414
 24.0539 24.0659 24.0793 24.0938 24.1093 24.1258 24.1425 24.1569 24.1725
 24.1834 24.2005 24.218  24.2322 24.2483 24.2635 24.2748 24.2896 24.3045
 24.3147 24.3296 24.3447 24.3636 24.3769 24.3936 24.4091 24.4238 24.4345
 24.4506 24.4639 24.4802 24.4922 24.5066 24.5186 24.5315 24.5449 24.5598
 24.5752 24.5885 24.6013 24.6138 24.6323 24.6495 24.6659 24.6848 24.7042
 24.719  24.7326 24.7485 24.7616 24.7814 24.7948 24.8087 24.8342 24.85
 24.8665 24.8855 24.9167 24.9339 24.9586 24.9824 25.0194 25.0532 25.0834
 25.1168 25.1629 25.1965 25.2898
30.2672 30.4587 30.5609 30.7851 30.8214 31.2644 31.2891 31.3064 31.3238
 31.3424 31.4227 31.4453 31.4615 31.4776 31.5015 31.5274 31.5433 31.5626
 31.5775 31.5927 31.6102 31.6239 31.639  31.6516 31.6679 31.6811 31.6924
 31.705  31.7177 31.732  31.7459 31.7643 31.7781 31.8005 31.8163 31.8289
 31.8443 31.8581 31.874  31.8862 31.8997 31.9123 31.929  31.9416 31.9537
 31.9664 31.9785 31.9912 32.0021 32.0147 32.0254 32.0416 32.0533 32.0659
 32.0808 32.0925 32.1034 32.114  32.1252 32.139  32.1525 32.1625 32.1732
 32.1852 32.1974 32.2088 32.2197 32.2336 32.2446 32.2561 32.2686 32.2811
 32.2931 32.3024 32.3121 32.3205 32.3316 32.3451 32.3566 32.3687 32.3819
 32.3924 32.404  32.4167 32.4266 32.4383 32.4493 32.4613 32.4737 32.4844
 32.4996 32.5105 32.5237 32.5351 32.5459 32.5617 32.577  32.5877 32.6038
 32.6164 32.6311 32.6412 32.6514 32.6623 32.6728 32.6857 32.6964 32.7085
 32.7204 32.7326 32.7446 32.7567 32.7671 32.7776 32.7886 32.7999 32.8116
 32.8241 32.8374 32.8543 32.8671 32.8806 32.8926 32.9082 32.9186 32.9301
 32.9423 32.9567 32.9683 32.9826 32.9953 33.009  33.0219 33.0322 33.046
 33.058  33.0705 33.0818 33.0934 33.1042 33.1145 33.1249 33.1361 33.1485
 33.1632 33.1775 33.1883 33.2005 33.2136 33.2278 33.2394 33.2492 33.2616
 33.2736 33.2871 33.2999 33.3121 33.3232 33.3383 33.3484 33.3595 33.3723
 33.3835 33.3952 33.4091 33.421  33.4329 33.4458 33.4584 33.4706 33.4866
 33.5042 33.516  33.5347 33.5495 33.5661 33.5786 33.5916 33.6033 33.6141
 33.6274 33.6409 33.6522 33.6674 33.6825 33.6981 33.7167 33.7314 33.7482
 33.767  33.7813 33.7964 33.8137 33.8301 33.8492 33.8737 33.8908 33.9147
 33.9347 33.9631 34.0293 34.0777 34.1241 34.2159 34.344  39.9047
40.4864 40.5184 40.5502 40.6023 40.6929 40.7124 40.7367 40.8224 40.8457
 40.8863 40.9038 40.9278 40.9461 40.9664 40.9858 41.0172 41.0359 41.0509
 41.0716 41.0872 41.1004 41.1165 41.1282 41.1452 41.1586 41.1722 41.189
 41.2049 41.219  41.2335 41.2465 41.2598 41.2707 41.283  41.2951 41.308
 41.3224 41.3338 41.3431 41.3538 41.3647 41.3755 41.3863 41.3965 41.4067
 41.4182 41.429  41.4385 41.4486 41.4582 41.4677 41.478  41.487  41.4991
 41.5099 41.5206 41.5296 41.5404 41.5503 41.5598 41.5713 41.5805 41.5902
 41.5988 41.6084 41.6182 41.6283 41.6382 41.6486 41.6597 41.6691 41.6784
 41.6878 41.6986 41.7082 41.7178 41.7268 41.7357 41.7445 41.7556 41.7652
 41.7739 41.7826 41.792  41.8016 41.8104 41.8205 41.8296 41.8381 41.8482
 41.8581 41.8676 41.877  41.8866 41.8953 41.9036 41.9142 41.9241 41.9325
 41.9413 41.953  41.9619 41.9727 41.9817 41.9907 42.0013 42.0124 42.0221
 42.0331 42.043  42.0513 42.062  42.0717 42.0809 42.0903 42.0999 42.1099
 42.1198 42.1295 42.1387 42.149  42.1599 42.1697 42.1801 42.1909 42.1997
 42.2092 42.2184 42.2277 42.2391 42.2499 42.2616 42.2713 42.2825 42.2941
 42.3035 42.3151 42.3253 42.3389 42.3502 42.3613 42.373  42.3833 42.3926
 42.4036 42.4166 42.4301 42.4409 42.4518 42.4621 42.4741 42.4835 42.4931
 42.5027 42.5129 42.5255 42.5384 42.5522 42.5637 42.5768 42.59   42.6015
 42.6126 42.6224 42.6326 42.6431 42.6544 42.6639 42.6745 42.6858 42.6965
 42.7076 42.7213 42.7318 42.7448 42.7553 42.7655 42.7749 42.7853 42.7971
 42.808  42.8199 42.8323 42.8422 42.8538 42.864  42.8738 42.8867 42.8964
 42.9093 42.9212 42.9326 42.9435 42.9546 42.9682 42.9797 42.9907 43.0017
 43.0113 43.0225 43.0364 43.0506 43.062  43.0725 43.0872 43.0995 43.111
 43.1221 43.135  43.1479 43.1615 43.178  43.1917 43.2083 43.2217 43.2358
 43.2471 43.26   43.2777 43.2911 43.3076 43.3283 43.3434 43.3595 43.3826
 43.4006 43.4216 43.4434 43.4637 43.4986 43.5357 43.5746 43.6709 43.7044
 43.8184 48.4968 49.2116 49.4273 49.4674 49.5797 49.6197 49.7497 49.7992
 49.8529 49.9138 49.9336 49.9546 49.9758 49.9951
50.0135 50.0346 50.0606 50.0794 50.1041 50.1167 50.1369 50.1567 50.1767
 50.1894 50.2026 50.217  50.2349 50.2477 50.2608 50.281  50.2934 50.3079
 50.3246 50.3494 50.3616 50.3809 50.3988 50.4118 50.4234 50.4376 50.4517
 50.469  50.4855 50.4987 50.5161 50.5292 50.5474 50.56   50.5768 50.5896
 50.6015 50.6176 50.6306 50.6471 50.6615 50.6782 50.6903 50.7037 50.7177
 50.7297 50.7417 50.7535 50.7657 50.7819 50.7953 50.8123 50.8256 50.8387
 50.8536 50.868  50.8832 50.8952 50.9139 50.9318 50.9433 50.9592 50.9724
 50.9899 51.0152 51.0309 51.0509 51.0639 51.0835 51.1051 51.122  51.1505
 51.1692 51.1826 51.1973 51.2135 51.2372 51.2542 51.287  51.3023 51.3174
 51.334  51.3489 51.3651 51.3805 51.3942 51.4076 51.4208 51.4417 51.4581
 51.472  51.49   51.5046 51.5171 51.5348 51.5485 51.5626 51.578  51.5919
 51.6073 51.6182 51.6313 51.6452 51.6596 51.6732 51.6966 51.7093 51.7219
 51.7384 51.7506 51.7653 51.7893 51.8067 51.8242 51.8401 51.8571 51.8723
 51.8904 51.9101 51.926  51.9589 51.9746 52.0074 52.0268 52.0705 52.0927
 52.1173 52.1859 52.2161 52.2403 52.4939 56.8957 57.5714 57.8676 58.3639
 58.4433 58.4774 58.5074 58.5296 58.58   58.605  58.6597 58.6883 58.7267
 58.8021 58.8368 58.8549 58.873  58.9035 58.921  58.9382 58.9628 58.9755
 58.9875 59.0024 59.0148 59.0291 59.0435 59.0598 59.0808 59.1035 59.1222
 59.1377 59.1501 59.1684 59.183  59.1961 59.2083 59.2205 59.232  59.246
 59.2587 59.2768 59.2896 59.3177 59.332  59.3448 59.3567 59.3688 59.3812
 59.3932 59.4082 59.4248 59.4397 59.4575 59.4706 59.488  59.5079 59.5216
 59.5327 59.546  59.5614 59.5806 59.5977 59.6115 59.6242 59.6396 59.6615
 59.6808 59.6943 59.7134 59.7272 59.7392 59.7543 59.7658 59.7866 59.8094
 59.8369 59.8484 59.8655 59.8839 59.8995 59.9199 59.9393 59.9535 59.9716
 59.9884
60.0063 60.0267 60.0416 60.0591 60.0747 60.0912 60.1108 60.1296 60.1535
 60.1708 60.1931 60.2207 60.2414 60.2575 60.2749 60.292  60.3059 60.3241
 60.3491 60.3663 60.3814 60.4016 60.4237 60.4534 60.4692 60.4921 60.5221
 60.5422 60.5639 60.5881 60.6046 60.6192 60.638  60.6658 60.6967 60.7162
 60.7313 60.7526 60.7717 60.7913 60.8058 60.8245 60.8626 60.8805 60.9047
 60.9264 60.9504 60.9692 61.0459 61.1286 61.2008 66.4579 67.4075 67.4357
 67.4858 67.6389 67.6747 67.6958 67.7272 67.8075 67.8244 67.8943 67.9102
 67.9524 67.9749 68.0341 68.0716 68.1095 68.1263 68.1434 68.1642 68.1917
 68.2196 68.2387 68.2598 68.2813 68.2933 68.3062 68.3194 68.333  68.3505
 68.3696 68.3854 68.4022 68.4173 68.4329 68.4487 68.4633 68.478  68.4919
 68.5042 68.5156 68.5321 68.5467 68.5592 68.5711 68.5807 68.592  68.6032
 68.6154 68.6273 68.6424 68.6535 68.6664 68.6831 68.6992 68.7116 68.7224
 68.7327 68.7433 68.7563 68.7688 68.7797 68.7924 68.8048 68.8158 68.8274
 68.8391 68.8516 68.8653 68.8785 68.895  68.9086 68.9242 68.9368 68.9501
 68.9644 68.9751 68.9922 69.0057 69.0177 69.0285 69.0397 69.0494 69.0595
 69.0706 69.0835 69.0969 69.1152 69.1259 69.1385 69.1552 69.1663 69.1781
 69.1922 69.2023 69.2117 69.2234 69.2359 69.247  69.2634 69.2798 69.298
 69.3108 69.3232 69.3386 69.3509 69.3647 69.3779 69.3932 69.4055 69.419
 69.4325 69.445  69.4582 69.4731 69.4883 69.5019 69.5141 69.5266 69.5401
 69.5533 69.5704 69.5818 69.5958 69.6097 69.6217 69.6386 69.6543 69.6662
 69.678  69.6915 69.7034 69.7214 69.7362 69.7539 69.7688 69.7805 69.7924
 69.8049 69.8174 69.8321 69.8488 69.8632 69.8748 69.8894 69.9033 69.9194
 69.9354 69.9486 69.9617 69.9734 69.9877

