12.8193 12.8996 13.0697 13.1697 13.2687 13.2925 13.3362 13.4699 13.5414
 13.589  13.6175 13.659  13.7099
21.322  21.9844 22.1451 22.2928 22.3152 22.3644 22.4926 22.5229 22.5614
 22.6307 22.7297 22.8948
31.2699 31.5476 31.7262 31.7965 31.8335 31.8787 31.9624 31.9909 32.2661
 39.7221 39.8769 39.9817
40.1074 40.1273 40.2006 40.2437 40.2816 40.3645 40.425  40.4638 40.4834
 40.5037 40.5416 40.5536 40.5947 40.6197 40.6932 40.7253 40.7479 40.7623
 40.7886 40.8057 40.8754 40.9097 48.601  49.3627 49.645  49.6866 49.8736
 49.913  49.9973
50.1052 50.1445 50.383  50.5016 58.7903 59.0893 59.1169 59.138  59.2346
64.1592 66.68   67.223  67.2959 67.3398 67.5154 67.6195 67.6464 67.6853
 67.7133 67.7471 67.8901 67.9068 67.9333 67.9996 68.0305 68.0535 68.0766
 68.1152 68.1551 68.3472 68.3708

