12.2296 12.6453 12.9041 12.9501 13.0089 13.0935 13.1379 13.1758 13.2041
 13.2349 13.2789 13.3239 13.3453 13.3747 13.3893 13.4058 13.4489 13.4717
 13.5058 13.5242 13.5431 13.5681 13.5944 13.6085 13.6244 13.6392 13.6537
 13.6701 13.6922 13.7073 13.7227 13.7477 13.7581 13.7704 13.8006 13.8172
 13.8309 13.8426 13.8561 13.8729 13.8889 13.9011 13.9125 13.9285 13.9386
 13.9499 13.9602 13.9721 13.9849 13.9971 14.0076 14.0211 14.0331 14.0437
 14.0527 14.0636 14.0775 14.0866 14.0989 14.1094 14.1197 14.1324 14.1448
 14.1556 14.1673 14.177  14.1883 14.1978 14.2101 14.2209 14.2325 14.2439
 14.2541 14.2628 14.273  14.2814 14.2916 14.2999 14.3096 14.3203 14.3298
 14.3398 14.3508 14.3601 14.3691 14.3798 14.3898 14.4007 14.4117 14.4224
 14.4321 14.4413 14.4514 14.4609 14.4703 14.4796 14.4895 14.4994 14.5111
 14.5209 14.5307 14.5407 14.5501 14.5591 14.5687 14.5778 14.5868 14.5971
 14.6068 14.6167 14.6282 14.6373 14.6484 14.658  14.6677 14.6767 14.6861
 14.6962 14.7056 14.7153 14.7247 14.7341 14.7434 14.7529 14.7629 14.7734
 14.7832 14.7922 14.8037 14.8144 14.8248 14.8347 14.847  14.8585 14.8672
 14.8776 14.8896 14.8998 14.9118 14.9224 14.9315 14.9401 14.9511 14.9628
 14.9721 14.9832 14.9956 15.0068 15.017  15.0277 15.0386 15.052  15.0614
 15.0724 15.0844 15.0965 15.1071 15.1191 15.1312 15.1436 15.1537 15.1645
 15.175  15.1863 15.1979 15.2088 15.2224 15.2338 15.2465 15.2604 15.273
 15.283  15.2967 15.3091 15.3191 15.334  15.3474 15.3597 15.371  15.3818
 15.3957 15.4123 15.4284 15.4451 15.4577 15.4688 15.4857 15.5002 15.5145
 15.532  15.5475 15.5617 15.5785 15.5926 15.6069 15.627  15.6455 15.6686
 15.686  15.7017 15.7164 15.7326 15.7549 15.7746 15.7938 15.8131 15.8339
 15.8613 15.8825 15.9078 15.9311 15.9835 16.0215 16.0535 16.1634 16.1946
20.9301 21.2142 21.3734 22.0298 22.1972 22.3383 22.3645 22.4414 22.5528
 22.6024 22.6304 22.6475 22.6651 22.6858 22.7171 22.7487 22.7735 22.8114
 22.8468 22.8659 22.8817 22.8994 22.9242 22.9494 22.9663 22.988  23.0139
 23.0315 23.0517 23.0725 23.0856 23.1012 23.1192 23.1355 23.1475 23.1614
 23.1816 23.194  23.2093 23.2211 23.2337 23.246  23.2612 23.2783 23.2949
 23.3131 23.3289 23.3418 23.3527 23.365  23.3771 23.3955 23.4075 23.4205
 23.4329 23.4439 23.4554 23.4682 23.4787 23.4906 23.502  23.5152 23.5263
 23.5364 23.551  23.5627 23.5734 23.5837 23.5955 23.6064 23.6177 23.6297
 23.6393 23.6508 23.6632 23.6749 23.6882 23.6997 23.7105 23.723  23.7345
 23.7462 23.7575 23.7708 23.7833 23.7938 23.8048 23.8149 23.8263 23.8383
 23.8494 23.8638 23.8774 23.8885 23.8996 23.9135 23.9242 23.9365 23.9482
 23.9608 23.9728 23.9864 23.9981 24.0109 24.0228 24.0349 24.0494 24.0602
 24.0755 24.0872 24.1017 24.114  24.1271 24.1409 24.1525 24.165  24.1769
 24.1885 24.2013 24.2179 24.233  24.2473 24.2665 24.2816 24.2979 24.3125
 24.3286 24.3429 24.3557 24.3681 24.3808 24.3942 24.4063 24.4179 24.4333
 24.4473 24.4612 24.4747 24.4878 24.4997 24.5156 24.5269 24.5391 24.5546
 24.5686 24.5867 24.6013 24.6189 24.644  24.6619 24.6841 24.7011 24.7182
 24.7393 24.7605 24.7778 24.7998 24.8323 24.8668 24.8959 24.9401 24.972
 24.9998 25.026  25.1157 25.2697
30.1298 31.6717 31.7458 31.7747 31.7913 31.8739 31.8997 31.9291 31.9532
 31.9725 31.9926 32.0427 32.0712 32.0921 32.1085 32.1241 32.1407 32.1572
 32.1733 32.215  32.2319 32.2481 32.261  32.2813 32.3047 32.3241 32.337
 32.3524 32.3704 32.3859 32.4037 32.4234 32.4401 32.4611 32.4784 32.4981
 32.512  32.5291 32.5478 32.5621 32.5746 32.5917 32.6049 32.6175 32.6314
 32.6469 32.6605 32.6745 32.6899 32.7025 32.7148 32.7301 32.7413 32.7549
 32.768  32.7825 32.8003 32.8133 32.8285 32.8445 32.8624 32.8819 32.8976
 32.916  32.9277 32.9428 32.9572 32.97   32.9838 33.0013 33.0193 33.0353
 33.0492 33.0682 33.0828 33.1014 33.1179 33.1328 33.1493 33.164  33.177
 33.1921 33.2057 33.2183 33.2299 33.2467 33.2594 33.2713 33.2844 33.2988
 33.3119 33.3265 33.3424 33.3633 33.3785 33.3921 33.4051 33.4184 33.4519
 33.4742 33.4887 33.5047 33.5199 33.5376 33.5506 33.5696 33.5852 33.5992
 33.6127 33.6269 33.6423 33.6575 33.6687 33.6854 33.7018 33.7199 33.7439
 33.7637 33.7849 33.8014 33.8253 33.8453 33.878  33.9053 33.9333 33.9518
 33.9686 33.9892 34.026  34.044  34.0654 34.1208 34.1449 34.1688 34.2378
 34.2606 34.2827 34.3273 34.3975 38.9567 39.3398
40.0404 40.1095 40.1559 40.2653 40.2949 40.3346 40.448  40.4725 40.4948
 40.5172 40.5565 40.5983 40.616  40.638  40.6568 40.6902 40.706  40.7214
 40.7413 40.7599 40.7746 40.7909 40.8064 40.82   40.8347 40.8504 40.8759
 40.8911 40.9045 40.9174 40.9336 40.9504 40.9647 40.9775 40.9936 41.0086
 41.0207 41.034  41.045  41.0559 41.068  41.0799 41.0906 41.1018 41.1122
 41.1246 41.1383 41.1503 41.162  41.1718 41.1834 41.1957 41.2056 41.2156
 41.2275 41.2393 41.2521 41.2646 41.2801 41.2903 41.301  41.3138 41.3239
 41.3348 41.3448 41.3541 41.3644 41.375  41.3846 41.3958 41.4053 41.4165
 41.4267 41.4366 41.4458 41.4552 41.464  41.4726 41.4819 41.4922 41.5018
 41.5121 41.5218 41.5319 41.5414 41.5501 41.5595 41.5691 41.5775 41.5858
 41.598  41.609  41.6231 41.6335 41.6425 41.6523 41.6605 41.669  41.6772
 41.6861 41.6956 41.7056 41.7155 41.7257 41.7353 41.7455 41.7548 41.7645
 41.7741 41.7834 41.7921 41.8015 41.8098 41.8191 41.8284 41.8386 41.8492
 41.8592 41.8684 41.8774 41.8864 41.8966 41.9068 41.9164 41.9253 41.9344
 41.9443 41.9531 41.9638 41.9722 41.9812 41.9903 41.999  42.0086 42.019
 42.0286 42.0382 42.0481 42.0571 42.0661 42.0753 42.0842 42.094  42.1031
 42.1135 42.1228 42.1315 42.1429 42.1537 42.1636 42.1738 42.184  42.1937
 42.203  42.2125 42.2217 42.2311 42.2417 42.2512 42.2612 42.2706 42.2801
 42.289  42.298  42.3081 42.3167 42.3274 42.3362 42.3466 42.3571 42.3674
 42.3779 42.3894 42.4002 42.4109 42.4207 42.4306 42.4395 42.4496 42.4589
 42.4694 42.4799 42.4898 42.5007 42.5108 42.5224 42.5316 42.5428 42.5527
 42.5632 42.5729 42.584  42.5939 42.6052 42.616  42.6271 42.6389 42.651
 42.6607 42.6735 42.686  42.7004 42.7142 42.7265 42.737  42.747  42.7612
 42.7772 42.79   42.8039 42.8167 42.8291 42.8438 42.8588 42.8738 42.8848
 42.9018 42.9172 42.9312 42.9451 42.9628 42.9767 42.9897 43.0044 43.0222
 43.0365 43.0523 43.0696 43.0854 43.1    43.1203 43.1381 43.1516 43.1673
 43.1871 43.2058 43.2239 43.2418 43.2596 43.2809 43.3007 43.3247 43.3574
 43.3815 43.4202 43.5328 43.6393 43.7127 45.9356 47.8119 49.2211 49.5709
 49.8415 49.9496 49.9989
50.0965 50.1505 50.1743 50.1966 50.2147 50.2312 50.2499 50.2675 50.3061
 50.325  50.3446 50.3731 50.3908 50.4146 50.4314 50.4569 50.4758 50.486
 50.4982 50.5162 50.5327 50.5497 50.5644 50.5776 50.5925 50.6132 50.6258
 50.6425 50.6604 50.6717 50.6847 50.6979 50.7105 50.723  50.7346 50.7447
 50.7572 50.7698 50.7839 50.795  50.8066 50.8175 50.8326 50.8445 50.8573
 50.8693 50.8797 50.8901 50.9009 50.9131 50.9247 50.9354 50.9454 50.9552
 50.968  50.9803 50.9908 51.0013 51.0126 51.0217 51.0312 51.0415 51.0521
 51.0635 51.0746 51.0856 51.0987 51.1103 51.1211 51.135  51.1472 51.1577
 51.1676 51.1778 51.1872 51.197  51.2063 51.2162 51.2258 51.2357 51.2457
 51.2554 51.2659 51.2747 51.2842 51.2935 51.3044 51.3144 51.3253 51.3342
 51.3435 51.3521 51.3608 51.3713 51.3805 51.3905 51.4022 51.4129 51.4238
 51.4355 51.4499 51.4656 51.4748 51.4849 51.4945 51.5052 51.5162 51.526
 51.5379 51.5484 51.5582 51.569  51.579  51.5893 51.5986 51.6093 51.6185
 51.6302 51.64   51.6508 51.6617 51.6718 51.6836 51.6958 51.7068 51.7172
 51.7283 51.7391 51.751  51.7607 51.7715 51.7824 51.7939 51.8053 51.8161
 51.828  51.8395 51.8508 51.8636 51.8739 51.8851 51.8972 51.9096 51.9222
 51.9337 51.9452 51.9562 51.9657 51.9773 51.9894 52.0011 52.0141 52.027
 52.0402 52.0521 52.0643 52.0785 52.0933 52.1099 52.1243 52.1354 52.1488
 52.1601 52.176  52.1892 52.2004 52.2136 52.2272 52.2408 52.2545 52.2709
 52.2833 52.2991 52.3153 52.3296 52.3478 52.362  52.3806 52.4038 52.4193
 52.4362 52.4512 52.4668 52.4847 52.5027 52.5198 52.5399 52.5557 52.5842
 52.5989 52.6201 52.6377 52.6609 52.6824 52.7166 52.7484 52.8267 52.8626
 52.9489 58.1854 58.7127 59.2072 59.2231 59.3159 59.3489 59.3899 59.4456
 59.4855 59.5052 59.5413 59.5815 59.6042 59.6265 59.6628 59.6902 59.7115
 59.7433 59.7645 59.7847 59.7995 59.8342 59.8535 59.8762 59.9028 59.9238
 59.9578 59.9769 59.9965
60.0107 60.0242 60.0417 60.0607 60.0757 60.0911 60.1088 60.1293 60.1531
 60.1687 60.1846 60.2081 60.2284 60.2412 60.2555 60.2711 60.2865 60.306
 60.325  60.3378 60.3539 60.3683 60.382  60.3996 60.4193 60.4338 60.4508
 60.4815 60.5001 60.5232 60.5412 60.5607 60.5853 60.6049 60.6389 60.6617
 60.6788 60.7065 60.7355 60.7581 60.7751 60.7967 60.8287 60.8528 60.9216
 60.9794 61.0014 61.0378 61.1342 61.1595 61.1869 61.2114 61.2405 61.2956
 61.386  61.4147 61.7145 67.1737 67.4416 67.5872 67.6181 67.6557 67.6989
 67.7306 67.7599 67.7833 67.8021 67.8239 67.8469 67.8667 67.8836 67.9016
 67.9274 67.9433 67.9736 67.9913 68.0152 68.0279 68.0417 68.06   68.0766
 68.0954 68.1071 68.1238 68.14   68.1572 68.1711 68.1834 68.1989 68.2127
 68.2248 68.24   68.2543 68.267  68.2792 68.2963 68.3081 68.3225 68.3363
 68.3527 68.3707 68.387  68.3989 68.411  68.4207 68.4323 68.4443 68.4612
 68.4726 68.4837 68.4937 68.5039 68.5142 68.5243 68.5359 68.5458 68.556
 68.5658 68.5762 68.5859 68.5949 68.6046 68.6152 68.6251 68.6349 68.6458
 68.6555 68.6651 68.6758 68.6851 68.695  68.7057 68.7167 68.7258 68.7351
 68.744  68.7549 68.765  68.7741 68.7831 68.793  68.8031 68.8129 68.8228
 68.832  68.8402 68.849  68.8582 68.868  68.8774 68.887  68.8955 68.9054
 68.9154 68.9248 68.9349 68.9436 68.9521 68.961  68.9714 68.9804 68.9891
 68.998  69.0059 69.0145 69.0233 69.033  69.0423 69.0514 69.0608 69.0705
 69.0801 69.0902 69.1    69.1092 69.1181 69.1283 69.1369 69.1451 69.1531
 69.1621 69.1702 69.179  69.187  69.196  69.2048 69.2127 69.2219 69.23
 69.2381 69.247  69.2561 69.2643 69.2747 69.2837 69.293  69.3025 69.3116
 69.3203 69.329  69.3379 69.3469 69.355  69.3648 69.3744 69.384  69.3943
 69.4026 69.4131 69.4225 69.4328 69.4419 69.451  69.4602 69.4704 69.479
 69.4882 69.4973 69.5066 69.5169 69.5263 69.5377 69.5478 69.5565 69.5662
 69.5747 69.5842 69.5939 69.6032 69.6128 69.6216 69.6309 69.6396 69.6483
 69.6579 69.6671 69.677  69.6873 69.6975 69.7065 69.7158 69.7252 69.7343
 69.7441 69.7534 69.763  69.7724 69.7813 69.7912 69.8005 69.8099 69.821
 69.8315 69.8406 69.851  69.8601 69.8703 69.8804 69.8897 69.8993 69.9077
 69.9171 69.9264 69.9357 69.9449 69.9545 69.966  69.9762 69.9851 69.9947

