12.7168 12.7676 12.8031 12.827  12.8797 12.9581 12.994  13.0284 13.0637
 13.0828 13.1545 13.1803 13.2045 13.2444 13.2688 13.2942 13.3369 13.3563
 13.3695 13.4169 13.4398 13.4615 13.4806 13.5    13.5111 13.5436 13.5657
 13.5873 13.6015 13.6194 13.634  13.6476 13.6706 13.6881 13.7025 13.7184
 13.7436 13.7679 13.7964 13.8547 13.8835 13.9168 13.9624 14.0178
22.2392 22.4243 22.4455 22.4972 22.5551 22.5823 22.6081 22.6386 22.6759
 22.7066 22.7701 22.7981 22.8302 22.8517 22.8702 22.9136 22.9652 22.9852
 23.0076 23.0409 23.0664 23.1701 23.2274 23.3002
30.1662 31.4364 31.5898 31.6499 31.7064 31.7396 31.7738 31.8084 31.8619
 31.8845 31.9212 31.9446 31.9682 31.996  32.0295 32.0828 32.1569 32.2648
 32.3205 32.3353 32.4182 32.584  39.9354
40.0306 40.1111 40.2106 40.2413 40.3156 40.3846 40.3958 40.531  40.5534
 40.5914 40.6074 40.642  40.6957 40.7212 40.8027 40.8413 40.871  40.8867
 40.908  40.9178 40.9387 40.9528 40.963  41.0344 41.0489 41.0806 41.094
 41.1082 41.1262 41.1422 41.1666 41.2186 41.2451 41.2804 41.3087 41.3383
 41.3884 41.4348 41.4542 41.4703 49.4795 49.8077 49.873  49.9034 49.9442
 49.9898
50.0138 50.043  50.1248 50.1532 50.1786 50.1971 50.2151 50.2675 50.3143
 50.3713 50.3881 50.4039 50.4396 50.4742 50.5095 50.5236 50.5351 50.5493
 50.5682 50.5869 50.6067 50.6245 50.6384 50.6626 50.6747 50.6859 50.7068
 50.7199 50.7433 50.8015 50.8284 50.8685 50.8986 50.925  50.9505 58.5271
 58.9227 58.9416 58.9688 59.1129 59.1627 59.3027 59.4363 59.5339 59.5736
 59.5956 59.6357 59.7498 59.8048 59.8508
66.7493 66.8279 67.4078 67.4718 67.5719 67.633  67.6644 67.7263 67.7403
 67.7716 67.7959 67.8202 67.8363 67.8503 67.8706 67.8889 67.9044 67.9287
 67.9465 67.9666 67.9945 68.0082 68.0356 68.0524 68.064  68.0835 68.1053
 68.1173 68.1352 68.1522 68.164  68.1766 68.1932 68.2065 68.2233 68.2354
 68.2508 68.2664 68.2917 68.3043 68.3161 68.332  68.342  68.3767 68.3888
 68.4033 68.4188 68.4375 68.4498 68.466  68.5075 68.5346 68.5602 68.5752
 68.5929 68.6245 68.7077 68.7876

