12.5333 12.5848 12.6359 12.6554 12.7194 12.8493 12.9229 12.9948 13.0849
 13.1324 13.2699 13.2957 13.3245 13.3539 13.375  13.3974 13.4319 13.4566
 13.4766 13.498  13.5288 13.5443 13.5946 13.6175 13.6368 13.6535 13.6696
 13.6817 13.694  13.7042 13.7174 13.7379 13.7538 13.7652 13.7984 13.8196
 13.8324 13.8516 13.868  13.8971 13.912  13.924  13.9387 13.9517 13.9793
 13.9962 14.0052 14.0327 14.0512 14.0637 14.0749 14.0959 14.1113 14.1605
 14.1834 14.2086 14.2397 14.2759 14.3367
21.1294 21.9931 22.1537 22.213  22.3791 22.4403 22.4745 22.5002 22.5479
 22.5684 22.5881 22.6357 22.6771 22.7017 22.7267 22.7489 22.7661 22.7799
 22.811  22.8325 22.8537 22.8805 22.8938 22.9219 22.9379 22.9534 22.9845
 23.0676 23.0874 23.1011 23.1557 23.1944 23.2047 23.2368 23.2837 23.3007
 23.3747 23.4467
31.1129 31.289  31.5809 31.7065 31.8082 31.8535 31.9118 31.9365 31.9693
 32.0144 32.0507 32.0663 32.0963 32.1465 32.1976 32.2149 32.2331 32.2609
 32.2787 32.3296 32.3638 32.3818 32.488  32.5342 32.5769 32.629  37.2149
 39.323  39.7209
40.0569 40.1168 40.1443 40.1635 40.1946 40.2213 40.3586 40.3932 40.4407
 40.4556 40.4888 40.5213 40.5472 40.5744 40.6014 40.622  40.6432 40.6608
 40.7036 40.7328 40.7617 40.7748 40.7899 40.8027 40.8198 40.8545 40.8734
 40.8955 40.9144 40.9293 40.9519 40.9645 40.9756 40.9917 41.004  41.0181
 41.0341 41.0554 41.071  41.0852 41.1021 41.1123 41.1254 41.1399 41.1551
 41.1687 41.1836 41.2172 41.2292 41.2421 41.2627 41.2749 41.2908 41.3159
 41.3313 41.3479 41.36   41.3845 41.4021 41.4204 41.4378 41.4765 41.5038
 41.517  41.5309 41.5496 41.5762 41.6613 41.6876 48.9051 49.8273 49.8446
 49.8735 49.9054 49.9388
50.0934 50.1213 50.2051 50.2282 50.2411 50.2577 50.2935 50.3075 50.3379
 50.3574 50.3685 50.3823 50.4183 50.4373 50.4599 50.5295 50.5568 50.5855
 50.6016 50.6171 50.6278 50.6495 50.6719 50.6838 50.6976 50.7167 50.7347
 50.7743 50.788  50.8029 50.8166 50.8286 50.8451 50.8779 50.8955 50.9328
 50.9477 50.9696 51.0073 51.0264 51.0562 51.1045 58.0006 58.7015 58.8205
 58.8739 59.035  59.2154 59.2456 59.4603 59.5913 59.6596 59.6907 59.7221
 59.8024 59.8214 59.8504 59.8698 59.9938
60.0337 66.7213 66.9685 67.5103 67.5332 67.5553 67.5867 67.6106 67.6448
 67.6731 67.7283 67.7488 67.7844 67.8051 67.8333 67.8737 67.9032 67.9259
 67.9435 67.9585 68.0079 68.0277 68.0528 68.0731 68.0932 68.1067 68.1332
 68.1475 68.1602 68.1711 68.18   68.1917 68.2162 68.2312 68.2461 68.2578
 68.2715 68.2802 68.2936 68.3057 68.3159 68.3281 68.3413 68.3519 68.3614
 68.3737 68.3852 68.3959 68.4061 68.4164 68.429  68.4423 68.4524 68.4671
 68.4809 68.4944 68.5093 68.5234 68.5344 68.5468 68.5582 68.5685 68.579
 68.59   68.6008 68.6109 68.6214 68.6315 68.6437 68.6572 68.6709 68.6924
 68.7067 68.7204 68.73   68.7439 68.7562 68.7726 68.7876 68.8096 68.8325
 68.8875 68.9388

