11.5049 12.4417 12.4597 12.63   12.812  12.9397 12.9569 13.0023 13.0469
 13.076  13.1113 13.1391 13.1576 13.2079 13.231  13.2539 13.2776 13.2973
 13.3158 13.3343 13.3523 13.3651 13.3809 13.3994 13.4139 13.4276 13.4445
 13.4632 13.4758 13.4878 13.5044 13.5224 13.5364 13.551  13.5648 13.5778
 13.5896 13.6018 13.6147 13.6273 13.6398 13.651  13.6638 13.678  13.6878
 13.6981 13.709  13.7195 13.7297 13.7385 13.7487 13.7609 13.7725 13.7824
 13.7916 13.8006 13.8116 13.8233 13.8339 13.8455 13.857  13.8662 13.876
 13.885  13.8944 13.9031 13.9122 13.9218 13.9309 13.9408 13.9491 13.9566
 13.9648 13.9723 13.9805 13.9888 13.9992 14.0088 14.0182 14.0272 14.037
 14.0449 14.0524 14.06   14.0688 14.0782 14.0864 14.0945 14.1031 14.1115
 14.1191 14.1272 14.1353 14.1432 14.1513 14.1591 14.1675 14.1758 14.1838
 14.1915 14.2008 14.2094 14.2173 14.2257 14.2336 14.2417 14.2502 14.2584
 14.2656 14.2734 14.2811 14.2883 14.2964 14.3039 14.3112 14.3186 14.327
 14.3349 14.3431 14.3511 14.3586 14.3661 14.3739 14.3817 14.3898 14.3978
 14.4049 14.4126 14.4205 14.4285 14.4369 14.4446 14.4521 14.4599 14.4676
 14.4755 14.4837 14.4918 14.4997 14.5077 14.5152 14.5232 14.5305 14.5379
 14.5454 14.5527 14.5608 14.5684 14.5764 14.5853 14.5934 14.601  14.6097
 14.6183 14.6264 14.6353 14.6436 14.6518 14.6601 14.6685 14.6762 14.6843
 14.6926 14.7008 14.7095 14.7179 14.7255 14.7335 14.7423 14.7504 14.7584
 14.7675 14.7761 14.784  14.7917 14.7995 14.8078 14.8157 14.8248 14.8332
 14.8411 14.8501 14.8591 14.8681 14.8759 14.8848 14.8933 14.9018 14.9109
 14.9204 14.9292 14.9378 14.9463 14.956  14.965  14.974  14.9828 14.9908
 15.0003 15.0085 15.0174 15.0275 15.037  15.0457 15.0542 15.0626 15.0709
 15.0788 15.0876 15.0966 15.1063 15.117  15.1267 15.1366 15.1467 15.1579
 15.1679 15.1774 15.1875 15.197  15.207  15.2183 15.2285 15.2388 15.2481
 15.2589 15.2689 15.2796 15.2911 15.303  15.314  15.3246 15.3364 15.3493
 15.3649 15.3773 15.3928 15.4059 15.4195 15.4331 15.4489 15.4617 15.4765
 15.4902 15.5085 15.5296 15.5456 15.5622 15.5767 15.5929 15.6115 15.631
 15.6482 15.6627 15.6856 15.7123 15.7343 15.7746 15.7974 15.8266
21.8597 22.0473 22.0838 22.2578 22.2858 22.3339 22.3805 22.3941 22.4218
 22.4393 22.4557 22.4739 22.4888 22.5203 22.5428 22.5617 22.5797 22.6032
 22.6249 22.6498 22.6665 22.684  22.7038 22.7162 22.7353 22.7576 22.777
 22.7927 22.8059 22.8188 22.8359 22.8501 22.8641 22.8752 22.8909 22.903
 22.9185 22.9336 22.9445 22.9564 22.9701 22.9848 22.9973 23.0073 23.0189
 23.0303 23.0394 23.0516 23.0625 23.0726 23.0835 23.0955 23.1078 23.119
 23.1279 23.1375 23.1482 23.1597 23.1708 23.1815 23.1912 23.2006 23.2111
 23.2199 23.2305 23.2403 23.2502 23.2619 23.2703 23.279  23.2889 23.2974
 23.3064 23.3163 23.3257 23.3359 23.3461 23.3553 23.3647 23.3743 23.3843
 23.3939 23.4043 23.4127 23.4208 23.4305 23.4396 23.448  23.4585 23.4675
 23.4767 23.4852 23.4946 23.5034 23.5118 23.5219 23.5307 23.5398 23.5491
 23.5577 23.5658 23.5759 23.5863 23.5965 23.6071 23.618  23.6282 23.6374
 23.6459 23.6551 23.6643 23.6725 23.6803 23.6894 23.6997 23.7076 23.7165
 23.7246 23.733  23.7419 23.7516 23.7613 23.7706 23.7798 23.7879 23.7969
 23.8057 23.8138 23.8226 23.8308 23.8403 23.8497 23.8592 23.868  23.8781
 23.8873 23.8966 23.9072 23.9166 23.9253 23.9343 23.9429 23.9511 23.9601
 23.9694 23.9793 23.9878 23.9982 24.0079 24.0172 24.027  24.0366 24.0456
 24.054  24.0626 24.0707 24.0801 24.0911 24.1005 24.1109 24.1202 24.131
 24.1406 24.1516 24.1616 24.1722 24.1844 24.1963 24.207  24.218  24.2294
 24.2395 24.2495 24.2601 24.2702 24.2805 24.2916 24.3037 24.3166 24.3288
 24.3458 24.3594 24.3722 24.3863 24.3978 24.4149 24.4275 24.4411 24.4534
 24.4648 24.4755 24.4874 24.5018 24.5187 24.5334 24.5466 24.5603 24.5786
 24.5929 24.606  24.6218 24.6404 24.6577 24.6842 24.7184 24.7401 24.7756
 24.8008 24.8318 24.8594 24.9001 24.9582 27.3059
30.4479 31.3963 31.4296 31.4609 31.5108 31.5822 31.6026 31.6292 31.6773
 31.7218 31.7429 31.7614 31.7878 31.8134 31.8318 31.8523 31.8711 31.8867
 31.9024 31.9223 31.9375 31.958  31.9829 32.0073 32.025  32.0386 32.0537
 32.0728 32.0958 32.1096 32.1261 32.1428 32.156  32.1676 32.1814 32.1948
 32.2093 32.2203 32.2392 32.2549 32.267  32.2824 32.2972 32.3101 32.3226
 32.3339 32.3451 32.3552 32.3643 32.3748 32.3845 32.3932 32.4025 32.4128
 32.4255 32.4375 32.4501 32.4634 32.4755 32.4843 32.494  32.5055 32.517
 32.527  32.5371 32.5495 32.561  32.5713 32.5815 32.5923 32.6019 32.6124
 32.6216 32.6308 32.6414 32.6507 32.6605 32.6699 32.6819 32.6916 32.7012
 32.7113 32.7206 32.7304 32.7394 32.7492 32.7591 32.7685 32.7781 32.7871
 32.7998 32.8136 32.8245 32.8358 32.8451 32.8552 32.8646 32.8737 32.8825
 32.8913 32.9008 32.9095 32.9191 32.9283 32.9397 32.9508 32.961  32.9711
 32.9818 32.9937 33.0045 33.0136 33.0234 33.0327 33.0418 33.0507 33.0596
 33.0705 33.0819 33.0923 33.1037 33.1136 33.123  33.1323 33.1412 33.152
 33.1614 33.1714 33.1837 33.1947 33.2064 33.2173 33.2274 33.2445 33.2566
 33.2686 33.281  33.2963 33.3079 33.3194 33.3301 33.3419 33.3529 33.3668
 33.3793 33.3913 33.405  33.4164 33.43   33.4415 33.4509 33.4633 33.4722
 33.4836 33.4965 33.5111 33.5252 33.5394 33.5527 33.5685 33.5838 33.5963
 33.6128 33.6286 33.6435 33.6568 33.6727 33.6882 33.7029 33.7192 33.7374
 33.7627 33.7845 33.8079 33.8355 33.8586 33.8807 33.904  33.9579 34.0594
 38.7517 38.779  39.7161 39.9396
40.114  40.1578 40.2334 40.3254 40.344  40.3748 40.3947 40.4226 40.4534
 40.4668 40.4874 40.5076 40.5212 40.5357 40.5557 40.5727 40.5879 40.6056
 40.6187 40.6317 40.6478 40.6663 40.6813 40.6978 40.7118 40.7267 40.7389
 40.7509 40.7652 40.7809 40.795  40.8078 40.8174 40.8274 40.8389 40.8494
 40.8598 40.8696 40.8804 40.8973 40.907  40.9183 40.9286 40.9405 40.9497
 40.9607 40.973  40.9848 40.9945 41.0046 41.0132 41.0226 41.0318 41.0408
 41.0498 41.0587 41.0671 41.0762 41.0859 41.0943 41.103  41.1122 41.1214
 41.1311 41.1407 41.1489 41.1565 41.1646 41.1732 41.1818 41.1907 41.1995
 41.2075 41.2166 41.2247 41.2337 41.2439 41.252  41.2603 41.2687 41.2771
 41.2854 41.2931 41.3011 41.3087 41.3161 41.3236 41.3315 41.3397 41.3469
 41.3542 41.3619 41.3692 41.3767 41.384  41.3924 41.3999 41.4075 41.4147
 41.4225 41.4304 41.4386 41.4463 41.4537 41.4614 41.4689 41.4769 41.4843
 41.4921 41.4993 41.5067 41.5143 41.5222 41.5301 41.5371 41.5445 41.5526
 41.5603 41.5678 41.5751 41.5825 41.5898 41.5973 41.605  41.6123 41.6199
 41.6276 41.6353 41.6421 41.6495 41.6567 41.6647 41.6722 41.6797 41.6869
 41.6946 41.7018 41.7095 41.7168 41.724  41.7314 41.7389 41.7459 41.7531
 41.7608 41.7682 41.7755 41.7833 41.7911 41.799  41.8068 41.8142 41.822
 41.8291 41.8363 41.8435 41.8507 41.8581 41.8653 41.8731 41.8805 41.8883
 41.8955 41.9031 41.9101 41.9173 41.925  41.933  41.9404 41.9475 41.9549
 41.9622 41.9696 41.9765 41.9836 41.9908 41.9982 42.0064 42.014  42.0218
 42.0297 42.0372 42.0452 42.0529 42.0607 42.0683 42.0758 42.0836 42.0912
 42.0989 42.1078 42.1162 42.1245 42.1331 42.1408 42.1488 42.1569 42.1645
 42.1724 42.1803 42.1884 42.1965 42.2047 42.213  42.2208 42.2291 42.2369
 42.2446 42.2521 42.2609 42.269  42.2769 42.2848 42.2924 42.3006 42.3089
 42.3172 42.3257 42.3334 42.3423 42.3515 42.3606 42.3692 42.3776 42.3872
 42.3962 42.4047 42.4133 42.4218 42.431  42.4404 42.4483 42.4571 42.4658
 42.4746 42.4835 42.4936 42.5022 42.511  42.5199 42.5285 42.5382 42.5479
 42.5588 42.5685 42.5791 42.5891 42.5998 42.6091 42.6189 42.6308 42.6407
 42.6518 42.6616 42.6717 42.682  42.6937 42.7046 42.7154 42.7269 42.7383
 42.751  42.7642 42.7765 42.7889 42.8005 42.8113 42.8249 42.8383 42.8524
 42.8653 42.8787 42.8921 42.9074 42.9213 42.937  42.9497 42.9664 42.9863
 43.0118 43.0329 43.0566 43.0767 43.1066 43.1348 43.1691 43.2009 43.2746
 48.8316 49.5555 49.7933 49.8281 49.8485 49.871  49.8875 49.9059 49.9607
 49.9848
50.0027 50.0364 50.0523 50.072  50.086  50.1062 50.1274 50.1437 50.1586
 50.1772 50.1925 50.2114 50.2264 50.2391 50.2544 50.2698 50.284  50.2966
 50.3095 50.3215 50.332  50.3443 50.3609 50.3758 50.3902 50.4044 50.4145
 50.4256 50.4354 50.4467 50.4592 50.4727 50.4835 50.4942 50.5052 50.519
 50.5314 50.5418 50.5525 50.5648 50.5749 50.5856 50.5976 50.608  50.6177
 50.6263 50.6353 50.6459 50.6556 50.6655 50.6739 50.6841 50.6951 50.7045
 50.7147 50.7253 50.7346 50.7441 50.753  50.7623 50.7717 50.7807 50.7902
 50.8001 50.8111 50.8209 50.8319 50.8423 50.8514 50.8601 50.8684 50.8763
 50.8843 50.8923 50.9004 50.9089 50.9173 50.926  50.935  50.9427 50.9505
 50.9579 50.9662 50.9741 50.9826 50.9913 51.0007 51.0091 51.0175 51.0247
 51.0331 51.0408 51.0493 51.0576 51.0661 51.074  51.0823 51.09   51.0982
 51.1062 51.1139 51.122  51.1299 51.1382 51.1466 51.1546 51.1637 51.1716
 51.1794 51.1874 51.1952 51.203  51.2105 51.2187 51.2267 51.2352 51.2433
 51.2515 51.2601 51.2688 51.2767 51.2858 51.2939 51.3022 51.3102 51.3179
 51.326  51.3348 51.3427 51.3508 51.3595 51.3678 51.3757 51.3833 51.3907
 51.3986 51.4069 51.4151 51.4234 51.4319 51.4402 51.4483 51.457  51.4659
 51.474  51.4821 51.49   51.4979 51.5066 51.5153 51.5233 51.5316 51.5401
 51.5494 51.5576 51.5655 51.5734 51.5815 51.5903 51.5985 51.6067 51.6152
 51.6227 51.6305 51.6395 51.6478 51.6568 51.6653 51.6733 51.682  51.6903
 51.6987 51.7106 51.7195 51.7282 51.7366 51.745  51.7535 51.7618 51.7714
 51.7803 51.7906 51.7992 51.8082 51.8173 51.826  51.8362 51.8459 51.8556
 51.8664 51.8765 51.8858 51.895  51.9041 51.9133 51.9223 51.9319 51.9409
 51.9509 51.9621 51.9726 51.982  51.9917 52.0018 52.0123 52.0233 52.0349
 52.0454 52.057  52.071  52.0891 52.1006 52.1125 52.124  52.1368 52.1481
 52.161  52.175  52.1911 52.2041 52.2192 52.2333 52.2522 52.2661 52.2809
 52.2951 52.3113 52.3279 52.3433 52.3618 52.3757 52.3924 52.4204 52.4465
 52.4684 52.4975 52.5149 52.5506 52.5968 52.6417 58.7284 59.1068 59.1447
 59.2291 59.2773 59.3233 59.3609 59.3951 59.4196 59.4511 59.4702 59.4902
 59.5258 59.5473 59.5622 59.5915 59.6071 59.628  59.6856 59.7021 59.7166
 59.7387 59.76   59.7778 59.7971 59.827  59.8456 59.8639 59.8812 59.896
 59.9153 59.9355 59.949  59.9607 59.9766 59.9895
60.0046 60.0186 60.0317 60.0508 60.068  60.082  60.0983 60.1114 60.1297
 60.145  60.1567 60.1705 60.1823 60.1983 60.2163 60.2304 60.2422 60.255
 60.2692 60.2868 60.2998 60.3168 60.3278 60.3412 60.3529 60.3662 60.3798
 60.3943 60.4057 60.4198 60.4332 60.4521 60.4636 60.4746 60.4869 60.5025
 60.5224 60.5382 60.5534 60.5657 60.5813 60.5939 60.6085 60.6208 60.6329
 60.6482 60.6627 60.6777 60.6908 60.7032 60.7201 60.7351 60.7528 60.7745
 60.8019 60.8154 60.829  60.8455 60.8589 60.8771 60.8934 60.9058 60.9248
 60.9453 60.9664 60.9807 60.9958 61.0203 61.0456 61.0719 61.1186 61.1439
 61.1837 61.2028 61.2618 61.4197 62.2847 66.9732 67.1166 67.1859 67.2313
 67.3102 67.4337 67.4526 67.4698 67.5128 67.5425 67.6303 67.6643 67.6823
 67.6996 67.7124 67.7299 67.7473 67.7662 67.7822 67.8054 67.823  67.8404
 67.8553 67.8684 67.8809 67.8927 67.9118 67.9265 67.9384 67.9526 67.9694
 67.9851 67.9948 68.0091 68.0232 68.0353 68.0499 68.0607 68.073  68.0818
 68.0921 68.104  68.1157 68.1266 68.1371 68.149  68.1605 68.1721 68.181
 68.1915 68.2015 68.2114 68.2236 68.2328 68.2412 68.2508 68.2593 68.2683
 68.2777 68.2873 68.2966 68.3064 68.3156 68.3263 68.3381 68.3475 68.3571
 68.3679 68.3781 68.3875 68.3967 68.4045 68.4135 68.4215 68.4299 68.4383
 68.4469 68.4545 68.4627 68.471  68.4801 68.4878 68.4955 68.5035 68.5118
 68.5208 68.5293 68.5376 68.5468 68.5545 68.5625 68.5709 68.5784 68.5866
 68.5949 68.6022 68.6099 68.6171 68.6244 68.6322 68.6399 68.6479 68.6555
 68.6627 68.6699 68.6777 68.6859 68.6936 68.702  68.7095 68.7175 68.7254
 68.7336 68.7413 68.7492 68.7568 68.7647 68.7721 68.7801 68.7873 68.7951
 68.8019 68.8088 68.8165 68.8237 68.8305 68.8377 68.8446 68.8518 68.8586
 68.8659 68.8728 68.8796 68.8869 68.8938 68.9007 68.9079 68.915  68.922
 68.9296 68.9368 68.944  68.9512 68.959  68.9661 68.9734 68.9805 68.9877
 68.9952 69.0022 69.0093 69.0172 69.0243 69.0317 69.0391 69.0463 69.0539
 69.0611 69.0685 69.0763 69.0834 69.0906 69.098  69.1054 69.1127 69.12
 69.1269 69.1348 69.1424 69.1497 69.1571 69.1646 69.1717 69.1793 69.1864
 69.1941 69.2013 69.2089 69.2171 69.2242 69.232  69.2396 69.2467 69.2541
 69.261  69.2681 69.2758 69.283  69.2903 69.2977 69.3051 69.3124 69.32
 69.3273 69.3349 69.3426 69.3503 69.358  69.3658 69.3732 69.3803 69.3879
 69.3954 69.403  69.4106 69.4181 69.4254 69.4333 69.4408 69.4486 69.4564
 69.4644 69.4723 69.4801 69.4889 69.4959 69.5039 69.5112 69.5187 69.5266
 69.535  69.5432 69.5511 69.5593 69.5672 69.5762 69.5841 69.5917 69.5996
 69.6071 69.615  69.6236 69.6311 69.6399 69.6485 69.6569 69.665  69.6734
 69.6811 69.6896 69.6983 69.7061 69.7138 69.7216 69.7296 69.7376 69.746
 69.7546 69.763  69.7718 69.7798 69.7884 69.7967 69.8047 69.8135 69.8216
 69.8302 69.8389 69.848  69.8569 69.8668 69.876  69.8856 69.894  69.9027
 69.9112 69.92   69.9286 69.9375 69.9474 69.9582 69.9679 69.9779 69.9879
 69.998

