11.8506 12.1867 12.4523 12.7073 12.7557 12.779  12.838  12.8898 12.9333
 12.9934 13.0149 13.0463 13.0828 13.1112 13.1705 13.1899 13.2296 13.2463
 13.2913 13.3084 13.359  13.4359 13.4715 13.5055 13.5203 13.5397 13.5629
 13.588  13.6126 13.6343 13.6495 13.6809 13.7012 13.7139 13.7306 13.7425
 13.764  13.7866 13.8082 13.8314 13.8819 13.8983 13.9414 14.0036
20.8176 21.2116 22.0142 22.1073 22.1748 22.1948 22.2648 22.2801 22.2984
 22.3346 22.3505 22.3716 22.4435 22.5156 22.5765 22.6109 22.6693 22.6957
 22.713  22.7309 22.7834 22.8018 22.8398 22.8569 22.8696 22.8849 22.9016
 22.9257 22.9444 22.9933 23.0087 23.0546 23.0696 23.1526 23.2622 28.2618
30.2167 30.578  31.0807 31.1991 31.3246 31.3578 31.5661 31.7126 31.7413
 31.7797 31.85   31.8744 31.932  31.951  31.9659 32.0307 32.0449 32.0657
 32.1179 32.1389 32.1604 32.1844 32.204  32.251  32.2782 32.3547 36.3758
 38.8246 39.4476 39.7976 39.8672
40.0968 40.126  40.2434 40.2676 40.2926 40.3303 40.3476 40.3845 40.4326
 40.458  40.5706 40.5852 40.6047 40.6349 40.6576 40.7386 40.7553 40.7684
 40.795  40.8124 40.8372 40.8674 40.8952 40.9335 40.9498 40.9753 40.9979
 41.0405 41.0566 41.0806 41.1078 41.1292 41.1565 41.1694 41.1848 41.2221
 41.2455 41.339  41.4149 47.3398 48.7424 49.1447 49.2271 49.2779 49.3596
 49.4124 49.7701 49.8679 49.8824 49.898  49.9129 49.9274
50.0408 50.0708 50.1265 50.175  50.2006 50.265  50.2879 50.3075 50.3183
 50.3319 50.3546 50.3688 50.3849 50.4138 50.4348 50.4609 50.478  50.4903
 50.5232 50.5391 50.5491 50.5646 50.5799 50.6168 50.6305 50.6638 50.8053
 50.8199 50.8368 50.8535 50.9318 55.8231 56.4464 57.6079 58.6549 58.8313
 58.9627 59.1083 59.1483 59.3488 59.3706 59.4248 59.5067 59.5833
66.3239 66.7472 66.8987 66.9318 67.041  67.1335 67.2692 67.3464 67.5313
 67.5962 67.6236 67.7034 67.7223 67.7413 67.7888 67.8149 67.8363 67.8579
 67.8731 67.8871 67.9011 67.9293 67.9563 67.9721 67.9855 67.9993 68.0121
 68.0239 68.0548 68.0652 68.0761 68.0912 68.1033 68.1201 68.1376 68.1503
 68.1621 68.1747 68.185  68.1995 68.2117 68.2246 68.2405 68.2644 68.2986
 68.3349 68.3514 68.3675 68.3897 68.4088 68.4279 68.4478 68.4623 68.4826
 68.4993 68.5113 68.5218 68.5355 68.547  68.5617 68.5886 68.6038 68.7072
 68.7335 68.7496 68.7722

