11.6504 12.3681 12.9152 12.9374 13.0054 13.2997 13.3354 13.4286 13.4591
 13.4865 13.5027 13.5974 13.6126 18.6007
20.0114 20.1459 21.6673 21.8943 21.9456 22.3268 22.3699 22.4081 22.4785
 22.5248 22.5927 22.6789 22.7065 22.7264 22.9463 22.965  22.9869 29.7669
30.6213 30.9967 31.4858 31.4999 31.5516 31.9778 31.9913 32.1045 32.1232
 32.2199 39.3276 39.6743 39.9496 39.9807
40.024  40.1876 40.2563 40.3365 40.4364 40.4646 40.4878 40.5097 40.562
 40.577  40.5896 40.6903 40.7156 40.7298 40.7503 40.7663 40.8023 40.8881
 40.9028 40.9382 40.9803 41.0573 41.1479 49.567  49.5956 49.6558
50.0328 50.0697 50.2079 50.3045 50.4046 57.1307 59.2687 59.5973 59.6295
67.1064 67.3834 67.5903 67.6661 67.7093 67.739  67.8396 67.8584 67.8808
 67.9206 67.9455 68.0318 68.0726 68.1514 68.1744 68.188  68.204  68.2278
 68.2598 68.2916 68.3067 68.3735 68.4906

