12.0856 12.8157 13.0239 13.0871 13.117  13.1753 13.2663 13.3042 13.3299
 13.3535 13.3778 13.4689 13.5055 13.5766 13.6075 13.6401 13.6719 13.6906
 13.7048 13.7304 13.7468 13.764  13.7826 13.8039 13.8205 13.837  13.8571
 13.8754 13.8873 13.9047 13.93   13.9454 13.9717 13.9874 14.0058 14.0212
 14.0391 14.0543 14.0697 14.0905 14.1047 14.1219 14.1356 14.159  14.1731
 14.1848 14.1989 14.2176 14.231  14.2444 14.2598 14.2708 14.2837 14.2987
 14.3181 14.3368 14.3548 14.368  14.3835 14.401  14.4206 14.4347 14.4491
 14.4599 14.471  14.4832 14.4966 14.5086 14.5194 14.5336 14.5464 14.5607
 14.5776 14.5957 14.6121 14.6269 14.6394 14.6523 14.6682 14.6801 14.6926
 14.7032 14.7145 14.7259 14.7378 14.7504 14.7634 14.7756 14.7896 14.7999
 14.8152 14.8304 14.8459 14.8565 14.8696 14.884  14.8976 14.909  14.9228
 14.933  14.9444 14.957  14.9689 14.9848 15.0008 15.0164 15.0396 15.0521
 15.065  15.0753 15.0916 15.1106 15.1271 15.1403 15.1532 15.1685 15.1824
 15.2003 15.2162 15.2325 15.2561 15.2733 15.2891 15.3089 15.3327 15.3486
 15.3698 15.3968 15.4204 15.445  15.5076 15.5357 15.5566
21.8855 21.9139 22.0064 22.0979 22.1289 22.1817 22.2134 22.2397 22.2724
 22.2921 22.3102 22.3331 22.3475 22.3661 22.3952 22.4196 22.4498 22.4738
 22.4874 22.5019 22.5161 22.5303 22.5462 22.5642 22.5778 22.5918 22.6054
 22.6185 22.6315 22.6463 22.6609 22.6766 22.6918 22.7098 22.7266 22.7407
 22.752  22.765  22.7767 22.7921 22.8115 22.825  22.8372 22.8505 22.8623
 22.8734 22.8849 22.8963 22.9078 22.9218 22.9368 22.948  22.9582 22.9713
 22.9857 22.9983 23.0099 23.0199 23.0312 23.0414 23.0525 23.0658 23.077
 23.0862 23.0964 23.1064 23.1194 23.1296 23.1404 23.1519 23.1638 23.1737
 23.1848 23.1954 23.2055 23.2167 23.2273 23.237  23.2462 23.2555 23.2654
 23.2765 23.2867 23.2976 23.3093 23.3201 23.3297 23.341  23.3532 23.3622
 23.3721 23.3842 23.3937 23.4041 23.4147 23.4249 23.4351 23.4463 23.4559
 23.4678 23.477  23.4864 23.4975 23.5081 23.5175 23.5266 23.5376 23.5474
 23.5576 23.5668 23.5769 23.5862 23.5952 23.6041 23.6133 23.622  23.6313
 23.6421 23.6535 23.6647 23.6734 23.6853 23.6964 23.7064 23.7175 23.7278
 23.7396 23.7512 23.7616 23.7727 23.7834 23.7941 23.8057 23.816  23.8257
 23.8373 23.8471 23.8566 23.867  23.878  23.8879 23.8984 23.9082 23.9192
 23.9307 23.9415 23.9552 23.9656 23.9767 23.9885 24.0001 24.0124 24.0228
 24.0348 24.046  24.059  24.0727 24.0848 24.0965 24.1077 24.1206 24.132
 24.1469 24.1626 24.1772 24.1893 24.203  24.2181 24.2318 24.2439 24.2693
 24.2841 24.3068 24.3378 24.3617 24.4038 24.4264 24.5012 24.5579 24.7518
30.4878 30.5615 30.6139 30.7734 30.9206 31.0456 31.0964 31.1631 31.2218
 31.2434 31.4077 31.4353 31.458  31.4744 31.4889 31.5035 31.5192 31.5497
 31.5668 31.5849 31.5975 31.6144 31.6327 31.6593 31.6903 31.7049 31.7177
 31.7334 31.7553 31.7693 31.7832 31.7987 31.8109 31.8237 31.8343 31.8534
 31.8672 31.8815 31.8917 31.9069 31.9186 31.9345 31.9458 31.9589 31.9723
 31.9839 31.9957 32.0061 32.0206 32.033  32.0451 32.0555 32.0661 32.0758
 32.0867 32.0988 32.1107 32.1229 32.1322 32.1428 32.1548 32.1652 32.1751
 32.1855 32.196  32.2069 32.2173 32.2268 32.2384 32.2483 32.2604 32.2719
 32.2812 32.2905 32.2997 32.3092 32.318  32.327  32.338  32.3483 32.3604
 32.3716 32.383  32.3927 32.4033 32.414  32.4246 32.4341 32.443  32.452
 32.4625 32.4734 32.4824 32.4936 32.5028 32.5119 32.5211 32.5313 32.5427
 32.5547 32.5645 32.5748 32.5863 32.5969 32.6073 32.6158 32.6246 32.6345
 32.6439 32.6526 32.661  32.6709 32.6814 32.6923 32.7018 32.7122 32.7222
 32.7322 32.7414 32.7515 32.7607 32.7714 32.782  32.7917 32.8018 32.8106
 32.8202 32.8301 32.8405 32.8506 32.8608 32.8723 32.8828 32.8934 32.904
 32.9154 32.9268 32.9378 32.9518 32.9613 32.9704 32.98   32.9891 33.0004
 33.0096 33.0209 33.031  33.0426 33.0545 33.0682 33.0826 33.0935 33.1055
 33.1181 33.1286 33.1397 33.1516 33.1649 33.1767 33.187  33.1986 33.2122
 33.2249 33.238  33.2516 33.2652 33.2842 33.2988 33.3111 33.3277 33.3488
 33.3633 33.379  33.3927 33.4068 33.4235 33.4388 33.4575 33.4725 33.496
 33.5186 33.5493 33.5671 33.6263 33.6609 33.6881 38.9364 39.4762
40.0465 40.1428 40.2785 40.3753 40.4108 40.4514 40.4812 40.5053 40.5426
 40.5683 40.5957 40.6346 40.6521 40.6705 40.6863 40.7264 40.7579 40.7822
 40.8004 40.8299 40.8551 40.8734 40.9    40.9165 40.9361 40.9513 40.9731
 40.9867 40.9992 41.0198 41.0354 41.0514 41.063  41.0751 41.0859 41.1045
 41.1192 41.1357 41.1514 41.1651 41.1782 41.1941 41.2081 41.2232 41.2351
 41.2466 41.2574 41.27   41.2807 41.2912 41.3046 41.3167 41.3285 41.3428
 41.3558 41.3722 41.3827 41.3942 41.4045 41.4169 41.4286 41.4419 41.453
 41.4658 41.4761 41.4872 41.5003 41.5109 41.5206 41.5308 41.5417 41.5537
 41.5657 41.5797 41.5921 41.6038 41.6168 41.6282 41.6384 41.6498 41.6625
 41.6759 41.6871 41.6982 41.7076 41.7192 41.7312 41.7419 41.753  41.7631
 41.7728 41.7837 41.7934 41.804  41.8141 41.8237 41.8346 41.8453 41.8567
 41.8687 41.8777 41.8872 41.8997 41.9086 41.9179 41.9278 41.9374 41.9477
 41.958  41.9677 41.9789 41.9916 42.0044 42.0169 42.0281 42.0427 42.0541
 42.0664 42.0781 42.0912 42.1058 42.1175 42.1291 42.1423 42.1539 42.1649
 42.1762 42.1891 42.2025 42.2172 42.2281 42.2402 42.2506 42.2604 42.2717
 42.2815 42.2944 42.3077 42.3215 42.3331 42.344  42.3559 42.367  42.3779
 42.3878 42.401  42.4138 42.4282 42.443  42.4556 42.4692 42.4865 42.5025
 42.5201 42.5354 42.5523 42.5736 42.5896 42.6107 42.6302 42.651  42.6724
 42.6947 42.7138 42.7535 42.7923 42.9355 42.9968 49.1894 49.3241 49.5459
 49.6354 49.6717 49.7685 49.8145 49.839  49.8611 49.8898 49.9723 49.9924
50.0325 50.0602 50.0773 50.0979 50.1269 50.1452 50.1908 50.2072 50.2229
 50.2448 50.2609 50.279  50.2975 50.319  50.3371 50.3508 50.3647 50.382
 50.397  50.4153 50.4446 50.4597 50.4779 50.4938 50.5159 50.5283 50.5466
 50.5649 50.5782 50.5913 50.6034 50.6179 50.6318 50.6474 50.6609 50.6709
 50.6861 50.6992 50.7128 50.7249 50.7376 50.7514 50.7618 50.7724 50.7834
 50.7929 50.8052 50.8174 50.8292 50.8406 50.8534 50.8639 50.8729 50.884
 50.8943 50.9067 50.9173 50.9277 50.9413 50.9524 50.9631 50.9738 50.9847
 50.9962 51.0071 51.0175 51.0288 51.0384 51.0507 51.0611 51.071  51.0838
 51.0969 51.1081 51.1188 51.1288 51.1376 51.148  51.1604 51.1713 51.1827
 51.1919 51.2015 51.2118 51.2208 51.2312 51.2408 51.2506 51.2603 51.2699
 51.2816 51.2916 51.3008 51.3126 51.3233 51.3329 51.3429 51.3519 51.3617
 51.371  51.3811 51.3911 51.4004 51.4103 51.4195 51.4298 51.4392 51.4494
 51.4592 51.4679 51.4785 51.49   51.4999 51.511  51.5197 51.5302 51.5409
 51.5519 51.5612 51.5717 51.5823 51.5923 51.6026 51.6142 51.6245 51.6338
 51.6437 51.6541 51.667  51.6779 51.6891 51.6985 51.71   51.7222 51.7341
 51.7473 51.7566 51.7706 51.7823 51.7935 51.8052 51.8165 51.8268 51.8409
 51.8544 51.8659 51.8757 51.8874 51.898  51.9132 51.9245 51.9383 51.9519
 51.9656 51.9792 51.9934 52.0151 52.0323 52.0515 52.0697 52.0918 52.1132
 52.1345 52.1521 52.1706 52.1884 52.2686 52.3527 52.457  52.6199 55.0384
 58.1425 58.4045 58.6045 58.6324 58.6841 58.7109 58.7439 58.7882 58.8082
 58.837  58.858  58.9015 58.9233 58.9479 58.971  58.9891 59.0052 59.0172
 59.0311 59.048  59.0707 59.0825 59.0943 59.1125 59.1285 59.1463 59.163
 59.1849 59.1969 59.2124 59.2253 59.2381 59.2588 59.2718 59.2832 59.2946
 59.312  59.3234 59.336  59.3472 59.3591 59.375  59.3911 59.4017 59.4146
 59.4264 59.437  59.4463 59.4565 59.4671 59.4772 59.4872 59.4976 59.5096
 59.5226 59.5339 59.5435 59.5549 59.5661 59.5767 59.5869 59.5969 59.6081
 59.6187 59.6312 59.643  59.6529 59.6646 59.6747 59.6857 59.6961 59.7078
 59.7172 59.726  59.739  59.749  59.7589 59.7702 59.7803 59.7924 59.8033
 59.8127 59.8235 59.8352 59.8443 59.8558 59.8658 59.8753 59.8858 59.898
 59.9076 59.9196 59.9321 59.9431 59.9537 59.9637 59.9733 59.9829 59.9928
60.0037 60.0148 60.0246 60.0329 60.0423 60.0535 60.0642 60.0761 60.0871
 60.0984 60.11   60.1194 60.1301 60.1424 60.1532 60.1666 60.1776 60.1903
 60.2029 60.2135 60.2251 60.2388 60.2482 60.26   60.2717 60.2816 60.2904
 60.3028 60.3141 60.3264 60.3415 60.3543 60.3658 60.3768 60.3882 60.3996
 60.4112 60.4239 60.4369 60.451  60.4633 60.477  60.4928 60.5088 60.5252
 60.544  60.5617 60.5762 60.5947 60.6126 60.6303 60.6464 60.6722 60.6898
 60.7118 60.7599 60.7793 60.8008 60.8198 60.8498 60.8818 60.9556 60.9929
 61.0727 66.1735 66.3164 66.8486 66.9005 67.0954 67.7475 67.8326 67.8593
 67.895  67.9208 67.9479 67.9851 68.0091 68.0267 68.0639 68.1365 68.1619
 68.1837 68.2104 68.2467 68.2868 68.3062 68.331  68.3481 68.3642 68.3786
 68.408  68.4272 68.4472 68.4649 68.479  68.4964 68.5146 68.532  68.5507
 68.571  68.5894 68.6032 68.6178 68.631  68.6425 68.6619 68.6805 68.6998
 68.7132 68.7313 68.7452 68.7574 68.7696 68.7826 68.7988 68.8098 68.8326
 68.8481 68.8613 68.8745 68.8892 68.9042 68.9177 68.9329 68.9488 68.9629
 68.9746 68.9878 68.9995 69.0115 69.0241 69.036  69.0483 69.0616 69.0713
 69.0837 69.0952 69.1104 69.1235 69.1338 69.1454 69.1588 69.1763 69.1945
 69.2066 69.2212 69.2365 69.2486 69.262  69.2733 69.2899 69.3017 69.3159
 69.331  69.3425 69.3575 69.3738 69.386  69.4011 69.4141 69.4297 69.4434
 69.4612 69.4752 69.4893 69.5042 69.517  69.5315 69.5462 69.5569 69.5712
 69.5868 69.6006 69.6118 69.6321 69.6552 69.6729 69.6895 69.7155 69.7307
 69.7487 69.768  69.7858 69.8033 69.8254 69.8479 69.8682 69.8943 69.9269

