13.3984 13.4696 13.6122 13.6787 13.6983
21.6838 21.8045 21.9106 22.2577 22.3248 22.3588 22.3917 22.4347 22.4868
 22.5218 22.6244
30.1938 30.3548 30.6722 31.1558 31.3104 31.433  31.4759 31.4967 31.5481
 31.7984 31.8727 32.0168 37.0408 38.1909
40.3038 40.3507 40.3848 40.5919 40.7066 40.7518 40.9415 40.9772 41.1764
 41.1998 41.2295 47.5188 49.6146
50.082  50.3073 50.3282 50.3685 50.528  57.0332 57.8515 58.7226 58.7675
 58.9097 59.0512 59.1047 59.1344 59.2649 59.2911
67.796  67.8761 67.9128 68.0248 68.1746 68.2087

