10.6191 13.0043 13.1108 13.378  13.4102 13.4697 13.497  13.5189 13.5745
 13.6239 13.668  13.7145 13.7395 13.7727 13.8292 13.9356 13.9779 14.0733
21.7371 21.9928 22.1407 22.1975 22.2455 22.2677 22.3304 22.3467 22.3783
 22.3933 22.4665 22.4879 22.5585 22.5825 22.6216 22.6603 22.6778 22.6933
 22.7142 22.7449 22.761  22.7816 22.7966 22.8154 22.8333 22.8557 22.8746
 22.9216 22.9337 23.0169 23.0512
30.0709 30.7101 30.8227 31.0439 31.1587 31.2027 31.3349 31.3724 31.4237
 31.5161 31.5505 31.5814 31.6103 31.6281 31.6418 31.6654 31.6878 31.7044
 31.7162 31.7354 31.7529 31.7661 31.7854 31.7981 31.8494 31.8664 31.8853
 31.9076 31.9207 31.9382 31.9645 31.9983 32.0248 39.2096 39.6345 39.7769
40.1393 40.1927 40.2883 40.4202 40.4548 40.4753 40.5143 40.5974 40.6324
 40.7077 40.7353 40.7514 40.7873 40.8319 40.8528 40.8906 40.9377 40.9699
 40.9884 41.0066 41.0675 41.0807 41.123  41.2222 41.3751 49.8873 49.9402
 49.9995
50.0322 50.0495 50.1986 50.2217 50.2483 50.2697 50.3011 50.3243 50.3417
 50.3578 50.4519 50.4722 50.5385 50.5696 50.5852 50.6065 50.6301 50.6512
 50.7593 56.4379 57.3708 58.2023 58.4584 58.5598 58.7906 58.8505 58.9043
 58.9408 59.0368 59.0852 59.1114 59.1564 59.1774 59.1899 59.2158 59.231
 59.2467 59.2937 59.316  59.3579 59.4715
67.3783 67.7253 67.7796 67.8914 67.9367 67.9846 68.0176 68.1966 68.2907
 68.3163 68.3816 68.4941 68.5085

