10.7033 13.5453 14.2046 14.3771 14.5304 14.5917 14.6315 14.7077 14.7463
 14.7758 14.8109 14.8604 14.8756 14.8984 14.9279 14.9488 14.9766 14.9959
 15.0123 15.0387 15.0588 15.0755 15.0911 15.1044 15.1218 15.1327 15.15
 15.164  15.1764 15.1893 15.2072 15.2196 15.2376 15.2551 15.2683 15.2822
 15.2933 15.3049 15.3209 15.3366 15.3476 15.3617 15.3715 15.3815 15.3936
 15.4045 15.4163 15.4312 15.4431 15.4554 15.4662 15.4773 15.4888 15.5011
 15.5125 15.5216 15.5317 15.5414 15.5521 15.5621 15.5723 15.582  15.592
 15.6033 15.6137 15.6239 15.6333 15.6426 15.6527 15.6611 15.6708 15.6816
 15.6924 15.7026 15.7114 15.7208 15.7301 15.7397 15.7498 15.7596 15.7683
 15.7781 15.7873 15.7984 15.8073 15.817  15.8288 15.8365 15.8454 15.854
 15.864  15.8734 15.8827 15.8911 15.8998 15.9081 15.9174 15.9258 15.9351
 15.9446 15.9534 15.9637 15.9739 15.9826 15.9919 16.0004 16.0101 16.0191
 16.0271 16.0356 16.0446 16.0532 16.0632 16.0727 16.0819 16.0918 16.1012
 16.1113 16.121  16.1305 16.1399 16.1516 16.1628 16.1728 16.1829 16.1927
 16.2021 16.2122 16.2226 16.2339 16.243  16.2542 16.2652 16.2765 16.2873
 16.2974 16.307  16.3195 16.3322 16.342  16.3527 16.3636 16.3731 16.3841
 16.3946 16.4071 16.4201 16.4306 16.4431 16.4559 16.4679 16.4809 16.4911
 16.5062 16.5181 16.5292 16.539  16.5506 16.5646 16.5817 16.5984 16.6157
 16.6323 16.6472 16.6602 16.6782 16.6921 16.7076 16.7263 16.7401 16.7606
 16.8359 16.8656 16.9315
23.2968 23.6816 23.8111 23.887  23.9215 24.0156 24.0601 24.1152 24.1629
 24.1978 24.2193 24.2626 24.2942 24.3105 24.3315 24.3577 24.3911 24.422
 24.4615 24.4811 24.5093 24.5216 24.5483 24.5689 24.5857 24.6134 24.6344
 24.6563 24.6685 24.6831 24.6977 24.7129 24.7239 24.7361 24.7525 24.7669
 24.7804 24.7981 24.81   24.823  24.8331 24.8437 24.8562 24.8678 24.8783
 24.8895 24.9    24.9104 24.9228 24.9349 24.9455 24.9614 24.9722 24.9848
 24.9944 25.0032 25.0141 25.0244 25.0349 25.0464 25.0548 25.0649 25.0739
 25.0823 25.0927 25.1037 25.1142 25.1239 25.1333 25.1428 25.1537 25.1634
 25.1719 25.1804 25.1887 25.1966 25.2048 25.2135 25.2243 25.2328 25.2424
 25.2506 25.2597 25.2689 25.2799 25.2895 25.2987 25.307  25.3166 25.3247
 25.3348 25.345  25.354  25.3623 25.3717 25.3808 25.3908 25.4004 25.4091
 25.4181 25.4281 25.4376 25.4479 25.4579 25.4676 25.4769 25.4858 25.4941
 25.5022 25.5108 25.5208 25.5304 25.5395 25.5486 25.557  25.5659 25.575
 25.5858 25.5943 25.6038 25.613  25.6225 25.6327 25.6437 25.6525 25.6623
 25.6714 25.6828 25.692  25.7018 25.7101 25.7209 25.7307 25.7428 25.7537
 25.7645 25.7761 25.7874 25.7972 25.8081 25.8194 25.8313 25.8413 25.8531
 25.8656 25.8802 25.8928 25.9069 25.918  25.9305 25.9431 25.9568 25.9688
 25.9814 25.9946 26.0086 26.0221 26.0361 26.0471 26.0597 26.0737 26.0876
 26.0999 26.1179 26.1322 26.145  26.1598 26.1798 26.1934 26.2186 26.2421
 26.2675 26.288  26.3072 26.3269 26.357  26.4424
32.521  33.479  33.5606 33.8616 33.9287 33.9858 34.0525 34.1187 34.1518
 34.1724 34.1977 34.2279 34.2548 34.2803 34.3015 34.3154 34.3311 34.3639
 34.3949 34.4144 34.4722 34.4877 34.5063 34.5188 34.5311 34.5485 34.5635
 34.5826 34.5951 34.6094 34.6305 34.6467 34.6716 34.685  34.698  34.7098
 34.7231 34.7411 34.7545 34.7764 34.7907 34.8042 34.816  34.8284 34.8391
 34.8502 34.8618 34.8725 34.8834 34.8996 34.9135 34.9246 34.9363 34.9484
 34.9572 34.9668 34.9788 34.9923 35.0041 35.0163 35.0264 35.0369 35.0471
 35.0582 35.0676 35.077  35.0879 35.1014 35.1124 35.1226 35.1319 35.1408
 35.1492 35.1595 35.1712 35.1847 35.1968 35.2078 35.2176 35.2284 35.2386
 35.2489 35.261  35.2723 35.2852 35.2978 35.3099 35.3234 35.338  35.3507
 35.3608 35.3725 35.3835 35.3955 35.4074 35.4214 35.439  35.4504 35.4614
 35.4719 35.4842 35.4964 35.5075 35.5201 35.5335 35.5452 35.5579 35.5709
 35.5818 35.5975 35.6091 35.6206 35.6358 35.6489 35.6668 35.6791 35.6899
 35.7021 35.7147 35.7268 35.7385 35.7536 35.7724 35.7884 35.8038 35.8174
 35.8317 35.8458 35.8582 35.8709 35.8841 35.9015 35.9303 35.9457 35.9624
 35.9815 35.9983 36.0219 36.0397 36.0588 36.0773 36.0977 36.1198
42.5068 42.569  42.8537 42.8916 43.0692 43.1128 43.1686 43.1987 43.2303
 43.2567 43.2795 43.3105 43.4106 43.4312 43.4549 43.4772 43.5051 43.5394
 43.5745 43.5985 43.6202 43.6324 43.6469 43.6604 43.6767 43.6937 43.7091
 43.7248 43.7406 43.759  43.7731 43.785  43.7963 43.811  43.8253 43.8426
 43.8577 43.8689 43.8802 43.8912 43.9034 43.9166 43.9278 43.9394 43.9487
 43.9615 43.972  43.9846 43.9965 44.0081 44.0171 44.0262 44.0356 44.0474
 44.0581 44.0696 44.0801 44.0903 44.0998 44.1091 44.1179 44.1272 44.1356
 44.1445 44.1545 44.1661 44.176  44.1855 44.194  44.205  44.2139 44.2229
 44.2329 44.2419 44.2514 44.2613 44.2695 44.2778 44.2872 44.2965 44.3056
 44.3151 44.3243 44.3327 44.342  44.3509 44.3596 44.3678 44.3762 44.3856
 44.3939 44.4023 44.4106 44.4186 44.4267 44.4347 44.4428 44.4514 44.4597
 44.4679 44.4761 44.485  44.4945 44.5026 44.5106 44.5191 44.5282 44.5371
 44.5469 44.5566 44.5649 44.5738 44.5822 44.5907 44.5994 44.608  44.6163
 44.625  44.6332 44.643  44.6518 44.6614 44.6699 44.6781 44.6863 44.6943
 44.7041 44.7131 44.7223 44.7314 44.7397 44.7485 44.757  44.7654 44.7743
 44.7835 44.7926 44.8009 44.8094 44.8188 44.828  44.8371 44.8455 44.855
 44.8645 44.873  44.8826 44.891  44.9002 44.9114 44.9205 44.9293 44.9383
 44.9482 44.9567 44.9648 44.9742 44.9853 44.9957 45.0075 45.0175 45.0283
 45.0383 45.049  45.0587 45.07   45.0811 45.0922 45.1019 45.1114 45.123
 45.1328 45.1438 45.1565 45.167  45.1775 45.1898 45.2005 45.2109 45.2219
 45.234  45.2449 45.2564 45.2689 45.2815 45.2969 45.312  45.3266 45.3378
 45.3554 45.3679 45.3802 45.3955 45.4185 45.4334 45.453  45.4687 45.4825
 45.5052 45.5345 45.5687 45.6107 45.7673
51.1028 51.4544 51.9743 52.2424 52.5971 52.6571 52.7667 52.8363 52.8887
 52.913  52.9526 52.9799 53.022  53.0551 53.1059 53.1525 53.191  53.2126
 53.2407 53.2639 53.2787 53.2921 53.307  53.3205 53.3376 53.3535 53.3679
 53.3843 53.4    53.4134 53.4291 53.4469 53.4617 53.4822 53.4984 53.5131
 53.524  53.5363 53.5535 53.5655 53.5804 53.5929 53.6032 53.6155 53.6255
 53.6362 53.6482 53.6597 53.6705 53.6803 53.691  53.7049 53.7166 53.7297
 53.7436 53.7561 53.7672 53.7822 53.793  53.8027 53.8149 53.8244 53.8333
 53.8438 53.8535 53.8632 53.874  53.8836 53.8937 53.9031 53.9122 53.9221
 53.9314 53.9421 53.9527 53.9641 53.9743 53.9833 53.9948 54.0054 54.0151
 54.0243 54.0346 54.047  54.0575 54.0689 54.079  54.0917 54.1037 54.1134
 54.1257 54.1378 54.1498 54.1609 54.1724 54.1831 54.1942 54.2049 54.215
 54.2262 54.2378 54.2488 54.2601 54.2699 54.2806 54.2903 54.3003 54.3098
 54.323  54.3348 54.3497 54.3596 54.3715 54.3835 54.3963 54.4092 54.4219
 54.4344 54.4455 54.4579 54.4742 54.4847 54.4981 54.5121 54.524  54.5391
 54.5533 54.5688 54.5889 54.6012 54.6123 54.6283 54.6416 54.6555 54.677
 54.6907 54.7047 54.7191 54.7347 54.7513 54.7674 54.7884 54.8073 54.8222
 54.8377 54.856  54.8794 54.9226 54.9788
60.0456 60.5777 61.8649 62.0226 62.0869 62.1239 62.1839 62.2378 62.2642
 62.3145 62.3668 62.3942 62.4245 62.4668 62.4862 62.5101 62.5336 62.5506
 62.5735 62.5945 62.6139 62.6275 62.6456 62.6602 62.6795 62.6967 62.7108
 62.7362 62.7559 62.7767 62.7905 62.8089 62.8245 62.8359 62.8524 62.8659
 62.8784 62.89   62.9016 62.9161 62.9307 62.9412 62.9528 62.9662 62.9777
 62.9914 63.0024 63.0154 63.0283 63.0392 63.0505 63.0652 63.0785 63.0885
 63.0978 63.1093 63.1199 63.1295 63.1404 63.1493 63.1589 63.1685 63.1812
 63.1933 63.2036 63.2136 63.2246 63.235  63.2443 63.2563 63.2683 63.2787
 63.2909 63.3006 63.31   63.3209 63.3314 63.3422 63.353  63.3636 63.3726
 63.3823 63.3932 63.4027 63.4117 63.4218 63.4331 63.444  63.4546 63.4651
 63.4747 63.484  63.4971 63.5085 63.5187 63.5295 63.5409 63.5503 63.5612
 63.5701 63.5814 63.5918 63.6024 63.6117 63.6218 63.6314 63.6416 63.6513
 63.6605 63.6699 63.6832 63.695  63.7051 63.7162 63.7283 63.7399 63.7501
 63.7603 63.7704 63.7816 63.7929 63.8031 63.8158 63.8302 63.8438 63.8567
 63.8701 63.881  63.8944 63.9106 63.9234 63.9357 63.9473 63.9602 63.9726
 63.9839 63.9961 64.0093 64.0261 64.0381 64.051  64.0635 64.0813 64.0965
 64.109  64.1221 64.1376 64.1538 64.1687 64.187  64.2138 64.2317 64.2502
 64.2674 64.2914 64.3207 64.3381 64.3755 64.4215 64.4572 64.478  69.1884

