13.547  14.5569 14.6664 14.8563 14.9096 14.9503 14.9725 15.0306 15.0755
 15.1018 15.1329 15.1546 15.1797 15.2205 15.2393 15.2744 15.3002 15.3399
 15.3779 15.3936 15.4113 15.4301 15.4501 15.4747 15.4909 15.5117 15.5387
 15.5573 15.5915 15.6073 15.6238 15.6414 15.6593 15.6771 15.6958 15.7131
 15.728  15.7436 15.7589 15.7808 15.7947 15.811  15.824  15.8388 15.8546
 15.8702 15.8987 15.9156 15.9422 15.9589 15.9727 15.9914 16.0165 16.0296
 16.0496 16.0693 16.0831 16.0965 16.1145 16.1316 16.1468 16.1677 16.1831
 16.1994 16.2153 16.2287 16.2499 16.264  16.2774 16.2916 16.3084 16.3225
 16.3397 16.3573 16.3726 16.3839 16.3984 16.43   16.4482 16.4635 16.4829
 16.4985 16.5116 16.5309 16.5442 16.5568 16.5715 16.5862 16.6031 16.6226
 16.6402 16.6593 16.675  16.6905 16.7059 16.723  16.7377 16.7564 16.7695
 16.7837 16.7981 16.8134 16.8327 16.8563 16.8694 16.8842 16.9017 16.9204
 16.9394 16.9566 16.9812 17.0028 17.0205 17.0382 17.0608 17.0826 17.1074
 17.1397 17.1562 17.1758 17.1979 17.2332 17.2602 17.3003 17.3225 17.4304
 17.4619 17.5305 17.7239
22.3246 23.7005 23.7314 23.9841 24.0186 24.1965 24.3351 24.4151 24.4429
 24.4584 24.4787 24.6146 24.6402 24.6783 24.7576 24.7733 24.8016 24.8215
 24.8586 24.8757 24.894  24.915  24.9291 24.9494 24.9819 24.9977 25.0119
 25.0367 25.0708 25.1004 25.1215 25.1387 25.1612 25.1933 25.2116 25.2323
 25.2691 25.286  25.3224 25.3378 25.3532 25.3715 25.3859 25.4026 25.4167
 25.4301 25.4442 25.4655 25.4842 25.5067 25.5169 25.5301 25.5466 25.5592
 25.5758 25.5881 25.5991 25.6148 25.633  25.6488 25.6612 25.6808 25.6943
 25.7083 25.721  25.7378 25.7512 25.7648 25.7842 25.8048 25.8206 25.8359
 25.8563 25.8712 25.8831 25.8976 25.916  25.9341 25.9517 25.9676 25.9808
 25.9943 26.0106 26.0299 26.0439 26.0615 26.0783 26.1025 26.1164 26.1296
 26.1406 26.1591 26.1724 26.1853 26.2009 26.2154 26.238  26.2517 26.2666
 26.2809 26.299  26.3142 26.3293 26.3487 26.3621 26.3755 26.394  26.4107
 26.4267 26.4405 26.4584 26.5005 26.5183 26.5378 26.5877 26.602  26.6167
 26.6346 26.6479 26.6762 26.707  26.7639 26.8639 26.9109 26.9917
33.8892 34.1188 34.1852 34.3759 34.4008 34.4391 34.4776 34.537  34.5799
 34.6058 34.6486 34.6772 34.7031 34.7236 34.7412 34.7577 34.7799 34.8052
 34.8488 34.8669 34.9032 34.9542 34.9714 34.9908 35.0084 35.0244 35.0415
 35.0637 35.0798 35.0969 35.1164 35.1365 35.1546 35.1705 35.1913 35.2087
 35.2305 35.249  35.2796 35.3174 35.3334 35.346  35.3601 35.3775 35.3922
 35.4046 35.4292 35.4464 35.4666 35.4886 35.5198 35.5322 35.5476 35.5687
 35.5911 35.6185 35.6329 35.6511 35.6749 35.6944 35.7172 35.735  35.7496
 35.767  35.7808 35.8234 35.8361 35.8476 35.8687 35.8919 35.9119 35.9574
 35.9748 35.9924 36.0203 36.0469 36.0639 36.0835 36.0997 36.1225 36.1365
 36.1527 36.185  36.2034 36.2262 36.2683 36.2875 36.3283 36.3528 36.3699
 36.3936 36.4759 36.5289 36.5529 36.5952 36.6308 36.6547 36.7503
40.8423 42.6885 42.8249 42.9033 42.98   43.0471 43.1239 43.2449 43.2917
 43.3694 43.3897 43.4284 43.5009 43.5913 43.623  43.734  43.7646 43.7901
 43.8165 43.8379 43.8541 43.8717 43.9036 43.9306 43.9759 43.9945 44.0135
 44.0624 44.0879 44.1132 44.1345 44.1558 44.1686 44.1972 44.2212 44.2388
 44.2608 44.2888 44.3047 44.3355 44.3542 44.3698 44.3841 44.3979 44.4114
 44.4272 44.4443 44.46   44.484  44.4966 44.5105 44.524  44.539  44.5544
 44.5754 44.5967 44.6095 44.6228 44.6376 44.6492 44.6634 44.6781 44.6953
 44.7152 44.731  44.7444 44.7678 44.7831 44.7994 44.8117 44.8286 44.8432
 44.8564 44.8682 44.8822 44.8955 44.91   44.9225 44.9351 44.9494 44.9656
 44.9799 44.9933 45.0049 45.0149 45.0265 45.0377 45.0503 45.0664 45.0787
 45.0927 45.1066 45.12   45.1327 45.1476 45.1603 45.1717 45.1832 45.196
 45.2091 45.2233 45.2346 45.2475 45.2602 45.2734 45.2888 45.3034 45.3194
 45.3311 45.3445 45.3555 45.3691 45.3833 45.3982 45.4141 45.4267 45.4392
 45.4514 45.4683 45.4798 45.4936 45.5049 45.5257 45.5394 45.5519 45.5671
 45.5823 45.5946 45.6084 45.6237 45.6364 45.6483 45.6626 45.6778 45.6938
 45.7071 45.7202 45.7358 45.7519 45.7702 45.786  45.8067 45.831  45.8539
 45.8794 45.9023 45.928  45.9493 45.9782 46.0149 46.0575 46.0864 46.1423
 46.2787
50.6579 51.8749 52.2104 52.9314 52.9808 53.1289 53.2335 53.2613 53.2989
 53.3295 53.3672 53.5043 53.5396 53.5723 53.6131 53.6324 53.6602 53.682
 53.7184 53.7416 53.7569 53.7782 53.7941 53.8118 53.8363 53.863  53.8861
 53.909  53.9282 53.9488 53.9632 53.9967 54.0145 54.0479 54.0762 54.1016
 54.123  54.1444 54.1623 54.1807 54.1936 54.2119 54.252  54.2682 54.2855
 54.304  54.3242 54.3369 54.3552 54.3699 54.3839 54.3997 54.4137 54.428
 54.443  54.4673 54.4819 54.4964 54.5158 54.5372 54.5529 54.5726 54.5906
 54.6065 54.6214 54.636  54.6522 54.6654 54.6858 54.7026 54.7204 54.7357
 54.7521 54.7669 54.7866 54.799  54.8164 54.8323 54.8466 54.8715 54.8897
 54.9114 54.9563 54.9926 55.0108 55.0324 55.0562 55.075  55.0954 55.1253
 55.1442 55.1693 55.1904 55.2148 55.2359 55.2548 55.2914 55.345  55.3846
 55.4048 55.4299 55.4519 55.4856 55.5333 55.5524 55.5729 55.6129 55.7307
 56.1327
61.8629 62.0306 62.2498 62.2998 62.3281 62.3643 62.5125 62.6129 62.6457
 62.6666 62.7033 62.8079 62.8254 62.8453 62.8665 62.8997 62.9257 62.9414
 62.9564 62.9825 63.0033 63.0196 63.0393 63.0669 63.0873 63.1082 63.1283
 63.1446 63.1627 63.1895 63.2106 63.2488 63.2665 63.2891 63.3187 63.3378
 63.3652 63.3801 63.3961 63.4281 63.4449 63.4598 63.4775 63.4933 63.5076
 63.5234 63.5521 63.5775 63.596  63.6174 63.6367 63.6518 63.6681 63.6885
 63.7019 63.7153 63.7296 63.7483 63.7723 63.7877 63.8041 63.8197 63.8364
 63.8499 63.8629 63.8758 63.8981 63.9113 63.9309 63.9594 63.9752 63.9926
 64.0081 64.0198 64.034  64.0474 64.0587 64.0747 64.0874 64.1054 64.1268
 64.1452 64.1583 64.1752 64.2017 64.2204 64.236  64.258  64.2791 64.2998
 64.3214 64.3423 64.3612 64.3793 64.4007 64.415  64.4364 64.4512 64.4699
 64.4847 64.5072 64.5234 64.5413 64.5608 64.573  64.6029 64.637  64.6565
 64.6928 64.7108 64.7469 64.7731 64.8351 64.9739

