11.1066 14.0708 14.4255 14.5191 14.6258 14.7795 14.8084 14.8288 14.8624
 14.8936 14.9514 14.9789 14.9987 15.0222 15.0715 15.11   15.1407 15.1933
 15.2088 15.2311 15.2523 15.2752 15.3047 15.3225 15.3464 15.3588 15.3719
 15.3855 15.4    15.4158 15.4324 15.4487 15.4638 15.4777 15.4927 15.5195
 15.5374 15.5609 15.5725 15.5909 15.6094 15.6206 15.6356 15.6497 15.6672
 15.6835 15.7104 15.7284 15.747  15.7599 15.7731 15.7865 15.7995 15.8113
 15.8452 15.8665 15.9063 15.9288 15.9727 16.0233
23.3487 23.5442 24.1939 24.2254 24.321  24.3414 24.4021 24.4154 24.4398
 24.4731 24.492  24.5097 24.5386 24.5641 24.5783 24.5994 24.6221 24.6515
 24.6668 24.6818 24.6978 24.7233 24.7453 24.7782 24.7944 24.8177 24.8368
 24.8544 24.8785 24.8925 24.9246 24.9694 24.9837 25.0053 25.0213 25.0371
 25.0625 25.0898 25.1054 25.1297 25.1641 25.1772 25.1979 25.2106 25.2255
 25.2443 25.2632 25.2793 25.2908 25.3035 25.3178 25.3368 25.3531 25.3812
 25.4037 25.4236 25.4674
33.1973 33.4011 33.6055 33.6904 33.9963 34.0446 34.1646 34.2029 34.3042
 34.3868 34.5026 34.5406 34.5989 34.6287 34.6442 34.6629 34.6793 34.7191
 34.7486 34.7643 34.7813 34.8426 34.8759 34.8951 34.9149 34.9291 34.9519
 34.9773 35.0144 35.0592 35.073  35.0938
42.5752 43.1978 43.2336 43.2763 43.3448 43.3668 43.4526 43.4821 43.5237
 43.5391 43.5815 43.5992 43.6129 43.6337 43.6545 43.6726 43.692  43.7104
 43.7241 43.7391 43.7529 43.7666 43.7813 43.8019 43.8195 43.8489 43.8659
 43.8836 43.9043 43.9209 43.9368 43.9551 43.9686 43.9814 43.9972 44.0103
 44.0283 44.0386 44.055  44.073  44.1083 44.1319 44.1457 44.1601 44.1745
 44.1942 44.2121 44.2224 44.2338 44.2476 44.2647 44.2767 44.2901 44.3131
 44.3292 44.345  44.3574 44.3732 44.3875 44.3995 44.4127 44.4244 44.4442
 44.4589 44.4706 44.4808 44.4947 44.51   44.531  44.5441 44.5915 44.609
 44.6304 44.6557 44.7106
50.6199 52.7148 52.734  53.0312 53.0684 53.118  53.1951 53.2116 53.2428
 53.327  53.3711 53.3938 53.4117 53.4405 53.4658 53.4841 53.5001 53.5152
 53.5315 53.5499 53.5684 53.5998 53.6142 53.6299 53.6553 53.6774 53.6929
 53.7095 53.7427 53.7586 53.7726 53.7918 53.8249 53.8406 53.8682 53.8884
 53.9331 53.9459 53.969  54.0067 54.0237 54.0413 54.0591 54.0866 54.1028
61.1401 61.8769 62.0017 62.2173 62.2861 62.4078 62.4778 62.5024 62.5417
 62.5678 62.589  62.6928 62.7068 62.8018 62.8302 62.8473 62.8872 62.9201
 62.946  62.9643 62.9945 63.0095 63.0388 63.0548 63.0685 63.0945 63.1135
 63.1317 63.1473 63.1783 63.1936 63.2068 63.2331 63.2468 63.263  63.2802
 63.3076 63.3367 63.3668 63.3896 63.4342 63.4788 69.3359

