13.9819 14.5249 14.906  15.134  15.1554 15.1791 15.2262 15.2554 15.2755
 15.3036 15.3251 15.3458 15.3658 15.389  15.4227 15.4375 15.4528 15.4702
 15.5036 15.5376 15.5528 15.5675 15.592  15.6045 15.6189 15.6359 15.6492
 15.669  15.6837 15.702  15.7125 15.7265 15.7389 15.7518 15.767  15.7801
 15.7927 15.8037 15.8184 15.8331 15.8466 15.8593 15.8725 15.8848 15.8976
 15.9098 15.9206 15.9298 15.9417 15.952  15.9622 15.9735 15.9853 15.9972
 16.0078 16.0231 16.0361 16.0492 16.0609 16.0723 16.0841 16.0974 16.1096
 16.1232 16.1336 16.144  16.1552 16.1677 16.1776 16.1874 16.1984 16.2089
 16.2195 16.2336 16.2476 16.2629 16.2766 16.291  16.3004 16.3107 16.3204
 16.3322 16.3425 16.3527 16.3627 16.377  16.4007 16.4153 16.4263 16.4378
 16.4501 16.4616 16.4718 16.4827 16.4967 16.5102 16.5244 16.5392 16.5543
 16.5669 16.5792 16.5938 16.6056 16.6204 16.6387 16.6547 16.6727 16.6887
 16.717  16.7428 16.7653 16.7836 16.8    16.8228 16.8467 16.8758 16.9068
23.9952 24.2579 24.4259 24.4728 24.4976 24.5379 24.5869 24.6255 24.6758
 24.7136 24.7698 24.8256 24.8604 24.8919 24.9096 24.9316 24.9544 24.9718
 24.9877 25.0091 25.0314 25.0575 25.0756 25.0913 25.1151 25.1378 25.1587
 25.172  25.1856 25.201  25.213  25.2266 25.2447 25.2595 25.2719 25.2819
 25.2962 25.3081 25.3201 25.3351 25.3478 25.3592 25.375  25.387  25.3979
 25.4081 25.4182 25.4285 25.4399 25.4543 25.4685 25.4798 25.4911 25.5025
 25.5138 25.5257 25.539  25.5489 25.5618 25.5759 25.5911 25.6051 25.6171
 25.6279 25.6381 25.6498 25.6597 25.6707 25.6823 25.6934 25.7081 25.7193
 25.7314 25.7447 25.7566 25.7684 25.7798 25.792  25.8021 25.8141 25.8245
 25.8356 25.8456 25.8542 25.8648 25.878  25.8893 25.9012 25.9177 25.9335
 25.9445 25.9572 25.9741 25.9914 26.0077 26.0207 26.0341 26.0478 26.0603
 26.0741 26.0886 26.1027 26.1202 26.137  26.1525 26.1696 26.1873 26.2101
 26.2261 26.2515 26.2698 26.2912 26.3156 26.3434 26.3969 26.4613 26.5839
 26.6158
30.9503 33.9138 34.1419 34.2247 34.3427 34.4418 34.4714 34.5146 34.5603
 34.5846 34.6047 34.6457 34.6609 34.6779 34.7008 34.7203 34.7395 34.7699
 34.8005 34.8237 34.838  34.8641 34.8864 34.9149 34.9273 34.9749 34.9917
 35.0125 35.0305 35.0471 35.0628 35.0804 35.097  35.1195 35.1345 35.1534
 35.1695 35.1828 35.2068 35.224  35.2395 35.2563 35.2703 35.2856 35.3037
 35.3249 35.3392 35.3535 35.3709 35.3836 35.3989 35.4142 35.4261 35.441
 35.453  35.4669 35.481  35.4949 35.5067 35.5267 35.542  35.5546 35.5677
 35.5808 35.5958 35.6145 35.6329 35.6549 35.6714 35.6856 35.7005 35.7143
 35.7281 35.7408 35.755  35.7712 35.7842 35.8033 35.833  35.8594 35.8768
 35.8907 35.9123 35.9416 35.9705 36.0011 36.0233 36.0398 36.0919 36.1473
 36.1807 36.2095 36.3138 36.3557 36.4207
41.2198 42.2064 43.0048 43.3693 43.4979 43.6127 43.7327 43.7706 43.8163
 43.8477 43.8848 43.9103 43.9326 43.9555 43.9759 43.9948 44.0126 44.0372
 44.0571 44.0823 44.0992 44.117  44.1344 44.1482 44.1602 44.1757 44.1955
 44.2141 44.2272 44.2419 44.256  44.2733 44.2895 44.3011 44.3132 44.326
 44.3378 44.354  44.366  44.3828 44.394  44.4051 44.4167 44.4289 44.4439
 44.4554 44.4689 44.482  44.4947 44.5069 44.5207 44.5341 44.5461 44.5598
 44.5709 44.5822 44.5941 44.606  44.6151 44.6243 44.6358 44.6453 44.6557
 44.6659 44.676  44.685  44.6948 44.7062 44.7172 44.7261 44.7352 44.7441
 44.7531 44.763  44.7715 44.7831 44.7934 44.8035 44.8123 44.8214 44.8309
 44.8414 44.8501 44.8606 44.8702 44.88   44.891  44.902  44.9116 44.9227
 44.933  44.9452 44.9557 44.9649 44.9766 44.9895 45.0026 45.0129 45.0221
 45.0326 45.0421 45.0528 45.0648 45.0787 45.0902 45.1039 45.1157 45.1275
 45.1391 45.1516 45.1627 45.1735 45.1843 45.1955 45.2057 45.216  45.226
 45.2394 45.2527 45.2691 45.2819 45.2972 45.3106 45.327  45.3408 45.3604
 45.3875 45.4051 45.4196 45.434  45.4549 45.4789 45.511  45.5438 45.5874
 45.6112 45.6371 45.6735 45.7035 45.7274 45.75
51.7728 52.6366 52.8162 53.1978 53.243  53.2657 53.3065 53.3443 53.3646
 53.4039 53.4766 53.5022 53.5318 53.5493 53.5721 53.6017 53.6179 53.6354
 53.6527 53.6768 53.7098 53.7251 53.7445 53.7644 53.7813 53.7979 53.8145
 53.8264 53.8401 53.8527 53.865  53.8832 53.8965 53.9147 53.9288 53.9459
 53.9642 53.9773 53.992  54.0084 54.0226 54.0386 54.0524 54.0646 54.0774
 54.0905 54.1053 54.1172 54.1302 54.1437 54.1572 54.1696 54.1806 54.1927
 54.2048 54.222  54.2371 54.2547 54.2659 54.2797 54.2914 54.3023 54.3149
 54.3261 54.3381 54.353  54.3678 54.3819 54.3933 54.4057 54.4185 54.4313
 54.4498 54.4681 54.4819 54.4963 54.5152 54.529  54.5422 54.5589 54.5734
 54.5871 54.6027 54.6203 54.635  54.6501 54.6673 54.6964 54.7304 54.7513
 54.7695 54.798  54.8208 54.841  54.8599 54.8798 54.897  54.92   54.9457
 54.9636 54.9928 55.0279 55.0549 55.6717 57.3145 59.1345
60.4603 61.4212 61.9098 62.4423 62.5488 62.5765 62.6814 62.7006 62.7953
 62.8145 62.833  62.8646 62.9214 62.9458 62.9867 63.0086 63.0268 63.0503
 63.0726 63.0875 63.1038 63.1181 63.1349 63.1591 63.1749 63.1889 63.2028
 63.2291 63.2471 63.2612 63.2762 63.2966 63.3174 63.3328 63.3469 63.3626
 63.3802 63.3947 63.4066 63.4209 63.4353 63.4504 63.4625 63.4777 63.491
 63.5053 63.5176 63.5309 63.546  63.5591 63.5732 63.5857 63.5986 63.6122
 63.6261 63.6469 63.6607 63.6731 63.6848 63.6969 63.7088 63.7311 63.7472
 63.7634 63.7795 63.793  63.8059 63.8179 63.829  63.8422 63.8576 63.8714
 63.8855 63.9014 63.9147 63.9276 63.9409 63.9536 63.9709 63.9879 64.0026
 64.0174 64.0347 64.0539 64.0666 64.0809 64.0941 64.1183 64.1404 64.1658
 64.1824 64.2103 64.2283 64.2494 64.2652 64.289  64.3088 64.3269 64.3566
 64.4113 64.5237 64.6665

