14.3008 14.3606 14.4317 14.4643 14.5439 14.6503 14.7394 14.7797 14.8098
 14.8327 14.8632 14.9036 14.9379 14.9746 14.9946 15.0177 15.0454 15.0714
 15.0929 15.1561 15.1699 15.1866 15.2126 15.2571 15.2829 15.3058 15.3315
 15.3494 15.3798 15.3926 15.4238 15.4455 15.4692 15.4829 15.5034 15.525
 15.5405 15.5548 15.5677 15.5846 15.6149 15.6297 15.6438 15.6597 15.6723
 15.6851 15.6989 15.7244 15.7428 15.7591 15.7724 15.7861 15.7984 15.8136
 15.8256 15.8366 15.8534 15.8681 15.8812 15.8936 15.9057 15.9175 15.929
 15.9423 15.9591 15.9745 15.9894 16.0016 16.0142 16.0267 16.0423 16.0551
 16.0728 16.0862 16.0982 16.1116 16.1246 16.1362 16.1555 16.1688 16.1813
 16.1959 16.2079 16.2207 16.235  16.2479 16.2607 16.274  16.2854 16.3036
 16.3184 16.3285 16.3392 16.3513 16.3653 16.3797 16.39   16.4063 16.4179
 16.4282 16.4459 16.4595 16.4749 16.489  16.5053 16.5196 16.5319 16.5448
 16.566  16.5783 16.5917 16.6083 16.6234 16.6384 16.6525 16.6688 16.6837
 16.6971 16.709  16.723  16.7377 16.7534 16.7683 16.7822 16.7975 16.8103
 16.8252 16.8365 16.8501 16.8627 16.8764 16.8914 16.9049 16.9234 16.9357
 16.949  16.9641 16.9838 16.9999 17.0156 17.0316 17.0497 17.0736 17.0905
 17.1044 17.1235 17.1392 17.1534 17.1788 17.1997 17.2204 17.2361 17.2533
 17.2725 17.2961 17.3198 17.3386 17.3642 17.3834 17.4148 17.4369 17.4588
 17.4844 17.5149 17.5456 17.5849 17.6096 17.6941 17.8319
23.8719 24.1407 24.1752 24.209  24.3571 24.4182 24.4581 24.4891 24.5386
 24.5679 24.5944 24.6087 24.6265 24.6438 24.6598 24.6803 24.7306 24.7603
 24.7905 24.807  24.8278 24.8443 24.8611 24.8752 24.8948 24.9168 24.9349
 24.9523 24.9709 24.986  24.9981 25.0139 25.0288 25.0405 25.0601 25.0751
 25.0865 25.098  25.1136 25.1261 25.1442 25.162  25.1759 25.188  25.2025
 25.2142 25.2263 25.2404 25.254  25.2654 25.2792 25.2942 25.3065 25.3175
 25.3318 25.3465 25.3596 25.3732 25.3842 25.3967 25.4134 25.4293 25.4426
 25.4525 25.4639 25.4777 25.4918 25.5047 25.5166 25.5296 25.543  25.5597
 25.5726 25.5857 25.5991 25.6136 25.6275 25.6416 25.6558 25.672  25.6855
 25.6959 25.7059 25.7164 25.7278 25.7409 25.7525 25.7649 25.7811 25.7971
 25.8113 25.8252 25.8388 25.8525 25.8659 25.8767 25.8874 25.8988 25.9114
 25.926  25.9421 25.9575 25.9727 25.9874 25.9996 26.0155 26.0308 26.0485
 26.0682 26.0826 26.1031 26.1157 26.1297 26.1446 26.1601 26.176  26.1899
 26.2056 26.2191 26.2313 26.2429 26.2597 26.2726 26.2866 26.3017 26.3162
 26.3295 26.3436 26.3542 26.3683 26.3812 26.4005 26.4142 26.4325 26.4469
 26.4634 26.4781 26.4913 26.5061 26.5208 26.5378 26.5521 26.5729 26.5924
 26.6094 26.6266 26.6404 26.6616 26.6783 26.6973 26.7118 26.732  26.7469
 26.7681 26.7879 26.8141 26.8327 26.8515 26.8683 26.891  26.9219 26.9403
 26.993  27.0429 27.0797 27.1355 27.2143
32.9591 33.8159 33.8875 33.9606 33.994  34.0916 34.2223 34.3243 34.4385
 34.4874 34.5108 34.5364 34.5686 34.5879 34.6099 34.634  34.6625 34.6836
 34.7004 34.7179 34.7393 34.7627 34.7858 34.8135 34.8308 34.8531 34.8689
 34.8853 34.9036 34.9392 34.9602 34.9738 34.991  35.0034 35.015  35.0296
 35.0429 35.0562 35.0714 35.0869 35.1027 35.1173 35.1324 35.1442 35.1618
 35.1812 35.1973 35.2108 35.2319 35.2494 35.2605 35.2738 35.2884 35.306
 35.3196 35.3321 35.3464 35.3611 35.382  35.3923 35.4057 35.4195 35.4356
 35.4571 35.4707 35.4839 35.4988 35.5139 35.527  35.5377 35.549  35.5637
 35.578  35.5944 35.6133 35.6287 35.6462 35.6595 35.6735 35.6893 35.7074
 35.7272 35.7455 35.7657 35.7804 35.7954 35.81   35.831  35.848  35.8648
 35.8866 35.9074 35.9256 35.9408 35.9552 35.9709 35.9864 36.0007 36.0185
 36.0329 36.0508 36.0675 36.0914 36.1105 36.1361 36.1582 36.1792 36.1955
 36.2178 36.2381 36.2584 36.2862 36.3052 36.3358 36.3543 36.3733 36.4004
 36.4296 36.4481 36.4751 36.5312 36.5588 36.5993 36.6243 36.6584 36.6976
 36.7436 36.882  36.9263 36.9665 37.0118
42.1827 42.8476 43.2118 43.3113 43.3828 43.4266 43.5026 43.5238 43.5557
 43.5955 43.6441 43.6692 43.6995 43.7257 43.7477 43.7831 43.8023 43.8199
 43.8519 43.8726 43.887  43.904  43.9263 43.9551 43.9796 44.0116 44.0315
 44.051  44.0741 44.0892 44.1016 44.1165 44.1362 44.1511 44.1655 44.1808
 44.202  44.2186 44.2312 44.245  44.2585 44.2707 44.2818 44.2936 44.3049
 44.3179 44.3306 44.341  44.3546 44.3669 44.377  44.3895 44.3999 44.4127
 44.4252 44.4381 44.4527 44.4652 44.477  44.489  44.5003 44.5136 44.5236
 44.5348 44.5451 44.5558 44.5665 44.5775 44.5865 44.5968 44.6074 44.6199
 44.632  44.6451 44.6556 44.6682 44.6805 44.691  44.7013 44.7101 44.7206
 44.7306 44.743  44.7544 44.7658 44.7779 44.7903 44.8043 44.8182 44.8287
 44.8422 44.8533 44.8648 44.8851 44.8973 44.9114 44.9295 44.9422 44.954
 44.9661 44.9769 44.9867 44.9989 45.0116 45.0329 45.0436 45.058  45.0703
 45.0839 45.0988 45.1097 45.1207 45.132  45.1431 45.1579 45.1716 45.1864
 45.1987 45.2129 45.224  45.2365 45.2478 45.2581 45.2708 45.2837 45.2982
 45.3089 45.3217 45.3343 45.347  45.3579 45.369  45.3797 45.3912 45.402
 45.4135 45.4258 45.4363 45.4477 45.4599 45.47   45.482  45.4961 45.5078
 45.5215 45.5359 45.5498 45.5632 45.5767 45.5903 45.6015 45.6119 45.6217
 45.6339 45.6468 45.6569 45.6693 45.6817 45.6932 45.7047 45.7165 45.7343
 45.7475 45.7691 45.7866 45.8022 45.8155 45.8294 45.8428 45.856  45.8702
 45.8861 45.9045 45.9283 45.9456 45.9638 45.9828 45.9995 46.0158 46.0338
 46.0521 46.0657 46.0839 46.1014 46.1195 46.1501 46.1772 46.1994 46.2217
 46.2517 46.2678 46.2879 46.3179 46.3474 46.374  46.6712 46.9948
51.2532 52.6372 52.7647 53.067  53.2216 53.2689 53.2902 53.3314 53.4019
 53.4299 53.4511 53.4695 53.5147 53.5515 53.5847 53.6059 53.6344 53.6553
 53.6938 53.7129 53.7296 53.7476 53.7776 53.7922 53.8071 53.8232 53.8379
 53.8679 53.8851 53.8963 53.9102 53.9258 53.9385 53.9647 53.9905 54.0052
 54.0184 54.0341 54.0483 54.0634 54.0798 54.0976 54.1171 54.1333 54.1496
 54.1638 54.1796 54.1942 54.2065 54.2216 54.235  54.2499 54.2649 54.2762
 54.2925 54.3078 54.3181 54.3345 54.3497 54.3625 54.3807 54.3985 54.4152
 54.4311 54.4454 54.4586 54.4709 54.4823 54.4941 54.5074 54.5219 54.534
 54.5542 54.5647 54.5763 54.5888 54.6065 54.6307 54.6448 54.6608 54.6836
 54.7008 54.7146 54.7386 54.7548 54.7729 54.7878 54.8039 54.8225 54.8396
 54.8559 54.8744 54.8923 54.9048 54.9216 54.9423 54.9636 54.9821 54.9987
 55.0201 55.0377 55.0526 55.0681 55.0992 55.1175 55.153  55.1694 55.1877
 55.205  55.2198 55.2346 55.2469 55.2634 55.2822 55.3025 55.3285 55.3524
 55.3679 55.3835 55.3983 55.4215 55.4832 55.5007 55.5235 55.5766 55.6162
 55.6926 55.7298 56.0406 56.1933
61.1578 61.3817 62.2284 62.2673 62.294  62.3757 62.4479 62.5066 62.5399
 62.5831 62.6148 62.6398 62.6888 62.7243 62.7485 62.7666 62.7825 62.8182
 62.8454 62.8657 62.8966 62.9115 62.9286 62.9421 62.9567 62.9734 62.9884
 63.0054 63.0226 63.038  63.0681 63.0864 63.101  63.1171 63.1484 63.1719
 63.1923 63.2084 63.2219 63.2381 63.2557 63.2702 63.2901 63.3028 63.3258
 63.3427 63.3567 63.374  63.3884 63.4021 63.4177 63.4309 63.4414 63.4525
 63.4649 63.4761 63.4881 63.5008 63.5159 63.5279 63.54   63.5545 63.5693
 63.5821 63.5916 63.6043 63.6157 63.6302 63.6416 63.6563 63.6706 63.6853
 63.6992 63.7161 63.7335 63.7471 63.7618 63.7782 63.7964 63.8118 63.8274
 63.8399 63.8608 63.8716 63.8822 63.8951 63.9141 63.9298 63.9427 63.9549
 63.9716 63.9861 64.0009 64.0206 64.0368 64.0587 64.0731 64.0862 64.1075
 64.1211 64.1348 64.1492 64.1636 64.1794 64.1984 64.2127 64.2318 64.2443
 64.2593 64.2743 64.2867 64.3074 64.3225 64.3387 64.3578 64.3728 64.3975
 64.4115 64.4306 64.4477 64.4696 64.4911 64.5069 64.5223 64.5437 64.5587
 64.5745 64.5942 64.6144 64.6288 64.6439 64.6641 64.6834 64.6987 64.7113
 64.7286 64.7564 64.7784 64.8029 64.8301 64.9059 64.93   64.9812 65.045
 65.0762 65.1214 67.4019

