10.5874 13.8706 14.0177 14.122  14.1626 14.3097 14.3648 14.3908 14.4247
 14.4467 14.4655 14.4832 14.5087 14.5383 14.5542 14.5799 14.6082 14.6257
 14.6576 14.6778 14.6914 14.7158 14.7307 14.7455 14.7599 14.7722 14.7881
 14.8007 14.8169 14.8346 14.854  14.8688 14.8833 14.8978 14.9148 14.9284
 14.9437 14.9577 14.9686 14.9816 14.9928 15.0041 15.0158 15.028  15.0385
 15.0484 15.0597 15.0702 15.0847 15.0981 15.1086 15.1194 15.1294 15.1414
 15.1518 15.162  15.1725 15.1836 15.1951 15.2075 15.2204 15.2315 15.2462
 15.2568 15.2711 15.2832 15.2934 15.3039 15.3151 15.3251 15.336  15.3462
 15.3564 15.3684 15.3789 15.3893 15.3993 15.4086 15.4194 15.4307 15.4431
 15.4565 15.4695 15.4812 15.4909 15.5002 15.511  15.5214 15.5325 15.5433
 15.5543 15.5651 15.5767 15.5866 15.5956 15.6062 15.6191 15.6325 15.6423
 15.6537 15.6643 15.6758 15.6866 15.6975 15.7078 15.7207 15.7303 15.741
 15.755  15.7647 15.7749 15.7842 15.7968 15.8084 15.8205 15.8327 15.8427
 15.853  15.8622 15.8738 15.8845 15.8965 15.9079 15.9207 15.9339 15.9464
 15.9579 15.9704 15.9818 15.9939 16.0057 16.0167 16.0281 16.0413 16.0518
 16.062  16.0716 16.0839 16.0983 16.1099 16.1228 16.1362 16.1509 16.1668
 16.1794 16.1958 16.2089 16.2203 16.2339 16.246  16.2634 16.2771 16.2874
 16.2993 16.3148 16.3285 16.3409 16.3529 16.366  16.3784 16.3927 16.4069
 16.4253 16.4406 16.4628 16.4768 16.4966 16.5115 16.5287 16.5464 16.5644
 16.5768 16.5923 16.6107 16.6316 16.649  16.6654 16.6892 16.707  16.7284
 16.7686 16.7853 16.8063 16.8254 16.8502 16.8716 16.8914 16.91   16.9301
 16.9722 16.9921 17.0179 17.0401 17.0605 17.0809 17.102  17.1363 17.1718
 17.2008 17.2597 17.289  17.3112 17.4008 17.4528
21.5211 22.8277 23.1667 23.3164 23.4115 23.4696 23.4945 23.5439 23.5719
 23.6044 23.6511 23.7469 23.7733 23.7907 23.8249 23.8426 23.8636 23.8797
 23.9023 23.9192 23.9355 23.9754 23.9976 24.0141 24.0294 24.0556 24.0807
 24.1059 24.1287 24.1529 24.1709 24.1881 24.2028 24.2156 24.2304 24.251
 24.2654 24.2804 24.2909 24.3002 24.312  24.3242 24.3373 24.3499 24.3604
 24.3727 24.3862 24.3979 24.4085 24.4184 24.4325 24.4462 24.4622 24.4756
 24.4873 24.4995 24.5109 24.5211 24.531  24.5404 24.5503 24.562  24.5761
 24.5872 24.5997 24.6104 24.6211 24.6314 24.6413 24.6551 24.6662 24.6762
 24.6854 24.6965 24.7068 24.7171 24.7278 24.7362 24.7443 24.7547 24.7644
 24.7738 24.785  24.7937 24.8037 24.8145 24.8236 24.8335 24.8429 24.8544
 24.864  24.8751 24.8849 24.8954 24.9049 24.9135 24.9237 24.9331 24.9435
 24.9531 24.9625 24.9724 24.9816 24.991  25.     25.0087 25.0179 25.026
 25.0341 25.0436 25.0522 25.0609 25.0693 25.0784 25.088  25.0976 25.1061
 25.1146 25.1232 25.1317 25.1406 25.1492 25.1575 25.1664 25.1753 25.1842
 25.1927 25.2024 25.2121 25.2214 25.2319 25.2402 25.2489 25.2586 25.267
 25.2753 25.2833 25.2917 25.3012 25.3103 25.3181 25.3262 25.3359 25.345
 25.3534 25.3628 25.3725 25.3806 25.3889 25.3975 25.4061 25.4143 25.4226
 25.4316 25.4397 25.4487 25.4579 25.4673 25.4767 25.4854 25.4939 25.5021
 25.511  25.5194 25.5284 25.54   25.5494 25.5594 25.5691 25.578  25.5883
 25.5983 25.6085 25.6171 25.6259 25.6365 25.6466 25.6563 25.6663 25.6787
 25.6897 25.6994 25.7099 25.7211 25.731  25.7417 25.7523 25.7647 25.7757
 25.7862 25.7954 25.8066 25.8174 25.8289 25.8398 25.8508 25.8596 25.8711
 25.882  25.8928 25.9035 25.9134 25.9261 25.9376 25.9482 25.9596 25.9734
 25.9867 25.9996 26.0104 26.021  26.035  26.0462 26.0597 26.0721 26.086
 26.098  26.1119 26.1233 26.1352 26.146  26.1573 26.1681 26.1817 26.1936
 26.2059 26.2194 26.2319 26.2461 26.2596 26.2749 26.29   26.3046 26.3217
 26.3359 26.3509 26.3663 26.3805 26.3968 26.411  26.4261 26.4484 26.4648
 26.4758 26.489  26.5123 26.5276 26.5463 26.5638 26.5787 26.5951 26.612
 26.6272 26.6397 26.6566 26.6705 26.6892 26.7092 26.7237 26.7473 26.765
 26.7864 26.8088 26.8281 26.8494 26.8753 26.8995 26.9348 26.9633 26.9839
 27.0399 27.0624 27.1038 27.1228 27.2049 27.3372
32.3849 33.1317 33.5751 33.989  34.0326 34.1308 34.1888 34.2158 34.247
 34.2828 34.3489 34.3747 34.3927 34.4154 34.4353 34.4747 34.4926 34.5246
 34.5445 34.5615 34.5744 34.5919 34.6044 34.6173 34.6312 34.6502 34.6658
 34.6945 34.7194 34.7386 34.7498 34.7629 34.7804 34.7989 34.814  34.8383
 34.8494 34.8616 34.8746 34.8875 34.9032 34.9165 34.9363 34.9518 34.9692
 34.984  34.9951 35.0065 35.0214 35.0341 35.0451 35.0567 35.069  35.0809
 35.0935 35.1078 35.1191 35.1307 35.1478 35.1634 35.1792 35.1955 35.2112
 35.2267 35.2393 35.2515 35.2639 35.2789 35.2918 35.3049 35.3179 35.3343
 35.3507 35.3677 35.382  35.3951 35.4083 35.423  35.4362 35.4505 35.4691
 35.4923 35.5114 35.5293 35.5448 35.555  35.5724 35.5949 35.6106 35.6307
 35.6535 35.6667 35.6815 35.6956 35.7103 35.7248 35.7376 35.7574 35.7947
 35.8127 35.8304 35.8495 35.8654 35.8871 35.9088 35.9264 35.9456 35.9648
 35.9822 36.0044 36.0228 36.0455 36.0688 36.095  36.1133 36.1338 36.1668
 36.1849 36.2043 36.2525 36.2717 36.2996 36.3178 36.3617 36.4055 36.4713
 36.5224 36.5575 36.6122 36.7093 36.7924 36.8233 36.911
42.7169 42.9739 43.0569 43.164  43.199  43.2826 43.3314 43.3788 43.4108
 43.4696 43.4923 43.5339 43.5631 43.584  43.6059 43.6247 43.6548 43.6745
 43.6909 43.7107 43.7259 43.7409 43.7576 43.7721 43.7881 43.8029 43.8242
 43.8365 43.8485 43.8636 43.8797 43.8933 43.9102 43.925  43.9397 43.9536
 43.9673 43.9799 43.9922 44.0032 44.0215 44.0333 44.0449 44.0563 44.0685
 44.0798 44.0909 44.1029 44.1131 44.1237 44.1352 44.1479 44.1579 44.1709
 44.1802 44.1913 44.203  44.2142 44.2249 44.2361 44.2467 44.2585 44.2712
 44.282  44.2946 44.3072 44.3184 44.3289 44.3389 44.3487 44.3598 44.3696
 44.3805 44.3906 44.4032 44.4138 44.4229 44.4316 44.4411 44.453  44.4634
 44.4731 44.4816 44.4938 44.5054 44.5142 44.5246 44.5368 44.5469 44.5593
 44.5688 44.5797 44.5933 44.6035 44.6133 44.6237 44.6337 44.6451 44.6559
 44.668  44.6788 44.6897 44.6989 44.7114 44.722  44.7357 44.7467 44.7586
 44.7715 44.7818 44.7907 44.8005 44.8101 44.8203 44.8307 44.8427 44.8527
 44.8654 44.8799 44.8903 44.8989 44.9101 44.9214 44.9331 44.9456 44.9575
 44.9674 44.982  44.9949 45.006  45.0179 45.0293 45.0405 45.0541 45.0688
 45.0811 45.0931 45.1088 45.123  45.1361 45.1483 45.1613 45.1752 45.19
 45.1998 45.2134 45.2252 45.2368 45.2501 45.2628 45.2744 45.2906 45.3041
 45.321  45.3396 45.3528 45.3736 45.3891 45.4031 45.4172 45.4374 45.4656
 45.4822 45.4948 45.5085 45.5267 45.5504 45.566  45.59   45.6181 45.6497
 45.6717 45.6914 45.7182 45.7352 45.7527 45.7695 45.7858 45.8181 45.8529
 45.8774 45.8966 45.9171 45.9325 45.9576 45.98   45.9985 46.0529 46.0945
 46.1513 46.2136 46.2878 46.4068
52.7555 52.809  52.8376 52.9054 52.9629 53.0285 53.0657 53.0978 53.1369
 53.1548 53.171  53.1905 53.2247 53.2409 53.2649 53.2999 53.3203 53.3423
 53.3645 53.3801 53.3955 53.4126 53.4252 53.4394 53.4523 53.4686 53.4867
 53.5084 53.5221 53.5367 53.5571 53.5719 53.5873 53.6019 53.6147 53.6276
 53.6386 53.6553 53.6692 53.6831 53.6944 53.7071 53.7197 53.7334 53.7523
 53.7648 53.777  53.7898 53.8046 53.8169 53.8291 53.8406 53.8535 53.869
 53.8824 53.8938 53.9066 53.9209 53.932  53.9425 53.9542 53.965  53.9778
 53.9894 54.0036 54.0156 54.0288 54.0395 54.0518 54.0633 54.0736 54.0853
 54.1005 54.1118 54.126  54.1382 54.1529 54.1639 54.1761 54.1867 54.1967
 54.2077 54.2242 54.2373 54.2481 54.2594 54.2706 54.2814 54.2923 54.3037
 54.3165 54.3343 54.3459 54.3613 54.3753 54.3915 54.4043 54.4171 54.4326
 54.4459 54.4643 54.4818 54.4965 54.5089 54.5294 54.5424 54.5552 54.5731
 54.591  54.6029 54.6195 54.6388 54.6536 54.6653 54.6781 54.6952 54.7097
 54.7241 54.7398 54.7656 54.7803 54.797  54.8133 54.8315 54.8584 54.8761
 54.8956 54.9448 54.9763 54.9986 55.0159 55.0751 55.1206 55.1422 55.1812
 55.203  55.2347 55.257  55.2991 55.3487 55.3893 55.4231 55.4545 55.4754
 55.5693 55.5924 55.7577 55.8149 55.9116
61.3167 62.0923 62.2738 62.3585 62.4202 62.4439 62.5031 62.6024 62.6454
 62.6788 62.6995 62.7271 62.7543 62.7698 62.7991 62.8237 62.8424 62.8612
 62.8733 62.8949 62.9109 62.9288 62.9451 62.9593 62.9754 62.9908 63.0091
 63.0216 63.0388 63.0525 63.0716 63.0892 63.1035 63.1155 63.1347 63.1529
 63.1648 63.1764 63.1921 63.2037 63.2182 63.2311 63.2449 63.2593 63.2742
 63.2857 63.2987 63.311  63.325  63.3373 63.3497 63.3595 63.3709 63.3825
 63.394  63.4034 63.4147 63.4274 63.4378 63.4498 63.459  63.4689 63.481
 63.4936 63.5043 63.5155 63.5254 63.5345 63.5469 63.5557 63.5657 63.5761
 63.5874 63.5976 63.6069 63.6172 63.6275 63.6393 63.6506 63.6611 63.6734
 63.6829 63.6945 63.7057 63.7166 63.7312 63.7461 63.7603 63.7709 63.7832
 63.7954 63.8069 63.819  63.8295 63.8399 63.8507 63.8609 63.8715 63.8861
 63.8991 63.9111 63.9249 63.9366 63.9486 63.9628 63.9772 63.9898 64.0006
 64.0155 64.0273 64.0373 64.0505 64.0631 64.0781 64.0946 64.1077 64.1202
 64.1331 64.1479 64.159  64.1705 64.1851 64.1985 64.2114 64.2258 64.2394
 64.2511 64.2643 64.275  64.2872 64.3001 64.3136 64.3337 64.3498 64.3703
 64.3841 64.4055 64.4214 64.4382 64.4597 64.4763 64.4947 64.5111 64.5316
 64.5733 64.5955 64.6126 64.6301 64.6502 64.6773 64.7009 64.7226 64.7517
 64.7699 64.8198 64.8598 64.9033 64.9255 64.9605 64.989  65.0164 65.0491
 65.0909 65.1105 65.1319 65.1587 65.1916 65.2168 65.2547 65.3822 65.4175
 66.6834

