13.1655 13.3163 13.495  13.5568 13.6242 13.6632 13.84   13.9011 13.9208
 13.9919 14.1756 14.2192 14.2386 14.3123 14.361  14.3756 14.4021 14.4228
 14.4529 14.4959 14.5105 14.5249 14.5469 14.5606 14.5807 14.5998 14.6334
 14.6463 14.6573 14.6717 14.6826 14.6954 14.7118 14.735  14.7584 14.7696
 14.7808 14.7939 14.8112 14.8573 14.8705 14.8818 14.9085 14.9248 14.9484
 14.9635 15.0013 15.0169 15.0348 15.0695 15.0796 15.092  15.1121 15.1233
 15.1379 15.2767 15.3024 15.3418
22.5395 22.6497 22.8771 22.9887 23.034  23.208  23.3146 23.3579 23.4108
 23.4307 23.4579 23.4833 23.5306 23.5506 23.5846 23.6127 23.6847 23.6993
 23.7133 23.7277 23.7458 23.7684 23.784  23.8215 23.8395 23.8499 23.8686
 23.8826 23.9064 23.9268 23.9424 23.9574 23.9723 23.9884 24.0004 24.0152
 24.0419 24.0597 24.084  24.0964 24.1183 24.1281 24.1466 24.1609 24.1732
 24.1858 24.1966 24.2104 24.2289 24.2422 24.2609 24.2699 24.2834 24.3011
 24.3156 24.3323 24.3466 24.3567 24.371  24.3824 24.395  24.4065 24.4191
 24.4309 24.452  24.4628 24.474  24.4858 24.4996 24.5228 24.5361 24.5485
 24.5623 24.5788 24.5967 24.6064 24.6217 24.6372 24.6458 24.6595 24.6697
 24.6828 24.6976 24.7084 24.7233 24.736  24.7495 24.7648 24.7852 24.8081
 24.8357 24.8704 24.9043 24.9442
32.178  32.5629 32.9796 33.2759 33.3303 33.4874 33.5836 33.6341 33.7658
 33.7812 33.8027 33.8407 33.9156 33.9844 34.0027 34.0292 34.0646 34.0953
 34.1307 34.1442 34.1578 34.1836 34.2139 34.2385 34.2756 34.2887 34.3046
 34.3202 34.3443 34.3756 34.4018 34.4243 34.4403 34.4545 34.4685 34.5209
 34.5381 34.6248 34.6478 34.6871 34.7378 34.862
42.4697 42.6393 42.8207 43.0656 43.1595 43.1762 43.1919 43.2557 43.3047
 43.3529 43.3689 43.3857 43.4038 43.4173 43.446  43.4625 43.4784 43.4975
 43.5155 43.5308 43.5479 43.5646 43.5878 43.6084 43.6536 43.6683 43.6794
 43.7083 43.736  43.7599 43.7765 43.7903 43.8172 43.8378 43.8521 43.8848
 43.9174 43.9368 43.9553 43.984  43.9997 44.0184 44.0304 44.0472 44.0733
 44.1186 44.1429 44.1554 44.1956 44.2084 44.2264 44.2387 44.2771 44.2926
51.4878 51.8966 51.9977 52.0957 52.3287 52.3843 52.4629 52.5329 52.5631
 52.6735 52.7147 52.7473 52.7741 52.8531 52.9059 52.9414 53.0147 53.0368
 53.0549 53.0708 53.1546 53.17   53.1846 53.2037 53.2452 53.2999 53.3142
 53.3308 53.3816 53.4238 53.4586 53.4795 53.4921 53.5555 53.5852 53.6856
 53.7955 53.9617
61.5164 61.6846 61.9411 62.1403 62.2039 62.3172 62.3487 62.3714 62.3877
 62.4428 62.4644 62.483  62.5029 62.5143 62.5511 62.5739 62.5896 62.6065
 62.6227 62.6546 62.6745 62.6978 62.715  62.7507 62.7756 62.8056 62.8229
 62.8741 62.8915 62.9203 62.9879 63.0245 63.0349 63.0503 63.1069 63.1255
 63.1437 63.1554 63.1942 63.2123 63.2419 63.285  63.3045 63.3168

