13.039  13.6602 13.7121 14.0174 14.2033 14.2336 14.3245 14.342  14.3793
 14.4632 14.4922 14.5417 14.6187 14.6506 14.6954
22.6594 22.7232 22.915  22.9529 23.1197 23.2472 23.7653 23.8129 24.1071
 24.1826 24.3743
32.7315 33.6837 33.9639 34.0046 34.0445 34.2172 34.2662 34.3689 34.4158
 34.4538 34.5669 34.6841
43.2838 43.3126 43.3578 43.3807 43.4239 43.4952 43.52   43.6426 43.7618
 43.8087
52.3387 52.665  52.7733 52.7992 53.0427 58.5159
61.2563 61.2888 61.5923 62.0588 62.2353 62.4518 62.5131 62.6567 62.738
 62.8556 62.9145 62.9529

