12.4289 13.8529 13.9032 14.1239 14.3028 14.3331 14.3944 14.4131 14.4433
 14.4588 14.4785 14.4948 14.5169 14.5444 14.5615 14.5804 14.6098 14.6341
 14.6563 14.6766 14.706  14.7216 14.7379 14.7564 14.7689 14.783  14.7983
 14.8173 14.8405 14.8572 14.8744 14.8892 14.9028 14.9173 14.9404 14.9613
 14.9787 14.9924 15.0081 15.0213 15.037  15.0508 15.0661 15.0826 15.0976
 15.1118 15.1242 15.138  15.1517 15.1635 15.1733 15.1856 15.1983 15.2085
 15.2192 15.2333 15.2454 15.2577 15.2739 15.2847 15.2983 15.31   15.3227
 15.3363 15.3483 15.3598 15.3733 15.3874 15.3997 15.4129 15.4262 15.4378
 15.449  15.4597 15.4719 15.4827 15.4979 15.5112 15.5214 15.5351 15.5485
 15.5594 15.5709 15.5826 15.5928 15.6043 15.6162 15.6292 15.6418 15.6539
 15.6705 15.6883 15.7034 15.7225 15.7335 15.7459 15.7602 15.7724 15.7853
 15.8023 15.8133 15.8277 15.8429 15.8535 15.8663 15.8787 15.8906 15.9044
 15.9148 15.9243 15.935  15.9467 15.9603 15.9791 15.9924 16.0087 16.0197
 16.0365 16.0531 16.0658 16.0788 16.09   16.1016 16.1138 16.1314 16.1451
 16.1586 16.1732 16.1882 16.2009 16.2171 16.2295 16.2445 16.2581 16.2701
 16.2867 16.3003 16.3145 16.3271 16.3413 16.3533 16.3675 16.3833 16.3982
 16.419  16.4356 16.4528 16.4727 16.5006 16.5217 16.5358 16.5608 16.586
 16.6097 16.6287 16.6539 16.6861 16.7036 16.7519 16.7882 16.8139 16.8405
 16.8626 16.8912 16.9159 16.9389 16.9793 16.9998 17.0379 17.0719 17.1346
 17.2027
20.9423 21.1723 22.7503 23.4123 23.5123 23.5764 23.6342 23.6634 23.6832
 23.7407 23.8128 23.8326 23.8537 23.8783 23.9025 23.9297 23.9568 23.9774
 24.0013 24.0252 24.0469 24.0709 24.0977 24.1159 24.1332 24.1503 24.1631
 24.1766 24.1879 24.2017 24.2155 24.23   24.2476 24.2633 24.2774 24.2889
 24.3003 24.3163 24.3329 24.3496 24.3651 24.3817 24.3971 24.4132 24.4281
 24.4438 24.4563 24.4684 24.4823 24.4962 24.5081 24.5203 24.5403 24.5523
 24.5642 24.5781 24.5929 24.6038 24.6153 24.6257 24.6422 24.6521 24.6651
 24.6783 24.688  24.7    24.7127 24.7232 24.7345 24.7457 24.7584 24.7702
 24.7796 24.7893 24.7984 24.8101 24.8195 24.8293 24.8398 24.851  24.8621
 24.8724 24.882  24.8921 24.9017 24.9102 24.9183 24.9275 24.9372 24.9466
 24.9559 24.9644 24.9738 24.9834 24.9916 25.0008 25.0095 25.0192 25.0302
 25.0399 25.0501 25.0598 25.069  25.078  25.0876 25.0968 25.1055 25.1141
 25.1229 25.1315 25.1407 25.1502 25.1596 25.1692 25.1796 25.1881 25.1969
 25.2051 25.2138 25.2235 25.2322 25.2412 25.2513 25.2607 25.2715 25.2811
 25.2924 25.3025 25.3114 25.3217 25.3334 25.3416 25.3506 25.3589 25.3687
 25.3783 25.3879 25.3979 25.4075 25.4168 25.4292 25.4392 25.4488 25.4577
 25.4676 25.4771 25.4866 25.496  25.5058 25.5154 25.526  25.5377 25.5491
 25.5605 25.5714 25.5805 25.5903 25.6004 25.61   25.6202 25.6301 25.6426
 25.6526 25.6633 25.6745 25.6845 25.695  25.7053 25.716  25.7255 25.7349
 25.7452 25.7549 25.7655 25.7764 25.7868 25.7967 25.8088 25.8202 25.832
 25.8453 25.8565 25.869  25.8814 25.8934 25.9039 25.9166 25.9294 25.9389
 25.9491 25.9591 25.9694 25.9815 25.9925 26.005  26.0183 26.0305 26.042
 26.0539 26.0662 26.0805 26.0933 26.1052 26.1173 26.1289 26.1412 26.1538
 26.1687 26.1861 26.1995 26.2168 26.2327 26.2462 26.2579 26.2722 26.2849
 26.2998 26.3166 26.3444 26.3609 26.3769 26.3945 26.4097 26.4306 26.4474
 26.4667 26.4935 26.5109 26.5285 26.5675 26.5861 26.6047 26.6248 26.644
 26.6766 26.7227 26.7491 26.8119 26.8452 26.8642 26.8869 26.9546 27.0589
 27.1728 27.3258
33.6335 33.7268 33.8567 33.8987 33.9556 34.0071 34.0809 34.1673 34.2125
 34.2435 34.2716 34.3135 34.3341 34.3554 34.4053 34.4296 34.4744 34.4931
 34.5099 34.5254 34.5398 34.5578 34.5903 34.6091 34.6325 34.6618 34.688
 34.7026 34.725  34.7364 34.7525 34.7672 34.785  34.8067 34.8175 34.8358
 34.8535 34.8754 34.8922 34.9105 34.9262 34.9416 34.958  34.9733 34.9885
 35.0052 35.0203 35.0408 35.0604 35.0803 35.0972 35.1167 35.1341 35.1494
 35.1667 35.1825 35.1986 35.2126 35.23   35.2427 35.2568 35.2765 35.2906
 35.3078 35.3213 35.3361 35.3498 35.3666 35.3837 35.4005 35.4167 35.4325
 35.4605 35.4829 35.5024 35.5211 35.5406 35.5583 35.5844 35.5974 35.6176
 35.6371 35.6534 35.6704 35.6844 35.6968 35.7342 35.7527 35.7752 35.7992
 35.8164 35.8416 35.8583 35.8736 35.8899 35.9141 35.9459 35.9638 35.9781
 36.0175 36.0329 36.0575 36.084  36.1194 36.1515 36.1779 36.2068 36.2401
 36.2935 36.3628 36.4254 36.5828 36.6424
42.6569 42.7288 43.1276 43.1741 43.211  43.3053 43.3724 43.4237 43.4868
 43.5409 43.5623 43.5903 43.6107 43.6253 43.6424 43.6589 43.674  43.6949
 43.7138 43.7354 43.7552 43.7868 43.8089 43.8258 43.8485 43.8624 43.8817
 43.8976 43.9243 43.9423 43.9602 43.9797 43.9899 44.0013 44.0136 44.0258
 44.0408 44.056  44.0688 44.083  44.0973 44.1114 44.1235 44.1377 44.1515
 44.1643 44.1758 44.1886 44.2052 44.2195 44.2357 44.2489 44.2605 44.2773
 44.2913 44.3054 44.3172 44.3318 44.3437 44.3572 44.3674 44.3818 44.3948
 44.4053 44.4198 44.4338 44.445  44.4555 44.4681 44.4796 44.495  44.5077
 44.5183 44.5297 44.5402 44.5502 44.5638 44.5756 44.5866 44.597  44.6096
 44.622  44.6334 44.644  44.6574 44.6702 44.6848 44.697  44.711  44.7241
 44.7353 44.7472 44.7591 44.7691 44.7807 44.7929 44.8027 44.8138 44.8252
 44.8369 44.849  44.861  44.8722 44.8814 44.8922 44.9042 44.9186 44.9309
 44.9408 44.9531 44.97   44.9809 44.9903 45.0033 45.0184 45.0315 45.0448
 45.0584 45.0745 45.0869 45.0993 45.112  45.1284 45.1415 45.1535 45.1672
 45.1823 45.1993 45.2129 45.2268 45.244  45.2584 45.2746 45.2866 45.2988
 45.3121 45.3291 45.3471 45.3632 45.3783 45.4005 45.4217 45.4388 45.457
 45.4781 45.4988 45.5115 45.526  45.5497 45.5655 45.5806 45.5993 45.6121
 45.6315 45.6819 45.6973 45.7417 45.7666 45.8099 45.8327 45.872  45.9201
 45.9548 45.9896 46.0451 46.1395 46.1798 46.2278 46.286  46.3872
51.7549 52.2833 52.9958 53.0397 53.0649 53.1208 53.1842 53.2163 53.239
 53.2731 53.2975 53.3179 53.3476 53.3657 53.3897 53.4148 53.4339 53.4522
 53.4741 53.4956 53.5099 53.5237 53.5397 53.5542 53.5679 53.589  53.6124
 53.625  53.6379 53.65   53.6617 53.6806 53.6941 53.7052 53.7174 53.732
 53.7463 53.7613 53.774  53.7955 53.8086 53.8218 53.8354 53.8468 53.8584
 53.8691 53.879  53.8922 53.9039 53.9152 53.93   53.9435 53.9545 53.9719
 53.9831 53.9964 54.0107 54.0256 54.0408 54.0639 54.0766 54.0901 54.103
 54.1159 54.1293 54.1425 54.1694 54.1817 54.1939 54.2072 54.2277 54.245
 54.2593 54.2725 54.287  54.3013 54.3144 54.3279 54.3441 54.3607 54.3765
 54.3892 54.4089 54.43   54.4499 54.4635 54.4765 54.4918 54.5092 54.5245
 54.54   54.5552 54.5707 54.587  54.6012 54.6172 54.6299 54.6532 54.6745
 54.7005 54.7164 54.7375 54.7594 54.7863 54.8166 54.837  54.8569 54.8767
 54.9131 54.9418 54.9676 54.9863 55.013  55.0351 55.0548 55.0896 55.1065
 55.141  55.1811 55.209  55.3165 55.344  55.4117 55.4357 55.5112
60.7688 62.1148 62.2315 62.3035 62.3774 62.4307 62.4637 62.4953 62.5481
 62.5695 62.6108 62.6427 62.6615 62.6761 62.6929 62.7118 62.7336 62.7678
 62.7954 62.817  62.8379 62.8684 62.8846 62.9151 62.935  62.9502 62.9677
 62.9842 63.0007 63.0143 63.0406 63.0534 63.0662 63.0877 63.1017 63.118
 63.1323 63.1462 63.1598 63.1726 63.1833 63.1977 63.2155 63.2266 63.2363
 63.2488 63.2588 63.2716 63.2869 63.3056 63.3173 63.3316 63.3439 63.3569
 63.3742 63.3883 63.4009 63.4118 63.4236 63.4362 63.4491 63.4616 63.4818
 63.4949 63.5075 63.5189 63.5339 63.5497 63.5685 63.5808 63.5955 63.6108
 63.6267 63.6404 63.652  63.6642 63.6785 63.6952 63.709  63.721  63.7364
 63.7493 63.7632 63.7764 63.7956 63.8078 63.8244 63.8345 63.8473 63.8619
 63.8792 63.8927 63.9093 63.9275 63.9442 63.9584 63.9776 63.9915 64.0054
 64.0172 64.032  64.0442 64.0574 64.0721 64.0875 64.1074 64.1215 64.1364
 64.1533 64.1679 64.1818 64.1949 64.2101 64.2285 64.2461 64.2588 64.2734
 64.2879 64.3019 64.3176 64.3361 64.3485 64.3661 64.3809 64.4028 64.4188
 64.4344 64.4512 64.4672 64.4848 64.5075 64.5277 64.5478 64.5842 64.6039
 64.629  64.6824 64.753  64.8148 64.8432 64.9134 64.9495 64.9909 65.0315
 65.0809 65.1179 65.1517 68.1201

