13.3557 13.3839 13.5998 13.6782 13.7787 13.8772 14.0009 14.0562 14.0811
 14.1    14.1469 14.2541 14.3791 14.4286 14.4712 14.5448 14.5754 14.5874
 14.6008 14.6118 14.6405 14.6638 14.7304 14.7853 14.8038 14.8461 14.8644
 14.8808 14.8994 14.9323 14.9481 14.9612 14.9743 15.0035 15.0159 15.0332
 15.0516 15.0782 15.1194 15.1416 15.1543 15.1687 15.2039 15.2347 15.2579
 15.2792 15.2974 15.3209 15.3333 15.3569 15.3733 15.3854 15.4071 15.4353
 15.5212 15.5474 19.2697
22.3152 22.5793 22.7499 22.8387 23.3416 23.3871 23.5023 23.6078 23.6359
 23.6655 23.6884 23.7329 23.7572 23.796  23.8208 23.8519 23.9017 23.9347
 23.9475 23.962  24.0074 24.0196 24.037  24.0619 24.0915 24.1236 24.15
 24.1793 24.1916 24.2073 24.2252 24.2459 24.2563 24.2847 24.31   24.3263
 24.3389 24.3533 24.3648 24.3804 24.3942 24.4109 24.4326 24.4462 24.4564
 24.4675 24.4799 24.4915 24.5021 24.5171 24.5283 24.5406 24.5507 24.5606
 24.5716 24.5845 24.5951 24.6058 24.6169 24.6321 24.6455 24.6576 24.673
 24.6852 24.6997 24.71   24.7204 24.7293 24.7379 24.7487 24.7578 24.7727
 24.7862 24.8022 24.8128 24.8225 24.8356 24.8523 24.8638 24.8757 24.8863
 24.8963 24.9067 24.9181 24.9412 24.9607 24.9746 24.9997 25.0099 25.0249
 25.036  25.051  25.0815 25.1023
30.7169 31.3015 33.041  33.5459 33.6713 33.7098 33.749  33.8652 34.0426
 34.1268 34.1597 34.1898 34.215  34.2358 34.3467 34.3632 34.4096 34.4289
 34.4677 34.5081 34.5431 34.5801 34.5961 34.6177 34.6327 34.6597 34.6733
 34.6899 34.7591 34.814  34.9484 34.9906
41.3298 41.928  42.3421 42.5079 42.5808 42.773  42.8098 42.9047 43.0518
 43.0823 43.1805 43.2567 43.2802 43.3208 43.3877 43.4108 43.4253 43.4421
 43.4616 43.5198 43.5581 43.602  43.6618 43.6803 43.7346 43.7648 43.7876
 43.8105 43.8293 43.841  43.8567 43.8788 43.8934 43.9104 43.9399 43.9593
 43.9752 43.9999 44.0192 44.0324 44.0516 44.069  44.1044 44.1214 44.1369
 44.1615 44.2016 44.2181 44.2418 44.2674 44.2956 44.3148 44.3852 49.6961
51.7466 52.1391 52.2803 52.4667 52.6673 52.7404 52.7606 52.8065 52.8273
 52.8541 52.9221 52.9382 52.9602 53.0389 53.0731 53.0958 53.1305 53.1448
 53.1815 53.2631 53.3026 53.3261 53.3455 53.3705 53.4528 53.4641 53.488
 53.5239 53.5384 53.5494 53.5637 53.5881 53.6144 53.6386 53.6513 53.6641
 53.6964 53.7724 53.886  53.9169
61.6713 62.0629 62.0927 62.1844 62.2989 62.3552 62.4107 62.4526 62.4816
 62.5945 62.6431 62.6603 62.7011 62.7296 62.755  62.7714 62.8242 62.8394
 62.8565 62.9076 62.9217 62.9335 62.952  62.9904 63.0124 63.0735 63.0865
 63.1252 63.1398 63.1758 63.1871 63.2137 63.2296 63.246  63.2702 63.2854
 63.3187 63.3287 63.3434 63.4862

