12.5551 13.1288 13.3094 13.5056 13.8057 13.8639 13.8937 13.9188 13.9676
 14.0726 14.0928 14.1788 14.2094 14.2396 14.2606 14.2946 14.3284 14.3482
 14.3822 14.4023 14.4402 14.4536 14.4758 14.5042 14.5149 14.5314 14.5509
 14.564  14.5783 14.5922 14.6134 14.627  14.638  14.6501 14.6684 14.6848
 14.7006 14.7166 14.7351 14.7469 14.7589 14.7711 14.7866 14.7974 14.8076
 14.8179 14.8269 14.8369 14.8466 14.8605 14.8735 14.8854 14.8957 14.9047
 14.9163 14.9259 14.9381 14.9496 14.9633 14.974  14.9827 14.992  15.0027
 15.0126 15.022  15.032  15.0411 15.0508 15.0615 15.0722 15.0823 15.0938
 15.1051 15.1156 15.1278 15.1365 15.1445 15.1528 15.1612 15.1705 15.182
 15.1905 15.2012 15.2121 15.2221 15.2324 15.2425 15.2526 15.2629 15.2735
 15.2827 15.294  15.3041 15.3151 15.3243 15.3325 15.343  15.3532 15.363
 15.373  15.3813 15.3907 15.3999 15.4098 15.4198 15.4316 15.4437 15.4537
 15.4632 15.4738 15.4852 15.4951 15.5103 15.5213 15.5312 15.5406 15.554
 15.5674 15.5807 15.5916 15.6012 15.6121 15.6353 15.6476 15.6586 15.6685
 15.6816 15.6907 15.7001 15.7145 15.7288 15.7435 15.7639 15.8134 15.8281
21.8443 21.9518 22.3912 22.6066 22.9109 23.1312 23.2876 23.3385 23.3987
 23.4237 23.4544 23.4887 23.5096 23.558  23.5751 23.6105 23.6508 23.6663
 23.6873 23.7049 23.7276 23.7467 23.7574 23.7724 23.7925 23.8063 23.8241
 23.8379 23.8516 23.8624 23.8808 23.9016 23.9243 23.9462 23.9631 23.9797
 23.9931 24.0029 24.0202 24.0356 24.0508 24.0635 24.0803 24.0944 24.1038
 24.1149 24.1306 24.1403 24.151  24.1658 24.1778 24.1905 24.201  24.2125
 24.2233 24.2338 24.2437 24.2549 24.268  24.2764 24.2853 24.2941 24.3021
 24.3114 24.3199 24.3294 24.3399 24.3486 24.3577 24.3666 24.3769 24.386
 24.3949 24.4054 24.4151 24.4239 24.4325 24.4412 24.4507 24.4593 24.4686
 24.4763 24.4863 24.4957 24.5034 24.5111 24.5199 24.5277 24.5355 24.5431
 24.5518 24.5608 24.5707 24.5792 24.5869 24.5962 24.6046 24.6127 24.6211
 24.6301 24.6392 24.647  24.6546 24.6633 24.6715 24.6797 24.6897 24.6975
 24.7057 24.7128 24.7206 24.7287 24.7373 24.7473 24.7556 24.7646 24.7738
 24.7821 24.79   24.7987 24.8065 24.8139 24.8231 24.8306 24.8391 24.8478
 24.8562 24.8644 24.8727 24.8802 24.8877 24.8976 24.9059 24.9147 24.9233
 24.932  24.9398 24.9482 24.9571 24.9653 24.9737 24.9812 24.9884 24.9965
 25.004  25.0127 25.0214 25.0297 25.0369 25.0452 25.0538 25.0619 25.0713
 25.0801 25.0879 25.0973 25.107  25.1164 25.1266 25.1349 25.1457 25.1553
 25.1636 25.1723 25.1819 25.1908 25.2006 25.2133 25.2243 25.2356 25.2524
 25.2628 25.2729 25.2848 25.297  25.3109 25.3232 25.3367 25.3482 25.3651
 25.387  25.3982 25.419  25.4993 29.2477
30.1093 32.8148 33.0544 33.1074 33.2195 33.2573 33.3722 33.4099 33.6507
 33.7211 33.7889 33.9123 33.9325 33.9736 34.0123 34.0431 34.0631 34.0997
 34.1421 34.1591 34.1767 34.1932 34.2256 34.2454 34.2667 34.2802 34.2959
 34.3191 34.3351 34.3532 34.3782 34.3945 34.408  34.4303 34.4425 34.4573
 34.4786 34.4976 34.5096 34.523  34.5409 34.5522 34.5646 34.5797 34.5946
 34.6156 34.6313 34.6429 34.6581 34.6688 34.6798 34.6936 34.7044 34.7158
 34.7267 34.7391 34.7524 34.7626 34.7732 34.7854 34.8012 34.8181 34.829
 34.842  34.8553 34.8696 34.8879 34.9002 34.9123 34.9236 34.9412 34.9525
 34.9675 34.9778 34.989  35.0046 35.0235 35.0367 35.051  35.0628 35.0745
 35.0886 35.0987 35.1089 35.1235 35.1348 35.152  35.1735 35.1959 35.2098
 35.2228 35.2374 35.3033 35.3584 35.4215
42.007  42.2838 42.5081 42.6193 42.7634 42.8378 42.8743 43.0363 43.1344
 43.1646 43.1888 43.2341 43.2703 43.2924 43.3084 43.3367 43.3642 43.3791
 43.3959 43.4116 43.4286 43.4478 43.4709 43.4942 43.5089 43.5255 43.5383
 43.5517 43.5731 43.5862 43.601  43.6147 43.6355 43.6489 43.6587 43.6721
 43.6843 43.6944 43.7048 43.7212 43.7335 43.7451 43.7593 43.7725 43.7836
 43.7952 43.805  43.815  43.8268 43.8389 43.8514 43.8741 43.8871 43.8982
 43.9087 43.9192 43.9298 43.951  43.9624 43.9724 43.9855 43.995  44.0063
 44.0171 44.0278 44.0392 44.0499 44.0624 44.0719 44.0828 44.0925 44.1015
 44.112  44.1233 44.1331 44.1429 44.1531 44.1634 44.1724 44.1835 44.1936
 44.2037 44.2126 44.2221 44.2301 44.2407 44.2502 44.2601 44.271  44.2811
 44.2908 44.3016 44.3123 44.3249 44.3374 44.3499 44.3625 44.3737 44.3845
 44.3943 44.4039 44.4147 44.4297 44.4392 44.4515 44.462  44.4713 44.4817
 44.4901 44.4999 44.5126 44.5251 44.5341 44.5448 44.5576 44.5675 44.5764
 44.5918 44.602  44.614  44.6231 44.6334 44.652  44.6641 44.6785 44.6916
 44.7081 44.7332 44.7574 44.774  44.7925
52.0935 52.1137 52.2677 52.4337 52.486  52.5162 52.5567 52.6119 52.6396
 52.6808 52.7    52.8495 52.8722 52.8894 52.914  52.9354 52.9552 52.9802
 53.0064 53.0334 53.0456 53.06   53.0743 53.0859 53.0993 53.1202 53.1358
 53.1534 53.1747 53.1855 53.1985 53.2145 53.2472 53.2634 53.277  53.2869
 53.3005 53.3221 53.3416 53.359  53.3713 53.3849 53.3952 53.4068 53.4205
 53.4357 53.4521 53.4676 53.4782 53.4879 53.4994 53.5102 53.5197 53.5287
 53.5383 53.5525 53.5631 53.5791 53.5902 53.6007 53.6134 53.6251 53.6367
 53.6505 53.6677 53.6788 53.6915 53.7033 53.7162 53.7296 53.7421 53.7553
 53.7659 53.7772 53.7869 53.7972 53.8089 53.8189 53.8299 53.8411 53.8515
 53.863  53.8749 53.8902 53.9019 53.914  53.9314 53.9444 53.9569 53.9683
 53.9856 53.9974 54.0076 54.0331 54.0484 54.0602 54.0729 54.0897 54.1042
 54.1158 54.1284 54.1409 54.2136
61.8379 61.9387 61.9669 62.0269 62.058  62.1617 62.2099 62.2723 62.3001
 62.3256 62.3555 62.3847 62.4364 62.4527 62.4782 62.501  62.5303 62.5539
 62.5686 62.5894 62.6099 62.6259 62.6506 62.6672 62.6797 62.6958 62.7172
 62.7332 62.7475 62.7663 62.7781 62.7918 62.8049 62.8177 62.8392 62.8528
 62.8647 62.8781 62.8901 62.9005 62.9104 62.9212 62.9403 62.9504 62.963
 62.9844 62.9954 63.0059 63.0194 63.0324 63.0438 63.055  63.0653 63.0796
 63.0944 63.1052 63.1159 63.1264 63.1361 63.1454 63.1567 63.1667 63.179
 63.1905 63.2015 63.2134 63.2245 63.2328 63.2422 63.2519 63.2603 63.2689
 63.2796 63.2928 63.3029 63.3155 63.3265 63.336  63.3457 63.3602 63.3732
 63.3842 63.3943 63.4038 63.4147 63.4247 63.4348 63.4437 63.4559 63.4681
 63.4799 63.4916 63.5026 63.513  63.528  63.5411 63.5576 63.5762 63.5928
 63.6079 63.6245 63.6361 63.6551 63.6753 63.6968 63.7247 63.7587 63.7743
 63.8071

