10.9965 13.8858 13.9857 14.0167 14.0712 14.116  14.2627 14.3857 14.4543
 14.479  14.5493 14.5808 14.6063 14.6302 14.655  14.6716 14.6878 14.7173
 14.7448 14.7772 14.7973 14.8492 14.8672 14.883  14.9036 14.9217 14.9346
 14.9488 14.963  14.987  15.0019 15.0234 15.0388 15.0544 15.095  15.1116
 15.1332 15.1594 15.1774 15.1896 15.2089 15.2246 15.2504 15.2782 15.3107
 15.33   15.3438 15.3599 15.3757 15.3917 15.4046 15.4276 15.4378 15.461
 15.4815 15.4995 15.5143 15.532  15.5485 15.5623 15.5834 15.6028 15.6283
 15.6486 15.6639 15.6953 15.7131 15.7275 15.7474 15.7881 15.8038 15.8198
 15.839  15.8634 15.8941 15.9091 15.9323 15.9839
23.555  23.5968 23.6151 23.6935 23.7238 23.7558 23.8336 23.8652 23.8799
 23.8984 23.923  23.9559 23.9918 24.025  24.0585 24.0735 24.1316 24.1594
 24.1963 24.2183 24.2381 24.2571 24.2732 24.2891 24.3064 24.3219 24.3395
 24.352  24.3809 24.4023 24.4271 24.4505 24.467  24.483  24.5    24.5236
 24.5355 24.5526 24.5676 24.5779 24.5896 24.6006 24.6121 24.6237 24.639
 24.6507 24.6602 24.6722 24.6829 24.6934 24.704  24.7151 24.729  24.7444
 24.7586 24.7717 24.7856 24.7988 24.8096 24.8214 24.835  24.8445 24.8561
 24.8686 24.8796 24.8894 24.9042 24.9202 24.9329 24.9458 24.9558 24.9669
 24.9862 24.9966 25.0099 25.0253 25.038  25.0474 25.0584 25.0706 25.083
 25.0963 25.1062 25.1168 25.1291 25.141  25.1546 25.1657 25.1779 25.187
 25.202  25.2158 25.2315 25.2439 25.2569 25.2729 25.2907 25.3069 25.3249
 25.3408 25.3581 25.3735 25.385  25.3957 25.4082 25.4239 25.4427 25.4617
 25.4889 25.5029 25.5151 25.5482 25.5647 25.6167 25.6344 25.6485 25.6683
 25.7196 25.7589
33.8361 33.9625 33.9999 34.032  34.1104 34.1474 34.2743 34.3259 34.3547
 34.3856 34.4247 34.4439 34.4636 34.5017 34.5183 34.5524 34.601  34.6588
 34.6765 34.6941 34.7429 34.7886 34.8126 34.8289 34.8563 34.8785 34.9057
 34.9295 34.9443 34.9635 35.0066 35.0365 35.0656 35.1227 35.145  35.2042
 35.2165 35.2421 35.2653 35.33   35.3747 35.5362
42.6143 43.1452 43.2657 43.3317 43.3712 43.3979 43.4197 43.5304 43.5593
 43.5844 43.6269 43.6451 43.6572 43.6833 43.7001 43.7575 43.7741 43.7933
 43.8085 43.8271 43.8428 43.8576 43.8718 43.8855 43.9033 43.9269 43.9393
 43.9549 43.9749 43.9907 44.0038 44.0173 44.0358 44.0504 44.0661 44.0843
 44.0976 44.1115 44.1281 44.1426 44.1538 44.167  44.1838 44.2037 44.2271
 44.2508 44.2732 44.2893 44.3499 44.3632 44.3767 44.3994 44.4234 44.4374
 44.4512 44.4661 44.4793 44.4906 44.5021 44.5298 44.5529 44.567  44.5821
 44.6033 44.6284 44.6585 44.6742 44.6853 44.7002 44.7267 44.7536 44.7753
 44.7956 44.8148 44.8434 44.8659 44.8882 44.9706 45.0134 48.8322
52.7772 53.0693 53.1271 53.1448 53.1654 53.1782 53.2198 53.2386 53.2843
 53.2995 53.3166 53.3439 53.3874 53.4078 53.4222 53.4359 53.4625 53.4759
 53.4928 53.5583 53.5874 53.6216 53.6402 53.6576 53.678  53.6991 53.7149
 53.729  53.746  53.7643 53.7914 53.8257 53.8789 53.903  53.9173 53.9454
 53.9634 53.9868 54.0033 54.0242 54.0728 54.1261 54.1555 54.2326 54.3324
 54.3662
61.3292 61.373  62.1428 62.3236 62.3405 62.428  62.5528 62.649  62.7119
 62.7726 62.8143 62.8356 62.8545 62.8794 62.8968 62.9538 62.9888 63.0349
 63.0514 63.0784 63.1036 63.1266 63.1423 63.1579 63.1817 63.202  63.2184
 63.2395 63.2557 63.2718 63.2885 63.3023 63.3155 63.3368 63.3631 63.3863
 63.4156 63.4431 63.4611 63.4789 63.4992 63.5202 63.547  63.5673 63.5822
 63.5954 63.6107 63.6255 63.6481 63.6659 63.6893 63.7076 63.724  63.7477
 63.8045 63.9843

