13.5391 14.3365 14.4207 14.4422 14.473  14.5108 14.5536 14.6239 14.6505
 14.6684 14.6937 14.7093 14.7726 14.8089 14.8505 14.8755 14.8919 14.914
 14.9578 14.9817 14.9969 15.0118 15.0319 15.0574 15.0769 15.0957 15.1133
 15.1358 15.1665 15.1834 15.2007 15.2122 15.236  15.2672 15.2967 15.3127
 15.3385 15.3595 15.3868 15.4115 15.4309 15.46   15.4744 15.5048 15.5217
 15.5657 15.5876 15.6223 15.6416 15.7066 15.7242 15.7496 15.8506
20.2499 23.7017 23.8607 23.8866 23.9169 23.9477 23.998  24.0167 24.0562
 24.09   24.1056 24.1403 24.1647 24.1819 24.237  24.2571 24.2835 24.3088
 24.3239 24.359  24.3734 24.391  24.411  24.4298 24.4461 24.4653 24.4834
 24.4972 24.5106 24.5229 24.5381 24.5508 24.5645 24.5785 24.5941 24.608
 24.6218 24.6422 24.662  24.6775 24.6894 24.7007 24.7173 24.7335 24.7555
 24.7687 24.7834 24.7968 24.8138 24.8351 24.8525 24.871  24.8846 24.8973
 24.9144 24.9256 24.9395 24.9658 24.9827 24.9989 25.0124 25.0281 25.0388
 25.054  25.0666 25.078  25.0915 25.1045 25.1163 25.1311 25.1589 25.1819
 25.2007 25.2162 25.2337 25.26   25.2797 25.2987 25.3121 25.3646 25.3781
 25.4024 25.4159 25.4331 25.4615 25.4797 25.5249
33.5399 33.7009 33.7416 33.8008 33.9038 34.0044 34.0719 34.1902 34.3443
 34.378  34.4636 34.4994 34.5188 34.5537 34.5771 34.6084 34.6774 34.698
 34.717  34.8109 34.8282 34.8556 34.9302 34.9632 35.0364 35.0707 35.0909
40.9554 42.9936 43.3163 43.3368 43.436  43.4596 43.5484 43.5738 43.5914
 43.6307 43.6802 43.7648 43.7836 43.8108 43.845  43.8767 43.9099 43.9281
 43.942  43.9907 44.008  44.0264 44.0419 44.0596 44.0782 44.0979 44.1262
 44.1698 44.2246 44.2577 44.2718 44.2915 44.3357 44.3834 44.4434 44.4601
 44.4788 44.5278 44.6308 44.6669 44.7234 44.7434 44.755  44.8139 44.8523
 45.1032
51.8706 52.3107 52.8377 52.9009 52.9206 52.9927 53.023  53.1424 53.1729
 53.2863 53.3616 53.3759 53.3939 53.4164 53.5148 53.5702 53.6051 53.659
 53.6976 53.7081 53.7218 53.7716 53.7979 53.8389 53.9508 54.0157 54.1799
61.645  62.6039 62.6222 62.7203 62.7415 62.7652 62.7807 62.8261 62.8512
 62.8691 62.8971 62.9194 62.9474 63.027  63.0388 63.0575 63.0802 63.1091
 63.1289 63.1534 63.1681 63.1837 63.1965 63.2162 63.2344 63.2482 63.2638
 63.2797 63.2956 63.3165 63.3376 63.3542 63.3799 63.3993 63.427  63.4399
 63.4825 63.5309 63.6564 63.6896

