13.3227 14.3935 14.4946 14.5165 14.5889 14.7004 14.7649 14.7968 14.8134
 14.8919 14.9159 14.9411 15.0083 15.1078 15.1442 15.1746 15.2549
23.3957 23.4712 23.5046 23.5913 23.7633 23.8778 24.0132 24.0485 24.0736
 24.122  24.1425 24.206  24.2543 24.2815 24.3117 24.344  24.3588 24.3812
 24.4041 24.4271 24.4488 24.4837 24.5039 24.7058 24.7388 24.7581 24.7891
 24.8094 24.8245 24.8925 24.9324
33.9237 34.2822 34.513  34.5569 34.5748 34.6158 34.6475 34.6961 34.7435
 39.2173
41.9695 42.3739 42.6908 42.7219 43.0217 43.1052 43.1715 43.3379 43.4973
 43.5346 43.5532 43.6065 43.6513 43.6767 43.7525 43.7979 43.8419 43.9377
 44.038  44.1201
51.815  52.0696 52.6752 52.8699 53.1116 53.2612 53.3487 53.3659 53.3877
 53.5495 53.6179 53.763  53.9232 54.0087
62.0907 62.4026 62.4575 62.5778 62.8234 62.8799 62.8999 62.9699 63.035
 63.0494 63.0647 63.095  63.1347 63.3051

