13.0718 14.2332 14.3368 14.3882 14.4398 14.5119 14.5468 14.6806 14.7995
 14.825  14.9418 14.9749 14.9962 15.0176 15.1372
22.8887 23.2032 23.2427 23.5368 23.5605 23.8122 23.8349 24.0308 24.114
 24.2039 24.2472 24.4131
32.2189 32.4416 32.5725 32.6685 32.7615 33.0719 33.1441 33.3143 33.3484
 33.4086 33.4347 33.5309 33.5812 33.6156 33.6519 33.6841 33.7032 33.7932
 33.8228
41.5917 42.0507 42.3466 42.5783 42.7212 42.7414 42.8664 42.9512 43.0319
 43.1337 43.1574 43.1773 43.2039 43.3919 43.5958 43.6683
51.0147 51.5244 51.8725 52.2903 52.3107 52.3528 52.4899 52.5308 52.5759
 52.6452 52.677  52.7955 58.7922
60.1916 61.583  61.688  61.7748 61.8098 61.8338 61.8994 61.9278 62.0113
 62.0537 62.111  62.1838 62.2172 62.2933 62.3783 62.3992 62.4141 62.4937
 62.5614 62.5786 62.6612

