10.8559 13.9941 14.0479 14.2185 14.4661 14.6109 14.7075 14.785  14.8369
 14.9402 15.0326 15.0693 15.0991 15.1173 15.1462 15.4259 15.461
21.4134 24.0245 24.0917 24.1813 24.2755 24.3267 24.3933 24.4953 24.5349
 24.5844
32.8791 33.1211 33.321  33.4104 33.4706 33.5068 33.6014 33.6234 33.6468
 33.6954 33.7221 33.7371 33.7779 33.8199 33.8524 33.8728 33.8908 33.9605
 33.9788 34.0655 34.1682
41.6985 41.7621 42.6949 42.7743 43.0748 43.1188 43.2169 43.2699 43.2903
 43.3884 43.5558 43.5739 43.6053 43.6915
51.476  52.1217 52.3418 52.3935 52.4678 52.4976 52.7474 52.8144 52.8498
 52.9869 53.063  53.1842 53.2062 53.2778
61.1377 61.9138 61.9778 62.0236 62.0916 62.1858 62.2258 62.2641 62.3977
 62.4291 62.4822 62.5362 62.5536 62.5844 62.6113 62.7351 63.0584

