10.9395 11.4456 14.0186 14.2454 14.3482 14.4065 14.4712 14.5657 14.6116
 14.9779 15.1175
23.7935 24.0789 24.1007 24.1692 24.2008 24.4426 24.4884 24.546
31.0178 31.2213 32.8679 34.0593 34.081  34.1484 34.5408 39.2915
41.8664 42.9032 42.9534 43.0161 43.0633 43.0946 43.1707 43.2187 43.2435
 43.306  43.3847 43.4152 43.4557
52.4638 52.6627 52.7066 52.8183 52.9674 53.0326 53.0536 53.1539
61.2272 61.4324 61.4812 61.513  61.7065 61.7577 61.8289 61.8571 61.9127
 62.0028 62.0677 62.2293 62.2546 62.2824 62.3971 62.4383 62.4794 62.5088
 62.5312 62.5645 62.5931 62.6437 67.9488

