12.6308 13.5345 13.6765 14.015  14.1176 14.1663 14.2197 14.2638 14.2867
 14.3135 14.3588 14.3813 14.4037 14.4264 14.447  14.4884 14.5034 14.518
 14.5545 14.5757 14.5886 14.6058 14.6249 14.6436 14.6567 14.6697 14.6858
 14.7027 14.7187 14.7329 14.7482 14.7659 14.7784 14.7939 14.8105 14.8305
 14.8535 14.8724 14.8872 14.9118 14.9297 14.9438 14.959  14.9749 14.9859
 15.0035 15.0148 15.0254 15.0379 15.0507 15.0624 15.0743 15.0837 15.0956
 15.107  15.1177 15.1285 15.1429 15.1557 15.1683 15.1787 15.1917 15.2021
 15.2122 15.2221 15.233  15.2429 15.2541 15.265  15.277  15.2898 15.3009
 15.3128 15.3262 15.3388 15.348  15.366  15.3799 15.3927 15.4036 15.4138
 15.4244 15.4336 15.4431 15.4544 15.4649 15.4753 15.484  15.4922 15.5026
 15.5138 15.5248 15.5357 15.5488 15.5604 15.5719 15.5822 15.5951 15.6083
 15.621  15.6317 15.6456 15.6567 15.6689 15.6812 15.693  15.7058 15.7179
 15.7304 15.7427 15.7539 15.7661 15.7776 15.7899 15.7989 15.8105 15.8226
 15.8342 15.8462 15.8577 15.8723 15.8826 15.8932 15.9061 15.918  15.9304
 15.9427 15.959  15.9724 15.9847 15.9997 16.0118 16.0251 16.0405 16.0556
 16.072  16.0841 16.0979 16.1128 16.1337 16.1504 16.1687 16.1845 16.1985
 16.2124 16.2278 16.2427 16.2571 16.2723 16.2926 16.3065 16.3254 16.3505
 16.3665 16.3825 16.3963 16.424  16.4461 16.4658 16.483  16.5251 16.5534
 16.5738 16.5986 16.6294 16.6912 16.7317 16.761  16.9749
23.9462 23.9679 24.1653 24.2213 24.2415 24.3203 24.3966 24.4417 24.4863
 24.5059 24.5387 24.5706 24.592  24.6077 24.62   24.6363 24.6527 24.6793
 24.6968 24.7164 24.7313 24.7517 24.7692 24.7811 24.7965 24.8079 24.8205
 24.8311 24.845  24.8602 24.881  24.8995 24.913  24.9292 24.9437 24.958
 24.9774 24.9949 25.0077 25.0196 25.0341 25.0455 25.0616 25.0738 25.0871
 25.1063 25.1203 25.1331 25.1455 25.1596 25.1744 25.1866 25.1988 25.211
 25.2222 25.2424 25.2532 25.2675 25.2782 25.2901 25.3038 25.314  25.3244
 25.3367 25.3494 25.3624 25.3757 25.395  25.4074 25.422  25.4364 25.4505
 25.4696 25.49   25.5048 25.5186 25.5307 25.5483 25.5617 25.5731 25.5852
 25.5986 25.6112 25.6284 25.6418 25.658  25.6735 25.6903 25.7049 25.7203
 25.7348 25.75   25.7611 25.7779 25.7939 25.8086 25.8275 25.8468 25.862
 25.8808 25.902  25.9352 25.9522 25.9747 25.9969 26.0158 26.0784 26.1077
 26.1295 26.1659 26.2741 26.3148 26.3699 26.4074 26.5806
32.3124 33.0061 33.6213 33.6598 33.7033 33.7755 33.8223 33.8829 33.9441
 33.9962 34.0221 34.1106 34.1322 34.1887 34.2128 34.2529 34.2909 34.3301
 34.3728 34.4028 34.4305 34.4591 34.4815 34.5058 34.5288 34.5542 34.5715
 34.5982 34.6157 34.6392 34.6674 34.679  34.6928 34.7118 34.726  34.743
 34.7598 34.7767 34.7916 34.8076 34.8249 34.8409 34.8559 34.8694 34.8872
 34.899  34.9127 34.931  34.9607 34.9777 34.995  35.0082 35.0236 35.0365
 35.05   35.0648 35.0836 35.0983 35.1144 35.1394 35.1618 35.1837 35.203
 35.2221 35.2425 35.2561 35.2832 35.3124 35.3397 35.3651 35.3878 35.4062
 35.4184 35.4377 35.5171 35.5339 35.6067 35.6952 35.7545 35.8704 35.9395
 35.9775 36.0087 36.1342 36.2419
40.0198 40.8119 42.442  42.5377 42.6382 42.7167 42.8248 42.8894 42.9171
 42.9619 43.0269 43.0874 43.169  43.1884 43.2148 43.2278 43.2435 43.2778
 43.3004 43.33   43.3479 43.364  43.3864 43.4098 43.4276 43.4431 43.4608
 43.4826 43.4933 43.5051 43.5202 43.5332 43.5461 43.5584 43.573  43.5855
 43.5992 43.6099 43.6218 43.6352 43.651  43.6655 43.6769 43.6884 43.7001
 43.7122 43.7258 43.7384 43.7515 43.7644 43.7775 43.7905 43.8    43.8097
 43.8217 43.8319 43.8418 43.8516 43.8623 43.8717 43.8824 43.8964 43.9096
 43.9218 43.9322 43.9445 43.9553 43.967  43.9784 43.9889 44.0041 44.016
 44.0271 44.0392 44.0501 44.0614 44.0745 44.085  44.0982 44.1137 44.1276
 44.1395 44.1517 44.1622 44.1734 44.1836 44.1946 44.2077 44.2197 44.2309
 44.2412 44.2526 44.2655 44.2773 44.2914 44.3055 44.3183 44.3315 44.3437
 44.355  44.367  44.3795 44.3936 44.4067 44.4183 44.43   44.4439 44.4578
 44.4683 44.4839 44.4941 44.5067 44.5189 44.5305 44.5426 44.5529 44.5637
 44.5764 44.5916 44.6038 44.6159 44.6294 44.6495 44.664  44.678  44.6927
 44.708  44.7247 44.7391 44.7554 44.7714 44.7883 44.8008 44.8147 44.8352
 44.8515 44.8946 44.9255 44.947  44.9657 44.9856 45.0088 45.0314 45.044
 45.0617 45.0772 45.0989 45.1324 45.167  45.2061 45.2672 45.302  45.3508
 45.3937 45.4233 45.6069
50.1997 51.5531 51.8406 51.8785 52.1132 52.1586 52.1941 52.3193 52.3414
 52.4556 52.4765 52.5095 52.5819 52.605  52.6436 52.6879 52.7287 52.7591
 52.7733 52.8056 52.8325 52.8644 52.8831 52.8998 52.9172 52.9349 52.9593
 52.9749 52.9998 53.0188 53.0365 53.0536 53.0657 53.0816 53.1018 53.118
 53.1383 53.1555 53.1709 53.1916 53.2074 53.2207 53.2372 53.2492 53.2596
 53.283  53.2929 53.3071 53.3197 53.3333 53.3452 53.3551 53.3735 53.3851
 53.3971 53.4081 53.4216 53.4326 53.4438 53.46   53.4758 53.4878 53.5005
 53.5115 53.5226 53.5347 53.5497 53.5629 53.5762 53.5878 53.6023 53.6149
 53.6263 53.6388 53.6529 53.6687 53.6817 53.6945 53.7175 53.7316 53.744
 53.7592 53.771  53.7846 53.7963 53.807  53.8214 53.8343 53.8466 53.8599
 53.8712 53.8841 53.8971 53.9111 53.9244 53.9384 53.9536 53.9666 53.9826
 53.9964 54.0159 54.0317 54.0431 54.0576 54.0705 54.0869 54.1064 54.1275
 54.145  54.1617 54.1772 54.1984 54.2139 54.2305 54.2455 54.26   54.2765
 54.2897 54.3105 54.3276 54.3481 54.3721 54.3967 54.4099 54.4276 54.4716
 54.4939 54.5123 54.5328 54.5568 54.5769 54.6149 54.6481 54.6738 54.7023
 54.7278 54.7481 54.7857 54.9317
61.5368 61.5965 61.6321 61.6566 61.6829 61.7608 61.7945 61.8139 61.8417
 61.8789 61.8999 61.9295 61.9663 61.9848 62.0025 62.0191 62.035  62.0524
 62.0873 62.1048 62.1168 62.131  62.1477 62.1608 62.1764 62.1895 62.2033
 62.2184 62.2378 62.2504 62.2634 62.2771 62.2881 62.3019 62.3184 62.3306
 62.3445 62.3554 62.3668 62.3809 62.3928 62.4053 62.4172 62.4341 62.4483
 62.4603 62.4727 62.4855 62.496  62.5078 62.5234 62.5348 62.5452 62.5549
 62.5645 62.5755 62.585  62.5953 62.6037 62.6125 62.6222 62.6324 62.6429
 62.6534 62.6633 62.6736 62.6846 62.695  62.7041 62.7141 62.7249 62.7333
 62.7416 62.7506 62.759  62.7677 62.7765 62.7864 62.7954 62.8052 62.8138
 62.8232 62.8328 62.8413 62.8503 62.8591 62.8679 62.879  62.8888 62.8986
 62.9076 62.9157 62.9253 62.934  62.9428 62.9508 62.9588 62.9678 62.9766
 62.9864 62.996  63.0046 63.0127 63.021  63.03   63.0381 63.0474 63.0558
 63.0637 63.0722 63.0813 63.0893 63.0985 63.107  63.1158 63.1251 63.1346
 63.1435 63.1521 63.1604 63.1688 63.1773 63.1856 63.1948 63.2031 63.2121
 63.2206 63.2292 63.2401 63.249  63.2593 63.2681 63.2776 63.2857 63.2946
 63.3031 63.3122 63.3202 63.3284 63.338  63.3482 63.3574 63.367  63.3782
 63.3874 63.3985 63.4078 63.4184 63.4288 63.4387 63.4485 63.458  63.4686
 63.4789 63.4883 63.4972 63.5054 63.5153 63.5248 63.5349 63.5447 63.5543
 63.5647 63.5752 63.5858 63.596  63.6056 63.6158 63.6247 63.6345 63.6434
 63.6548 63.6649 63.6757 63.6859 63.6964 63.7074 63.7182 63.729  63.7385
 63.7503 63.7598 63.7709 63.7827 63.7947 63.8074 63.8176 63.8318 63.8432
 63.8559 63.8672 63.8781 63.8921 63.904  63.9186 63.9316 63.9439 63.9611
 63.9772 63.9919 64.0061 64.0192 64.0332 64.0481 64.06   64.0745 64.0892
 64.1052 64.1217 64.1347 64.1498 64.1657 64.1881 64.2117 64.2356 64.2515
 64.2674 64.2828 64.3021 64.3185 64.3339 64.3485 64.3838 64.408  64.4402
 64.4697 64.5115 64.5604 64.6316 64.651

