13.2942 13.7976 13.9905 14.0377 14.0845 14.1207 14.1898 14.2278 14.2493
 14.2731 14.3163 14.3357 14.3849 14.4052 14.4219 14.4984 14.5345 14.5628
 14.5932 14.6146 14.6605 14.6886 14.7105 14.7317 14.7444 14.7996 14.833
 14.8605 14.8942 14.9593 14.9781 14.9978 15.0139 15.0291 15.06   15.1195
 15.229  15.2512 15.2827 15.3713
21.813  22.5979 23.0976 23.2069 23.3766 23.6514 23.7875 23.9076 24.0603
 24.1366 24.2013 24.2601 24.2949 24.3485 24.3664 24.3893 24.4042 24.4276
 24.4511 24.5093 24.5502 24.5674 24.5877 24.6225 24.6635 24.6828 24.7572
 24.7944 24.8298 24.9076 25.0561 25.2379
32.0913 33.7328 33.8379 33.9316 33.9659 33.9921 34.0567 34.1241 34.1922
 34.2298 34.2892 34.3531 34.3694 34.4268 34.4441 34.4884 34.6561 34.7916
41.6008 42.1339 42.3864 42.5067 42.5285 42.5862 42.6037 42.7273 42.8407
 42.8803 42.9407 43.0533 43.0983 43.134  43.1576 43.1754 43.2304 43.269
 43.3051 43.3655 43.4113 43.4284 43.4529 43.4894 43.5119 43.5569 43.598
 43.6323 43.656  43.6756 43.6953 43.7109 43.788  43.8013 43.8169 43.8377
 43.8517 43.8806 43.9265 43.9517 44.0397
51.8116 51.8625 51.9993 52.0645 52.2171 52.247  52.3352 52.492  52.5398
 52.5717 52.6279 52.6974 52.7193 52.742  52.7955 52.8098 52.8399 52.8842
 52.9097 52.9319 52.9484 52.9813 52.9977 53.0097 53.0275 53.0478 53.0823
 53.2008 53.2863 53.4034 59.9679
61.098  61.2167 61.2905 61.3908 61.4716 61.5363 61.5787 61.6241 61.6902
 61.7462 61.8847 61.9002 61.9315 61.9643 61.9956 62.0155 62.0415 62.0735
 62.1308 62.144  62.1565 62.2062 62.223  62.2324 62.2466 62.2617 62.2769
 62.2883 62.3108 62.3235 62.3348 62.37   62.3882 62.4069 62.4261 62.4448
 62.4691 62.5094 62.5226 62.5353 62.5508 62.5635 62.5739 62.5849 62.5983
 62.6133 62.6261 62.6387 62.652  62.6616 62.6777 62.6933 62.7053 62.7272
 62.7393 62.762  62.7881 62.8047 62.8144 62.8269 62.8473 62.8584 62.8732
 62.8873 62.9036 62.9408 62.9608 62.9816 62.9957 63.0184 63.0348

