13.7614 13.7847 14.2417 14.459  14.5228 14.553  14.5906 14.6449 14.6759
 14.7563 14.7773 14.7943 14.8136 14.8729 14.8907 14.913  14.9676 15.0037
 15.0477 15.0686 15.1329 15.2097 15.3478
23.458  23.6099 24.3536 24.3786 24.4275 24.5834 24.6079 24.6495 24.7009
 24.721  24.7451 24.816  24.8325 24.9889
33.0199 33.0922 33.6713 33.7958 34.3659 34.4627 34.6681 34.6929
42.6708 42.7419 42.9162 43.0048 43.1382 43.1812 43.241  43.2784 43.3138
 43.3265 43.3714 43.442  43.4536 43.4666 43.4904 43.5418 43.5563 43.6116
 43.6526 43.6777 43.7026 43.7939 43.816  43.8893 44.1599
51.1243 51.7948 52.1286 52.1881 52.4552 52.5086 52.5357 52.5789 52.5962
 52.6616 52.6834 52.7187 52.766  52.8199 52.8523 52.869  52.8958 52.9881
 53.0612 53.1645 53.2178 53.4474
61.4358 61.4875 61.5452 61.5796 61.6057 61.6326 61.6859 61.7319 61.7764
 61.8338 61.9067 61.9275 61.9633 61.979  62.0169 62.0356 62.0654 62.0919
 62.1103 62.127  62.1646 62.1875 62.2166 62.252  62.2692 62.307  62.337
 62.3518 62.374  62.4055 62.4242 62.4689 62.5326 62.593  62.6262 62.6374
 62.6609 62.6844 62.7043 62.7679 62.8517 62.8847 62.9168 62.9699 62.9917
 63.0082 69.3311

