13.2323 13.3066 13.4761 13.5395 13.5821 13.6219 13.6418 13.7236 13.7438
 13.7872 13.8076 13.8298 13.8456 13.8637 13.8847 13.907  13.933  13.9515
 13.9715 13.9849 14.0002 14.0159 14.0329 14.047  14.0595 14.073  14.0897
 14.1092 14.1239 14.1378 14.1518 14.163  14.1773 14.1896 14.2033 14.2213
 14.2338 14.2473 14.2611 14.2739 14.2911 14.3062 14.3197 14.3327 14.346
 14.36   14.3719 14.3889 14.408  14.4214 14.4344 14.4461 14.4575 14.4687
 14.4822 14.4921 14.5057 14.5181 14.5298 14.5405 14.5496 14.5601 14.5702
 14.5812 14.592  14.6037 14.6158 14.6273 14.6405 14.6496 14.6615 14.6718
 14.683  14.6945 14.7049 14.7163 14.7249 14.7365 14.7455 14.755  14.7698
 14.7798 14.7897 14.7987 14.8086 14.8182 14.8271 14.8363 14.8452 14.8545
 14.8638 14.8729 14.8826 14.892  14.9008 14.9101 14.9205 14.9311 14.9412
 14.9514 14.9622 14.9722 14.9815 14.9919 15.0016 15.0107 15.0206 15.0302
 15.0397 15.0483 15.0574 15.0678 15.0794 15.0896 15.0996 15.1097 15.121
 15.1308 15.1424 15.1516 15.1613 15.1713 15.1826 15.1926 15.2025 15.2119
 15.2224 15.232  15.2435 15.2546 15.2659 15.2754 15.2863 15.2955 15.3056
 15.3164 15.3268 15.3397 15.3512 15.3629 15.3748 15.3847 15.395  15.4067
 15.418  15.4288 15.4408 15.4527 15.4635 15.474  15.4856 15.4966 15.5092
 15.5201 15.5308 15.5417 15.5521 15.5676 15.5792 15.5911 15.6013 15.6119
 15.6221 15.6338 15.6471 15.6571 15.6681 15.6789 15.6894 15.7    15.7094
 15.7222 15.7354 15.749  15.7645 15.7768 15.7888 15.8028 15.8141 15.8276
 15.8416 15.8545 15.8673 15.8802 15.8946 15.9114 15.9257 15.9417 15.9547
 15.9719 15.9862 15.9997 16.0148 16.0277 16.0408 16.0541 16.0715 16.0863
 16.1046 16.1199 16.1347 16.1528 16.1751 16.2079 16.2256 16.2445 16.2681
 16.3053 16.3304 16.3566 16.3878 16.7301
22.1146 22.4781 22.7364 22.7984 22.829  22.8897 22.9162 22.9316 22.963
 23.0048 23.0552 23.0769 23.1098 23.1445 23.1745 23.1893 23.2183 23.2346
 23.2505 23.2669 23.2809 23.3044 23.3274 23.3405 23.3532 23.3705 23.3851
 23.406  23.424  23.4368 23.4524 23.4692 23.4835 23.4957 23.5099 23.5219
 23.537  23.5516 23.5709 23.5851 23.5951 23.6065 23.6179 23.631  23.6417
 23.6519 23.6627 23.6749 23.686  23.7009 23.7121 23.7216 23.7341 23.7445
 23.755  23.7648 23.7764 23.7882 23.7997 23.8088 23.8223 23.834  23.8445
 23.8554 23.8665 23.8766 23.8926 23.9072 23.9195 23.932  23.9411 23.952
 23.9616 23.9728 23.9835 23.9933 24.0032 24.0123 24.0225 24.0315 24.0413
 24.0522 24.0615 24.07   24.0808 24.0913 24.1016 24.1112 24.1226 24.1337
 24.1445 24.1558 24.165  24.1761 24.1854 24.1949 24.2041 24.2134 24.2233
 24.2344 24.2436 24.2529 24.2612 24.2695 24.2786 24.2878 24.2967 24.3069
 24.3168 24.3269 24.336  24.3443 24.3542 24.366  24.375  24.3856 24.3957
 24.4043 24.4151 24.4247 24.4355 24.4444 24.4542 24.4635 24.4736 24.4849
 24.4945 24.5043 24.5131 24.5222 24.531  24.5405 24.551  24.56   24.5698
 24.5794 24.5884 24.5979 24.6092 24.619  24.6291 24.6392 24.6498 24.6592
 24.6687 24.6803 24.6907 24.7007 24.711  24.7211 24.7318 24.7411 24.751
 24.7599 24.7712 24.7803 24.7931 24.8043 24.815  24.8283 24.8393 24.8511
 24.8632 24.8756 24.8848 24.8965 24.9062 24.9159 24.9261 24.9357 24.9485
 24.9584 24.9712 24.9836 24.9943 25.0052 25.0178 25.0304 25.0443 25.0569
 25.0699 25.0848 25.0956 25.109  25.1205 25.1351 25.1474 25.1599 25.1719
 25.1839 25.196  25.2084 25.2205 25.2402 25.2547 25.2715 25.2854 25.2978
 25.3158 25.3298 25.3448 25.3646 25.3789 25.3967 25.4153 25.433  25.4608
 25.483  25.5034 25.5214 25.5416 25.5579 25.5875 25.6046 25.7061 25.7471
 25.7858
31.429  31.5577 31.6351 31.6577 31.7368 31.8903 31.9164 31.964  31.9874
 32.0147 32.0511 32.081  32.1363 32.1548 32.1811 32.1987 32.2227 32.2384
 32.2577 32.2778 32.2943 32.3116 32.3244 32.3433 32.3542 32.3688 32.3826
 32.3993 32.421  32.4336 32.4471 32.4581 32.471  32.483  32.4935 32.5081
 32.5192 32.53   32.5403 32.5516 32.5629 32.5776 32.5877 32.5997 32.613
 32.6257 32.6367 32.6489 32.6594 32.6701 32.6807 32.6953 32.7106 32.7216
 32.7312 32.7443 32.7534 32.7639 32.7752 32.7858 32.7955 32.8065 32.8166
 32.8271 32.8396 32.8506 32.8622 32.8738 32.8851 32.8952 32.9046 32.913
 32.9218 32.9307 32.941  32.9508 32.9611 32.9699 32.9799 32.9894 32.9993
 33.0084 33.0173 33.0273 33.0381 33.0477 33.0561 33.0657 33.075  33.0836
 33.0925 33.1017 33.1106 33.1207 33.1307 33.14   33.1488 33.1576 33.167
 33.1762 33.185  33.1938 33.2025 33.2131 33.2229 33.2318 33.2402 33.2491
 33.2591 33.268  33.277  33.2855 33.294  33.3029 33.3122 33.3215 33.3306
 33.3392 33.3477 33.3559 33.3647 33.373  33.3814 33.3899 33.399  33.4071
 33.4154 33.425  33.4343 33.4445 33.4537 33.4618 33.4704 33.4801 33.4887
 33.4981 33.5065 33.5147 33.5233 33.5319 33.54   33.55   33.5585 33.568
 33.5766 33.5843 33.5924 33.6006 33.6097 33.619  33.6278 33.6364 33.6451
 33.6545 33.6628 33.6714 33.6794 33.6884 33.6984 33.7067 33.7153 33.7244
 33.7332 33.7429 33.7528 33.7625 33.7717 33.7809 33.7912 33.8009 33.811
 33.8206 33.8295 33.8397 33.8497 33.8592 33.8685 33.8776 33.887  33.8965
 33.9062 33.9163 33.9265 33.936  33.9453 33.9543 33.9637 33.9745 33.9842
 33.9955 34.0054 34.0151 34.0248 34.0359 34.0454 34.0565 34.067  34.0783
 34.0901 34.1008 34.1125 34.1222 34.1346 34.1456 34.1557 34.167  34.177
 34.1874 34.1975 34.2079 34.22   34.231  34.242  34.2536 34.2655 34.2773
 34.2877 34.2988 34.3097 34.3204 34.3316 34.3431 34.3529 34.3649 34.381
 34.3927 34.4057 34.421  34.4329 34.4447 34.4593 34.4731 34.486  34.4987
 34.5127 34.5271 34.5379 34.5505 34.5649 34.5774 34.5928 34.6088 34.6233
 34.637  34.6568 34.6808 34.6957 34.7162 34.7354 34.7603 34.7846 34.8114
 34.8349 34.8746 34.8976
40.7137 41.1355 41.6639 41.7819 41.8726 41.9193 41.9779 42.0168 42.0794
 42.1299 42.1737 42.2749 42.3277 42.3448 42.3822 42.4297 42.4537 42.4741
 42.4974 42.5258 42.5434 42.5679 42.586  42.6343 42.6556 42.6751 42.7064
 42.7247 42.7648 42.7927 42.8188 42.859  42.879  42.9029 42.9783 43.0103
 43.0359 43.0656 43.1366 43.172  43.2015 43.2316 43.2632 43.2926 43.3316
 43.3663 43.4097 43.4293 43.462  43.4999 43.7997 48.8045 49.3012 49.5459
 49.5882 49.6568 49.7546 49.8385 49.882  49.9187 49.9584 49.9924
50.0911 50.1133 50.1312 50.1456 50.1646 50.1902 50.2307 50.2467 50.2634
 50.2799 50.2963 50.3144 50.331  50.349  50.3746 50.3899 50.4033 50.4137
 50.4293 50.4558 50.4686 50.4852 50.4975 50.5099 50.535  50.5551 50.5706
 50.5823 50.5964 50.6095 50.6271 50.646  50.6566 50.6734 50.6865 50.7043
 50.7228 50.7328 50.7451 50.7579 50.7702 50.7825 50.7936 50.8064 50.8192
 50.8303 50.8403 50.849  50.858  50.868  50.8784 50.8909 50.9028 50.9136
 50.9237 50.9339 50.9459 50.9567 50.9668 50.9762 50.9863 50.9961 51.0055
 51.0165 51.0269 51.0372 51.0463 51.0578 51.0672 51.0784 51.088  51.0981
 51.1092 51.1194 51.1289 51.1383 51.1482 51.1588 51.1711 51.181  51.1904
 51.2003 51.2087 51.2187 51.2279 51.2377 51.2478 51.2573 51.2672 51.2766
 51.2859 51.2965 51.3069 51.316  51.3249 51.335  51.3455 51.3579 51.3679
 51.3798 51.3907 51.4011 51.4099 51.4191 51.4299 51.4388 51.4513 51.4644
 51.4762 51.488  51.4977 51.5075 51.5175 51.5292 51.5395 51.5488 51.5587
 51.5699 51.5825 51.5938 51.6047 51.6179 51.6299 51.644  51.6573 51.6705
 51.6809 51.6913 51.7032 51.7148 51.7271 51.7372 51.7474 51.7569 51.7675
 51.7774 51.7883 51.8007 51.8108 51.8283 51.8395 51.8523 51.8629 51.8755
 51.889  51.9013 51.9154 51.9289 51.9443 51.9617 51.9784 51.9932 52.0055
 52.021  52.032  52.0444 52.0575 52.0725 52.091  52.1103 52.126  52.1411
 52.1552 52.1703 52.1857 52.2049 52.2253 52.2431 52.2809 52.2992 52.3169
 52.3377 52.3546 52.3738 52.4013 52.4207 52.4375 52.4682 52.4921 52.5128
 52.5419 52.5859 52.6651 52.6948 58.4093 58.7508 58.8428 59.0991 59.2789
 59.3792 59.4099 59.4412 59.5037 59.5232 59.5546 59.6084 59.6429 59.6995
 59.7212 59.7575 59.8555 59.8696 59.8856 59.9002 59.919  59.9447 59.971
 59.9969
60.0309 60.0457 60.0615 60.0782 60.1141 60.1513 60.1816 60.1963 60.2123
 60.2329 60.2536 60.2769 60.311  60.3394 60.3636 60.3798 60.3947 60.4079
 60.4246 60.4404 60.4776 60.5065 60.5476 60.5725 60.6077 60.6293 60.6498
 60.6647 60.6827 60.7114 60.7385 60.7642 60.7833 60.8108 60.8381 60.8758
 60.8984 60.9306 60.9635 61.0476 61.0748 61.1324 61.1543 61.1867 66.5913
 67.1435 67.4347 67.5396 67.6939 67.7339 67.7752 67.7959 67.8445 67.8745
 67.9105 67.9608 67.9859 68.0135 68.0371 68.0574 68.0712 68.0959 68.1136
 68.1344 68.1483 68.1757 68.1913 68.2072 68.2243 68.2363 68.254  68.266
 68.2818 68.295  68.308  68.3186 68.3288 68.3404 68.3527 68.3673 68.3807
 68.3939 68.4054 68.4229 68.4349 68.4489 68.4662 68.478  68.49   68.5008
 68.5125 68.5235 68.5332 68.5424 68.5541 68.5645 68.5758 68.5868 68.5986
 68.6111 68.6203 68.6315 68.6421 68.6543 68.6654 68.6776 68.6873 68.6975
 68.7085 68.7199 68.7309 68.7427 68.7535 68.7642 68.7731 68.7843 68.7938
 68.8022 68.8107 68.8204 68.8299 68.8391 68.8478 68.8574 68.866  68.8742
 68.8831 68.8927 68.9008 68.9091 68.9178 68.9275 68.9366 68.9456 68.9552
 68.963  68.9713 68.9797 68.9891 68.9984 69.0074 69.0175 69.0255 69.035
 69.0433 69.051  69.0599 69.0676 69.0769 69.0846 69.0927 69.1021 69.1109
 69.1199 69.128  69.1363 69.1443 69.1531 69.1608 69.1696 69.178  69.1869
 69.1952 69.2032 69.2122 69.2198 69.2275 69.2354 69.2436 69.2514 69.2595
 69.2669 69.2748 69.2827 69.2904 69.299  69.3066 69.3145 69.3227 69.3303
 69.3382 69.3457 69.3533 69.3619 69.3702 69.378  69.3854 69.3938 69.4019
 69.4096 69.4176 69.4265 69.4342 69.4419 69.4493 69.4574 69.465  69.4731
 69.4809 69.4892 69.4971 69.5047 69.5134 69.5214 69.5291 69.5363 69.5433
 69.5508 69.5586 69.5659 69.573  69.581  69.5885 69.5963 69.6039 69.6117
 69.6189 69.627  69.6347 69.6425 69.6497 69.6574 69.6649 69.6723 69.6801
 69.688  69.6956 69.7037 69.7115 69.7201 69.7276 69.735  69.7429 69.7508
 69.7581 69.7659 69.7736 69.7814 69.7894 69.7967 69.8051 69.8132 69.8209
 69.8282 69.836  69.8439 69.8514 69.8592 69.8669 69.8747 69.8824 69.8901
 69.8984 69.9057 69.9131 69.9211 69.9292 69.9376 69.9454 69.9533 69.9619
 69.9708 69.9783 69.9866 69.9957

