12.55   12.6633 12.9717 13.0089 13.0476 13.1292 13.1609 13.1934 13.2292
 13.2599 13.2826 13.4159 13.4463 13.5496 13.5857 13.6671 13.6965 13.7112
 13.7356 13.7762 13.848  13.8956 13.9119 13.9327 13.9745 14.0125
21.5012 21.812  21.9793 22.3664 22.5777 22.6059 22.6653 22.6933 22.8849
 22.976  23.119  23.1409 23.2531 23.328  23.3443 23.4251 23.5213
30.7796 31.0706 31.1276 31.1557 31.538  31.6767 31.7525 31.8462 31.9187
 32.0731 32.0945 32.1109 32.1867 32.2247 32.2479 32.268  32.2958 32.3135
 32.4984 32.6374
40.7398 40.8008 41.0253 41.1078 41.3027 41.6231 41.6615 41.6951 41.7908
 49.3148 49.6127 49.8155 49.8274
50.0152 50.0613 50.132  50.1541 50.2025 50.235  50.4419 58.2506 58.5054
 58.9617 59.1486 59.3801 59.7127
66.9125 66.9396 67.2924 67.3941 67.4493 67.5384 67.6148 67.6521 67.7208
 67.7368 67.7576 67.7823 67.7986 67.8198 67.8619 67.8828 67.9224 67.9486
 67.9667 67.9885 68.0519 68.1263 68.1732 68.1856 68.2097 68.2266 68.2446
 68.2555 68.2791 68.2941 68.3088 68.3285 68.3461 68.3687 68.426  68.4759
 68.5114 68.6109 68.6759 68.745  68.7711 68.8042 68.8548

