10.8838 11.0903 12.7394 13.4008 13.4788 13.5305 13.5473 13.5993 13.6379
 13.6637 13.6917 13.7439 13.8458 13.8736 13.9287 13.9515 13.9743 13.9949
 14.0237 14.0502 14.0954 14.1172 14.2374 19.0152
22.6348 22.7122 22.7677 22.8163 22.8524 22.99   23.0293 23.0621 23.0949
 23.1233 23.1681 23.2108 23.2779 23.2989 23.3679 23.5174 23.5633 23.6546
31.4562 31.5037 31.6703 31.6926 31.7246 31.7753 31.8265 31.8815 31.9058
 31.9184 31.9337 31.9557 31.9794 32.0114 32.0391 32.0603 32.0795 32.0984
 32.162  32.2547 32.2733 32.3039 32.318  32.38   32.4193 32.4492 32.4698
 32.5142 32.5508 32.6936
41.1809 41.5333 41.657  41.7346 41.9892 48.959  49.3559 49.4052 49.4929
 49.5292 49.5707 49.759  49.8107 49.9046
50.0709 50.1434 50.1713 50.1854 50.2065 50.3037 50.327  50.3924 50.4112
 50.4464 50.4638 50.6708 58.2922 58.9216 59.1463 59.1771 59.3042 59.3239
 59.3543 59.3909 59.4461 59.6347
66.8408 67.0458 67.1769 67.3257 67.4358 67.4783 67.7452 67.8136 67.8437
 67.9522 67.9721 68.0406 68.0796 68.099  68.1216 68.1412 68.1604 68.1907
 68.2049 68.2237 68.2511 68.2667 68.286  68.3007 68.3152 68.3346 68.4061
 68.4656 68.5962 68.7605 68.8196

