14.2201
21.6502 22.4604 22.9962 23.0749 23.3624 23.3911 24.0372 29.7902
30.9283 31.2282 31.5056 32.1229 32.1698 32.2977 32.5249 32.5569 32.7669
 32.824  32.8417 32.8853 32.9083 32.9781 33.0096 38.8427
40.6646 41.2964 48.4266 49.3624 49.8938
50.1029 50.4602 50.5555
67.5194 67.6545 67.8412 67.8795 68.3645 68.5269 68.6158 68.6345 68.668
 68.6878 68.705  68.7781 68.8383 68.8565 68.886  68.9105 68.9214 68.936
 68.9821 68.9979 69.014  69.0397 69.0518 69.065  69.0779 69.0963 69.1117
 69.1276 69.1529 69.1652 69.1821 69.2032 69.2189 69.2407 69.2681 69.3379
 69.3688

