12.5969 12.6349 12.7511 12.9506 13.188  13.2388 13.2953 13.3649 13.3968
 13.4163 13.4373 13.5597 13.6042 13.6566 13.6767 13.7003 13.722  13.7497
 13.7686 13.8236 13.8479 13.8717 13.9074 13.9232 13.9329 13.9486 13.9657
 13.9841 13.9995 14.0134 14.0244 14.0341 14.0464 14.0594 14.0802 14.0928
 14.1051 14.1239 14.1379 14.167  14.1839 14.1981 14.216  14.233  14.2627
 14.2837 14.2965 14.3158 14.335  14.353  14.3758 14.392  14.4163 14.4317
 14.4551 14.4692 14.4844 14.5039 14.5801 14.6024 14.6497 14.6773
21.8351 21.9638 22.1674 22.2619 22.6503 22.7024 22.8047 22.8223 22.841
 22.8553 22.8736 22.8995 22.9143 22.9545 22.9668 22.9801 22.9966 23.0498
 23.0623 23.0758 23.0934 23.1225 23.1401 23.1585 23.1714 23.1826 23.2181
 23.228  23.2576 23.2725 23.2857 23.2972 23.3163 23.3492 23.3633 23.3759
 23.3881 23.4063 23.4195 23.4448 23.459  23.4711 23.4817 23.4978 23.5109
 23.537  23.548  23.5617 23.5743 23.5894 23.6173 23.632  23.6443 23.6606
 23.7013 23.718  23.7358 23.7482 23.775  23.7876 23.8075 23.827  23.8401
 23.8535 23.8757 23.8886 23.9253 23.9413 23.9568 23.9841 24.0795
31.0627 31.3268 31.6008 31.6479 31.7307 31.7543 31.7822 31.8309 31.8522
 31.87   31.8976 31.9116 31.9254 31.9386 31.9681 31.9874 32.0014 32.0163
 32.0307 32.0437 32.0585 32.0711 32.0871 32.1099 32.1313 32.1409 32.1538
 32.1703 32.1931 32.2091 32.2262 32.2502 32.2634 32.2785 32.2902 32.3032
 32.3129 32.3276 32.3393 32.3551 32.365  32.3762 32.3863 32.399  32.4095
 32.4191 32.4313 32.442  32.4533 32.4652 32.4763 32.4882 32.4986 32.5104
 32.5218 32.5315 32.5439 32.5554 32.5687 32.58   32.5987 32.6203 32.6307
 32.65   32.6691 32.6782 32.6895 32.6993 32.7118 32.725  32.7365 32.748
 32.7573 32.769  32.7816 32.796  32.8052 32.814  32.8229 32.8327 32.844
 32.8558 32.8685 32.8779 32.8888 32.898  32.9068 32.9183 32.9284 32.9385
 32.9554 32.9668 32.9825 32.9968 33.0086 33.0238 33.0409 33.0611 33.0747
 33.0892 33.1098 33.1262 33.1689
40.9227 41.2515 41.6078 41.7757 41.8526 41.9288 42.0275 42.1265 42.1786
 42.2198 42.3002 48.929  49.2778 49.3813 49.479  49.5168 49.5584 49.6029
 49.7901 49.8404 49.8658 49.9013 49.9316 49.9491 49.9693
50.02   50.0441 50.0581 50.0738 50.1084 50.1275 50.1423 50.1834 50.203
 50.223  50.2362 50.2495 50.2742 50.3062 50.3216 50.3362 50.3475 50.3675
 50.3777 50.3897 50.4037 50.4303 50.4483 50.492  50.5053 50.5267 50.5428
 50.5653 50.5813 50.6034 50.6139 50.6285 50.6406 50.6553 50.6714 50.6849
 50.6962 50.7133 50.75   50.7843 50.8659 58.5964 58.7989 58.9499 58.9795
 59.0242 59.0456 59.0646 59.2207 59.3052 59.3281 59.4223 59.4793 59.5134
 59.6211 59.6972 59.7796
66.8119 67.1802 67.2815 67.3197 67.4677 67.5586 67.5772 67.6204 67.6477
 67.6649 67.6984 67.7134 67.7509 67.766  67.7996 67.8144 67.8276 67.8469
 67.8688 67.8964 67.9495 67.9642 67.9823 68.0168 68.0306 68.0566 68.0778
 68.0889 68.1149 68.1358 68.1518 68.1687 68.1826 68.1965 68.2123 68.2268
 68.2471 68.2596 68.2809 68.2916 68.3066 68.3181 68.3304 68.3691 68.3821
 68.3916 68.4124 68.4241 68.4353 68.4459 68.4568 68.4664 68.4753 68.4846
 68.4942 68.5035 68.5142 68.5227 68.5328 68.5472 68.5601 68.5726 68.5843
 68.5969 68.6143 68.6259 68.6363 68.6495 68.6624 68.6718 68.683  68.6954
 68.7061 68.7167 68.7249 68.7339 68.7456 68.7563 68.7658 68.7741 68.7836
 68.793  68.8022 68.8111 68.8202 68.8296 68.8403 68.8525 68.8618 68.8706
 68.8806 68.8913 68.901  68.9114 68.9205 68.9324 68.9414 68.9518 68.9602
 68.969  68.9785 68.9906 68.9997 69.0089 69.0185 69.0294 69.0401 69.0533
 69.0657 69.077  69.0865 69.0954 69.1067 69.1182 69.1302 69.1407 69.1492
 69.161  69.1769 69.191  69.2056 69.2211 69.2368 69.248  69.2587 69.2715
 69.2885 69.299  69.3116 69.331

