12.7113 12.9648 13.3349 13.3634 13.4661 13.5075 13.5656 13.6198 13.6708
 13.6877 13.7273 13.7469 13.7797 13.8107 13.8282 13.8527 13.8775 13.8967
 13.9141 13.9305 13.9534 13.9747 13.9889 14.0117 14.0263 14.0418 14.055
 14.069  14.0818 14.0935 14.106  14.119  14.1303 14.1417 14.1544 14.1649
 14.1747 14.1881 14.2029 14.2142 14.2252 14.2393 14.2504 14.2602 14.2709
 14.2815 14.2923 14.3029 14.3116 14.322  14.3305 14.3392 14.3493 14.3589
 14.3686 14.3768 14.3857 14.3939 14.4027 14.412  14.4212 14.4302 14.4386
 14.4485 14.4574 14.4671 14.4759 14.4845 14.4929 14.5018 14.5108 14.5189
 14.5282 14.5366 14.5451 14.5529 14.5605 14.5692 14.5771 14.5853 14.5925
 14.6009 14.6087 14.6165 14.6243 14.6324 14.6401 14.6481 14.6558 14.6641
 14.6718 14.68   14.6875 14.6948 14.7026 14.7105 14.7183 14.7259 14.7339
 14.742  14.7511 14.7587 14.7663 14.7741 14.7813 14.7882 14.7958 14.8034
 14.8112 14.8193 14.8272 14.8356 14.8439 14.8514 14.8591 14.8669 14.8741
 14.8817 14.8895 14.8966 14.9039 14.9116 14.9196 14.9273 14.9351 14.944
 14.9525 14.9604 14.9676 14.9756 14.9837 14.9918 15.0001 15.0084 15.0171
 15.0249 15.0328 15.0405 15.0483 15.0558 15.0637 15.0712 15.0791 15.0872
 15.0947 15.1023 15.1097 15.1181 15.1263 15.1345 15.143  15.1512 15.1594
 15.1679 15.176  15.1843 15.1927 15.2008 15.2106 15.2204 15.2298 15.2386
 15.2474 15.256  15.2646 15.2737 15.2824 15.2915 15.3007 15.3085 15.3166
 15.3262 15.335  15.3455 15.3564 15.3658 15.3761 15.3861 15.3966 15.4069
 15.417  15.4276 15.4389 15.449  15.4597 15.4702 15.4808 15.4901 15.5007
 15.5117 15.5227 15.535  15.5458 15.5592 15.5721 15.5835 15.5991 15.6162
 15.6311 15.6441 15.6565 15.668  15.6853 15.7011 15.7155 15.7293 15.7445
 15.7642 15.7819 15.8128 15.8564 15.8836 15.9286 15.9915 16.1097
21.4709 21.9968 22.1286 22.3939 22.4978 22.6996 22.8196 22.8518 22.9142
 22.9378 22.9655 22.9872 23.0208 23.0394 23.0995 23.121  23.1532 23.1735
 23.1915 23.2047 23.2212 23.2368 23.2599 23.2731 23.2851 23.3039 23.318
 23.334  23.3462 23.3594 23.3707 23.3819 23.3919 23.4031 23.4142 23.427
 23.4367 23.4488 23.4589 23.4731 23.4834 23.4942 23.5047 23.5151 23.5265
 23.5376 23.5493 23.5593 23.5686 23.5782 23.5872 23.5973 23.6071 23.6171
 23.6273 23.636  23.6453 23.6551 23.6644 23.675  23.6859 23.6948 23.705
 23.7145 23.7265 23.7361 23.7452 23.7549 23.7635 23.7725 23.7813 23.7901
 23.798  23.8077 23.8168 23.8249 23.835  23.8434 23.8518 23.8607 23.8689
 23.8772 23.8858 23.8941 23.9026 23.9105 23.9185 23.9266 23.9353 23.944
 23.9525 23.9606 23.9681 23.9762 23.9839 23.9923 24.0001 24.0084 24.0175
 24.0262 24.034  24.0416 24.0502 24.058  24.0655 24.0732 24.0809 24.089
 24.0975 24.1059 24.1143 24.1228 24.1305 24.1378 24.146  24.1536 24.161
 24.1691 24.1778 24.1857 24.1936 24.2013 24.2098 24.2177 24.2253 24.2333
 24.2409 24.2478 24.255  24.2625 24.271  24.2791 24.2865 24.2947 24.3022
 24.3102 24.318  24.3254 24.3326 24.3402 24.3477 24.3565 24.3648 24.3725
 24.3807 24.3891 24.397  24.4056 24.4136 24.422  24.43   24.4382 24.4457
 24.4532 24.4611 24.4687 24.4768 24.4851 24.4938 24.503  24.5116 24.5205
 24.5293 24.5379 24.546  24.5543 24.5638 24.5726 24.582  24.5906 24.5993
 24.6077 24.6166 24.6257 24.6354 24.6449 24.6546 24.6631 24.6722 24.6816
 24.6917 24.7025 24.713  24.7241 24.7354 24.7468 24.7591 24.7686 24.7804
 24.7907 24.8031 24.8145 24.8264 24.8376 24.852  24.863  24.8743 24.8854
 24.8963 24.9064 24.9175 24.9313 24.9451 24.9599 24.9725 24.9848 24.9986
 25.014  25.0338 25.0513 25.0676 25.0885 25.1193 25.136  25.1749 25.1992
 25.2184 25.2465
31.6064 31.6816 31.7037 31.7232 31.7612 31.8016 31.8242 31.8459 31.8857
 32.0108 32.0294 32.045  32.0691 32.0839 32.1004 32.1152 32.1361 32.1514
 32.1753 32.1937 32.209  32.2231 32.2366 32.2531 32.2632 32.2768 32.2886
 32.3008 32.3108 32.3217 32.3304 32.3422 32.3522 32.3632 32.373  32.3852
 32.3944 32.4041 32.4139 32.425  32.4352 32.4449 32.4543 32.4652 32.4757
 32.4867 32.4959 32.5053 32.5157 32.5244 32.5332 32.5431 32.5521 32.5625
 32.5713 32.5796 32.5879 32.5972 32.6059 32.6158 32.6249 32.6332 32.6416
 32.6504 32.6591 32.6677 32.6767 32.6854 32.695  32.7036 32.7117 32.7198
 32.728  32.7365 32.7445 32.7524 32.7603 32.7692 32.777  32.7853 32.7931
 32.801  32.809  32.8168 32.8244 32.8325 32.8409 32.8488 32.8572 32.8647
 32.873  32.8805 32.8882 32.8961 32.9043 32.912  32.9195 32.927  32.9339
 32.9411 32.9483 32.9566 32.9645 32.9722 32.9798 32.9881 32.9957 33.0032
 33.0107 33.0182 33.0257 33.0334 33.0408 33.0482 33.0558 33.0633 33.0703
 33.0771 33.0841 33.0914 33.0985 33.1062 33.1133 33.1203 33.1277 33.1352
 33.1427 33.1498 33.1571 33.1644 33.1716 33.1785 33.1855 33.1927 33.2
 33.2069 33.214  33.2211 33.2285 33.2357 33.2429 33.2508 33.2583 33.2655
 33.2728 33.28   33.2876 33.2951 33.3031 33.3103 33.3178 33.3251 33.3323
 33.3397 33.3467 33.354  33.3614 33.3692 33.3769 33.384  33.3918 33.3993
 33.4069 33.4146 33.4222 33.4302 33.4378 33.4453 33.4525 33.46   33.4674
 33.4754 33.4832 33.4911 33.4986 33.5064 33.5142 33.5219 33.5297 33.5374
 33.5454 33.5531 33.5611 33.5689 33.5766 33.5841 33.5924 33.6001 33.6075
 33.6155 33.6236 33.6311 33.6386 33.6469 33.6546 33.6627 33.6707 33.6792
 33.6874 33.6951 33.703  33.711  33.7191 33.7275 33.7363 33.7443 33.7524
 33.7611 33.7691 33.7781 33.7865 33.7946 33.8031 33.8116 33.8202 33.8284
 33.8371 33.8461 33.8545 33.8641 33.8729 33.8817 33.8903 33.8996 33.9097
 33.919  33.9285 33.939  33.9488 33.9581 33.9683 33.9779 33.9889 33.9995
 34.0093 34.0193 34.0296 34.0416 34.0562 34.0675 34.0813 34.0982 34.1108
 34.1233 34.1365 34.1494 34.1628 34.1767 34.1915 34.2076 34.2253 34.2426
 34.265  34.2856 34.3048 34.3234 34.3421 34.3692 34.4389
40.0638 41.3389 41.4001 41.5488 41.7296 41.8282 41.8624 41.9047 41.9306
 41.9583 41.9946 42.0273 42.0659 42.0884 42.1162 42.1391 42.159  42.1805
 42.1985 42.2574 42.2723 42.3072 42.3213 42.3472 42.363  42.3737 42.3928
 42.4157 42.429  42.4421 42.4582 42.4769 42.5007 42.5145 42.5518 42.5681
 42.5853 42.6092 42.6233 42.6436 42.6637 42.6828 42.7018 42.7152 42.7329
 42.7593 42.7789 42.7976 42.8192 42.8378 42.8568 42.8857 42.902  42.9219
 42.9562 42.9737 42.9939 43.0233 43.0425 43.0943 43.1203 43.1434 43.1655
 43.1836 43.2633 43.3045 43.3805 43.4736 43.5367 44.2406 49.2642 49.3245
 49.3487 49.4028 49.4626 49.5878 49.7505 49.7896 49.8123 49.8587 49.9146
 49.9327 49.9491
50.0177 50.0379 50.0572 50.0792 50.0933 50.1077 50.1417 50.1645 50.1802
 50.2017 50.2157 50.2289 50.2444 50.26   50.2783 50.2939 50.3082 50.322
 50.3347 50.3471 50.3577 50.3716 50.3832 50.3948 50.4071 50.4206 50.4304
 50.441  50.4538 50.4651 50.4759 50.4872 50.497  50.5081 50.5187 50.5284
 50.5389 50.5491 50.5591 50.5716 50.584  50.5962 50.6077 50.6181 50.6276
 50.6371 50.6467 50.6548 50.6646 50.6735 50.6828 50.6929 50.7024 50.7115
 50.7216 50.731  50.7403 50.7515 50.7613 50.7709 50.7807 50.7908 50.8004
 50.8106 50.8193 50.8274 50.8371 50.8456 50.8552 50.8635 50.8718 50.8797
 50.8879 50.8958 50.9034 50.9115 50.9196 50.9271 50.9355 50.9439 50.9525
 50.9609 50.969  50.9789 50.9874 50.9957 51.0046 51.0134 51.0218 51.03
 51.0381 51.047  51.0552 51.063  51.0705 51.0784 51.086  51.0938 51.1018
 51.1096 51.1174 51.1259 51.1333 51.1414 51.15   51.1588 51.1673 51.1771
 51.1854 51.1946 51.2026 51.2105 51.218  51.2263 51.2338 51.2422 51.251
 51.259  51.2676 51.276  51.2838 51.2918 51.2999 51.3082 51.3171 51.3256
 51.3345 51.3432 51.3527 51.362  51.371  51.3798 51.39   51.4002 51.4087
 51.4175 51.4265 51.4353 51.4449 51.4539 51.4643 51.4747 51.4832 51.4926
 51.502  51.5129 51.5223 51.5317 51.543  51.5533 51.5632 51.5743 51.5831
 51.5923 51.601  51.6117 51.6222 51.6319 51.6414 51.652  51.6638 51.678
 51.6889 51.6992 51.7101 51.7202 51.7319 51.7433 51.7567 51.7711 51.7838
 51.7942 51.8074 51.8203 51.8311 51.8451 51.8588 51.8739 51.8944 51.9186
 51.934  51.9522 51.9716 51.9936 52.0179 52.0417 52.0623 52.0827 52.1137
 52.1709 59.1828 59.2394 59.2994 59.3422 59.3657 59.386  59.4367 59.4569
 59.5069 59.541  59.5604 59.5928 59.6133 59.6304 59.6486 59.6664 59.6834
 59.7036 59.7262 59.745  59.7624 59.784  59.8095 59.8283 59.8422 59.8594
 59.8735 59.8853 59.8983 59.9209 59.943  59.9718 59.9949
60.0111 60.0266 60.0426 60.0599 60.0743 60.0977 60.1146 60.131  60.1445
 60.1587 60.1759 60.2013 60.2188 60.2313 60.2434 60.262  60.2826 60.3029
 60.3197 60.3373 60.3594 60.3798 60.3981 60.4132 60.4416 60.4587 60.4842
 60.5271 60.5471 60.5635 60.5825 60.6001 60.6232 60.6502 60.6796 60.6956
 60.7197 60.7418 60.7624 60.8209 60.8873 60.9553 61.0118 61.0395 67.1248
 67.164  67.215  67.5338 67.6153 67.7004 67.7254 67.7453 67.7705 67.7864
 67.8089 67.839  67.8621 67.8819 67.9139 67.9367 67.9618 67.9837 68.0017
 68.0155 68.029  68.043  68.0577 68.0719 68.0865 68.0995 68.1159 68.1309
 68.1466 68.1591 68.1729 68.1839 68.1976 68.2084 68.221  68.234  68.2471
 68.259  68.2702 68.2818 68.2933 68.3064 68.3157 68.3276 68.3384 68.3499
 68.3596 68.369  68.3794 68.3883 68.3976 68.4066 68.4169 68.426  68.4344
 68.4425 68.452  68.463  68.472  68.4803 68.4903 68.4996 68.5087 68.5173
 68.5267 68.5351 68.544  68.5521 68.5609 68.5695 68.5776 68.586  68.594
 68.6019 68.61   68.6183 68.6255 68.6333 68.6409 68.6482 68.6559 68.6634
 68.6708 68.6782 68.6855 68.6931 68.7008 68.7083 68.7157 68.7228 68.7303
 68.7375 68.7446 68.7522 68.7597 68.7668 68.7741 68.7814 68.7883 68.7953
 68.8024 68.8098 68.817  68.8239 68.8316 68.8387 68.8459 68.8529 68.8601
 68.8669 68.874  68.8811 68.8882 68.8953 68.9022 68.909  68.9157 68.9226
 68.9296 68.9365 68.9432 68.9499 68.9568 68.9638 68.9705 68.9773 68.9846
 68.9917 68.999  69.006  69.0132 69.0205 69.0274 69.0345 69.0411 69.048
 69.055  69.0618 69.0683 69.0752 69.0817 69.0885 69.0953 69.1019 69.1085
 69.1152 69.1221 69.1288 69.1356 69.1423 69.149  69.1557 69.1622 69.1687
 69.1754 69.1819 69.1883 69.1952 69.2018 69.2084 69.2152 69.2219 69.2284
 69.2349 69.2413 69.2478 69.2544 69.2611 69.2679 69.2745 69.2812 69.288
 69.2946 69.3011 69.3078 69.3145 69.3213 69.3278 69.3342 69.3409 69.3476
 69.3543 69.3609 69.3675 69.3742 69.381  69.3878 69.3946 69.4013 69.408
 69.4149 69.4215 69.4282 69.4352 69.442  69.4488 69.4554 69.4624 69.4692
 69.4758 69.4826 69.4892 69.4958 69.5023 69.509  69.5157 69.5224 69.529
 69.5359 69.5425 69.5493 69.5563 69.5631 69.5699 69.5767 69.584  69.5908
 69.5976 69.6042 69.6112 69.6179 69.6251 69.6323 69.6393 69.6465 69.6533
 69.6604 69.6672 69.6744 69.6812 69.6883 69.6951 69.7024 69.7095 69.7167
 69.7237 69.7309 69.7379 69.7448 69.7522 69.7596 69.7669 69.7739 69.7811
 69.7885 69.7961 69.8034 69.8109 69.8182 69.8257 69.8331 69.8402 69.8475
 69.8549 69.8626 69.8703 69.8778 69.8853 69.8929 69.9008 69.909  69.917
 69.9248 69.9329 69.9417 69.9508 69.959  69.9671 69.9762 69.9844 69.9925

