12.6871 12.9786 13.1876 13.2533 13.3023 13.3238 13.3666 13.402  13.4175
 13.4322 13.4576 13.4871 13.5304 13.5505 13.5689 13.6157 13.6704 13.6849
 13.7145 13.7536 13.7897 13.8169 13.8347 13.8694 13.8899 13.9105 13.9295
 13.949  13.9735 13.989  14.0192 14.0324 14.0436 14.0566 14.0693 14.084
 14.0996 14.1125 14.1313 14.15   14.1667 14.1806 14.1961 14.2055 14.215
 14.2301 14.2449 14.2615 14.272  14.2823 14.2952 14.3047 14.3155 14.3305
 14.3465 14.3571 14.3715 14.3932 14.405  14.4458 14.4659 14.5088 14.524
 14.5542 14.5797 14.6229 14.6523 14.7002
22.0468 22.2384 22.3941 22.5031 22.6165 22.6476 22.713  22.7469 22.7724
 22.8209 22.838  22.8612 22.8771 22.9086 22.9288 22.9596 22.9739 22.9857
 22.999  23.015  23.0338 23.0505 23.0639 23.0756 23.0995 23.1218 23.1421
 23.1639 23.1777 23.19   23.2024 23.2136 23.2249 23.2368 23.2541 23.268
 23.2863 23.3092 23.3256 23.339  23.3479 23.3595 23.3708 23.3814 23.3941
 23.4046 23.4207 23.4337 23.4464 23.462  23.4744 23.4876 23.5056 23.5257
 23.5408 23.56   23.5746 23.5867 23.5961 23.6087 23.6185 23.6332 23.6596
 23.6777 23.7    23.7156 23.7272 23.7494 23.7747 23.7874 23.8056 23.8214
 23.8677 23.8827 23.9126 23.9312 23.9601
30.1902 30.9233 31.2177 31.505  31.5446 31.5634 31.6929 31.718  31.7363
 31.7549 31.7771 31.8099 31.8443 31.8627 31.8888 31.9086 31.9258 31.9444
 31.9703 31.984  31.9958 32.007  32.0324 32.0596 32.0707 32.0864 32.0992
 32.1106 32.1225 32.1359 32.1544 32.1656 32.18   32.1912 32.2005 32.2109
 32.2281 32.2456 32.2596 32.2722 32.2881 32.2978 32.3084 32.3206 32.3365
 32.3481 32.3579 32.3709 32.3823 32.3929 32.4083 32.4241 32.4451 32.4587
 32.4715 32.4816 32.4916 32.5058 32.5165 32.5305 32.5414 32.5507 32.5602
 32.5685 32.5801 32.5909 32.6028 32.6142 32.6261 32.6358 32.6454 32.6557
 32.6656 32.6805 32.6936 32.7034 32.7136 32.7243 32.7341 32.7464 32.7572
 32.7685 32.7798 32.7989 32.8155 32.8437 32.8571 32.8742 32.8853 32.9001
 32.915  32.9276 32.9513 32.9628 32.9777 32.9966 33.0591 33.0948 33.1243
41.2036 41.6088 41.803  41.8708 41.9388 42.1218 48.8045 49.1985 49.5059
 49.5442 49.5726 49.6106 49.716  49.7436 49.7658 49.7837 49.8196 49.835
 49.8589 49.901  49.9582 49.9738
50.0442 50.0609 50.0733 50.0949 50.1177 50.1326 50.1427 50.1576 50.183
 50.1981 50.2151 50.2331 50.2498 50.27   50.2876 50.3319 50.3475 50.3611
 50.3751 50.3908 50.4059 50.4301 50.4487 50.4617 50.4759 50.4915 50.5051
 50.5224 50.5453 50.5587 50.577  50.5907 50.6042 50.6211 50.6341 50.6503
 50.6832 50.7015 50.7354 50.7513 50.7679 50.7938 50.8851 58.728  58.8673
 59.0235 59.1201 59.2687 59.3684 59.4073 59.4229 59.5361 59.5799 59.6928
 59.8078
66.9207 66.9838 67.1343 67.3882 67.5508 67.5696 67.5965 67.6367 67.6602
 67.6857 67.7074 67.7227 67.7445 67.7823 67.8078 67.8247 67.8673 67.8795
 67.8896 67.9043 67.9226 67.9391 67.9508 67.9802 67.9944 68.0139 68.0327
 68.0468 68.061  68.0732 68.0895 68.104  68.1141 68.1263 68.1411 68.1551
 68.1789 68.1928 68.2069 68.2166 68.231  68.2426 68.2542 68.2669 68.278
 68.2878 68.2987 68.3086 68.3189 68.328  68.3412 68.3605 68.3708 68.3804
 68.3909 68.4051 68.4158 68.4285 68.4432 68.454  68.4657 68.474  68.4829
 68.4925 68.5009 68.5111 68.5192 68.528  68.5363 68.5458 68.5548 68.566
 68.5781 68.591  68.6002 68.6091 68.619  68.6293 68.6383 68.6458 68.6536
 68.664  68.6722 68.6833 68.6919 68.7012 68.7101 68.7182 68.7264 68.7348
 68.7467 68.7551 68.7637 68.7719 68.7819 68.7907 68.8004 68.8116 68.8216
 68.829  68.8404 68.8493 68.8583 68.8678 68.8765 68.8851 68.8949 68.9047
 68.9156 68.925  68.9351 68.9456 68.9551 68.9665 68.9763 68.985  68.9932
 69.0027 69.0131 69.0236 69.0338 69.0458 69.0546 69.0645 69.0764 69.0871
 69.0988 69.1136 69.126  69.1399 69.1558 69.1674 69.1815 69.1949 69.2183
 69.2443 69.2655 69.3223 69.3467

