12.5505 13.1037 13.1848 13.3421 13.4309 13.5075 13.5409 13.5696 13.5997
 13.6217 13.6419 13.6824 13.7134 13.7356 13.7574 13.7716 13.7884 13.8026
 13.8169 13.8374 13.8522 13.8661 13.8804 13.8957 13.9109 13.9252 13.9367
 13.9508 13.964  13.9763 13.9908 14.0041 14.0155 14.03   14.0446 14.0625
 14.0752 14.0852 14.0972 14.1106 14.1221 14.1318 14.1423 14.1528 14.1621
 14.1725 14.1837 14.1937 14.2056 14.2178 14.2334 14.2465 14.2569 14.2679
 14.2788 14.2895 14.3001 14.3094 14.3201 14.3301 14.3402 14.3512 14.3608
 14.37   14.3802 14.3898 14.3982 14.4099 14.4204 14.4307 14.4391 14.4481
 14.4578 14.466  14.4743 14.4834 14.493  14.502  14.51   14.5189 14.5268
 14.5363 14.5463 14.5551 14.5672 14.5779 14.587  14.5953 14.6052 14.6138
 14.6224 14.632  14.6415 14.6503 14.659  14.6683 14.6782 14.6884 14.6979
 14.7065 14.7154 14.7242 14.7335 14.7435 14.753  14.7625 14.7715 14.7806
 14.7904 14.8007 14.8104 14.8199 14.8311 14.8408 14.8499 14.8593 14.8685
 14.8778 14.8861 14.8946 14.9035 14.9131 14.9225 14.9315 14.9408 14.9506
 14.9598 14.9688 14.9776 14.9863 14.9953 15.0043 15.0137 15.0242 15.0338
 15.0423 15.0515 15.0606 15.0693 15.0788 15.0883 15.0977 15.1085 15.1189
 15.1292 15.1388 15.1481 15.1573 15.1691 15.1814 15.1912 15.2007 15.2098
 15.2203 15.2321 15.2423 15.2531 15.2632 15.2758 15.2863 15.2976 15.3087
 15.3211 15.3333 15.3473 15.3624 15.3749 15.3854 15.3965 15.4116 15.4266
 15.4435 15.4564 15.4694 15.4836 15.4978 15.5155 15.528  15.542  15.5579
 15.5716 15.5892 15.6029 15.6169 15.6289 15.6412 15.6633 15.6804 15.6969
 15.7102 15.7252 15.7389 15.7536 15.7776 15.7934 15.8115 15.8309 15.8515
 15.8708 15.8927 15.911  15.9338 15.9508 15.9754 16.0007 16.0217 16.0577
 16.082  16.1068
20.7729 22.2996 22.507  22.6088 22.6324 22.6644 22.6895 22.7393 22.7628
 22.7909 22.8301 22.8572 22.8807 22.8978 22.9377 22.9636 22.9795 22.9984
 23.0257 23.0474 23.0649 23.0832 23.0951 23.1112 23.1306 23.1515 23.1848
 23.2047 23.219  23.2308 23.2462 23.2573 23.2689 23.2807 23.2954 23.3132
 23.3261 23.3431 23.3633 23.3755 23.3871 23.3999 23.4129 23.4299 23.4401
 23.4524 23.4638 23.4737 23.4865 23.498  23.5089 23.5187 23.5304 23.5405
 23.5513 23.5601 23.5697 23.5821 23.5925 23.6017 23.6115 23.6206 23.6325
 23.6424 23.6551 23.6651 23.6754 23.686  23.6956 23.7054 23.7166 23.7276
 23.7377 23.7478 23.7587 23.7673 23.7773 23.7881 23.7978 23.8079 23.8182
 23.8278 23.8377 23.8464 23.8548 23.8644 23.8742 23.8826 23.8919 23.9012
 23.9106 23.9192 23.9283 23.9381 23.9473 23.9557 23.9655 23.9742 23.9834
 23.9924 24.0013 24.0101 24.0194 24.027  24.037  24.0462 24.0554 24.065
 24.0739 24.0825 24.092  24.1013 24.1117 24.1227 24.1316 24.1399 24.1486
 24.1577 24.1666 24.1748 24.1841 24.194  24.2031 24.2121 24.2213 24.2306
 24.2402 24.2485 24.2586 24.2675 24.277  24.2858 24.2953 24.3052 24.3148
 24.325  24.3352 24.346  24.3553 24.3646 24.373  24.3827 24.3929 24.4032
 24.4135 24.4242 24.4337 24.4422 24.4522 24.4622 24.4719 24.4831 24.4937
 24.5032 24.5133 24.5221 24.5336 24.5434 24.5543 24.5652 24.5771 24.5878
 24.5988 24.6088 24.6198 24.6306 24.6417 24.6533 24.6649 24.6753 24.6875
 24.6968 24.7068 24.7185 24.7296 24.7442 24.7557 24.7672 24.7812 24.7955
 24.8072 24.82   24.8342 24.8481 24.8614 24.8762 24.8909 24.9024 24.917
 24.9325 24.9494 24.9652 24.9865 25.0031 25.0205 25.0349 25.0507 25.0642
 25.0825 25.0975 25.1143 25.1287 25.1434 25.1593 25.174  25.1899 25.2063
 25.2278 25.2487 25.2743 25.3151 25.3465 25.3792 25.4317
30.1718 30.2387 31.1077 31.3672 31.429  31.6128 31.6924 31.7435 31.7875
 31.8298 31.8536 31.8694 31.8888 31.9201 31.9422 31.9633 31.9775 31.9927
 32.0074 32.0205 32.0323 32.0486 32.064  32.083  32.1    32.1159 32.136
 32.1545 32.1682 32.1804 32.1978 32.2138 32.2252 32.2372 32.2521 32.2618
 32.2762 32.2894 32.3019 32.3158 32.3303 32.3411 32.3536 32.3669 32.38
 32.3916 32.4034 32.4137 32.4251 32.4339 32.4437 32.4534 32.4632 32.4728
 32.4825 32.4938 32.5052 32.515  32.5259 32.5356 32.548  32.5607 32.5722
 32.5821 32.5928 32.6021 32.6127 32.6226 32.6321 32.6418 32.6546 32.6647
 32.6751 32.6843 32.6948 32.7047 32.7148 32.7239 32.7333 32.7422 32.7506
 32.7592 32.7681 32.7773 32.7885 32.7965 32.8059 32.8152 32.8241 32.8328
 32.8419 32.8511 32.8591 32.8678 32.8762 32.8842 32.8935 32.9023 32.9109
 32.9194 32.9276 32.9353 32.9435 32.9521 32.9605 32.9687 32.9776 32.9864
 32.9942 33.0032 33.0118 33.0197 33.0284 33.0364 33.0444 33.0536 33.0618
 33.0701 33.0789 33.0876 33.0964 33.1051 33.1134 33.1218 33.1307 33.1386
 33.1462 33.1542 33.1621 33.1699 33.1779 33.1864 33.1947 33.2032 33.2115
 33.2196 33.2277 33.2369 33.2454 33.2549 33.2626 33.2705 33.2789 33.287
 33.2958 33.3043 33.3127 33.3207 33.3292 33.3371 33.345  33.3532 33.3616
 33.3702 33.3784 33.3872 33.3963 33.4049 33.4137 33.422  33.4301 33.438
 33.4461 33.4547 33.463  33.4716 33.4795 33.4887 33.4974 33.5054 33.5141
 33.5224 33.5311 33.5389 33.548  33.557  33.5661 33.5746 33.5831 33.5922
 33.6006 33.6088 33.6173 33.6263 33.6346 33.643  33.6524 33.6619 33.6731
 33.6825 33.6911 33.7001 33.7107 33.721  33.7308 33.7401 33.7502 33.7596
 33.77   33.782  33.7928 33.8022 33.813  33.8236 33.8335 33.8436 33.856
 33.8679 33.8795 33.8899 33.9016 33.9142 33.9257 33.9369 33.9481 33.9592
 33.9731 33.9837 33.9958 34.0092 34.0202 34.0325 34.0455 34.0588 34.0711
 34.0835 34.0972 34.1109 34.123  34.141  34.1577 34.17   34.1848 34.199
 34.2108 34.2245 34.2388 34.2555 34.2703 34.2866 34.2996 34.3159 34.3294
 34.3463 34.3665 34.3889 34.4076 34.4312 34.4663 34.4869 34.5135 34.5471
 34.5744 34.6797
41.401  41.4857 41.5626 41.6222 41.6516 41.6815 41.7134 41.7347 41.7755
 41.8008 41.8595 41.8887 41.9473 41.9631 41.986  42.0165 42.0589 42.0804
 42.0987 42.119  42.1336 42.1595 42.1822 42.2067 42.2306 42.2452 42.2609
 42.275  42.2971 42.3246 42.3501 42.3698 42.4059 42.4292 42.4491 42.4657
 42.4818 42.4986 42.5216 42.5433 42.5647 42.5859 42.6065 42.6229 42.6391
 42.6572 42.6849 42.7129 42.7336 42.7524 42.7835 42.8169 42.8408 42.8641
 42.89   42.9274 42.9488 42.9738 42.9965 43.0238 43.0479 43.0706 43.1187
 43.1666 43.2216 43.2737 43.3471 43.7617 48.3209 48.7706 49.1263 49.4346
 49.4964 49.544  49.6762 49.7088 49.7241 49.7503 49.7686 49.8547 49.9018
 49.9405 49.9642 49.9848
50.0015 50.0168 50.0435 50.0609 50.0759 50.0952 50.1073 50.1219 50.1448
 50.1644 50.179  50.1943 50.2133 50.2249 50.2367 50.2517 50.2649 50.2783
 50.2927 50.3039 50.3158 50.3379 50.3544 50.3722 50.3846 50.3986 50.4119
 50.4272 50.4412 50.4567 50.4684 50.4797 50.4908 50.5015 50.5113 50.5208
 50.5322 50.5423 50.5552 50.5691 50.5814 50.5912 50.6041 50.6176 50.6284
 50.6389 50.6506 50.6598 50.6693 50.68   50.6902 50.7    50.7102 50.7184
 50.7287 50.7399 50.75   50.7613 50.7715 50.7819 50.7943 50.8063 50.8181
 50.8305 50.8395 50.8482 50.8573 50.8671 50.877  50.886  50.8956 50.9057
 50.9147 50.9239 50.9339 50.943  50.9528 50.9617 50.9714 50.9816 50.9915
 51.0014 51.0115 51.0213 51.0309 51.04   51.0495 51.0595 51.0696 51.0789
 51.0874 51.0959 51.1045 51.1145 51.1231 51.1325 51.1434 51.1532 51.1621
 51.172  51.1823 51.1917 51.2013 51.211  51.2203 51.2296 51.2387 51.2481
 51.2565 51.2649 51.2747 51.2854 51.2966 51.3081 51.3185 51.3293 51.3406
 51.3526 51.3627 51.3722 51.3828 51.393  51.4044 51.4146 51.4263 51.437
 51.4465 51.4559 51.4672 51.4786 51.4892 51.5001 51.5111 51.5219 51.5327
 51.5434 51.5551 51.5649 51.5783 51.5912 51.6042 51.6156 51.6265 51.6379
 51.6492 51.662  51.6733 51.6886 51.708  51.7217 51.7419 51.7549 51.769
 51.7902 51.8049 51.8218 51.8462 51.8641 51.8796 51.899  51.9169 51.9301
 51.9573 51.9765 52.0018 52.0286 52.0477 52.0667 52.0882 52.1103 52.1393
 52.1648 52.1978 52.2329 52.3109 58.6916 58.8243 58.8997 58.927  58.9853
 59.0435 59.0653 59.0987 59.1269 59.1558 59.2294 59.2598 59.2983 59.3373
 59.3764 59.4092 59.4506 59.4816 59.504  59.523  59.5452 59.5708 59.5998
 59.616  59.636  59.6509 59.6667 59.6861 59.7041 59.7222 59.7357 59.7507
 59.7635 59.7904 59.8068 59.8303 59.8547 59.8832 59.9037 59.9203 59.9316
 59.9449 59.9621 59.9798 59.9965
60.0192 60.0408 60.058  60.0728 60.0986 60.1165 60.1324 60.1512 60.1676
 60.1807 60.1996 60.2218 60.2375 60.2574 60.2752 60.2945 60.3141 60.3381
 60.3585 60.3813 60.4041 60.4196 60.4355 60.4618 60.4953 60.5418 60.5744
 60.6026 60.6255 60.7054 60.7567 60.7828 60.8033 60.8492 60.9857 61.0932
 61.1476 65.7506 67.0296 67.1524 67.3216 67.3542 67.4805 67.5233 67.5711
 67.5979 67.6366 67.6853 67.72   67.7545 67.7888 67.8285 67.8464 67.867
 67.8858 67.9106 67.9296 67.9451 67.965  67.9838 68.0047 68.0207 68.0393
 68.0565 68.0777 68.0897 68.1021 68.1159 68.1304 68.1481 68.1598 68.1711
 68.1866 68.1976 68.2078 68.2195 68.2331 68.2461 68.2572 68.2692 68.2799
 68.2902 68.3014 68.3123 68.3231 68.3345 68.3433 68.3529 68.3624 68.3721
 68.382  68.3928 68.4045 68.4143 68.4227 68.4315 68.4408 68.45   68.4594
 68.4679 68.4774 68.4875 68.4972 68.5073 68.5164 68.5259 68.5341 68.5425
 68.5517 68.5596 68.5675 68.5762 68.5847 68.5928 68.6011 68.6091 68.6176
 68.6257 68.6344 68.6429 68.6504 68.6581 68.666  68.674  68.6818 68.6904
 68.6984 68.7066 68.7151 68.7232 68.7308 68.7385 68.7466 68.7552 68.7628
 68.7709 68.7787 68.7869 68.7948 68.8031 68.8112 68.8189 68.8266 68.8346
 68.8424 68.8497 68.8574 68.8651 68.8725 68.8802 68.8879 68.8958 68.9038
 68.9123 68.92   68.9274 68.9353 68.9431 68.9508 68.9586 68.9659 68.9728
 68.9799 68.9874 68.9949 69.0023 69.0098 69.0177 69.0254 69.0327 69.0403
 69.0476 69.0547 69.0624 69.07   69.0769 69.0842 69.0923 69.0996 69.1075
 69.1154 69.1227 69.1306 69.1392 69.1473 69.1548 69.1626 69.1703 69.1778
 69.1855 69.1929 69.2006 69.2084 69.2154 69.223  69.2303 69.238  69.2455
 69.2525 69.26   69.2674 69.2744 69.2815 69.2885 69.2957 69.3032 69.3107
 69.3183 69.3255 69.3328 69.3401 69.3477 69.3549 69.3622 69.3695 69.3768
 69.3843 69.3921 69.3995 69.4073 69.4148 69.4221 69.4291 69.4365 69.4438
 69.4514 69.4589 69.466  69.4735 69.4811 69.4891 69.4963 69.5035 69.5106
 69.5181 69.5254 69.5328 69.5402 69.5477 69.5554 69.5627 69.5705 69.5779
 69.5859 69.5936 69.6013 69.609  69.617  69.6246 69.6324 69.6401 69.648
 69.6557 69.6636 69.6715 69.6797 69.6878 69.6956 69.7042 69.7118 69.7194
 69.7271 69.7347 69.7428 69.7508 69.7593 69.7673 69.7754 69.7838 69.7917
 69.8003 69.8083 69.8167 69.8245 69.8328 69.8411 69.849  69.8575 69.866
 69.8744 69.8822 69.8907 69.899  69.9074 69.9164 69.9264 69.9349 69.9444
 69.953  69.9617 69.9706 69.9803 69.9907

