11.797  12.3757 12.4099 12.5921 13.2067 13.3641 13.6542 13.7786 13.8396
21.2859 21.3492 21.5775 22.3208 22.4127 22.4394 22.531  22.6822 22.865
 22.9029 22.9335 23.0045
30.2231 30.5899 30.9754 31.1198 31.1547 31.3887 31.426  31.4547 31.4946
 31.5294 31.6614 31.6937 31.8777 31.8947 31.9403 39.1265
40.1486 40.2183 40.493  40.5517 40.8202 40.9169 41.0226 41.0876 41.2232
 41.379  41.4722 49.851
50.2389 56.9724 57.4169 57.6067 57.7724 57.8986 57.9717 57.9995 58.0455
 58.1358 58.1829 58.2628 58.3168 58.3996 58.4848 58.6124 58.6695 58.6942
 58.7206 58.7367 58.7819 58.8352 58.9545 58.9746 58.9908 59.164
66.6812 67.0675 67.4715 67.5025 67.6181 67.6952 67.7798 67.8613 67.9299
 68.0014 68.0353 68.1499 68.1939 68.2474 68.2828

