12.5506 13.192  13.2268 13.2815 13.3307 13.3638 13.4102 13.4613 13.5149
 13.5865 13.6516 13.7128 13.7338 13.7858 13.8138 14.0758
21.7685 22.1968 22.4074 22.6705 22.6873 22.8287 22.8562 22.8821 22.9276
 23.0166 23.0298 23.0476 23.0665 23.1956 23.227  23.317  23.3667 23.3954
 23.523  29.6716
31.192  31.2208 31.2478 31.2907 31.3859 31.4678 31.5793 31.6262 31.6451
 31.7845 31.9067 31.9425 31.9602 31.9855 32.0134 32.0624 32.0849 32.1459
 32.1799 32.2014 32.253  32.2798 32.3282 32.4371 32.4843 36.7624
40.4916 40.5528 40.6324 40.7221 40.7768 40.8784 40.9247 40.9664 41.
 41.0804 41.0952 41.1215 41.1416 41.1609 41.1889 41.2035 41.2248 41.2409
 41.2612 41.2939 41.3139 41.3258 41.3785 41.4462 41.4699 41.5059 41.5386
 41.631  41.6629 41.7264 41.7767 49.5091
51.4557 57.6821 57.7453 57.9579 58.0236 58.0428 58.0986 58.1221 58.1575
 58.2246 58.3154 58.365  58.3906 58.4191 58.4697 58.4861 58.5347 58.5809
 58.6277 58.6462 58.6868 58.7121 58.7352 58.7555 58.7707 58.7939 58.8346
 58.866  58.8854 58.9027 58.9221 58.9612 58.9992 59.0333 59.0658 59.1692
 59.1836 59.2076 59.2599 59.2848
67.0933 67.5107 67.5458 67.6508 67.6703 67.6892 67.7085 67.7651 67.8014
 67.8212 67.9534 68.0251 68.0726 68.1359 68.1676 68.1891 68.2344 68.2914
 68.3692 68.3872 68.4643 68.5299 68.5964 68.6783

