12.2712 12.8719 13.0153 13.1743 13.3532 13.5216 13.5496 13.7149
22.6949 22.7217 22.7875 23.0815 23.2077 23.3083 23.6163
30.0763 30.7587 31.6379 31.8203 31.9978 32.0756 32.104  32.1363 32.1837
40.4503 40.789  40.9604 41.121  41.1421 41.1771 41.2405 41.3044 41.5274
 41.5423 41.5615 41.6024 41.6395 41.6801 41.7186 41.9197
51.0213 58.0186 58.539  58.5874 58.6227 58.647  58.6791 58.7074 58.7448
 58.8116 58.8644 58.8992 58.9658 59.0068 59.0817 59.2776
65.4427 67.5766 67.6115 67.7156 67.7621 67.8007 67.9499 68.0131 68.1298
 68.1904 68.2674 68.2947 68.3397 68.3571 68.5418 68.5607 68.6003

