12.2445 12.5314 12.5835 12.7815 12.8133 12.8819 13.0012 13.0689 13.0905
 13.1467 13.2107 13.2468 13.3539 13.3887 13.4093 13.4234 13.4383 13.4597
 13.4825 13.5078 13.5319 13.5604 13.5765 13.5941 13.6078 13.6236 13.6445
 13.6622 13.7054 13.7214 13.7343 13.7489 13.7752 13.7918 13.812  13.8278
 13.8473 13.8665 13.8821 13.8985 13.9114 13.9272 13.9454 13.9609 13.979
 14.0019 14.0225 14.0479 14.0733 14.0934 14.1172 14.1379 14.1546 14.1987
 14.2316 14.2481 14.2777 14.3074 14.3253 14.352  14.3876 14.4108 14.4318
 14.4478 14.4647 14.4833 14.5126 14.5312 14.5507 14.5857 14.6016 14.6268
 14.648  14.6688 14.7122 14.7553 14.7728 14.7984 14.8221 14.8377 14.8568
 14.8825 14.9121 14.9433 14.9635 14.9907 15.0387 15.0949 15.1194 15.1525
 15.1809 15.226  15.2646 15.2965 15.3404 15.3696 15.3999 15.5043 17.5096
21.9755 22.0359 22.1579 22.2919 22.5028 22.54   22.5589 22.6299 22.7158
 22.7404 22.7877 22.8081 22.8228 22.8597 22.8843 22.9146 22.9375 22.9622
 22.9796 23.0039 23.0228 23.0423 23.0576 23.0815 23.1054 23.1332 23.1563
 23.1722 23.1978 23.2166 23.2367 23.2582 23.2938 23.3074 23.3284 23.3575
 23.3733 23.3925 23.4088 23.4467 23.4718 23.4906 23.5122 23.5381 23.5546
 23.5779 23.6055 23.623  23.6424 23.6695 23.6865 23.7052 23.7287 23.7495
 23.7729 23.7902 23.8084 23.8276 23.8512 23.8659 23.8925 23.9132 23.9335
 23.9526 23.9756 23.9906 24.0041 24.0326 24.0545 24.0711 24.0927 24.1159
 24.1402 24.1614 24.1775 24.1971 24.2208 24.2444 24.2695 24.2973 24.3174
 24.3435 24.3715 24.3915 24.4234 24.444  24.4684 24.487  24.5261 24.5511
 24.5648 24.6023 24.6201 24.6484 24.6706 24.7158 24.736  24.7746 24.8195
 24.8506 24.9029 24.9432 24.9677 25.0278 25.1133 25.1973 25.2414 28.9686
31.2231 31.4335 31.5497 31.5778 31.6269 31.6621 31.7152 31.7352 31.7838
 31.8154 31.841  31.8743 31.8961 31.9321 31.9922 32.0096 32.0456 32.0641
 32.0793 32.0986 32.1169 32.1349 32.1528 32.1829 32.198  32.2118 32.2309
 32.247  32.2614 32.2783 32.294  32.3141 32.3291 32.3545 32.3687 32.3846
 32.396  32.4127 32.4284 32.4451 32.4613 32.4771 32.4928 32.5137 32.527
 32.5395 32.555  32.5742 32.5923 32.6086 32.6276 32.6391 32.6515 32.6701
 32.6889 32.7004 32.7109 32.7241 32.7368 32.7524 32.7664 32.7802 32.7939
 32.8054 32.8174 32.8305 32.8483 32.8608 32.8742 32.8907 32.9066 32.9243
 32.9416 32.9585 32.9747 32.9878 33.0006 33.0163 33.0311 33.0475 33.0605
 33.0716 33.0845 33.0996 33.1145 33.1294 33.1436 33.1554 33.1722 33.1884
 33.2019 33.2141 33.227  33.2416 33.2585 33.2718 33.2864 33.2999 33.3168
 33.333  33.3489 33.3657 33.3783 33.3916 33.4181 33.4357 33.4528 33.4858
 33.4998 33.5198 33.533  33.5491 33.564  33.5786 33.5914 33.6086 33.6246
 33.6403 33.6566 33.6704 33.6899 33.7046 33.7153 33.7288 33.7452 33.7595
 33.7751 33.7918 33.812  33.8277 33.8632 33.8886 33.9198 33.9402 33.9617
 33.9807 33.997  34.0096 34.0265 34.0439 34.0633 34.085  34.1139 34.1295
 34.1526 34.1849 34.2049 34.2424 34.2942 34.3205 34.3524 34.6068 34.6688
 34.7612 34.8261
40.0325 40.3248 40.426  40.4519 40.5775 40.6421 40.6743 40.7327 40.7639
 40.7975 40.8418 40.9047 40.9306 40.9612 40.987  41.0107 41.0283 41.048
 41.0736 41.0993 41.1267 41.1528 41.1835 41.2331 41.2487 41.2678 41.2895
 41.3103 41.3304 41.3459 41.3651 41.3856 41.4045 41.4225 41.4519 41.4675
 41.4955 41.5183 41.5446 41.5672 41.5805 41.5945 41.6143 41.6302 41.6505
 41.6721 41.6922 41.7142 41.7355 41.7621 41.788  41.8016 41.8255 41.8418
 41.8554 41.8695 41.8846 41.9003 41.9261 41.9436 41.9592 41.9748 41.9904
 42.0051 42.0347 42.0584 42.0795 42.1117 42.1247 42.1649 42.1811 42.2298
 42.245  42.2648 42.2807 42.3039 42.3293 42.3495 42.3705 42.3934 42.4119
 42.4311 42.4494 42.4755 42.4956 42.5186 42.5408 42.5616 42.582  42.6054
 42.6247 42.6426 42.6616 42.676  42.6933 42.7176 42.7318 42.7494 42.7828
 42.8012 42.8189 42.8347 42.8543 42.8737 42.8904 42.9092 42.9314 42.9576
 42.9845 43.0029 43.0333 43.0577 43.0895 43.1035 43.1306 43.1556 43.1909
 43.2224 43.308  43.3348 43.3664 43.4457 48.2787 49.3814 49.5252 49.6645
 49.7563 49.8193 49.8498 49.8677 49.9542
50.0038 50.0283 50.0975 50.1237 50.1445 50.179  50.2025 50.2413 50.2717
 50.2994 50.3201 50.3407 50.3663 50.398  50.4159 50.4423 50.456  50.4705
 50.4895 50.511  50.5289 50.5409 50.5575 50.5762 50.5907 50.607  50.6221
 50.6357 50.6514 50.6657 50.6798 50.6942 50.7195 50.7386 50.7567 50.7719
 50.7879 50.8128 50.8296 50.8471 50.8685 50.8874 50.9013 50.9192 50.9355
 50.9466 50.9649 50.9833 50.9981 51.0169 51.0333 51.046  51.0656 51.0863
 51.1096 51.1267 51.1469 51.1628 51.1804 51.1945 51.2099 51.2494 51.2665
 51.2805 51.2992 51.3145 51.3321 51.3491 51.3701 51.387  51.4038 51.4184
 51.4378 51.458  51.4761 51.4918 51.5071 51.527  51.5414 51.5608 51.583
 51.6124 51.6301 51.6539 51.6797 51.7153 51.7489 51.7709 51.7964 51.8318
 51.8561 51.8823 51.8989 51.9227 51.9448 51.9779 51.9952 52.0245 52.0473
 52.0666 52.096  52.1773 52.2169 52.2612 52.3048 52.3765 58.1326 58.2814
 58.3632 58.4538 58.4964 58.5219 58.5501 58.5965 58.6227 58.6441 58.663
 58.6801 58.7217 58.7446 58.7727 58.796  58.8098 58.822  58.8392 58.8577
 58.8785 58.8966 58.9144 58.9279 58.9431 58.956  58.9705 58.9938 59.0065
 59.019  59.0376 59.0526 59.0665 59.0843 59.0987 59.1124 59.1343 59.1478
 59.1629 59.1905 59.2086 59.2234 59.2384 59.2489 59.2593 59.2713 59.281
 59.2909 59.3029 59.3154 59.331  59.3454 59.3604 59.3752 59.3878 59.4033
 59.416  59.4355 59.4504 59.464  59.4801 59.4903 59.5024 59.5146 59.5284
 59.5409 59.5516 59.5629 59.5755 59.5892 59.603  59.614  59.6284 59.6412
 59.6536 59.6666 59.6789 59.6932 59.7051 59.7185 59.7323 59.7454 59.7582
 59.7754 59.7883 59.8011 59.8117 59.8256 59.8376 59.8505 59.8648 59.8764
 59.8899 59.9043 59.9187 59.9337 59.9475 59.9638 59.9783 59.994
60.0083 60.0207 60.0308 60.0416 60.0551 60.0716 60.0846 60.0986 60.1119
 60.1295 60.1428 60.1597 60.174  60.1857 60.1999 60.2146 60.2296 60.2505
 60.2656 60.2787 60.2904 60.3037 60.321  60.3398 60.3581 60.3741 60.3871
 60.4011 60.414  60.4293 60.4429 60.4588 60.4712 60.4878 60.5035 60.5173
 60.5332 60.5471 60.5651 60.5785 60.592  60.6136 60.626  60.6393 60.6567
 60.674  60.6902 60.705  60.7206 60.7346 60.7496 60.7633 60.7788 60.7969
 60.8192 60.8354 60.8519 60.8663 60.8838 60.9026 60.9202 60.9533 60.9729
 61.0392 61.101  61.1618 61.1888 61.2579 61.3205 66.6139 66.8908 66.939
 67.1274 67.1815 67.3582 67.638  67.6979 67.7297 67.7509 67.7755 67.7907
 67.8319 67.8724 67.9371 67.9861 68.0237 68.0626 68.0909 68.1147 68.1372
 68.1597 68.1755 68.1946 68.2154 68.2323 68.2473 68.2687 68.2881 68.311
 68.3422 68.3616 68.376  68.3919 68.4112 68.4394 68.4526 68.4656 68.4876
 68.5059 68.5378 68.5558 68.5693 68.5838 68.5993 68.6154 68.6266 68.6452
 68.6673 68.6814 68.6962 68.7155 68.7328 68.7526 68.7734 68.7924 68.8106
 68.8285 68.845  68.8602 68.8763 68.8931 68.9091 68.9217 68.9351 68.9525
 68.9676 68.9823 68.9958 69.0107 69.031  69.0474 69.0674 69.079  69.0959
 69.1156 69.1312 69.1422 69.1574 69.1757 69.189  69.203  69.2191 69.2326
 69.2473 69.2617 69.2773 69.2886 69.3058 69.3211 69.3388 69.3551 69.371
 69.3866 69.4038 69.4157 69.4292 69.4424 69.4568 69.4691 69.4898 69.5052
 69.5182 69.536  69.5528 69.5646 69.5796 69.5945 69.6148 69.64   69.6529
 69.6697 69.6857 69.7002 69.7186 69.7424 69.7605 69.7771 69.8009 69.8189
 69.8384 69.8559 69.8721 69.8877 69.9052 69.9178 69.9329 69.9509 69.9695
 69.9849

