11.349  12.315  12.343  12.6669 12.7841 12.9199 12.9383 13.0264 13.3275
22.0297 22.1507 22.1693 22.3243 22.4295 22.4753 22.4992 29.5048 29.7776
30.7214 31.0704 31.4032 31.4232 31.4414 31.6056 31.8117 31.8346 31.8509
 31.8881 31.9194 31.9336 39.2249 39.9384
40.2997 40.4294 40.4612 40.4909 40.6139 40.7158 41.0255 41.2712 48.7856
 49.1155 49.1923 49.5465 49.8161 49.8823 49.9502
50.2384 57.8077 58.0554 58.2279 58.2716 58.3557 58.3724 58.4019 58.5174
 58.6446 58.746
66.3356 67.1209 67.3353 67.4664 67.4986 67.6025 67.6271 67.6458 67.6839
 67.7577 67.8007 67.832  67.8821 67.9781 67.994  68.0152 68.0562 68.0784
 68.1968

