13.1375 13.5634 14.1243 14.1515 14.2241 14.3065 14.3321 14.3579 14.3953
 14.42   14.4384 14.4645 14.4861 14.5112 14.531  14.5633 14.5814 14.6238
 14.6611 14.6796 14.7063 14.7262 14.7609 14.7841 14.809  14.8263 14.8483
 14.8657 14.8796 14.8927 14.9027 14.9182 14.9294 14.9425 14.9569 14.97
 14.9858 14.9999 15.0122 15.0245 15.0367 15.0519 15.0641 15.08   15.0964
 15.109  15.122  15.1351 15.1494 15.1595 15.1716 15.1826 15.1939 15.2122
 15.2243 15.2379 15.2493 15.259  15.2706 15.2816 15.2919 15.3045 15.3163
 15.3275 15.3373 15.3491 15.3614 15.3715 15.3843 15.3994 15.4098 15.4218
 15.4329 15.4446 15.4579 15.4684 15.4811 15.4924 15.5043 15.5156 15.5289
 15.5392 15.5484 15.5597 15.571  15.5807 15.5906 15.5997 15.6124 15.6229
 15.6343 15.6468 15.6565 15.6658 15.6768 15.6899 15.7013 15.7127 15.7251
 15.7352 15.7454 15.7567 15.7665 15.78   15.789  15.7982 15.8091 15.8187
 15.8291 15.8427 15.8563 15.8676 15.8793 15.8912 15.9027 15.9134 15.9253
 15.9358 15.9471 15.9578 15.9698 15.9881 15.9998 16.0104 16.0219 16.0333
 16.0435 16.0539 16.0659 16.0776 16.0894 16.101  16.1128 16.1274 16.1405
 16.1523 16.1638 16.1778 16.1892 16.2005 16.2122 16.2238 16.2394 16.2508
 16.264  16.2792 16.2918 16.3078 16.3193 16.3307 16.3472 16.3639 16.3764
 16.3931 16.4067 16.4232 16.4403 16.4637 16.4824 16.4949 16.5109 16.5256
 16.5404 16.5615 16.5789 16.5954 16.6158 16.6318 16.6475 16.6743 16.6946
 16.7369 16.7617 16.8089 16.8375 16.9234 16.9998 17.1042
22.7062 22.8451 22.8821 22.9485 23.0381 23.0686 23.1584 23.2157 23.2496
 23.3054 23.3334 23.3552 23.3838 23.4074 23.4345 23.4594 23.4845 23.5007
 23.5233 23.5396 23.5572 23.5914 23.6195 23.6379 23.6688 23.6892 23.7057
 23.7248 23.7473 23.7636 23.7793 23.7969 23.8174 23.8334 23.8487 23.8671
 23.8817 23.8958 23.9055 23.9186 23.9296 23.942  23.954  23.9652 23.9787
 23.9942 24.0077 24.0172 24.0277 24.0379 24.0477 24.0585 24.0683 24.0796
 24.0887 24.099  24.1089 24.1187 24.1314 24.1428 24.1549 24.1649 24.1754
 24.1857 24.1963 24.2069 24.2176 24.2298 24.238  24.2497 24.261  24.271
 24.2814 24.2909 24.2999 24.3088 24.3178 24.3272 24.3354 24.3443 24.3539
 24.3631 24.3725 24.3822 24.391  24.4017 24.4105 24.4191 24.4274 24.4361
 24.4465 24.4564 24.4654 24.4734 24.4817 24.4904 24.4989 24.5073 24.5169
 24.525  24.5337 24.5421 24.5509 24.5595 24.568  24.5763 24.5849 24.5941
 24.6022 24.6099 24.6181 24.626  24.6341 24.642  24.6497 24.6575 24.665
 24.6736 24.6823 24.6922 24.7008 24.7092 24.7191 24.728  24.7366 24.7462
 24.7552 24.7637 24.7726 24.7806 24.7886 24.7968 24.8052 24.8133 24.8221
 24.8326 24.8414 24.8506 24.8594 24.8673 24.8761 24.8842 24.8933 24.9016
 24.911  24.919  24.9279 24.9354 24.9439 24.9522 24.9602 24.9686 24.977
 24.9849 24.9936 25.0021 25.0107 25.0204 25.0288 25.0377 25.0459 25.0543
 25.0623 25.0707 25.079  25.0873 25.0958 25.1052 25.114  25.1222 25.1308
 25.1399 25.1493 25.1578 25.1663 25.1739 25.182  25.1911 25.1998 25.2083
 25.2166 25.2264 25.2353 25.2445 25.2529 25.2614 25.2706 25.2797 25.2891
 25.2982 25.3089 25.3177 25.3276 25.3362 25.3453 25.354  25.363  25.3718
 25.3807 25.3902 25.3998 25.4087 25.4183 25.4285 25.4398 25.4484 25.4592
 25.4678 25.4773 25.4864 25.4963 25.5061 25.516  25.5263 25.5386 25.5478
 25.5589 25.5679 25.5786 25.5895 25.599  25.6085 25.6196 25.6299 25.6435
 25.6551 25.6664 25.6774 25.6872 25.7002 25.7142 25.7261 25.7401 25.7515
 25.7722 25.7878 25.8005 25.8165 25.8312 25.8451 25.8585 25.8739 25.8912
 25.9058 25.922  25.9371 25.9735 25.995  26.0301 26.0868 26.1094 26.1497
 26.1988 26.2785
32.0523 32.5625 32.5979 32.6286 32.9005 32.9206 32.9647 33.0081 33.0681
 33.1058 33.1767 33.2315 33.2627 33.2774 33.2932 33.3164 33.3538 33.3742
 33.3954 33.4186 33.4356 33.4528 33.4828 33.4971 33.5123 33.5278 33.5438
 33.5589 33.5752 33.5918 33.6055 33.6172 33.6298 33.6461 33.6664 33.6838
 33.7    33.714  33.7275 33.7447 33.7632 33.7768 33.7954 33.8128 33.8345
 33.8509 33.8678 33.8807 33.8913 33.9052 33.9173 33.931  33.9424 33.9557
 33.9653 33.9791 33.9908 34.0019 34.0129 34.0247 34.0363 34.0468 34.0579
 34.0683 34.0794 34.0946 34.1054 34.1185 34.132  34.1499 34.1634 34.1754
 34.1857 34.1972 34.2106 34.2222 34.2358 34.2501 34.2598 34.2714 34.2828
 34.2949 34.3056 34.3157 34.3272 34.3401 34.3546 34.3679 34.3821 34.3937
 34.4059 34.4189 34.4325 34.4467 34.458  34.4715 34.4818 34.4944 34.5067
 34.5166 34.5308 34.541  34.5526 34.5636 34.5761 34.5874 34.6001 34.6161
 34.6296 34.643  34.6534 34.6644 34.6781 34.6895 34.7057 34.7224 34.7322
 34.7462 34.7585 34.7766 34.7874 34.8018 34.8171 34.8347 34.8518 34.87
 34.8876 34.8999 34.9161 34.9281 34.9432 34.9611 34.9749 34.9869 35.0001
 35.0125 35.029  35.0426 35.0661 35.0837 35.1106 35.1314 35.1536 35.1707
 35.1922 35.2204 35.2496 35.2821 35.304  35.3345 35.3812 35.5793 35.6175
 39.3438
41.5633 41.7476 41.8314 41.8893 41.9278 41.9496 41.9752 41.9938 42.0419
 42.0904 42.1243 42.1599 42.2029 42.2485 42.2779 42.2986 42.3127 42.3408
 42.389  42.4068 42.4218 42.4366 42.4626 42.479  42.4958 42.5101 42.5273
 42.5412 42.5564 42.576  42.591  42.6099 42.6227 42.6391 42.6533 42.6657
 42.6782 42.6887 42.7027 42.7147 42.7257 42.7378 42.7514 42.7648 42.7753
 42.79   42.8007 42.8098 42.8209 42.8306 42.8421 42.8532 42.8619 42.8727
 42.8826 42.894  42.9047 42.915  42.9272 42.9371 42.9478 42.9586 42.9694
 42.98   42.9909 43.     43.0096 43.0209 43.0306 43.0399 43.0495 43.0608
 43.0707 43.0805 43.0914 43.1017 43.1114 43.122  43.1328 43.1424 43.1524
 43.1629 43.173  43.183  43.1921 43.2036 43.2152 43.2257 43.2352 43.2443
 43.2567 43.2665 43.2774 43.2865 43.2959 43.3061 43.3158 43.3247 43.3333
 43.3439 43.3543 43.3632 43.3721 43.3817 43.3932 43.4026 43.4118 43.4202
 43.4311 43.4394 43.4486 43.4583 43.4672 43.4771 43.4861 43.4962 43.5057
 43.5162 43.526  43.5356 43.5459 43.555  43.5638 43.5729 43.5844 43.5943
 43.6042 43.6136 43.6232 43.6339 43.6433 43.654  43.6626 43.6735 43.6833
 43.6938 43.7047 43.7167 43.7264 43.7364 43.746  43.7555 43.7677 43.7769
 43.7871 43.7961 43.8054 43.8145 43.8241 43.8334 43.8454 43.8553 43.8674
 43.8781 43.8879 43.8985 43.9086 43.9197 43.9292 43.9391 43.949  43.9599
 43.9709 43.9835 43.9961 44.005  44.0147 44.0252 44.0415 44.0544 44.0667
 44.0795 44.0908 44.1056 44.1173 44.1308 44.1439 44.1571 44.1729 44.1885
 44.2033 44.217  44.2302 44.2403 44.252  44.2642 44.2828 44.2954 44.3118
 44.3328 44.3484 44.3663 44.3835 44.4014 44.4241 44.446  44.4635 44.4943
 44.5207 44.5488 44.6144 44.6799 44.7012 44.7378 44.7878 44.8685 44.9166
 49.1503
50.3893 50.4409 50.929  51.1694 51.2216 51.329  51.3751 51.3989 51.472
 51.4983 51.5209 51.5379 51.5678 51.5975 51.6195 51.6366 51.6543 51.6747
 51.6959 51.7362 51.7567 51.7745 51.7994 51.8187 51.8337 51.8457 51.8607
 51.8767 51.8921 51.907  51.9209 51.9342 51.9468 51.9597 51.9721 51.9859
 52.0023 52.015  52.0294 52.0395 52.0518 52.0692 52.0826 52.0933 52.1034
 52.1182 52.1287 52.1388 52.1504 52.1625 52.1723 52.1841 52.1959 52.2061
 52.2166 52.2273 52.2373 52.2475 52.2579 52.2672 52.2808 52.2925 52.3042
 52.3161 52.3268 52.3365 52.3471 52.3603 52.3731 52.3839 52.3935 52.4038
 52.4167 52.4274 52.439  52.4479 52.4574 52.468  52.4775 52.4915 52.5026
 52.5144 52.5276 52.5398 52.5503 52.5605 52.571  52.5807 52.5905 52.6014
 52.6117 52.6257 52.638  52.6492 52.6602 52.6716 52.6837 52.6927 52.7059
 52.7187 52.7297 52.7391 52.7498 52.7624 52.7772 52.7888 52.7988 52.8105
 52.8234 52.8327 52.8418 52.8518 52.8638 52.8746 52.884  52.8938 52.9063
 52.9156 52.9272 52.9417 52.9533 52.9655 52.9759 52.988  52.999  53.0107
 53.025  53.0371 53.0492 53.0618 53.073  53.0852 53.0973 53.1081 53.1191
 53.1303 53.1427 53.1536 53.1654 53.1768 53.1898 53.2018 53.2128 53.2247
 53.2345 53.2461 53.2563 53.2673 53.2783 53.2894 53.303  53.3166 53.3325
 53.346  53.3579 53.3712 53.3905 53.4078 53.429  53.4411 53.4581 53.4793
 53.4929 53.5099 53.5291 53.5434 53.5601 53.5755 53.5954 53.6267 53.6541
 53.6899 53.723  53.7466 53.8607 53.9152 59.6437 59.7345 59.9681
60.1395 60.2374 60.3079 60.3547 60.4232 60.4739 60.5077 60.5574 60.5763
 60.6016 60.623  60.6654 60.7107 60.7392 60.7567 60.7779 60.7963 60.8386
 60.8525 60.8658 60.8888 60.9083 60.9291 60.9458 60.9614 60.974  60.9858
 60.9997 61.0127 61.0252 61.0394 61.0553 61.065  61.0769 61.087  61.1014
 61.1116 61.1222 61.1333 61.1435 61.155  61.1677 61.1799 61.1923 61.2063
 61.2174 61.232  61.2477 61.2628 61.2761 61.2904 61.3005 61.312  61.3249
 61.3371 61.3523 61.3655 61.3809 61.3926 61.4033 61.413  61.4222 61.4337
 61.4442 61.4553 61.4667 61.4788 61.491  61.501  61.5097 61.5196 61.5286
 61.5377 61.5479 61.5573 61.5675 61.5778 61.5893 61.602  61.6154 61.6255
 61.6358 61.6485 61.6593 61.6698 61.6806 61.6911 61.7029 61.7119 61.7208
 61.731  61.741  61.7525 61.7643 61.7761 61.7878 61.8    61.8099 61.8194
 61.8302 61.8415 61.8527 61.862  61.8733 61.8823 61.8907 61.9004 61.9119
 61.9217 61.933  61.9437 61.954  61.9654 61.9757 61.9857 61.9976 62.0135
 62.024  62.0346 62.048  62.0593 62.0696 62.0802 62.0905 62.1032 62.1169
 62.1278 62.1376 62.1479 62.1577 62.1675 62.1788 62.1892 62.1991 62.2096
 62.2218 62.2336 62.244  62.2546 62.2656 62.2762 62.287  62.3012 62.3124
 62.3244 62.3353 62.3467 62.3566 62.3674 62.379  62.396  62.4068 62.4184
 62.4304 62.442  62.4532 62.4679 62.4784 62.4893 62.5009 62.5149 62.5294
 62.545  62.5564 62.573  62.5883 62.6044 62.6219 62.639  62.6563 62.6696
 62.69   62.7063 62.7219 62.7395 62.7586 62.7868 62.8055 62.8476 62.8782
 62.9126 62.9808 63.0002 63.0622 68.9179 68.9824 69.0156 69.0916 69.1709
 69.2256 69.2785 69.3531 69.3884 69.4308 69.459  69.4837 69.5499 69.6196
 69.64   69.6956 69.7277 69.7572 69.7799 69.8449 69.8684 69.8857 69.9093
 69.9299 69.9571 69.9749 69.9901

