11.4216 11.9355 13.7643 13.9219 13.9942 14.0768 14.1729 14.2076 14.271
 14.3147 14.3402 14.3652 14.4048 14.4439 14.4839 14.5168 14.5302 14.5938
 14.6178 14.6341 14.6628 14.6868 14.7862 14.8106 14.8358 14.8952 14.9147
 14.9318 14.9679 14.9933 15.0314 15.0518 15.0643 15.1404 15.3209 15.337
22.2737 22.4259 22.5288 22.7278 22.7678 22.8804 22.958  23.066  23.2317
 23.2597 23.2777 23.3406 23.3903 23.4056 23.4254 23.4643 23.4893 23.5278
 23.5667 23.5829 23.6006 23.6147 23.6351 23.6593 23.6758 23.7115 23.7253
 23.7518 23.7703 23.8046 23.8165 23.8265 23.839  23.8564 23.8735 23.8871
 23.9052 23.9178 23.9308 23.9455 23.9571 23.977  23.9916 24.0043 24.0166
 24.0369 24.053  24.0737 24.0988 24.1134 24.1402 24.1624 24.1851 24.2021
 24.2146 24.2281 24.2407 24.268  24.2872 24.3074 24.3226 24.3566 24.3678
 24.3833 24.3976 24.424  24.454  24.5151 24.5336
30.7238 30.7944 31.5368 32.4607 32.6221 32.8028 32.9066 32.9315 33.0689
 33.1151 33.1389 33.1818 33.2351 33.2502 33.2973 33.3658 33.3898 33.4342
 33.4544 33.4736 33.5066 33.5249 33.6164 33.6357 33.6843 33.7132 33.7279
 33.7433 33.7571 33.7718 33.802  33.8162 33.8478 33.8801 33.964
40.8038 41.3529 41.7144 41.8383 41.9306 41.9608 42.0278 42.0558 42.0816
 42.1124 42.1545 42.2097 42.2793 42.3723 42.3963 42.42   42.4838 42.5113
 42.5254 42.5432 42.557  42.5709 42.5848 42.6007 42.6129 42.6285 42.6469
 42.685  42.7043 42.7203 42.7476 42.7585 42.7855 42.7984 42.8206 42.873
 42.8895 42.9261 42.9489 42.9797 43.0294 43.0823 43.1123 43.1405 48.0569
50.8547 51.1798 51.201  51.348  51.3885 51.4408 51.4644 51.488  51.5376
 51.5925 51.6131 51.6548 51.7157 51.7301 51.7507 51.7792 51.8036 51.8358
 51.8795 51.9103 51.9364 51.9671 51.9864 52.0128 52.032  52.052  52.0754
 52.0929 52.1081 52.1327 52.1586 52.1765 52.2344 52.2693 52.3149 59.4362
 59.5676 59.7013 59.8761
60.0694 60.1538 60.2657 60.3277 60.3756 60.4258 60.4669 60.5733 60.6016
 60.653  60.7239 60.7407 60.7764 60.8397 60.8725 60.8997 60.9407 60.9666
 61.0058 61.0286 61.0465 61.0661 61.0918 61.1029 61.1197 61.1789 61.1928
 61.2323 61.2473 61.2617 61.2761 61.2877 61.37   61.4028 67.5179 68.8581
 69.2151 69.2613 69.3129 69.3349 69.3669 69.4047 69.4983 69.5276 69.5721
 69.597  69.6243 69.6504 69.6722 69.6905 69.7148 69.743  69.7629 69.8136
 69.8325 69.851  69.8687 69.8925 69.9545 69.994

