12.1819 13.6966 13.9999 14.1097 14.216  14.2463 14.2695 14.2977 14.3224
 14.3949 14.4146 14.46   14.4955 14.5346 14.5693 14.6214 14.6433 14.6593
 14.6778 14.7004 14.7169 14.7339 14.7559 14.7681 14.7818 14.7987 14.8156
 14.8358 14.8803 14.8961 14.9182 14.9313 14.9483 14.9635 14.9786 14.9952
 15.009  15.0234 15.037  15.0518 15.0631 15.0734 15.0858 15.1035 15.1166
 15.1289 15.1394 15.1512 15.1628 15.1729 15.1881 15.199  15.2121 15.2232
 15.2342 15.2469 15.2583 15.2686 15.281  15.2936 15.3069 15.3169 15.3278
 15.3418 15.3541 15.3657 15.3762 15.3859 15.397  15.4099 15.4209 15.4307
 15.4428 15.4536 15.4646 15.4761 15.4876 15.4977 15.5077 15.5208 15.5307
 15.5397 15.5501 15.5615 15.5726 15.5859 15.5952 15.6051 15.616  15.629
 15.6387 15.6475 15.6576 15.6698 15.6818 15.6936 15.7043 15.7148 15.7261
 15.7375 15.7505 15.7613 15.7707 15.7809 15.7913 15.8023 15.8141 15.826
 15.8387 15.848  15.8581 15.8682 15.8791 15.8903 15.9033 15.9149 15.9263
 15.9391 15.9486 15.9612 15.9716 15.9837 15.9963 16.0084 16.0202 16.0319
 16.0476 16.0616 16.0728 16.084  16.0995 16.1109 16.1231 16.1358 16.1471
 16.1593 16.1742 16.187  16.1992 16.2156 16.2312 16.2452 16.2604 16.2764
 16.289  16.3058 16.3209 16.34   16.3641 16.3829 16.3994 16.4177 16.4402
 16.4621 16.4888 16.5266 16.5404 16.5584 16.5794 16.6008 16.6297 16.6516
 16.6705 16.6977 16.7171 16.7349 16.8073 16.8489 16.8757 16.9016 16.9368
 17.1046
22.2094 22.5685 22.8678 22.9523 23.021  23.0925 23.1393 23.3003 23.3548
 23.378  23.4009 23.4186 23.4368 23.4776 23.5019 23.5239 23.5465 23.5658
 23.5901 23.6122 23.6305 23.6502 23.6669 23.6826 23.7048 23.7227 23.7353
 23.7505 23.7643 23.7752 23.7926 23.8097 23.8221 23.8351 23.8459 23.8559
 23.8674 23.8787 23.8912 23.9026 23.9132 23.929  23.9416 23.9526 23.9663
 23.977  23.9892 23.9978 24.0075 24.0178 24.0272 24.0385 24.0498 24.0617
 24.0713 24.0832 24.0936 24.1027 24.1132 24.1245 24.1332 24.142  24.1537
 24.1643 24.1743 24.1851 24.1943 24.2063 24.2153 24.2242 24.2334 24.2435
 24.2533 24.2631 24.2735 24.2842 24.2942 24.303  24.3116 24.3206 24.3308
 24.3398 24.349  24.358  24.3665 24.3758 24.3847 24.3943 24.4027 24.4118
 24.4205 24.4287 24.4367 24.4456 24.4534 24.4618 24.47   24.4786 24.4873
 24.496  24.5042 24.5139 24.5221 24.5305 24.5391 24.5471 24.5556 24.5631
 24.5714 24.5794 24.5872 24.5953 24.6049 24.6139 24.6232 24.6326 24.6413
 24.6503 24.6594 24.6679 24.6766 24.6844 24.6937 24.7019 24.7102 24.7186
 24.7285 24.7369 24.7454 24.7541 24.7627 24.7714 24.78   24.7892 24.7994
 24.8081 24.8177 24.8255 24.8339 24.8429 24.8514 24.8604 24.8686 24.877
 24.8859 24.8953 24.9038 24.913  24.9222 24.9312 24.9399 24.9492 24.9581
 24.9676 24.9767 24.9859 24.9949 25.0033 25.0121 25.0217 25.0305 25.0413
 25.0509 25.0596 25.0681 25.0768 25.0859 25.0949 25.104  25.1139 25.1237
 25.1326 25.1418 25.1504 25.1597 25.1701 25.1796 25.1884 25.2008 25.2113
 25.2201 25.2286 25.2398 25.2521 25.2618 25.2716 25.2831 25.2932 25.303
 25.313  25.3238 25.3357 25.3484 25.3584 25.3699 25.3827 25.3942 25.4058
 25.417  25.428  25.4373 25.4507 25.4626 25.475  25.4883 25.5005 25.5126
 25.5269 25.5395 25.5662 25.5836 25.5994 25.619  25.6325 25.6507 25.6801
 25.6971 25.7123 25.7274 25.7483 25.7685 25.7879 25.8047 25.8231 25.8379
 25.8557 25.8765 25.9007 25.9232 25.9483 25.9729 26.0001 26.0187 26.0406
 26.0569 26.0809 26.11   26.1385 26.1684 26.1954 26.2248 26.2643 26.2964
 26.3342 26.4787
30.857  32.5607 32.6996 32.8757 33.0534 33.0786 33.1139 33.1699 33.1943
 33.2329 33.2537 33.2677 33.2829 33.3093 33.3377 33.3545 33.3713 33.3901
 33.4056 33.421  33.4365 33.451  33.4697 33.4843 33.5017 33.5301 33.5454
 33.5647 33.5784 33.5938 33.6138 33.6269 33.6414 33.6559 33.6706 33.6849
 33.7027 33.7179 33.74   33.7573 33.7729 33.7834 33.7964 33.8108 33.8239
 33.8362 33.8484 33.8607 33.8737 33.8868 33.8962 33.9076 33.9208 33.9351
 33.9467 33.9596 33.9731 33.9859 34.0001 34.011  34.0222 34.0342 34.044
 34.0555 34.0672 34.0791 34.0897 34.1022 34.1127 34.1243 34.1354 34.1467
 34.1566 34.168  34.1787 34.193  34.204  34.2161 34.2286 34.2395 34.2524
 34.2644 34.2743 34.2851 34.2968 34.3087 34.3183 34.3301 34.3396 34.3525
 34.3674 34.3863 34.3963 34.4138 34.4279 34.4415 34.4511 34.4637 34.4809
 34.495  34.5084 34.522  34.5383 34.5495 34.5621 34.5734 34.587  34.5996
 34.6133 34.632  34.6479 34.6621 34.6756 34.6913 34.7074 34.7236 34.7358
 34.7502 34.7628 34.7783 34.7931 34.811  34.8309 34.8504 34.8642 34.8776
 34.9003 34.9189 34.9359 34.9597 34.9792 35.0048 35.0203 35.0539 35.0694
 35.0904 35.1187 35.187  35.2129 35.2414 35.3066 35.3337 35.3912 35.4304
 35.4885 35.5458 35.6893 36.2909 39.8764
40.865  41.5042 41.6403 41.7038 41.8439 41.9027 41.9679 41.9948 42.0276
 42.0608 42.1035 42.1295 42.144  42.1679 42.1994 42.2158 42.2396 42.2693
 42.2856 42.3068 42.3396 42.3645 42.4062 42.4224 42.4398 42.4594 42.4797
 42.5087 42.5314 42.5529 42.5775 42.5945 42.6086 42.6212 42.638  42.652
 42.6674 42.6829 42.6954 42.7095 42.7237 42.7363 42.7477 42.7584 42.7687
 42.7797 42.7902 42.8018 42.8144 42.8257 42.8354 42.8458 42.8571 42.8689
 42.8793 42.8896 42.901  42.9143 42.9256 42.9366 42.9482 42.9612 42.9734
 42.9853 42.9951 43.0049 43.0132 43.0219 43.033  43.0444 43.0541 43.0636
 43.0735 43.0825 43.092  43.1028 43.114  43.1255 43.136  43.1462 43.1576
 43.1677 43.1781 43.188  43.1989 43.2091 43.2182 43.2279 43.2387 43.2492
 43.2589 43.2693 43.2783 43.287  43.2962 43.3061 43.3156 43.3254 43.3347
 43.3465 43.3556 43.3661 43.3751 43.3852 43.3948 43.403  43.4145 43.4248
 43.4368 43.4459 43.4564 43.4645 43.4746 43.4859 43.4955 43.5051 43.5149
 43.5244 43.5333 43.5434 43.5523 43.5625 43.5731 43.5829 43.5927 43.6016
 43.612  43.6218 43.6319 43.6424 43.653  43.6626 43.6735 43.6853 43.6972
 43.7069 43.716  43.7269 43.7374 43.7473 43.7575 43.7683 43.7798 43.7896
 43.7991 43.8093 43.8176 43.827  43.8365 43.8462 43.8565 43.867  43.8784
 43.8881 43.8996 43.9094 43.92   43.9347 43.9453 43.9613 43.9758 43.9873
 43.9986 44.0128 44.0289 44.0406 44.0513 44.0626 44.0789 44.093  44.1163
 44.1346 44.1484 44.1618 44.1802 44.1953 44.2098 44.2248 44.2372 44.2561
 44.2726 44.2928 44.3126 44.3346 44.3668 44.3886 44.4118 44.4265 44.452
 44.4695 44.4868 44.5217 44.5478 44.5782 44.6132 44.6424 44.6734 44.7164
 44.7348 44.7658 44.8399 44.8946 44.9517 49.8164
50.8067 50.8879 51.0041 51.0259 51.0619 51.1214 51.1486 51.2623 51.3407
 51.3641 51.4016 51.4239 51.4661 51.4898 51.5457 51.5778 51.5979 51.6336
 51.6511 51.6664 51.681  51.6961 51.7197 51.7473 51.7678 51.7798 51.7979
 51.817  51.832  51.8482 51.8615 51.8717 51.8877 51.9017 51.9155 51.9271
 51.9422 51.9541 51.9746 51.9865 52.0039 52.0169 52.0308 52.0446 52.0554
 52.067  52.0766 52.0892 52.0997 52.1107 52.1212 52.1305 52.1403 52.1492
 52.1584 52.1696 52.1794 52.1887 52.1979 52.2093 52.2188 52.2295 52.2402
 52.2545 52.2692 52.2803 52.2901 52.3005 52.3101 52.32   52.331  52.3433
 52.3555 52.3662 52.3756 52.3859 52.3971 52.4104 52.4205 52.4318 52.4419
 52.4529 52.4631 52.4723 52.4827 52.4923 52.5036 52.5131 52.5253 52.5379
 52.5494 52.5613 52.5705 52.5817 52.5928 52.6033 52.6145 52.6239 52.6357
 52.6455 52.6555 52.6656 52.6774 52.6869 52.6959 52.7055 52.7164 52.728
 52.7387 52.752  52.7672 52.7784 52.7893 52.7992 52.8094 52.8192 52.831
 52.8427 52.8545 52.8675 52.879  52.8904 52.9016 52.9154 52.928  52.9408
 52.9522 52.9661 52.9766 52.9874 53.0007 53.0129 53.0248 53.0364 53.0469
 53.0576 53.0697 53.0846 53.1025 53.1178 53.1388 53.1549 53.1717 53.1848
 53.1977 53.2099 53.2286 53.2527 53.2773 53.2948 53.3089 53.3222 53.3479
 53.3764 53.3926 53.4113 53.4257 53.4456 53.4764 53.4981 53.5179 53.5441
 53.5687 53.6062 53.6367 53.6615 53.6864 53.7193 53.8155 53.8566 53.9044
 53.9439 53.9763 58.7879 59.6549 59.8981
60.0362 60.0957 60.1545 60.2175 60.2958 60.3466 60.4158 60.4709 60.5239
 60.5694 60.613  60.6763 60.6962 60.71   60.7271 60.7493 60.77   60.7941
 60.8107 60.8302 60.8484 60.8672 60.8814 60.8974 60.9107 60.9247 60.938
 60.9577 60.9781 60.9966 61.0117 61.0243 61.0388 61.0505 61.0629 61.0755
 61.0922 61.1025 61.1148 61.1268 61.1438 61.1549 61.1672 61.181  61.1929
 61.2053 61.2196 61.2345 61.2443 61.2576 61.2682 61.2774 61.2881 61.3003
 61.3113 61.3216 61.3323 61.3416 61.3538 61.3649 61.3762 61.3871 61.3986
 61.4092 61.4197 61.4304 61.4418 61.4549 61.4659 61.4759 61.4885 61.4986
 61.508  61.5192 61.5301 61.5409 61.5517 61.5616 61.5721 61.5836 61.5967
 61.6079 61.6208 61.6302 61.64   61.6509 61.6606 61.6715 61.6813 61.6903
 61.6996 61.709  61.7188 61.7288 61.7389 61.7501 61.7602 61.7699 61.7796
 61.7905 61.8019 61.8156 61.8263 61.8369 61.846  61.8561 61.8655 61.8766
 61.8855 61.8961 61.9051 61.9143 61.9242 61.9352 61.9458 61.9566 61.9659
 61.975  61.9838 61.9943 62.004  62.0162 62.0314 62.043  62.053  62.0629
 62.0738 62.0874 62.1015 62.1145 62.1253 62.1349 62.144  62.1556 62.1702
 62.182  62.1939 62.204  62.2158 62.2272 62.2456 62.2589 62.2718 62.291
 62.304  62.3244 62.3354 62.3529 62.3682 62.3867 62.4106 62.4234 62.4464
 62.4622 62.4806 62.4932 62.5181 62.5332 62.5524 62.5718 62.59   62.6126
 62.6312 62.6549 62.7063 62.7302 62.7537 62.7738 62.7934 62.8077 62.843
 62.8825 62.9071 62.9547 62.983  63.0565 63.118  63.1835 63.2127 66.6677
 69.0641 69.3158 69.4698 69.5467 69.5847 69.6045 69.6353 69.6513 69.6742
 69.6973 69.719  69.7397 69.762  69.7788 69.7949 69.8132 69.8321 69.8469
 69.8724 69.8877 69.902  69.9195 69.9367 69.9558 69.9743 69.9883

