13.2455 13.6084 13.7654 13.9539 14.0726 14.1838 14.2437 14.2766 14.3669
 14.462  14.5958 14.6563 14.7009 14.7558
20.9233 22.2112 22.5351 22.5788 22.8239 23.0515 23.0661 23.1729 23.2059
 23.5576 23.5961 23.7472 23.7621 23.7947 23.8332 23.916  23.9581 24.0019
 24.0346
30.5816 32.4062 32.5245 32.6417 32.7505 32.9333 32.9968 33.0732 33.1875
 33.2816 33.5293 33.6918
40.9775 41.1608 41.5482 41.797  41.9297 41.9696 42.0891 42.1674 42.2008
 42.3201 42.3708 42.4465 42.4756 42.6895
50.0629 50.3003 50.6576 50.8495 50.9971 51.219  51.3496 51.4246 51.4885
 51.5657 51.6593 51.6855 51.7808 51.845  58.9811 59.5629 59.6764 59.9815
60.0449 60.225  60.2558 60.3634 60.3901 60.4649 60.5523 60.5855 60.6265
 60.6713 60.8459 60.9815 61.0017 68.4334 68.9567 69.2711 69.296  69.3131
 69.5038 69.5618 69.7809 69.9026 69.9779

