13.1477 13.9263 13.9498 14.0813 14.4537 14.4847 14.6275 14.6938 14.9743
 15.0138 15.0682
22.2303 22.2709 22.8284 22.9457 23.017  23.0366 23.1123 23.2041 23.3743
 23.4657 23.5194 23.5507 23.6947 23.7378 23.7698 23.7879 23.8203 23.8379
 23.8627 23.887  23.9244 23.9394 23.9719 24.007  24.0267 24.0632 24.096
 24.1399 24.1697 24.222  24.277  24.2878 24.3009 24.3339 24.3683 24.4527
 24.4966
32.1879 32.7382 33.0158 33.105  33.2819 33.6871
41.2568 41.6841 41.8167 42.0146 42.0423 42.289  42.3699 42.3821 42.4175
 42.4629 42.6    42.6452 42.6699 42.6812 42.7215 42.758  42.779  42.7997
 42.9728 43.0934
50.5265 51.0202 51.2062 51.2818 51.3385 51.4869 51.7741 51.9512 51.9849
 52.0296 52.3272 57.8882 59.4762 59.5613
60.1461 60.2769 60.4131 60.4769 60.5929 60.6188 60.687  60.7414 60.8105
 60.9914 61.0287 61.1748 68.5354 68.9729 69.0737 69.1738 69.3473 69.5493
 69.6457 69.6709 69.9086

