12.4797 14.2267 14.32   14.4007 14.5799 14.6608 14.8363 14.8774 15.24
23.2175 23.5618 23.6445 23.7315 23.7495 23.779  23.8045 23.8194 23.8499
 23.8758 23.8897 23.9189 23.9538 24.018  24.0469 24.0862 24.1154 24.2098
 24.2211 24.2507 24.4034
30.6546 32.506  33.1025 33.1679 33.1914 33.3341 33.4865 33.5343 33.6209
 33.6955
41.8397 42.0641 42.0833 42.1662 42.4526 42.4683 42.5192 42.5806 42.6035
 42.7362 42.807  42.8451 42.869  42.9114 42.9506 43.0621 43.1435 43.2048
 49.5424
50.1281 50.3252 51.1483 51.2317 51.5246 51.5488 51.6484 51.8356 51.9012
 59.9127
60.499  60.7945 60.811  60.8595 60.9024 60.9442 60.9784 61.0068 61.042
 61.1159 61.1434 61.2803 61.3369 67.3036 69.4563 69.6264 69.6995 69.7278
 69.8297

