11.2616 12.4257 13.5423 13.7128 13.9382 13.9532 14.0166 14.1147 14.2576
 14.4137 14.4595 14.5718 14.6024 14.6646 14.9397
21.9077 22.9798 23.0808 23.2428 23.2858 23.6128 23.6743 23.7609 23.8557
31.6007 31.7765 31.8617 32.0843 32.2369 32.3792 32.4884 32.6819 32.7853
 32.8285 32.8908 32.9865 33.1431 33.2572
40.875  41.9233 41.9542 41.9885 42.0726 42.1781 42.2228 42.2769 42.3689
 49.2828
50.5864 50.6869 51.1774 51.2247 51.3136 51.4203 51.5158 51.5652 58.541
 59.7557 59.9045
60.0463 60.1026 60.1436 60.1919 60.3423 60.4047 60.4472 60.4685 60.5407
 60.7833 67.53   68.2418 68.2764 68.3313 68.9669 69.2214 69.2511 69.442
 69.6503 69.6806 69.7296 69.8461

