13.6889 13.7665 13.8495 13.9299 13.9424 14.0346 14.26   14.3373 14.3546
 14.4979 14.5685 14.5999 14.8368 14.8698
22.1509 22.9986 23.2687 23.3149 23.3513 23.5519 23.8188 23.8394 23.8607
30.0048 30.8205 31.9054 32.3292 32.3568 32.4125 32.5336 32.6089 32.6767
 32.7155 32.847  32.9443 33.3014
40.1538 41.1875 41.2224 41.4707 41.6315 41.8284 42.0184 42.135  42.2109
 42.3134 42.3459 42.3639 42.4137 49.9739
50.0414 50.1802 50.3867 51.1556 51.2113 51.4044 51.4357 51.5261 51.8451
 57.9332 58.5097 59.0691 59.3103 59.6217 59.8524
60.1746 60.1989 60.3157 60.3505 60.3865 60.4355 60.4534 60.5388 60.5769
 60.645  60.6749 60.7692 60.9097 65.297  67.9372 68.2741 69.0594 69.0996
 69.1357 69.2312 69.4294 69.4934 69.5463 69.616  69.7575 69.8342

