13.0551 13.0918 13.5883 13.6427 13.7456 13.7952 13.8864 13.9553 13.9858
 14.0259 14.0882 14.1123 14.1415 14.1685 14.1835 14.2033 14.2185 14.2365
 14.2495 14.267  14.2858 14.2994 14.3136 14.3304 14.3435 14.3597 14.3746
 14.3896 14.4122 14.4254 14.4387 14.4535 14.4679 14.4898 14.5088 14.5233
 14.5397 14.5536 14.5711 14.5834 14.5957 14.6075 14.6234 14.6397 14.6584
 14.6775 14.6935 14.7126 14.7263 14.7413 14.7605 14.7745 14.7863 14.7984
 14.813  14.8265 14.8385 14.8522 14.8644 14.8791 14.893  14.9087 14.922
 14.9371 14.9565 14.9723 14.988  15.0029 15.0264 15.0368 15.0501 15.0622
 15.074  15.0862 15.1006 15.1116 15.1271 15.1441 15.1567 15.1707 15.183
 15.1973 15.2086 15.2205 15.234  15.2444 15.2561 15.2705 15.2828 15.2974
 15.3084 15.321  15.3392 15.3565 15.37   15.3884 15.4044 15.4193 15.4315
 15.4468 15.4635 15.4787 15.4951 15.5124 15.5263 15.5413 15.5751 15.5878
 15.6086 15.6242 15.6388 15.6593 15.6804 15.7042 15.7254 15.7459 15.7666
 15.7817 15.8009 15.818  15.8363 15.8519 15.8796 15.9403 15.9657 15.9946
 16.0306 16.0809 16.1168 16.1432 16.1708 16.2314
22.4887 22.6183 23.014  23.1092 23.1398 23.1698 23.2349 23.2691 23.403
 23.453  23.5194 23.5845 23.62   23.6417 23.6738 23.7007 23.7179 23.7384
 23.7546 23.7798 23.8026 23.8214 23.8657 23.8844 23.9026 23.9182 23.9405
 23.9576 23.9714 23.9931 24.0131 24.0378 24.0673 24.0979 24.1117 24.126
 24.1537 24.1758 24.1923 24.2079 24.2247 24.2392 24.2552 24.2667 24.2822
 24.3043 24.3419 24.366  24.3815 24.4034 24.4301 24.4525 24.4678 24.4913
 24.5048 24.5217 24.5399 24.5573 24.5724 24.5913 24.6087 24.6263 24.642
 24.6615 24.6771 24.6979 24.7109 24.7301 24.7526 24.7755 24.7929 24.808
 24.8282 24.8429 24.8649 24.884  24.9101 24.9364 24.9534 24.9743 24.9921
 25.0222 25.0467 25.0631 25.0885 25.1165 25.1707 25.2018 25.2434 25.2649
 25.2894 25.312  25.3528 25.4079 25.4676 25.5059
31.4483 32.5133 32.8649 32.9234 32.9631 33.0134 33.051  33.0657 33.0897
 33.1185 33.1717 33.1887 33.2123 33.2402 33.2576 33.3157 33.3488 33.3668
 33.3848 33.4104 33.4437 33.4623 33.4773 33.4916 33.5234 33.5559 33.573
 33.5919 33.6108 33.6287 33.6468 33.6774 33.6965 33.7147 33.7325 33.75
 33.7644 33.7946 33.8093 33.8282 33.8521 33.872  33.89   33.9078 33.9266
 33.9458 33.9698 33.9923 34.0353 34.0582 34.0783 34.0962 34.1197 34.1369
 34.1587 34.1881 34.2007 34.2274 34.244  34.2655 34.2797 34.2946 34.3146
 34.3393 34.3611 34.3781 34.4008 34.4216 34.4576 34.4771 34.4971 34.5249
 34.5468 34.5689 34.6019 34.6187 34.645  34.6664 34.6925 34.7318 34.7658
 34.7827 34.8255 34.8859 34.9253 34.9629 35.0542 35.1423 35.5025 38.4413
40.7783 41.0784 41.2819 41.3627 41.4104 41.4666 41.4842 41.5135 41.5618
 41.5854 41.6457 41.6719 41.7091 41.7387 41.7701 41.7958 41.8175 41.8529
 41.8765 41.901  41.9198 41.9356 41.9486 41.9618 41.9754 41.9921 42.0203
 42.0389 42.0553 42.0743 42.0967 42.1127 42.1289 42.1455 42.159  42.1738
 42.1885 42.2032 42.2216 42.2391 42.2603 42.2743 42.2883 42.3061 42.323
 42.3419 42.3582 42.3872 42.4028 42.4332 42.4475 42.4612 42.4761 42.4917
 42.5038 42.5167 42.5289 42.5433 42.5617 42.581  42.5953 42.6119 42.6272
 42.6533 42.6657 42.6795 42.6932 42.7065 42.7204 42.7338 42.7484 42.7647
 42.7773 42.7923 42.8081 42.8269 42.8396 42.8555 42.8692 42.8896 42.9046
 42.9212 42.9381 42.9504 42.963  42.9758 42.988  43.0013 43.0153 43.0324
 43.0453 43.058  43.0685 43.0802 43.0965 43.1126 43.1238 43.1365 43.148
 43.1631 43.1806 43.1933 43.208  43.2228 43.2374 43.2518 43.2658 43.2798
 43.2928 43.3058 43.3167 43.3292 43.3436 43.3628 43.3766 43.3908 43.4067
 43.4249 43.4391 43.4595 43.4829 43.5042 43.5345 43.5544 43.5837 43.6017
 43.6193 43.6414 43.6582 43.6971 43.7163 43.7587 43.8144 43.8379 43.8646
 43.8905 43.9377 43.9997 44.0441 48.6558
50.2389 50.2846 50.4772 50.5015 50.5287 50.5846 50.61   50.6644 50.7596
 50.7938 50.8184 50.8405 50.8578 50.928  50.946  50.9696 51.0028 51.0225
 51.0446 51.0932 51.1331 51.1527 51.1728 51.1964 51.2169 51.2445 51.2628
 51.2746 51.2888 51.3013 51.3148 51.3305 51.3428 51.3588 51.3772 51.3911
 51.4134 51.428  51.4459 51.4727 51.4872 51.5024 51.5187 51.5357 51.5603
 51.5772 51.6004 51.6142 51.6274 51.6413 51.658  51.6722 51.69   51.7045
 51.7282 51.7435 51.7677 51.7867 51.8021 51.8259 51.8371 51.8507 51.8632
 51.8775 51.8909 51.9044 51.917  51.9317 51.9477 51.9598 51.9744 51.9901
 52.004  52.0173 52.0343 52.0492 52.0655 52.0767 52.0901 52.1028 52.1165
 52.1295 52.1465 52.1598 52.1718 52.1896 52.2013 52.214  52.2252 52.236
 52.2507 52.2654 52.2802 52.3022 52.3165 52.3302 52.3481 52.362  52.3784
 52.4009 52.4176 52.4363 52.459  52.4775 52.4922 52.5099 52.527  52.5411
 52.5638 52.5789 52.599  52.6242 52.6401 52.6578 52.6774 52.7016 52.7269
 52.7449 52.7668 52.7876 52.8091 52.8362 52.8614 52.9084 52.9384 52.9581
 52.9841 53.033  53.0896 53.1663 53.2346 53.2942 55.6681 59.4103 59.7225
 59.8289 59.8612 59.9639
60.1306 60.1786 60.207  60.2428 60.2997 60.3196 60.3778 60.4025 60.4187
 60.4338 60.4517 60.4848 60.5028 60.5166 60.5353 60.553  60.5715 60.6084
 60.627  60.664  60.6919 60.7136 60.7374 60.7535 60.7726 60.7875 60.8025
 60.8238 60.8428 60.8604 60.8803 60.9031 60.9159 60.9316 60.9535 60.9712
 60.9855 61.0015 61.0204 61.0341 61.0487 61.0692 61.0835 61.105  61.1209
 61.1445 61.1597 61.174  61.1908 61.2051 61.2167 61.2305 61.2486 61.2649
 61.2779 61.2939 61.3118 61.3226 61.3352 61.3498 61.3641 61.3778 61.3896
 61.4065 61.4217 61.4412 61.454  61.4709 61.4859 61.5044 61.5247 61.5501
 61.567  61.5845 61.6033 61.6182 61.6315 61.6449 61.6587 61.6707 61.6861
 61.7005 61.7136 61.7313 61.7441 61.7579 61.7812 61.8015 61.8224 61.8383
 61.8532 61.8706 61.8867 61.9088 61.9236 61.9518 61.9699 61.9916 62.0066
 62.0213 62.039  62.0813 62.1164 62.1349 62.1557 62.1754 62.1987 62.2223
 62.2536 62.274  62.2996 62.3218 62.3466 62.3859 62.4139 62.4388 62.504
 62.6262 68.962  69.0739 69.0905 69.1769 69.2976 69.3566 69.4118 69.4486
 69.4992 69.5304 69.5476 69.5691 69.5974 69.6453 69.6731 69.6921 69.7215
 69.7456 69.7648 69.7845 69.8048 69.8301 69.8486 69.861  69.8822 69.9166
 69.9496 69.9793

