12.3919 12.6811 13.1193 13.2215 13.2488 13.32   13.3657 13.4016 13.4373
 13.4706 13.5515 13.5718 13.6012 13.6798 13.695  13.754  13.8003 13.8263
 13.8407 13.8593 13.9032 13.9452 13.9711 13.9979 14.011  14.0463 14.0904
 14.1169 14.1393 14.156  14.1859 14.2112 14.248  14.2808 14.3044 14.3273
 14.3697 14.4126 14.4322 14.4582
22.2456 22.4704 22.8403 22.9163 22.9745 23.0049 23.0757 23.1148 23.1379
 23.202  23.2693 23.3076 23.3576 23.4309 23.4888 23.5347 23.5532 23.5689
 23.5838 23.6092 23.6414 23.6564 23.6849 23.6963 23.7266 23.757  23.8121
 23.8435 23.8794 23.8975 23.9194 24.021  24.0338 24.05   24.0671 24.0802
31.8758 32.3284 32.3467 32.453  32.5666 32.6144 32.6727 32.7085 32.7466
 32.781  32.8096 32.8666 32.8864 32.9138 32.9618 32.9828 33.0263 33.0754
 33.1309 33.1547 33.1765 33.1945 33.2183 33.2406 33.3109 33.3308 33.3707
 33.4074 33.4229 33.4456 33.4675 33.5896 33.6995 39.8596
40.3654 40.5155 40.7387 40.9729 41.2065 41.3093 41.3333 41.3524 41.3876
 41.4568 41.5293 41.5554 41.5715 41.5934 41.6477 41.6657 41.682  41.6975
 41.7165 41.7361 41.7629 41.7814 41.8194 41.8427 41.8641 41.8828 41.9236
 41.9506 41.9767 41.9951 42.0125 42.0297 42.0532 42.0761 42.0993 42.1123
 42.1337 42.1557 42.1949 42.2112 42.2295 42.2528 42.2675 42.3316 42.3653
 47.0821 49.1035 49.5149 49.6586 49.9053
50.1067 50.1552 50.2416 50.2799 50.423  50.4499 50.4814 50.5041 50.5177
 50.5487 50.6066 50.6298 50.6492 50.6727 50.6908 50.7695 50.8119 50.8672
 50.9151 50.9364 50.9711 51.0023 51.0432 51.0583 51.102  51.131  51.1426
 51.1976 51.2152 51.2405 51.2615 51.2932 51.3207 51.3586 51.3836 51.4003
 51.4255 51.464  51.4883 51.5583 51.6137 58.4997 58.7521 58.8786 59.1357
 59.5325 59.595  59.7737 59.9384 59.9558 59.9772 59.9994
60.1544 60.193  60.2119 60.2753 60.3006 60.3308 60.3493 60.3683 60.3889
 60.4026 60.4246 60.4422 60.4655 60.4985 60.5155 60.5345 60.5467 60.5711
 60.594  60.6189 60.6313 60.6503 60.6645 60.6809 60.6947 60.7224 60.7431
 60.7672 60.8862 60.9256 66.558  67.0302 67.0959 67.1955 68.4377 69.0257
 69.1351 69.236  69.2592 69.2957 69.3272 69.3937 69.4406 69.483  69.5151
 69.5397 69.5856 69.6051 69.6278 69.6463 69.6654 69.6827 69.742  69.763
 69.7888 69.8625 69.8874 69.9217 69.9475

