12.1547 12.4529 13.1926 13.646  13.7425 13.7853 13.8484 13.9045 13.9549
 13.9757 14.0313 14.0694 14.0899 14.1086 14.127  14.1966 14.2173 14.2488
 14.2775 14.2984 14.3357 14.3527 14.3691 14.386  14.4059 14.4263 14.4478
 14.469  14.4878 14.5195 14.5352 14.5543 14.5729 14.586  14.5983 14.6182
 14.6319 14.6454 14.6616 14.6769 14.6912 14.7097 14.7254 14.747  14.7645
 14.7819 14.8005 14.8234 14.8385 14.8495 14.8631 14.8788 14.8888 14.9073
 14.9192 14.932  14.9467 14.9575 14.9716 14.9823 14.9943 15.0052 15.0208
 15.0364 15.0508 15.0634 15.0763 15.0901 15.1019 15.1142 15.1263 15.1387
 15.1558 15.1675 15.1795 15.1917 15.2037 15.2148 15.2265 15.2415 15.2541
 15.2685 15.281  15.2922 15.3031 15.3185 15.3336 15.3453 15.356  15.3685
 15.3824 15.3976 15.4095 15.4236 15.4379 15.452  15.4643 15.4773 15.4895
 15.5151 15.5373 15.5496 15.5651 15.5778 15.593  15.6089 15.6273 15.6455
 15.6654 15.685  15.7058 15.7222 15.7409 15.7613 15.7734 15.7894 15.8059
 15.826  15.8505 15.8695 15.8875 15.9101 15.9338 15.9546 15.9753 16.0043
 16.0384 16.0988
22.9034 22.9854 23.1066 23.1981 23.2656 23.3438 23.3746 23.5224 23.5639
 23.5959 23.6274 23.6692 23.6938 23.7287 23.7527 23.7744 23.8138 23.8391
 23.8588 23.9021 23.923  23.9547 23.9962 24.0168 24.0413 24.0574 24.0773
 24.0959 24.1208 24.1545 24.1783 24.1934 24.2107 24.2371 24.2509 24.2662
 24.2875 24.3026 24.3266 24.3442 24.3577 24.3794 24.4015 24.4186 24.4337
 24.4468 24.4576 24.4778 24.495  24.5149 24.53   24.5494 24.5679 24.5846
 24.604  24.6188 24.6339 24.6464 24.6626 24.675  24.6869 24.7009 24.7128
 24.7235 24.7361 24.7519 24.7685 24.7806 24.7988 24.8137 24.8302 24.8508
 24.8682 24.8866 24.9032 24.9262 24.9427 24.9597 24.9823 24.9992 25.0204
 25.0387 25.0575 25.0948 25.1133 25.1291 25.1529 25.1667 25.1917 25.2101
 25.2344 25.256  25.2788 25.3355 25.3534 25.3816 25.4114 25.4798 25.5816
 25.7001
32.9128 33.1063 33.1783 33.2021 33.2407 33.2713 33.3249 33.3995 33.4192
 33.4573 33.5162 33.5561 33.5766 33.6074 33.6347 33.6641 33.6816 33.6977
 33.7269 33.7557 33.7892 33.8029 33.8235 33.8577 33.8762 33.8933 33.9118
 33.9282 33.9529 33.9744 33.9901 34.0046 34.0252 34.0397 34.054  34.0755
 34.0949 34.1169 34.1343 34.1505 34.1652 34.1816 34.1975 34.2171 34.2342
 34.2592 34.2798 34.3029 34.318  34.3306 34.3487 34.3695 34.3837 34.3999
 34.4166 34.4348 34.4527 34.4735 34.4955 34.5137 34.5292 34.5479 34.5689
 34.5848 34.6219 34.6482 34.6727 34.6922 34.7123 34.7326 34.7492 34.7674
 34.7981 34.8327 34.8807 34.9344 34.9848 35.0148 35.1042 35.2297
40.9962 41.0559 41.3643 41.4057 41.6391 41.6818 41.7385 41.7592 41.8537
 41.8901 41.9221 41.9423 41.9665 41.9872 42.0077 42.0346 42.0505 42.0718
 42.0939 42.1234 42.1473 42.1739 42.2109 42.2393 42.2639 42.2793 42.3016
 42.3187 42.3366 42.3491 42.3653 42.3821 42.3953 42.4181 42.4401 42.4543
 42.4743 42.5081 42.5225 42.5361 42.5511 42.5648 42.5766 42.5895 42.605
 42.6178 42.6306 42.6433 42.6582 42.6728 42.6863 42.6984 42.7124 42.7253
 42.7377 42.75   42.7633 42.7783 42.7891 42.8016 42.8146 42.8331 42.85
 42.8626 42.8729 42.8833 42.8952 42.9063 42.9189 42.9287 42.9416 42.954
 42.9669 42.9826 42.995  43.0096 43.0252 43.0398 43.0521 43.0674 43.0811
 43.099  43.1123 43.1252 43.1392 43.149  43.1593 43.1741 43.1933 43.2089
 43.2278 43.2401 43.2552 43.2656 43.2798 43.2963 43.3152 43.3258 43.3383
 43.3502 43.3623 43.3765 43.3903 43.4055 43.4227 43.4366 43.454  43.4696
 43.4859 43.4982 43.5131 43.532  43.5465 43.5641 43.5849 43.6108 43.6292
 43.6504 43.6653 43.6806 43.6995 43.7172 43.7452 43.7747 43.8053 43.8389
 43.8682 43.9018 44.0429 49.7624
50.6148 50.7248 50.7811 50.9028 50.9188 50.9638 51.0361 51.0994 51.1577
 51.1891 51.2121 51.2293 51.2679 51.2827 51.3024 51.3214 51.3366 51.3564
 51.3854 51.4134 51.4326 51.4637 51.4823 51.5079 51.5324 51.5511 51.5639
 51.581  51.597  51.6166 51.6554 51.6722 51.6834 51.6944 51.7082 51.7201
 51.7318 51.7465 51.7672 51.7908 51.8074 51.8219 51.8422 51.858  51.871
 51.8858 51.8984 51.9116 51.9313 51.9465 51.9605 51.9747 51.9894 52.0007
 52.0176 52.0324 52.0438 52.0577 52.0699 52.0811 52.0917 52.1058 52.1196
 52.1325 52.1457 52.16   52.1718 52.1833 52.1993 52.2109 52.225  52.2396
 52.2508 52.268  52.2799 52.2953 52.3076 52.3182 52.3309 52.3442 52.3586
 52.3698 52.3896 52.413  52.4245 52.4388 52.4539 52.467  52.4801 52.4963
 52.5135 52.5447 52.5599 52.5757 52.5919 52.6043 52.6202 52.6335 52.6468
 52.6601 52.673  52.689  52.7046 52.7224 52.7343 52.754  52.7728 52.7925
 52.8117 52.832  52.8519 52.8709 52.8857 52.9099 52.9265 52.9556 52.9767
 53.0257 53.0509 53.0934 53.3239 59.5099 59.9357
60.0645 60.0974 60.1504 60.2605 60.3052 60.3254 60.3882 60.4068 60.429
 60.4785 60.5059 60.5585 60.5798 60.6456 60.6739 60.6958 60.7183 60.7631
 60.7867 60.8012 60.8173 60.8373 60.8575 60.8782 60.9001 60.9261 60.9467
 60.9649 60.9877 61.003  61.0268 61.041  61.0559 61.0689 61.0848 61.098
 61.1111 61.1337 61.1488 61.1665 61.1817 61.1972 61.2191 61.2335 61.247
 61.2584 61.271  61.2853 61.3    61.3137 61.3283 61.3434 61.3548 61.3701
 61.3821 61.3937 61.4065 61.4185 61.4294 61.4415 61.4551 61.4662 61.4777
 61.4891 61.5054 61.5229 61.5363 61.5489 61.5599 61.5718 61.5848 61.6016
 61.614  61.6274 61.6402 61.657  61.671  61.686  61.6996 61.71   61.7249
 61.7381 61.7515 61.7634 61.7783 61.7939 61.8061 61.8193 61.8363 61.8517
 61.8691 61.8838 61.9028 61.9203 61.9404 61.9598 61.9749 61.9933 62.0074
 62.0237 62.0466 62.0669 62.0896 62.1095 62.1239 62.1429 62.1615 62.1773
 62.1956 62.2213 62.2446 62.2692 62.2891 62.3108 62.3557 62.3754 62.4039
 62.4418 62.4867 67.206  68.6332 68.7589 68.9436 69.0683 69.0992 69.1918
 69.2485 69.476  69.5024 69.5444 69.6193 69.6479 69.6798 69.7161 69.761
 69.7845 69.8105 69.8414 69.8769 69.9016 69.9364 69.9585 69.9804

