13.2257 14.5944 15.1549 15.2214 15.5908
23.0199 23.3434 23.5878 23.7219 23.7419 23.8178 23.8487 23.9016 23.9766
 24.0209 24.0752 24.1677 24.2205 24.2634 24.2876 24.3176 24.3865
32.3826 32.9758 33.4747 33.7279 33.8181 33.8906 33.9397 34.0399 34.2104
40.0908 40.3259 40.4424 40.5501 41.4786 41.5596 41.6649 41.8923 41.9447
 41.9835 42.0054 42.0389 42.0812 42.1002 42.1229 42.1437 42.1915 42.2366
 42.5308 42.57   42.7659 42.7974 42.9149
50.9655 51.0908 51.1323 51.3315 51.5456 51.645  51.7502 51.8264 51.9261
 51.9661 52.1178 52.1668 52.2519 59.2902
60.1399 60.2767 60.4409 60.5728 60.6748 60.7347 60.85   60.8883 60.9534
 60.9914 61.0863 68.6534 68.7559 69.1501 69.3347 69.5238 69.5428 69.5732
 69.6619 69.7063 69.7277 69.7556 69.8241 69.8522 69.8764 69.8977 69.9949

