11.7558 12.0907 13.1594 13.2249 13.3055 13.6214 13.7998 13.9443 14.2201
 14.2449 14.2979 14.3711 14.4306 14.5997 14.6504 14.6988 14.726  14.8284
 14.8859
22.877  23.0675 23.0908 23.264  23.3099 23.4987 23.5652 23.5778 23.7098
 23.8186
31.8409 32.0406 32.2862 32.3818 32.4268 32.5034 32.5962 32.6148 32.6356
 32.6749 32.7197 32.7633 32.789  32.8407 32.8634 32.8868 32.9027 32.9201
 32.9936 33.0247 33.0574 33.2159
40.8879 41.6317 41.7642 41.8757 41.9453 41.9878 42.0605 42.1007 42.1343
 42.1567 42.1813 42.3833 42.4255 42.462  42.5438 42.5627 42.5921 49.4534
50.5421 50.5603 50.813  51.1809 51.3374 51.3684 51.5527 51.5734 51.6099
 51.657  51.6704 51.7353 58.9131 59.0041 59.2243 59.2636 59.3847 59.4715
 59.503  59.54   59.5978 59.6268 59.6439 59.6852 59.7509 59.7833 59.8082
 59.9248 59.9579
60.0257 60.0496 60.1436 60.2167 60.2472 60.2706 60.2975 60.3122 60.3351
 60.3475 60.3656 60.4154 60.439  60.5094 60.5296 60.599  60.6425 60.6763
 60.7538 68.1674 68.6429 69.2582 69.2951 69.3427 69.3871 69.4459 69.5085
 69.5321 69.5607 69.5832 69.6051 69.6807 69.7016 69.7361 69.799

