14.4446
22.4655 22.4873 23.0143 23.1767 23.2877 23.3401 23.3918 23.4391 23.4609
 23.5598 23.5808 23.6481 23.7371
30.9096 31.6259 31.7297 31.9724 32.0999 32.2156 32.2991 32.4069 32.4312
 32.5881 32.6266 32.6439 32.6775 32.7618 32.7787 32.8107 32.9059 33.1326
41.5597 41.7453 41.8392 41.9782 41.9989 42.0177 42.0438 42.088  42.1791
 42.2283 42.2472 42.2721 42.3094 42.3302 42.3642 42.3875 42.4294 42.6387
 42.6583
50.8689 51.2729 51.3133 51.3647 51.5427 51.6186 51.7836 51.9669 58.6699
 59.3874 59.4559 59.5938 59.7142 59.7556 59.7965 59.8374 59.8592 59.8936
 59.9671
60.0181 60.0377 60.0609 60.0767 60.1346 60.1617 60.2454 60.2615 60.2902
 60.3232 60.3668 60.5657 67.3054 68.8113 68.8435 68.9999 69.2871 69.4045
 69.457  69.527  69.5403 69.6155 69.6499 69.6695 69.7162 69.8238 69.881

