13.7005 14.0415 14.1885 14.5941 14.7687
21.7584 22.5777 22.6776 22.7215 22.9746 23.1591 23.3866 23.5643 27.9854
31.7428 31.9232 32.0368 32.2073 32.2649 32.2854 32.3624 32.3858 32.472
 32.6316 32.7228 32.7762 33.0239
40.8988 41.2244 41.4375 41.7212 41.7778 42.0268 42.1798 42.2586 42.287
 42.3157 49.7553 49.8578
50.6506 51.0025 51.0809 51.1312 51.3567 51.3853 51.7529 56.2442 58.2938
 58.643  59.2314 59.2954 59.4154 59.5617 59.7021 59.8474
60.0724 67.646  68.5296 68.9685 69.0896 69.1605 69.1938 69.2648 69.3117
 69.3989 69.7552

