14.2768 14.4092 14.4446 14.4607 14.5808 14.5968 14.6489 15.0511
20.0548 20.1345 20.6467 21.7622 22.6319 23.211  23.3021 23.3648 23.3968
 23.5825 23.767  23.8434 29.6708
30.8882 32.1746 32.223  32.5786 32.7549 32.8106 32.8337 32.9008 32.9516
 33.0667 33.1073 33.1596 33.1839 33.2105
40.4589 40.5478 41.5719 41.7206 41.7527 41.7863 41.8935 41.9329 42.0155
 42.2395 42.4174 42.5155 42.5589 47.4762
50.7165 51.1181 51.6083 51.8637 51.9735 58.5848 58.6275 59.3539 59.5097
 59.7672 59.9601
60.0195 60.0369 60.1288 60.2187 60.2595 60.3101 60.3728 60.4121 60.5337
 60.5547 67.0879 68.1845 69.1838 69.2321 69.44   69.4636 69.4977 69.6204
 69.6852 69.7228 69.8546 69.995

