10.7089 11.0065 13.3261 13.798  13.9001 13.9528 14.0469 14.0856 14.1788
 14.209  14.3288 14.3713 14.4236 14.4422 14.6446 14.6709 14.7318 14.7912
 14.8474 14.9013 14.9535 14.9824 15.0099 15.1044
22.6009 22.8213 22.8744 22.9258 22.9746 23.003  23.0478 23.1392 23.1658
 23.1804 23.2063 23.2248 23.2447 23.3461 23.376  23.3981 23.5039 23.5254
 23.5649 23.6188 23.6547 23.7245 23.7644 23.8721 23.9209 23.9827 24.0963
30.3298 30.9044 31.7286 31.9988 32.2409 32.4655 32.5011 32.5269 32.5531
 32.5944 32.6166 32.6506 32.6701 32.6874 32.7251 32.7474 32.7718 32.7935
 32.8205 32.8435 32.8577 32.8842 32.9085 32.9267 32.9415 32.9532 32.9675
 33.0042 33.0272 33.0414 33.0669 33.0953 33.1075 33.1407 33.1573 33.1743
 33.2065 33.2492 33.2654 33.2899 33.3376 33.3573 33.3762 33.4072 33.4951
40.646  41.5047 41.6035 41.6349 41.7007 41.7445 41.8159 41.8431 41.9864
 42.0127 42.0265 42.0612 42.0767 42.0974 42.127  42.2148 42.2375 42.2568
 42.2714 42.2942 42.3244 42.3424 42.3601 42.3808 42.3968 42.4115 42.4427
 42.4628 42.4987 42.5494 42.5677 42.6049 42.6239 42.6374 42.6493 42.671
 42.6968 42.7253 42.8093 42.8287 42.8483 49.5584
50.0963 50.6703 50.8158 50.9745 51.1217 51.1399 51.1782 51.3768 51.4418
 51.5194 51.5598 51.5994 51.6136 51.6419 51.6997 51.7363 51.7573 51.8571
 51.924  51.9479 51.9918 56.1505 57.6184 58.4119 59.1823 59.2361 59.3968
 59.5618 59.5952 59.621  59.6488 59.7343 59.8468 59.8752 59.9276 59.9602
 59.9932
60.035  60.0695 60.099  60.1181 60.1451 60.1625 60.202  60.2357 60.2568
 60.2757 60.3182 60.3383 60.3619 60.3754 60.4011 60.4157 60.428  60.4401
 60.4578 60.4912 60.5041 60.5265 60.5429 60.5573 60.5733 60.5859 60.5992
 60.6358 60.6616 60.6978 60.7181 60.7518 60.7676 60.7956 60.8802 60.9148
 66.1676 68.8679 68.9921 69.0829 69.2506 69.3108 69.3311 69.3509 69.3713
 69.4272 69.4525 69.4694 69.4981 69.5147 69.5457 69.5673 69.5919 69.6316
 69.6571 69.6864 69.7113 69.7263 69.7575 69.7699 69.7871 69.8247 69.8446
 69.8683 69.8855 69.906  69.9504 69.9818

