13.2002 13.5886 13.885  14.1691 14.2185 14.3988 14.747  14.7738 14.7905
20.4467 22.5669 23.1109 23.2127 23.2295 23.3094 23.3682 23.3808 23.4701
 23.5367 23.7709 23.8031
30.7821 31.7278 31.8421 31.9112 32.1802 32.1999 32.2717 32.3012 32.3799
 32.4517 32.4998 32.5494 32.5721 32.6047 32.6435 32.6857 32.7167 32.7368
 32.7527 32.7729 32.8058 32.9168 32.9584 33.0367 33.1125 33.1389 33.1531
 33.1817 33.4406 39.9189 39.9747
41.3195 41.6906 41.7115 41.7969 41.8942 41.9157 42.0082 42.0975 42.1262
 42.1759 42.2229 42.3113 42.5182 42.5473 42.6715 49.3952
50.8582 51.1365 51.1604 51.1985 51.3118 51.4382 51.4605 51.4923 51.5192
 51.5822 51.615  51.6415 51.7777 51.7979 51.8828 58.418  59.3852 59.4294
 59.5229 59.6133 59.7052 59.7329 59.7486 59.8091 59.8413 59.8792
60.0166 60.0429 60.1174 60.1622 60.2352 60.2885 60.3195 60.3501 60.4231
 60.4386 66.9044 68.4274 68.6723 68.9139 68.9925 69.0715 69.1608 69.2311
 69.324  69.3616 69.4323 69.4896 69.5776 69.6039 69.6765 69.7472 69.799

