11.6864 13.2352 13.5438 13.8928 14.0329 14.0852 14.1633 14.1886 14.3379
 14.3648 14.4528 14.5771 14.6289 14.6671 14.6834 14.8047
21.1406 22.6969 22.8182 22.9323 22.9581 23.1458 23.1713 23.258  23.3489
 23.37   23.395  23.4302 23.445  23.4597 23.4919 23.5175 23.5364 23.6053
 23.6516 23.7622 23.7854 27.8411 28.4923
31.0886 31.4353 31.9499 32.1122 32.1426 32.2009 32.2337 32.2817 32.3385
 32.3721 32.3879 32.4063 32.4412 32.4624 32.5075 32.5365 32.596  32.6316
 32.6596 32.6984 32.7208 32.7387 32.7526 32.7725 32.7928 32.8653 32.8876
 32.9199 33.0712 33.1058 33.1619 33.293
40.7206 40.7537 41.3301 41.5312 41.553  41.6217 41.6525 41.7425 41.767
 41.8708 41.8999 41.9342 41.9584 41.9827 41.999  42.023  42.0521 42.0742
 42.0881 42.1047 42.1347 42.1639 42.1805 42.195  42.2383 42.2661 42.3282
 42.363  42.3852 42.406  42.4371 42.4678 49.2787 49.8424
50.7508 50.8313 50.9004 50.9898 51.0087 51.0537 51.1904 51.2482 51.298
 51.3623 51.435  51.493  51.5265 51.5849 51.6475 51.8459 57.1909 58.9227
 58.9729 59.3018 59.5455 59.6087 59.674  59.8017 59.8206 59.8595 59.8814
 59.9341 59.9968
60.0436 60.1387 60.1581 60.2048 60.2329 60.2458 60.2777 60.2906 60.3184
 60.3348 60.3511 60.378  60.3957 60.4151 60.449  60.4608 60.4718 60.4911
 60.612  68.1847 68.235  68.7662 68.8054 68.8617 68.9257 68.996  69.0502
 69.0705 69.0989 69.1198 69.1776 69.1974 69.2354 69.2608 69.2827 69.3222
 69.3733 69.4113 69.4747 69.5139 69.5382 69.5555 69.5761 69.5991 69.6233
 69.6488 69.7034 69.7227 69.7396 69.7583 69.7778 69.8198 69.9297

