13.3927 13.5612 13.5909 13.9858 14.2926 14.3317 14.4123 14.4369 14.4639
 14.5316 14.5499 14.5696 14.5891 14.6172 14.6376 14.6869 14.8245 14.9064
 14.9203
20.0515 21.6537 22.0176 22.2486 22.3369 22.4281 22.4581 22.5129 22.5517
 22.5759 22.6274 22.7283 22.8079 22.8257 22.839  22.8566 22.872  22.8889
 22.916  22.9325 22.9465 22.9596 22.9749 22.9961 23.0132 23.0331 23.0537
 23.0746 23.0934 23.1257 23.141  23.1569 23.1716 23.1937 23.2093 23.2274
 23.2426 23.2534 23.2731 23.2896 23.3165 23.341  23.3517 23.3696 23.3916
 23.4076 23.4202 23.4325 23.4445 23.4667 23.4836 23.4988 23.5176 23.5359
 23.55   23.5644 23.5878 23.6298 23.6501 23.6639 23.6924 23.7608
31.6939 32.1948 32.3838 32.4785 32.5238 32.5606 32.6574 32.7726 32.831
 32.8665 32.9466 32.9843 33.0101 33.0842 33.1079 33.1465 33.1773 33.205
 33.2274 33.3641 33.3992 33.4166 33.5577
40.1584 41.6619 41.7278 41.8087 41.8473 41.9474 42.     42.0999 42.1377
 42.1959 42.4439 42.4854 42.6228 42.6699 43.0384 49.7366 49.9144
50.3087 50.8092 51.3532 51.3876 51.4311 51.4812 51.5229 51.6075 51.6277
 51.6723 51.8365 51.8949 51.9241 51.9581 52.0324 56.3957 57.3677
60.1859 60.5186 60.5883 60.6159 60.6564 60.7076 60.7972 60.8114 60.8582
 60.8882 60.9467 60.9628 60.9834 61.0111 61.0537 61.081  61.0969 61.1497
 61.2056 61.2548 61.2875 61.3274 61.3545 61.3995 61.442  61.4665 61.4861
 61.5039 68.9206 69.1891 69.3054 69.346  69.3937 69.4631 69.5697 69.6726
 69.7097 69.809  69.855  69.8888

