13.238  13.2736 13.5307 13.6329 13.67   13.7226 13.7728 14.0247 14.0509
 14.0728 14.3222 14.3863 14.4475 14.4688 14.4983 14.5276 14.6092 14.6649
 14.7059 14.7334
22.1116 22.3905 22.4159 22.5227 22.6386 22.6639 22.7316 22.7808 22.8083
 22.836  22.8517 22.8721 22.8877 22.9175 22.9498 22.9779 23.0153 23.0372
 23.0711 23.1168 23.1375 23.1757 23.2059 23.2286 23.2641 23.2936 23.3243
 23.3836
32.0093 32.1689 32.1943 32.4583 32.4867 32.5385 32.6745 32.7367 32.7569
 32.7826 32.8081 32.8477 32.9255 32.9676 32.9985 33.0531 33.0738 33.1297
 33.2552 33.2876 33.4037 33.4887
41.9538 42.1777 42.2061 42.4018 42.4272 42.4653 42.5254 42.6214
50.953  51.1245 51.327  51.4105 51.4323 51.4922 51.5253 51.6508 51.6721
 51.8872 51.9194 52.0398 52.1199 59.2573 59.8743
60.0191 60.228  60.4383 60.5615 60.5921 60.6591 60.7899 60.8255 60.8463
 60.8688 60.9314 60.9806 61.0433 61.0776 61.1732 61.2066 61.2684 61.3411
 68.8007 69.0738 69.2257 69.4748 69.8028 69.8563

