13.9489 13.9772 14.0869 14.1903 14.2634 14.3997 14.4732 14.4944 14.5287
 14.5658 14.5879 14.6364 14.6671 14.6967 14.714  14.8026 14.8339 14.8578
 14.8895 14.9062 14.9286 14.9672 14.9863 15.0238 15.042  15.0926 15.1212
22.1579 22.4972 22.5482 22.5747 22.607  22.6301 22.6978 22.7166 22.7392
 22.7807 22.8104 22.8512 22.8686 22.8868 22.9145 22.9335 22.9536 22.9989
 23.0488 23.0844 23.1002 23.1166 23.1325 23.161  23.2    23.2238 23.2444
 23.2707 23.2888 23.306  23.3204 23.3351 23.3482 23.3614 23.3832 23.3958
 23.4141 23.4298 23.4449 23.4625 23.4759 23.4877 23.499  23.508  23.5253
 23.5435 23.554  23.5685 23.5788 23.5936 23.6145 23.6253 23.6404 23.6554
 23.6697 23.6837 23.6988 23.7107 23.7204 23.7355 23.7534 23.7806 23.7959
 23.8243 23.8421 23.8668 23.8829 23.9056 24.0304 24.0449
31.7775 32.1429 32.3782 32.4379 32.6258 32.8255 32.91   32.9284 32.9518
 32.9903 33.0327 33.0576 33.1016 33.1223 33.1428 33.156  33.1739 33.2157
 33.239  33.2551 33.2938 33.3161 33.3457 33.3572 33.3772 33.3917 33.4161
 33.4384 33.455  33.4703 33.5162 33.5865 33.6217 33.6377 33.6608 33.7294
 38.8986 39.5157
41.3445 41.5007 41.7516 42.1269 42.1845 42.2132 42.3071 42.4284 42.4536
 42.5854 42.6768 42.7505 42.7632 42.827  42.8497 42.8941 42.9878
51.0029 51.1953 51.5408 51.7225 51.7424 51.7604 51.7778 51.8121 51.8829
 51.9676 51.9852 52.043  52.1177 52.1504 52.1852 52.3176 52.336  52.4528
 59.2643
60.2037 60.2559 60.3653 60.4276 60.4521 60.4864 60.5473 60.8186 60.835
 60.8887 60.9409 60.9804 61.0299 61.0585 61.0791 61.0909 61.112  61.1408
 61.1619 61.1892 61.2041 61.216  61.2358 61.2829 61.3001 61.3256 61.3644
 61.3938 61.453  61.5094 61.5522 61.5768 61.5952 61.6181 61.6386 61.685
 61.703  61.7329 68.2984 68.6979 69.0638 69.6514 69.7684 69.9265 69.9878

