12.6257 13.3789 13.4628 13.7812 13.9125 14.0477 14.1161 14.1672 14.1844
 14.3364 14.3576 14.3812 14.4129 14.4638 14.5022 14.5415 14.5601 14.5968
 14.668  14.7035 14.7387 14.8731 14.9016
20.9386 21.5449 21.9275 22.0945 22.2847 22.4729 22.5021 22.5337 22.5638
 22.5879 22.648  22.7054 22.7732 22.7909 22.8309 22.8501 22.8739 22.8889
 22.9088 22.93   22.9464 22.9851 23.0031 23.0209 23.0392 23.0579 23.0859
 23.1367 23.1794 23.1986 23.2145 23.2411 23.27   23.2952 23.3247 23.3478
 23.3654 23.3841 23.4078 23.4222 23.4431 23.5475 23.5705 23.5973 23.614
 23.6628 23.6847 23.72
31.6566 31.8029 32.1363 32.2735 32.3204 32.4528 32.5711 32.6009 32.6439
 32.6837 32.7091 32.7248 32.746  32.8094 32.833  32.853  32.8738 32.9084
 32.9448 32.9926 33.0847 33.1195 33.194  33.2613 33.2897 39.4897
40.6502 41.9412 42.0478 42.2297 42.2464 42.288  42.5204 42.5455 42.6818
 42.7225 42.7866 42.8717
51.0045 51.0636 51.364  51.4499 51.5295 51.6814 51.7969 51.8311 51.8552
 51.8991 51.9259 51.9561 52.0025 52.0472 52.1133 52.156
60.1902 60.2903 60.4442 60.6804 60.739  60.7839 60.8354 60.8712 60.9041
 61.0742 61.1138 61.164  61.1967 61.2446 61.2728 61.3049 61.3847 61.4654
 69.5459 69.5945 69.6613 69.7391 69.8899 69.9796

