13.1254 13.1765 13.3714 13.5372 13.5661 13.6606 13.7919 13.8604 13.8981
 13.9297 14.0501 14.0865 14.1775 14.2221 14.2486 14.2669 14.3107 14.3376
 14.3546 14.372  14.4196 14.4837 14.5085 14.5276 14.5414 14.6906 14.73
 14.7481 14.7654 14.7838 14.8594 14.876  14.9393 14.9695
21.099  21.681  21.7164 21.8309 22.0534 22.2013 22.3187 22.3438 22.3769
 22.4318 22.4894 22.5171 22.5427 22.5612 22.5812 22.6103 22.6265 22.647
 22.6618 22.6882 22.7133 22.7365 22.7596 22.7823 22.802  22.8265 22.8528
 22.8728 22.8924 22.9088 22.923  22.9356 22.9495 22.9678 22.9834 22.998
 23.0126 23.0259 23.0491 23.0681 23.0909 23.102  23.1181 23.1405 23.1537
 23.1669 23.1897 23.2044 23.2271 23.2522 23.2665 23.2786 23.2929 23.3045
 23.3278 23.3395 23.3525 23.369  23.3853 23.3977 23.4119 23.4303 23.4451
 23.4655 23.4795 23.4987 23.5149 23.5969 23.7296
32.0695 32.1116 32.1554 32.1914 32.459  32.4802 32.5479 32.6029 32.6342
 32.6584 32.7177 32.7529 32.7827 32.8231 32.8708 32.8929 32.9289 32.9487
 32.981  32.9958 33.0359 33.0542 33.0794 33.0937 33.1147 33.1389 33.1999
 33.2279 33.2372 33.2705 33.3655 33.383  33.4749
41.254  41.4948 41.5572 41.6799 41.8334 41.8728 41.9157 41.944  41.9963
 42.1041 42.2287 42.3021 42.3265 42.3669 42.3797 42.3978 42.4711 42.5243
 42.5422 42.5728 42.6534 42.6699 42.6997
50.3589 50.7918 51.0476 51.3063 51.324  51.3474 51.3728 51.4167 51.4594
 51.4919 51.5102 51.5255 51.5624 51.5875 51.6019 51.6534 51.6851 51.7101
 51.7436 51.7701 51.835  51.8481 51.8755 51.9668 51.9831 52.0573 52.086
 52.1036 52.1601 52.1877 52.2689 58.9459 59.6598
60.2035 60.2489 60.3391 60.3674 60.3995 60.4299 60.4568 60.5299 60.5502
 60.6091 60.641  60.6594 60.6837 60.7974 60.8646 60.8848 60.9417 60.9598
 61.0689 61.0807 61.1447 61.1718 61.2364 61.2566 61.3496 61.3608 61.5491
 61.5777 68.6199 69.0118 69.0611 69.181  69.3379 69.5634 69.6173 69.6497
 69.7818 69.8183 69.8657 69.9153 69.9732 69.9989

