13.8787 14.0959 14.2373 14.2684 14.2879 14.3147 14.3296 14.4036 14.4723
 14.4977 14.5545 14.5711 14.8183 14.8936
21.915  22.0477 22.4965 22.5317 22.556  22.6275 22.6478 22.6986 22.7171
 22.746  22.7941 22.807  22.8252 22.8757 22.8966 22.9303 22.954  23.0435
 23.1569 23.175  23.2174 23.2324 23.3232 23.3557 23.382  23.4134 23.4983
 23.5332 23.5481 29.8692
31.95   31.9959 32.0998 32.1579 32.3633 32.4278 32.5178 32.5335 32.6782
 32.8264 32.8459 33.0763 33.1605 33.2037
41.1269 41.2588 41.4267 41.4578 41.5602 41.5968 41.7007 41.852  41.9534
 41.977  42.1244 42.1513 42.1965 42.2201 42.2638 42.4049 42.4533 42.5359
 42.6038
50.1107 50.7383 50.9273 51.1044 51.3769 51.4188 51.5184 51.5539 51.6186
 51.668  51.684  51.7137 51.7477 51.7706 51.8682 51.9527 59.9237
60.2007 60.5    60.5892 60.6882 60.7101 60.7565 60.884  60.9056 60.9605
 61.0007 61.0231 61.0464 61.0704 61.2936 61.3297 61.3678 68.7654 69.7327
 69.8649 69.9348 69.9814

