12.8911 14.3943 14.5434 14.5742 14.6236 14.6638 14.6926 14.8049 14.8646
 14.8936 15.0056 15.0239 15.0595 15.0864 15.1132 15.1348 15.2016 15.2745
 15.2978 15.3243 15.3517 15.3826 15.4264 15.4512 15.4797 15.5288 15.6216
 15.6759 15.72   15.7981 15.8283 15.8607 15.8762 15.9203 15.9445 15.9813
 16.0025 16.0464 16.0956 16.1465 16.2647 16.4108 16.6226 16.7341
22.723  23.3194 23.3749 23.4393 23.4738 23.5568 23.5957 23.6624 23.7264
 23.7436 23.7843 23.8139 23.8464 23.9299 23.9556 23.9898 24.0108 24.0416
 24.0625 24.0832 24.1127 24.1558 24.1738 24.2033 24.2486 24.2792 24.3118
 24.3521 24.3986 24.4498 24.4737 24.5025 24.5492 24.5956 24.6408 24.6768
 24.7084 24.7384 24.7757 24.7926 24.8298 24.8466 24.8679 24.8917 24.9577
 24.9894 25.0302 25.0638 25.1003 25.1419 25.1711 25.1997 25.2379 25.3747
 25.4279 25.5308 25.9963
31.8484 32.5416 32.8888 32.9264 32.9519 32.9779 33.0168 33.0402 33.0889
 33.1565 33.2274 33.2596 33.2947 33.3417 33.3883 33.4138 33.4459 33.5114
 33.5436 33.5666 33.6025 33.6363 33.7247 33.7581 33.7753 33.8269 33.8537
 33.8851 33.9407 33.998  34.0229 34.0512 34.1184 34.1379 34.1595 34.2155
 34.2332 34.2627 34.2778 34.3016 34.3242 34.3532 34.3688 34.3884 34.4362
 34.4592 34.5061 34.5328 34.5586 34.5877 34.6665 34.6928 34.7388 34.7606
 34.7961 34.8213 34.8854 34.9401 35.0676 35.1536 35.2544
42.1391 42.1739 42.2729 42.5153 42.6179 42.6387 42.6626 42.7447 42.7772
 42.8202 42.9047 42.9941 43.0439 43.0718 43.1281 43.1472 43.1766 43.2299
 43.3012 43.379  43.4096 43.4419 43.4866 43.5537 43.5944 43.6252 43.655
 43.6724 43.7134 43.7378 43.773  43.8073 43.9001 43.9565 44.0296 44.0993
 44.1875 44.2775 44.7787 49.915
51.2129 51.3566 51.7108 51.7415 51.7643 51.7928 51.8735 51.9364 51.9882
 52.0249 52.0534 52.0835 52.1072 52.1361 52.1755 52.2163 52.2613 52.3002
 52.3608 52.3898 52.4258 52.451  52.4868 52.5657 52.5879 52.6079 52.653
 52.676  52.712  52.7565 52.7885 52.8601 52.8957 52.9226 52.9452 52.9879
 53.0136 53.0467 53.0901 53.1267 53.1518 53.1693 53.2148 53.3238 53.4772
 53.5036 53.553  54.5835
60.4104 60.5491 60.6092 60.6936 60.7277 60.7633 60.7949 60.8715 60.9188
 60.9839 61.0091 61.0435 61.0843 61.1145 61.1321 61.1634 61.1858 61.2193
 61.2406 61.2849 61.3098 61.3246 61.3456 61.3647 61.3922 61.4075 61.4647
 61.4874 61.5036 61.5266 61.5435 61.5649 61.5893 61.6419 61.6704 61.7283
 61.8173 61.8968 61.9196 61.9457 61.9622 61.9856 62.0049 62.0402 62.0607
 62.0976 62.1116 62.1358 62.1753 62.2044 62.2233 62.2554 62.3019 62.3384
 62.3908 62.4233 62.4839 62.5166 62.5466 62.5689 62.5999 62.6828 62.7345
 62.8059 62.9099 62.9698 63.0499 69.4345 69.6943 69.9301

