13.8418 13.8688 14.1387 14.2079 14.2949 14.3477 14.3709 14.3937 14.4713
 14.5097 14.5456 14.6289 14.6462 14.6703 14.6966 14.7317 14.745  14.7645
 14.7799 14.8085 14.8276 14.8431 14.8588 14.8756 14.8887 14.9041 14.926
 14.942  14.9648 14.9877 15.0112 15.0353 15.0571 15.0852 15.1139 15.1599
 15.1873 15.2064 15.2254 15.2489 15.2669 15.2876 15.3022 15.3412 15.3587
 15.3938 15.4219 15.4389 15.4557 15.4948 15.5076 15.5241 15.5382 15.5636
 15.5941 15.6253 15.6451 15.6718 15.6961 15.7293 15.7672 15.7875 15.8193
 15.8711 15.9507 16.0288 16.0911 16.1536 16.2132 16.2679 16.3266 16.4059
20.0138 21.673  22.4471 22.4859 22.6157 22.6554 22.8136 22.9176 22.9521
 22.9797 23.0386 23.0617 23.1782 23.2005 23.2167 23.2391 23.2578 23.2901
 23.3314 23.3482 23.3681 23.3919 23.4188 23.4346 23.453  23.4695 23.4844
 23.5054 23.5317 23.5533 23.5708 23.591  23.6111 23.6275 23.6448 23.6723
 23.6858 23.6982 23.7134 23.7255 23.7383 23.7625 23.7804 23.7953 23.8085
 23.8276 23.8432 23.8596 23.8788 23.8998 23.9222 23.943  23.9593 23.9789
 23.9959 24.0095 24.0458 24.0662 24.0856 24.1012 24.1154 24.1296 24.1503
 24.1806 24.1956 24.2106 24.2259 24.2428 24.2543 24.2704 24.2867 24.3041
 24.3161 24.3304 24.3548 24.3684 24.3825 24.4071 24.4226 24.4382 24.4558
 24.474  24.4937 24.5095 24.5247 24.5457 24.5635 24.5767 24.5944 24.6176
 24.6397 24.6555 24.6747 24.6943 24.7148 24.7369 24.7617 24.7946 24.8119
 24.8321 24.8538 24.8866 24.9327 24.9577 24.9845 25.0068 25.0377 25.0579
 25.0786 25.1317 25.1782 25.2332 25.2677 25.2932 25.3325 25.4084 25.8694
31.1193 31.4521 31.6276 32.1794 32.2898 32.362  32.3836 32.4225 32.4622
 32.4854 32.521  32.5599 32.6064 32.6316 32.6479 32.6712 32.6963 32.7445
 32.7792 32.7921 32.8407 32.8795 32.9056 32.9246 32.9425 32.9631 32.9812
 32.9954 33.015  33.0331 33.0623 33.0805 33.1018 33.1199 33.1357 33.1641
 33.1843 33.1968 33.2135 33.2264 33.2398 33.256  33.276  33.2881 33.3021
 33.3142 33.3379 33.356  33.3734 33.3906 33.407  33.4241 33.441  33.456
 33.4696 33.4846 33.5001 33.5188 33.535  33.5464 33.5639 33.5777 33.6016
 33.6181 33.6378 33.6655 33.6828 33.708  33.729  33.7446 33.7634 33.7823
 33.7958 33.8155 33.8289 33.8447 33.8677 33.8916 33.9172 33.9323 33.9522
 33.9735 33.9915 34.0153 34.0426 34.074  34.0899 34.1154 34.1399 34.1689
 34.1912 34.2114 34.2487 34.3007 34.3355 34.3553 34.3909 34.42   34.447
 34.4717 34.5239 34.5508 34.6235 34.6556 34.7008 34.7407 34.7959 34.9218
 35.0529 35.2949
40.1357 41.7081 41.754  41.8455 41.8842 41.9377 42.0419 42.0713 42.093
 42.1472 42.2116 42.2378 42.2639 42.2846 42.3088 42.3345 42.3766 42.3906
 42.4206 42.4397 42.4725 42.5086 42.5365 42.5674 42.5828 42.603  42.6258
 42.6471 42.6631 42.6805 42.7112 42.7528 42.7744 42.7917 42.8157 42.8362
 42.8579 42.8796 42.9014 42.955  42.9783 43.0022 43.0207 43.0469 43.0602
 43.0827 43.1019 43.1236 43.1494 43.1747 43.191  43.2173 43.2424 43.2658
 43.291  43.3119 43.334  43.3502 43.3716 43.3979 43.4133 43.4505 43.4704
 43.5032 43.5539 43.5881 43.6233 43.647  43.7001 43.7327 43.7883 43.8589
 43.8917 43.9176 43.9439 43.9747 44.0442 44.0985 44.1795 44.2154 44.2613
 44.4332
50.2133 50.5825 50.7652 50.8937 51.0107 51.2444 51.3051 51.329  51.3695
 51.3909 51.4143 51.4397 51.4567 51.4739 51.4951 51.5097 51.5271 51.5436
 51.5637 51.5845 51.6085 51.6367 51.6618 51.699  51.7233 51.744  51.7664
 51.7916 51.8075 51.8202 51.837  51.8593 51.8736 51.8943 51.9154 51.9367
 51.9553 51.9685 51.9828 51.9969 52.0166 52.0323 52.0453 52.0594 52.0736
 52.0914 52.1115 52.1414 52.1565 52.1744 52.1915 52.2069 52.2242 52.2434
 52.261  52.2777 52.2925 52.3091 52.3228 52.3408 52.3558 52.3741 52.3911
 52.4036 52.4182 52.434  52.4562 52.4757 52.4974 52.5127 52.5276 52.5429
 52.5675 52.5923 52.6101 52.6346 52.6609 52.714  52.7377 52.7916 52.8045
 52.831  52.8585 52.8948 52.9173 52.9316 52.9586 52.9776 53.0068 53.0247
 53.0482 53.127  53.1621 53.1946 53.2168 53.2557 53.2886 53.3376 53.4486
 53.5686 59.0297 59.8458
60.073  60.2137 60.3796 60.4148 60.4333 60.4686 60.498  60.5273 60.5696
 60.6047 60.6336 60.6677 60.6934 60.7124 60.7683 60.7813 60.8074 60.8359
 60.863  60.8825 60.8995 60.9263 60.9455 60.9603 60.9851 61.0141 61.0415
 61.0688 61.0833 61.0988 61.1173 61.1359 61.1735 61.1877 61.1997 61.2124
 61.2241 61.2357 61.2604 61.2789 61.2965 61.3135 61.3299 61.3578 61.3737
 61.3968 61.4112 61.4267 61.4462 61.4586 61.4716 61.4937 61.5083 61.5232
 61.5401 61.5579 61.5891 61.6093 61.6277 61.6426 61.6598 61.6778 61.6958
 61.7086 61.7284 61.7463 61.767  61.7807 61.8006 61.8151 61.8375 61.8564
 61.8819 61.9055 61.9241 61.9415 61.9586 61.9792 61.9967 62.0252 62.042
 62.0658 62.0851 62.109  62.1264 62.1495 62.1684 62.1906 62.2189 62.238
 62.2648 62.2875 62.3215 62.3504 62.3715 62.3917 62.4307 62.4645 62.5073
 62.5318 62.5645 62.5956 62.6402 62.6893 62.7123 62.7662 62.8385 62.9145
 62.9663 67.399  67.6032 68.8408 69.1732 69.445  69.4955 69.6595 69.7509
 69.7985 69.8334 69.8621 69.8986 69.9252 69.9657 69.9908

