13.1748 13.7879 13.8161 13.9149 14.1199 14.1488 14.2594 14.2859 14.4099
 14.4459 14.5972 14.7484 14.8829 14.9218 14.9789 15.0056 15.0289 15.244
 15.2901 18.1554
22.2723 22.6571 22.8508 22.8826 22.9151 22.9499 23.023  23.0497 23.0826
 23.1504 23.1826 23.2418 23.288  23.3073 23.3312 23.354  23.4159 23.4875
 23.5079 23.5387 23.6187 23.7099 23.7535 23.7906 23.812  23.8413 23.8694
 23.8833 23.9022 23.926  24.078  24.1259 24.2794 24.2962
30.5167 31.2797 32.0789 32.1888 32.2868 32.4039 32.4631 32.4904 32.526
 32.6057 32.6509 32.7034 32.7457 32.7769 32.7961 32.8676 32.95   32.9965
 33.0179 33.0949 33.1346 33.1682 33.3166 33.3529 33.3839 33.4907 33.544
 33.5681
40.1194 41.9668 42.0538 42.0911 42.1982 42.2422 42.3256 42.3718 42.388
 42.4286 42.4519 42.5008 42.5256 42.5806 42.6006 42.6424 42.705  42.7456
 42.8845 43.042  49.7707
50.0628 50.5601 50.8822 50.9517 50.9869 51.0496 51.1644 51.199  51.2459
 51.3044 51.4274 51.4444 51.4853 51.5223 51.5472 51.6143 51.6407 51.6696
 51.6938 51.7285 51.7552 51.7739 51.8263 51.8504 51.8749 51.9636 51.9849
 52.0445 52.4689 58.5034 59.7071
60.3118 60.3785 60.454  60.6584 60.7122 60.7503 60.7816 60.8394 60.8561
 60.8776 60.9089 60.9473 60.9702 60.9942 61.013  61.0486 61.0946 61.136
 61.1762 61.2218 61.2383 61.2687 61.3621 61.4129 61.4557 61.5787 61.6013
 61.6259 68.6206 69.2296 69.2946 69.437  69.5206 69.5514 69.7255 69.8381
 69.8708 69.911  69.9379 69.9676 69.9875

