11.5411 12.61   13.1993 13.566  13.791  13.8479 13.9158 13.9975 14.0309
 14.1084 14.1268 14.1495 14.1795 14.2147 14.243  14.2909 14.3145 14.3758
 14.4025 14.4488 14.4677 14.4877 14.5249 14.5706 14.5884 14.614  14.6426
 14.6661 14.6975 14.7104 14.7363 14.7523 14.773  14.7884 14.8013 14.8148
 14.8285 14.8446 14.8636 14.8871 14.9037 14.9198 14.937  14.9526 14.9735
 14.9928 15.0087 15.0518 15.0753 15.0983 15.1163 15.1348 15.1501 15.1682
 15.188  15.2062 15.2253 15.2433 15.266  15.2864 15.3061 15.3233 15.3382
 15.3737 15.4084 15.4276 15.467  15.4932 15.5128 15.5319 15.5482 15.5936
 15.6277 15.6466 15.6736 15.7173 15.7501 15.8257 15.8846 15.9347 15.9524
 15.9791 16.0038 16.0408 16.2479 16.3231
21.9178 22.5539 22.676  22.7833 22.8017 22.8957 22.9164 22.9487 22.9936
 23.0231 23.0468 23.0719 23.1008 23.1406 23.1585 23.1726 23.1898 23.2158
 23.2302 23.2496 23.2748 23.3172 23.3352 23.3489 23.3608 23.375  23.3902
 23.4035 23.4157 23.4276 23.4425 23.4551 23.4702 23.4851 23.5013 23.5288
 23.5415 23.5563 23.5742 23.5907 23.6031 23.6177 23.628  23.6415 23.6529
 23.6649 23.6791 23.6935 23.7062 23.7203 23.7312 23.7454 23.7587 23.773
 23.7842 23.7989 23.8101 23.8223 23.8326 23.8475 23.8602 23.8741 23.8842
 23.8983 23.9142 23.929  23.9416 23.9576 23.9732 23.9923 24.0097 24.0233
 24.0384 24.0514 24.0644 24.0754 24.0912 24.1038 24.1172 24.1312 24.1453
 24.16   24.1811 24.1904 24.2024 24.2182 24.2402 24.2546 24.2706 24.2842
 24.3014 24.3134 24.3291 24.3443 24.3605 24.3788 24.3937 24.4126 24.4564
 24.4847 24.5167 24.5427 24.5627 24.5966 24.6167 24.635  24.6599 24.6895
 24.7464 24.7674 24.7925 24.8181 24.8376 24.8846 24.9512 24.9906 25.017
 25.063  25.1065 25.1332 25.3116
30.4587 31.9748 32.0558 32.09   32.1512 32.1943 32.2704 32.2917 32.3503
 32.398  32.4442 32.4967 32.5429 32.5611 32.5791 32.6293 32.6472 32.6719
 32.6893 32.7103 32.7529 32.7707 32.7837 32.7985 32.8148 32.8296 32.8503
 32.8624 32.8816 32.897  32.9097 32.9221 32.9385 32.9551 32.9742 32.9959
 33.015  33.0348 33.048  33.0595 33.0732 33.0897 33.1039 33.1147 33.1282
 33.1504 33.1646 33.1788 33.1919 33.2068 33.2226 33.2361 33.2509 33.2644
 33.2767 33.2889 33.3092 33.3205 33.3371 33.3526 33.372  33.3894 33.4039
 33.4156 33.4292 33.4443 33.4581 33.471  33.4891 33.5046 33.5182 33.5309
 33.5441 33.5567 33.5673 33.5835 33.5979 33.6109 33.6228 33.6353 33.6453
 33.6595 33.6706 33.6843 33.6996 33.7178 33.7366 33.758  33.7724 33.7881
 33.8027 33.8155 33.8324 33.8555 33.8709 33.8896 33.9098 33.9275 33.9486
 33.9646 33.9791 33.996  34.0175 34.0414 34.075  34.0931 34.1263 34.1564
 34.2109 34.2549 34.2967 34.3243 34.3435 34.3673 34.3947 34.424  34.4551
 34.4795 34.5066 34.5932 34.6847 34.7109 34.8011 39.6222
40.4048 41.3038 41.6509 41.7007 41.7789 41.8496 41.8968 41.9899 42.0064
 42.0387 42.0584 42.077  42.1029 42.1395 42.1648 42.2209 42.2438 42.2611
 42.2778 42.2973 42.3169 42.3369 42.357  42.3732 42.3935 42.4097 42.4288
 42.4599 42.4768 42.489  42.5123 42.5261 42.5429 42.5561 42.5716 42.5938
 42.6186 42.6333 42.6513 42.667  42.6834 42.6936 42.7078 42.7234 42.7506
 42.7665 42.7811 42.7971 42.8132 42.8268 42.8384 42.8533 42.8691 42.8837
 42.905  42.9172 42.9293 42.944  42.9594 42.976  43.0012 43.0176 43.0334
 43.0457 43.0643 43.0819 43.0991 43.1144 43.141  43.1569 43.1733 43.2023
 43.216  43.2436 43.2669 43.2907 43.3224 43.3514 43.3727 43.3992 43.4143
 43.4409 43.4789 43.5263 43.5634 43.5978 43.6329 43.6686 43.7386 43.9038
 43.9958 44.0217 44.0442 44.1289 49.4109 49.9307
50.6088 50.8049 50.867  51.0135 51.0438 51.0836 51.1716 51.2023 51.2327
 51.2534 51.2728 51.2873 51.3096 51.3319 51.3639 51.3882 51.4208 51.4509
 51.4658 51.4803 51.4936 51.511  51.5252 51.5454 51.5688 51.5894 51.6198
 51.6355 51.6516 51.6688 51.6804 51.6969 51.7099 51.7405 51.7619 51.7815
 51.796  51.8123 51.8317 51.8481 51.8612 51.8777 51.8932 51.915  51.9272
 51.9422 51.9564 51.9673 51.9839 52.0024 52.0157 52.0291 52.047  52.0592
 52.0735 52.0918 52.1139 52.1372 52.1519 52.1723 52.1867 52.2077 52.2216
 52.24   52.2527 52.2707 52.2897 52.305  52.3263 52.3471 52.3626 52.3848
 52.3984 52.4178 52.4386 52.4604 52.4835 52.5058 52.53   52.5519 52.5722
 52.5917 52.6068 52.6279 52.6484 52.7066 52.7574 52.7748 52.8009 52.8255
 52.8508 52.9298 52.9509 52.9755 53.0411 53.0626 53.1401 53.1894 53.2107
 53.2823 53.3118 59.6266 59.9521 59.9936
60.0247 60.1128 60.172  60.2608 60.3427 60.3602 60.3986 60.4351 60.5174
 60.5459 60.5751 60.6047 60.6251 60.6442 60.675  60.7147 60.7344 60.7549
 60.7776 60.8016 60.8285 60.852  60.8687 60.8924 60.9171 60.9343 60.9518
 60.9666 60.9848 61.0026 61.0156 61.0375 61.0504 61.0652 61.0798 61.1008
 61.1172 61.1383 61.1578 61.1722 61.1888 61.205  61.2234 61.2359 61.2493
 61.2639 61.2764 61.2935 61.3099 61.3292 61.3459 61.3622 61.3752 61.3883
 61.4038 61.4206 61.4327 61.4462 61.4564 61.4691 61.486  61.4998 61.5138
 61.5276 61.541  61.5563 61.573  61.5861 61.6135 61.6275 61.6417 61.6569
 61.6717 61.6863 61.7072 61.7186 61.7384 61.7534 61.7738 61.7892 61.8084
 61.8379 61.855  61.8768 61.8951 61.9129 61.9457 61.9616 61.9841 62.0109
 62.0458 62.0694 62.1258 62.16   62.1806 62.1971 62.2317 62.2534 62.2846
 62.3487 62.4126 62.4393 62.4664 62.5099 62.5543 62.7286 64.1583 68.8463
 69.2041 69.2303 69.2914 69.3822 69.4758 69.5075 69.5933 69.6527 69.6861
 69.7154 69.7477 69.7617 69.8199 69.841  69.8731 69.9123 69.9298 69.9509
 69.9723 69.9916

