13.7436 13.7854 13.8674 13.8947 13.9738 14.2065 14.2282 14.2619 14.2858
 14.3375 14.3869 14.4007 14.5063 14.6187 14.6649
20.5422 22.5068 22.6504 22.9463 22.9879 23.0362 23.0711 23.2414 23.2885
 23.3065 23.3263 23.3402 23.392  23.4738 23.5081 23.5405 23.6129 23.7397
 23.8136
31.2707 31.8712 32.4104 32.7068 32.7469 32.7855 32.8183 32.8515 32.9877
 33.0945 33.1261 33.1556 33.1998
41.6549 41.6824 41.7104 41.9261 41.9942 42.0306 42.2103 42.2888 42.469
 47.8766 48.6616
50.1575 50.2916 50.6613 50.758  50.8058 50.8542 50.8745 50.9819 51.0329
 51.0972 51.1138 51.1479 51.2176 51.4112 51.6199 56.2495
60.0307 60.0866 60.6149 60.7089 60.9013 60.9169 67.3585 68.7456 69.3337
 69.53   69.5879 69.6342 69.6592 69.7442 69.78   69.8037 69.8688 69.926

