12.7268 13.7597 13.8667 14.0029 14.0682 14.2138 14.2393 14.2777 14.3467
 14.3637 14.3849 14.4154 14.5069 14.5509 14.6024 14.6391 14.6565 14.6921
 14.7297 14.7536 14.7774 14.793  14.8313 14.8572 14.873  14.8866 14.9365
 14.9779 15.1043 15.1596 15.1852
22.6767 22.7643 22.9223 23.0109 23.0813 23.3315 23.3521 23.4118 23.5077
 23.5391 23.5635 23.5916 23.6384 23.7207 23.8011 23.8331 23.8967 23.9123
 23.9803 24.0055 24.0579 24.2013 24.2229 29.9789
32.0948 32.7369 32.7868 33.1588 33.2531 33.3086 33.4485 33.4697 33.5038
 33.527  33.6328
40.5549 41.7871 41.8239 41.8514 41.9069 41.9512 42.0687 42.0912 42.2289
 42.2456 42.502  42.5291 42.707  42.7361 42.9559 48.8926 49.0094 49.5549
50.1349 50.2388 50.5346 50.7578 50.8188 50.9298 51.056  51.1187 51.2204
 51.2392 51.2689 51.2876 51.3087 51.44   51.4686 51.4876 51.5059 51.5599
 51.5771 51.5947 51.6104 51.6421 51.6671 51.6892 51.7274 51.7562 51.7838
 51.7982 51.8184 51.8717 51.9182 51.9453 51.9838 52.0156 52.0407 52.0603
 52.1064 52.1688 59.0413
60.2157 60.8686 60.9096 60.9316 60.9481 60.9768 61.003  61.2492 61.3755
 61.4135 61.4542 61.5156 61.6614 69.7014 69.9463

