11.8959 12.6433 13.5191 13.7367 13.7818 13.8815 14.0325 14.0815 14.1695
 14.2565 14.2998
22.8603 22.978  23.0476 23.1664 23.1934 23.5455 29.7045
30.6089 30.9447 32.0603 32.4904 32.5221 32.5623 32.587  32.6863 32.9047
 33.0204 33.0725 33.0914 33.1689
41.2926 41.6276 41.6852 41.7048 41.7851 41.9098 41.9383 42.1087
50.0259 50.2327 50.4197 50.9512 50.9709 51.1919 51.2202 51.2748 51.3919
 51.5736 56.2739
60.0528 60.0839 60.2056 60.4884 60.5755 60.7895 60.907  61.068  61.082
 61.1014 61.3014 69.3389 69.5262 69.5533 69.5946 69.7441 69.7852 69.8234

