12.9488 13.0247 13.1778 13.6459 13.7648 13.8349 14.0415 14.2449
21.3079 21.7456 22.5055 23.0895 23.205  23.2343 23.2809 23.3572 23.4814
 23.6594
31.3646 31.6325 31.9281 32.1839 32.3918 32.4766 32.6406 33.0358 38.4716
41.1155 41.3046 41.4666 49.6098
50.4041 50.6443 50.6679 50.7883 50.8286 50.8494 50.8892 50.9592 51.1614
 51.2035 51.2437 51.2773 59.2526 59.5008 59.9116
60.3876 60.6194 60.702  60.9674 67.3037 67.8633 69.0029 69.1885 69.3737
 69.4011 69.4265 69.5344 69.5916 69.662  69.6875 69.7345 69.7835 69.8219
 69.8619 69.8781 69.9329 69.9569

