11.429  13.0655 13.6267 13.7988 13.8237 13.8679 13.9047 13.931  13.961
 14.0092 14.0575 14.0732 14.0923 14.1127 14.1658 14.1817 14.1984 14.2184
 14.2375 14.2509 14.2653 14.2768 14.2929 14.3286 14.3451 14.3676 14.3848
 14.398  14.4182 14.4346 14.4477 14.4623 14.4772 14.4979 14.5194 14.5358
 14.5479 14.5597 14.5787 14.5945 14.6109 14.6219 14.6352 14.6495 14.6649
 14.6844 14.698  14.7117 14.7257 14.7434 14.7549 14.7683 14.781  14.7921
 14.8043 14.8182 14.8384 14.8518 14.8701 14.8831 14.9017 14.9176 14.9331
 14.9499 14.9649 14.9788 14.9895 15.0026 15.0222 15.0387 15.0543 15.0675
 15.0788 15.0932 15.11   15.1226 15.1341 15.1447 15.1575 15.1691 15.1797
 15.1963 15.2092 15.2278 15.2417 15.2548 15.2685 15.2827 15.2972 15.3122
 15.3281 15.3479 15.3686 15.381  15.3933 15.4117 15.4256 15.4409 15.453
 15.4653 15.4789 15.499  15.5148 15.5275 15.5432 15.5581 15.571  15.5886
 15.6029 15.6246 15.6426 15.6609 15.6888 15.7235 15.7398 15.7594 15.7743
 15.7888 15.8132 15.8312 15.8569 15.8734 15.892  15.9146 15.9295 15.952
 15.969  15.9852 16.0171 16.0402 16.0794 16.1051 16.1295 16.1488 16.1807
 16.2237 16.3038 16.4732
21.4136 22.5771 22.6361 22.6668 22.7792 22.8287 23.0058 23.0401 23.0682
 23.0923 23.1084 23.1289 23.152  23.1832 23.2338 23.2545 23.2716 23.2958
 23.3208 23.3419 23.3727 23.3977 23.434  23.4803 23.508  23.5194 23.534
 23.5472 23.5635 23.5764 23.6031 23.6244 23.6382 23.6503 23.6656 23.6837
 23.6998 23.7148 23.7288 23.7425 23.7622 23.7795 23.7962 23.8106 23.8224
 23.8386 23.8509 23.8647 23.8847 23.8961 23.9158 23.9261 23.9384 23.9505
 23.9606 23.9752 23.9888 24.0014 24.0211 24.0394 24.0523 24.065  24.078
 24.0919 24.1081 24.1232 24.1418 24.1557 24.1727 24.1891 24.2031 24.2151
 24.227  24.2394 24.2519 24.2741 24.2893 24.3086 24.3202 24.3324 24.3507
 24.3643 24.3845 24.3998 24.4153 24.4331 24.4534 24.4642 24.4779 24.4913
 24.5046 24.5231 24.5371 24.5535 24.5654 24.5817 24.5998 24.6188 24.6358
 24.6551 24.6825 24.7022 24.7251 24.7514 24.7661 24.7991 24.8257 24.843
 24.861  24.8866 24.9117 24.9306 24.9511 24.9741 24.9935 25.0115 25.0439
 25.0937 25.1236 25.1439 25.1718 25.2053 25.2459 25.3313 25.3978 25.4848
32.2655 32.3018 32.4081 32.448  32.5225 32.5635 32.6047 32.643  32.6644
 32.6838 32.7224 32.7522 32.7899 32.8117 32.8245 32.8358 32.8708 32.8964
 32.9215 32.9407 32.9587 32.9764 33.0092 33.0284 33.0516 33.0736 33.1003
 33.1114 33.1294 33.1478 33.1596 33.1736 33.1999 33.2161 33.2328 33.2483
 33.2693 33.2886 33.3039 33.3208 33.3361 33.3468 33.358  33.3708 33.3836
 33.3966 33.4124 33.4294 33.446  33.463  33.4898 33.5116 33.5299 33.5571
 33.5806 33.5989 33.6217 33.6394 33.6547 33.6725 33.689  33.7053 33.7197
 33.7407 33.7567 33.7722 33.7908 33.8057 33.8214 33.8366 33.8487 33.8652
 33.8857 33.9108 33.9362 33.9553 33.9724 33.9924 34.0137 34.0298 34.0654
 34.0901 34.107  34.1439 34.1604 34.185  34.1986 34.2156 34.2332 34.2474
 34.2739 34.2985 34.3172 34.3379 34.3568 34.3778 34.3979 34.428  34.4435
 34.4697 34.4961 34.5197 34.5365 34.5845 34.6125 34.6405 34.6626 34.7536
 34.7943 34.8297 34.8603 37.3068 38.7941
40.3536 40.6277 41.1446 41.2248 41.3514 41.4342 41.4614 41.4882 41.5246
 41.5666 41.5889 41.6102 41.6426 41.7007 41.7347 41.7535 41.7732 41.8238
 41.8528 41.8844 41.9095 41.9276 41.9745 41.9958 42.0096 42.0273 42.0501
 42.0721 42.0843 42.095  42.107  42.1259 42.143  42.1599 42.1768 42.1912
 42.209  42.2268 42.2431 42.2581 42.2743 42.2923 42.3103 42.3291 42.3429
 42.3594 42.3842 42.3993 42.4165 42.4396 42.4601 42.474  42.4928 42.504
 42.5179 42.5303 42.5434 42.5552 42.57   42.5849 42.6051 42.6199 42.6319
 42.6455 42.6593 42.6751 42.6956 42.7116 42.7308 42.7474 42.7621 42.7837
 42.8024 42.818  42.8374 42.8512 42.8671 42.8795 42.8936 42.9091 42.9328
 42.9552 42.9809 42.9995 43.0153 43.033  43.0439 43.0611 43.0774 43.1067
 43.1204 43.1342 43.1525 43.1696 43.1974 43.2115 43.2345 43.2516 43.2708
 43.3047 43.3228 43.3419 43.3719 43.3908 43.4107 43.4295 43.4538 43.4838
 43.5279 43.5617 43.589  43.6096 43.6357 43.6836 43.7401 43.7617 43.7919
 43.8774 43.9941 44.0149 44.0989 44.1297
50.2896 50.6348 50.7497 50.7988 50.8825 50.9054 50.9673 50.9837 51.0257
 51.0846 51.1234 51.1633 51.1951 51.2201 51.2526 51.2698 51.2909 51.3173
 51.3326 51.3517 51.3687 51.3792 51.4026 51.4166 51.4342 51.4508 51.4645
 51.4821 51.5006 51.5116 51.5295 51.548  51.5634 51.5847 51.6026 51.6243
 51.6568 51.6793 51.7006 51.7151 51.7299 51.7458 51.7616 51.7731 51.789
 51.8042 51.8196 51.8335 51.8542 51.8703 51.8855 51.9022 51.9184 51.9368
 51.9571 51.9693 51.9853 51.9988 52.0137 52.0326 52.0528 52.0714 52.0867
 52.1013 52.1281 52.1386 52.1531 52.1943 52.2196 52.2495 52.2729 52.288
 52.3013 52.3174 52.3285 52.3571 52.3752 52.3897 52.4018 52.4176 52.4324
 52.4561 52.4972 52.5229 52.5395 52.562  52.5941 52.6161 52.631  52.6518
 52.675  52.699  52.7239 52.7561 52.7801 52.8149 52.8459 52.8707 52.907
 52.944  52.9798 52.9971 53.0402 53.0588 53.1162 53.1697 53.2218 53.4599
 58.7919
60.3045 60.3269 60.4097 60.4833 60.5299 60.6208 60.6599 60.6925 60.713
 60.7386 60.7878 60.8226 60.8456 60.8876 60.9127 60.9631 60.9923 61.0096
 61.0489 61.0652 61.0864 61.1074 61.1215 61.1478 61.1776 61.1985 61.2178
 61.241  61.2737 61.2886 61.3046 61.3209 61.345  61.3586 61.3875 61.4097
 61.4289 61.4505 61.4664 61.4801 61.499  61.5365 61.5555 61.5759 61.6074
 61.6261 61.6411 61.6615 61.6909 61.7151 61.7431 61.7594 61.7795 61.7923
 61.8181 61.8664 61.885  61.9022 61.9242 61.9398 61.9536 61.9744 61.9907
 62.0133 62.0289 62.0433 62.0573 62.0766 62.1086 62.1331 62.1601 62.1829
 62.2055 62.2401 62.2685 62.2926 62.3291 62.3556 62.3852 62.4118 62.4696
 62.521  62.5505 62.5752 62.6039 62.6329 62.6859 62.7822 62.8167 67.1567
 68.7775 69.2604 69.3073 69.3639 69.4719 69.5408 69.6259 69.6529 69.6733
 69.723  69.7463 69.7653 69.7892 69.8064 69.8274 69.8418 69.8572 69.8754
 69.888  69.9053 69.9239 69.9436 69.9633 69.9936

