11.4462 12.9408 13.425  13.6251 13.6604 13.7354 13.9208 14.0551 14.0981
21.9817 22.0837 22.3222 22.3499 22.6899 22.7248 22.8817 23.1378 23.1689
 23.2018 23.2592 23.3489 23.4683 23.4966 23.6857
31.9869 32.1224 32.2508 32.5012 32.8248 32.9079 32.9697
40.0498 40.3031 41.1465 41.3613 41.5344 41.616  41.808  41.8339 41.984
 48.9494 49.5198
50.1878 50.4518 50.7737 51.0113 51.1036 51.2062 51.2513 59.7347
60.3336 60.5388 60.7972 60.9107 68.8533 68.9191 69.0244 69.3367 69.4471
 69.4819 69.5495 69.6178 69.6553 69.7407 69.9169 69.9679

