11.9997 13.3423 13.4199 13.6887 14.0247 14.0556 14.0922 14.1086 14.1352
 14.2336 14.2663 14.3129 14.3338 14.3582 14.4776 14.5012
21.7894 22.0233 22.3666 22.4247 22.5691 22.8505 22.8878 23.1837 23.2182
 23.3138 23.3661 23.4447 23.5862 23.6107 23.701  27.5839
31.0879 31.4577 32.0771 32.5639 32.665  32.8493 32.8817
41.3252 41.5478 41.9099 41.9768 42.0542
50.4909 50.5606 50.8613 50.9519 51.0042 51.0888 51.2576 51.6118
60.5941 60.6138 60.6402 60.7815 60.907  61.0877 61.1925 61.2556 69.0551
 69.1528 69.717  69.7473 69.7678 69.8733 69.9193 69.9431 69.9725

