10.9395 13.3167 13.3956 13.9182 13.9811 14.0059 14.0984 14.1849 14.2142
 14.2349 14.2618 14.3049 14.3219 14.3548 14.4056 14.4546 14.4751 14.4933
 14.5069 14.5238 14.5468 14.5736 14.5913 14.614  14.6322 14.6472 14.6629
 14.6828 14.6967 14.7187 14.7421 14.757  14.7751 14.7924 14.8077 14.8206
 14.8371 14.8544 14.8711 14.8877 14.9137 14.9298 14.947  14.9636 14.9795
 14.9989 15.0122 15.0339 15.0476 15.0618 15.0777 15.0916 15.1045 15.1192
 15.1328 15.1471 15.162  15.1821 15.2048 15.2265 15.2389 15.2544 15.2668
 15.2871 15.3047 15.3227 15.3415 15.3589 15.3849 15.4014 15.4184 15.4397
 15.4597 15.4799 15.4968 15.5209 15.5469 15.5696 15.6184 15.6943 15.7198
 15.7558 15.7859 15.8633 15.9143 15.9683 16.1281 16.1803
21.5041 21.5809 22.4882 23.025  23.0997 23.1668 23.3048 23.3913 23.4108
 23.4485 23.4786 23.4985 23.5243 23.5505 23.5745 23.5975 23.7232 23.7431
 23.77   23.7903 23.8113 23.8348 23.8531 23.8712 23.8864 23.9036 23.9199
 23.9389 23.9603 23.9794 23.9977 24.0122 24.0269 24.0433 24.0565 24.0798
 24.0946 24.1161 24.1311 24.1427 24.1554 24.1687 24.1834 24.1973 24.2128
 24.2281 24.2457 24.2644 24.2813 24.296  24.3168 24.3316 24.3464 24.3624
 24.3833 24.3935 24.4046 24.4336 24.4469 24.4651 24.4809 24.4963 24.5104
 24.5306 24.548  24.566  24.5831 24.6116 24.6353 24.6517 24.6795 24.6961
 24.7096 24.7328 24.7528 24.8295 24.8628 24.8901 24.9227 24.9896 25.0311
 25.0557 25.1767 25.2624 25.4044 27.0164
31.35   32.3743 32.4122 32.5338 32.6854 32.7269 32.7619 32.811  32.8543
 32.9131 32.9582 32.9825 33.0114 33.0842 33.1057 33.1236 33.1481 33.1651
 33.1815 33.2018 33.2167 33.2365 33.2556 33.2736 33.2934 33.3106 33.3255
 33.3482 33.3707 33.3883 33.4053 33.4199 33.4378 33.4484 33.4648 33.4829
 33.4954 33.509  33.5215 33.5337 33.5514 33.5728 33.5911 33.6046 33.6206
 33.6347 33.6538 33.6749 33.6906 33.7028 33.7144 33.7273 33.7423 33.7553
 33.7679 33.7814 33.8001 33.8178 33.8396 33.8552 33.8706 33.896  33.9087
 33.9252 33.9476 33.9718 33.9933 34.0089 34.0412 34.0717 34.0897 34.1078
 34.1238 34.1463 34.1821 34.2166 34.2374 34.2683 34.2844 34.3337 34.3509
 34.3883 34.4207 34.4611 34.4976 34.5455 34.5764 34.655  34.7354 34.805
 34.8906
40.2298 40.7887 41.1929 41.4429 41.5189 41.5394 41.6565 41.6865 41.7051
 41.7225 41.7539 41.8059 41.8274 41.847  41.8613 41.8873 41.9579 41.9754
 42.0072 42.0266 42.051  42.0767 42.0993 42.129  42.1411 42.1597 42.1878
 42.2043 42.2403 42.2546 42.2758 42.2971 42.3128 42.3297 42.3445 42.3569
 42.3808 42.3937 42.4146 42.429  42.4443 42.4599 42.4732 42.4892 42.503
 42.5186 42.5353 42.5634 42.5845 42.6031 42.6152 42.629  42.6414 42.6564
 42.6787 42.6927 42.7155 42.7295 42.7456 42.7659 42.7811 42.7999 42.8196
 42.8375 42.8494 42.8651 42.8867 42.9031 42.9275 42.9505 42.9734 42.9994
 43.0217 43.0409 43.0576 43.1009 43.1187 43.1447 43.1734 43.2682 43.3191
 43.3795 43.4049 43.4749 43.6055 43.6659 43.8364 44.0138 49.0738 49.9423
50.1627 50.9164 51.0844 51.1779 51.2149 51.2414 51.2803 51.3384 51.3693
 51.3951 51.4278 51.4429 51.4684 51.4893 51.5065 51.5329 51.5498 51.5736
 51.5955 51.6158 51.6396 51.6655 51.6868 51.7055 51.7212 51.734  51.7481
 51.7598 51.7775 51.7957 51.8119 51.8271 51.8392 51.8514 51.8753 51.8918
 51.9132 51.9295 51.9442 51.9633 51.9825 51.9978 52.0176 52.0327 52.0507
 52.0685 52.0882 52.1026 52.1145 52.1253 52.1371 52.1523 52.1692 52.1829
 52.1968 52.2212 52.2385 52.2576 52.2729 52.2914 52.3061 52.3226 52.3387
 52.3563 52.3703 52.39   52.4069 52.4273 52.4405 52.4716 52.501  52.5221
 52.5404 52.5632 52.5764 52.5966 52.6181 52.6409 52.6632 52.6863 52.7704
 52.8012 52.8278 52.9005 52.9285 52.9535 53.0036 53.0375 53.1152 53.1778
 53.3834 58.7918 59.0978 59.3732 59.599  59.6495 59.7797 59.8328
60.0283 60.0584 60.1476 60.2465 60.3409 60.3708 60.4542 60.4931 60.5077
 60.5218 60.5915 60.6206 60.6456 60.6823 60.6988 60.7303 60.7487 60.7694
 60.7917 60.8191 60.8381 60.8588 60.8746 60.8916 60.902  60.9161 60.9353
 60.9522 60.9671 60.9863 60.9984 61.0116 61.0281 61.0465 61.0608 61.0809
 61.0932 61.1056 61.12   61.1394 61.1614 61.1877 61.2028 61.2186 61.2356
 61.2483 61.2601 61.2747 61.2914 61.3068 61.3199 61.3305 61.3477 61.3604
 61.3787 61.3915 61.4073 61.4213 61.4506 61.467  61.493  61.5076 61.5234
 61.5365 61.5538 61.5742 61.5883 61.6075 61.6227 61.6382 61.7098 61.7334
 61.7607 61.782  61.8025 61.8271 61.8482 61.8845 61.9046 61.9226 61.9457
 61.9785 62.0417 62.0601 62.0949 62.2766 62.3415 62.5035 62.5932 62.6668
 69.1852 69.2684 69.521  69.6767 69.7033 69.7468 69.9336 69.9535

