12.9979 13.1759 13.7051 13.762  13.9398 13.9616 14.0017 14.0338 14.1108
 14.3667 14.5562
22.6409 22.7293 23.3491 23.4645 23.4839 23.5138 23.6038 23.655  23.7127
 23.8138
31.7982 32.7549 32.8508 33.0766 33.1919 33.3394 33.3614 37.7868
40.5474 41.3301 41.4077 41.9486 42.0388 42.0568 42.2808 42.3654 42.5474
 49.1805
51.6594 51.8265 51.9308 51.9718 52.0515 52.3084 56.5499 58.1877
60.4848 60.7068 60.7754 60.8716 60.9021 61.0158 61.0792 61.1478 61.2033
 61.2779 61.3288 61.3874 67.0326 67.8633 68.6933 69.683  69.9693

