13.3415 13.3939 13.7012 13.7535 13.9007 13.9483 13.9796 14.0129 14.0476
 14.153  14.1693 14.3353 14.3596 14.4211 14.4684 14.6003
23.3628 23.3847 23.5308 23.6064 23.7291 23.7522
30.6843 32.6547 33.1309 33.1519 33.3119 33.3339 33.5769
41.3477 41.6391 41.8759 41.9385 42.0629 42.1589 42.1923 42.2266 42.3554
 42.3899 42.4075 42.4753 42.5642 42.5831
50.4267 51.0227 51.0669 51.1265 51.1957 51.5571 51.7587 51.9125 52.0052
 59.7016
60.1125 60.3052 60.4278 60.6639 60.9372 61.0515 61.2049 61.2584 61.3273
 61.5979 69.9408

