12.2005 12.8878 13.658  13.7271 13.8359 14.1821 14.2198 14.2559 14.3111
 14.6221
22.4967 22.7372 22.8486 23.2517 23.2916 23.3858 23.4402 23.531  23.5983
 23.6161 23.6597 23.8176 23.8519 23.8703 23.9845 24.0378 24.1783 24.331
31.2808 31.9578 32.3753 32.5677 32.6196 32.7179 32.7533 32.8278 32.9311
 32.9567 33.0574 33.0891 33.135  33.1883 33.2031 33.3119 33.4892
40.1352 40.5958 41.6124 41.7286 41.9979 42.0516 42.0857 42.1758 42.3958
 42.5326 42.5525 42.5767 42.6738 42.8874 42.9789
50.3733 50.5596 50.703  50.9357 50.9776 51.0744 51.1917 51.602  51.6248
 51.8747 51.9724 52.0836 52.2    52.2637 52.2883 52.3337
60.7544 60.9788 61.2432 61.3846 61.4093 61.4277 61.4684 61.4992 61.5178
 61.5314 61.5538 61.6366 61.6529 61.6723 61.6864 61.7021 61.7498 61.7679
 61.7885 61.8184 61.8318 61.8768 69.0789

