13.2644 14.0599 14.1105 14.2233 14.2613 14.3407 14.3689 14.4144 14.4633
 14.4837 14.5148 14.5382 14.5611 14.5786 14.5964 14.6129 14.6462 14.6709
 14.6919 14.7074 14.7222 14.7383 14.7528 14.7678 14.7827 14.7981 14.8139
 14.8302 14.846  14.8687 14.8795 14.8897 14.9025 14.9188 14.932  14.9468
 14.9603 14.9699 14.9853 14.9984 15.0092 15.0203 15.0307 15.0415 15.0564
 15.0672 15.0804 15.0957 15.1122 15.1233 15.1404 15.152  15.164  15.1793
 15.1936 15.2083 15.2221 15.2343 15.2486 15.2598 15.2719 15.2836 15.2967
 15.3128 15.3244 15.3412 15.3542 15.3732 15.386  15.3959 15.4076 15.4194
 15.432  15.4422 15.4538 15.4651 15.4784 15.4873 15.4998 15.5138 15.5254
 15.5373 15.5485 15.5659 15.578  15.5889 15.6009 15.6122 15.6244 15.6366
 15.6478 15.6626 15.6754 15.6889 15.7025 15.7201 15.731  15.7425 15.7567
 15.7708 15.7875 15.7999 15.812  15.8235 15.8358 15.8489 15.8615 15.8745
 15.8891 15.8997 15.9182 15.9362 15.951  15.9658 15.9842 16.0004 16.0138
 16.0296 16.0494 16.0652 16.0789 16.0922 16.1085 16.1234 16.1428 16.1637
 16.1868 16.2318 16.2769 16.3028 16.3245 16.3589 16.4066 16.5369 16.5804
 16.7066
23.0048 23.1338 23.2558 23.3498 23.4185 23.5019 23.5743 23.616  23.635
 23.6528 23.6785 23.7144 23.7474 23.7807 23.7998 23.825  23.8471 23.8659
 23.8888 23.9165 23.9332 23.9493 23.9729 24.0045 24.0208 24.0493 24.078
 24.1031 24.1181 24.1303 24.1421 24.1567 24.1703 24.1918 24.2043 24.2209
 24.2393 24.2567 24.2706 24.2835 24.2933 24.3073 24.3223 24.3343 24.3482
 24.3604 24.3719 24.3839 24.3951 24.4056 24.4159 24.4278 24.4375 24.447
 24.4602 24.4705 24.4816 24.4946 24.505  24.5178 24.5277 24.5402 24.5504
 24.5628 24.5744 24.5839 24.5943 24.6063 24.6162 24.6302 24.641  24.6525
 24.6633 24.6767 24.6872 24.7001 24.7117 24.7224 24.7331 24.7425 24.7517
 24.7633 24.7735 24.7851 24.7953 24.8051 24.8172 24.8272 24.8364 24.8506
 24.8596 24.8699 24.8793 24.8895 24.8992 24.9092 24.9192 24.9315 24.9416
 24.9535 24.9623 24.9735 24.9834 24.993  25.0036 25.0172 25.0262 25.0357
 25.0463 25.0573 25.0673 25.0775 25.0897 25.1017 25.1117 25.1209 25.1319
 25.1432 25.1549 25.1663 25.1761 25.1871 25.2011 25.2133 25.2247 25.2362
 25.2457 25.2577 25.2695 25.2816 25.2967 25.3065 25.3184 25.336  25.3491
 25.3607 25.3728 25.3915 25.4052 25.4185 25.4297 25.4419 25.4551 25.471
 25.4926 25.5063 25.5235 25.5364 25.5519 25.5646 25.5807 25.5947 25.6102
 25.6238 25.6562 25.6788 25.6953 25.713  25.7614 25.7964 25.8217 26.1067
 29.9234
30.9119 32.0338 32.3671 32.5408 32.61   32.6639 32.7099 32.7463 32.7999
 32.8241 32.8877 32.9246 32.9619 32.9785 32.9968 33.0177 33.0663 33.0864
 33.1172 33.1369 33.1549 33.1721 33.1882 33.2051 33.2225 33.2468 33.2599
 33.2745 33.2906 33.3089 33.3257 33.345  33.3613 33.3811 33.4089 33.4214
 33.4333 33.446  33.4605 33.4707 33.4834 33.4949 33.509  33.5292 33.5418
 33.5544 33.5651 33.577  33.5901 33.6046 33.6246 33.6435 33.6556 33.6687
 33.6805 33.6951 33.706  33.7167 33.7266 33.7375 33.7499 33.762  33.7727
 33.7836 33.7938 33.8072 33.8181 33.8287 33.8414 33.8519 33.8622 33.8737
 33.8858 33.8964 33.9108 33.9202 33.9305 33.9393 33.9483 33.9588 33.9704
 33.981  33.9916 34.002  34.0124 34.0276 34.0401 34.0494 34.0618 34.0725
 34.0813 34.0906 34.102  34.1158 34.1279 34.1386 34.1483 34.1598 34.1714
 34.1835 34.1945 34.2058 34.2162 34.2277 34.2403 34.2517 34.2625 34.2745
 34.2855 34.2994 34.3114 34.3248 34.334  34.3433 34.3536 34.3651 34.3779
 34.3882 34.4011 34.4132 34.4255 34.4372 34.4495 34.4603 34.4728 34.486
 34.4986 34.5096 34.5242 34.5374 34.5484 34.5645 34.5815 34.5939 34.6069
 34.623  34.6396 34.6533 34.6696 34.6813 34.6933 34.7097 34.7249 34.7399
 34.751  34.7678 34.7862 34.8028 34.8226 34.8408 34.8802 34.9019 34.9174
 34.9406 34.9646 35.0587 35.1485 35.2617 35.3873
41.8008 42.0156 42.0394 42.1444 42.2175 42.3452 42.3782 42.4156 42.4465
 42.5288 42.5559 42.5697 42.5875 42.6039 42.6266 42.6474 42.6701 42.6829
 42.7077 42.7279 42.7468 42.7699 42.7827 42.7976 42.8139 42.83   42.8488
 42.8626 42.8778 42.8922 42.9039 42.9215 42.9357 42.9491 42.969  42.9833
 42.9981 43.0167 43.0318 43.0479 43.0603 43.0746 43.0905 43.1048 43.1198
 43.1366 43.1539 43.1673 43.18   43.1954 43.2166 43.2316 43.2478 43.2659
 43.2811 43.2939 43.3069 43.3173 43.3279 43.339  43.3508 43.3634 43.3766
 43.3903 43.403  43.414  43.4261 43.4367 43.4499 43.465  43.4744 43.4849
 43.4961 43.5097 43.5216 43.5363 43.5499 43.5637 43.5754 43.5875 43.5992
 43.6127 43.6229 43.6353 43.6469 43.6599 43.6724 43.6843 43.6963 43.7098
 43.7236 43.7351 43.7469 43.759  43.7705 43.7847 43.7993 43.8116 43.822
 43.8337 43.8517 43.8634 43.8763 43.8877 43.9006 43.9123 43.9262 43.9416
 43.9551 43.969  43.9837 43.9943 44.0053 44.0209 44.0389 44.0617 44.0801
 44.0988 44.1206 44.1359 44.1578 44.1713 44.1956 44.2098 44.2276 44.2441
 44.2608 44.2908 44.3399 44.3716 44.4172 44.521  44.5458 44.64   44.9018
51.2552 51.2869 51.3257 51.4498 51.4804 51.5024 51.5301 51.619  51.6888
 51.7172 51.7473 51.7632 51.7836 51.8119 51.8353 51.8479 51.8763 51.8949
 51.91   51.9271 51.9405 51.9573 51.9752 51.9915 52.0057 52.0304 52.068
 52.0961 52.1286 52.1438 52.1636 52.1764 52.1907 52.2025 52.214  52.2278
 52.2414 52.259  52.2732 52.2842 52.2955 52.3062 52.3187 52.3289 52.3439
 52.3574 52.3687 52.3786 52.3889 52.4007 52.4117 52.4239 52.4373 52.4494
 52.4599 52.4727 52.4847 52.4949 52.5043 52.5142 52.5237 52.5363 52.5469
 52.5567 52.5676 52.5776 52.5884 52.5973 52.6065 52.6159 52.6262 52.6352
 52.6455 52.6559 52.667  52.6758 52.6845 52.6943 52.7032 52.7138 52.7245
 52.7346 52.7431 52.7523 52.7619 52.7711 52.7832 52.7936 52.8049 52.8144
 52.8231 52.8316 52.8411 52.8506 52.8615 52.8713 52.8799 52.8891 52.8972
 52.9058 52.9153 52.9242 52.9329 52.9417 52.9526 52.9623 52.9722 52.9809
 52.9912 53.     53.0093 53.0185 53.0284 53.0377 53.0468 53.0551 53.0647
 53.0733 53.0832 53.0921 53.1012 53.1113 53.1202 53.1293 53.1384 53.1478
 53.1574 53.167  53.1762 53.1862 53.1952 53.2053 53.2153 53.2249 53.2345
 53.2466 53.2568 53.2681 53.2781 53.2891 53.3004 53.3112 53.3208 53.33
 53.3401 53.3512 53.3616 53.3728 53.3853 53.3968 53.4058 53.4159 53.4249
 53.4361 53.4472 53.4578 53.4679 53.4804 53.4903 53.5017 53.5138 53.5257
 53.5371 53.5483 53.5603 53.5729 53.588  53.599  53.6099 53.6208 53.6338
 53.6461 53.6602 53.6778 53.6915 53.705  53.7188 53.7308 53.7435 53.7611
 53.7746 53.7893 53.8058 53.8224 53.8378 53.857  53.8748 53.8976 53.9186
 53.9335 53.9504 53.9728 54.0049 54.0214 54.0787 54.1218 54.1516 54.2846
 55.3029 59.3528
61.0217 61.119  61.2027 61.2259 61.2519 61.3095 61.3625 61.3932 61.4369
 61.4979 61.5136 61.5343 61.5529 61.567  61.5845 61.6037 61.6282 61.6489
 61.6659 61.6798 61.6996 61.7183 61.7389 61.7599 61.7778 61.7901 61.8025
 61.8251 61.8461 61.8703 61.886  61.8988 61.923  61.9383 61.9507 61.964
 61.9757 61.9899 62.0017 62.0139 62.0362 62.0487 62.0645 62.088  62.0989
 62.1091 62.1206 62.1312 62.1453 62.1542 62.1663 62.1776 62.1868 62.1988
 62.2109 62.2213 62.2329 62.2437 62.2573 62.2741 62.2845 62.2955 62.3096
 62.3204 62.334  62.3436 62.3529 62.3623 62.372  62.3832 62.3958 62.4074
 62.4202 62.4316 62.4412 62.4508 62.4623 62.472  62.4817 62.492  62.5017
 62.5116 62.5222 62.5325 62.5437 62.5544 62.5643 62.5738 62.5857 62.5969
 62.607  62.6174 62.6279 62.6393 62.6501 62.6597 62.6685 62.6803 62.6899
 62.7021 62.7121 62.7219 62.7309 62.7406 62.7501 62.7595 62.7701 62.7804
 62.7923 62.802  62.812  62.8226 62.832  62.8437 62.8534 62.8675 62.8801
 62.8915 62.9017 62.9127 62.9222 62.9321 62.9418 62.9525 62.9636 62.9744
 62.9858 62.9967 63.0071 63.0185 63.0283 63.0405 63.0537 63.0653 63.0775
 63.0924 63.1037 63.1161 63.1288 63.1404 63.1512 63.1622 63.1739 63.1856
 63.1973 63.2086 63.2205 63.2342 63.246  63.2615 63.2736 63.2856 63.2996
 63.314  63.3294 63.3474 63.3601 63.3776 63.3933 63.4234 63.4363 63.4516
 63.4662 63.4813 63.5078 63.5291 63.5721 63.5957 63.6209 63.6566 63.779
 63.8447 63.9137

