13.0167 13.3206 13.5446 13.6288 13.7126 13.7792 13.8642 13.8947 13.914
 13.9815 14.024  14.0488 14.0805 14.1143 14.1418 14.1812 14.2037 14.234
 14.2647 14.2979 14.3345 14.3526 14.3732 14.402  14.4259 14.446  14.4635
 14.481  14.5093 14.539  14.5539 14.5743 14.6027 14.6243 14.6417 14.6616
 14.7299 14.777  14.8217 14.8359 14.8518 14.8889 14.9348 14.9527
21.961  22.6769 22.9587 23.0094 23.0307 23.107  23.198  23.2838 23.3025
 23.3488 23.4024 23.423  23.4574 23.5228 23.5774 23.6066 23.631  23.6473
 23.6576 23.6708 23.69   23.7194 23.7526 23.7953 23.8179 23.831  23.8568
 23.8841 23.9055 23.9684 23.9973 24.1689 28.2758
32.1039 32.3731 32.4647 32.5974 32.7087 32.7783 32.8674 32.9103 32.9361
 33.0234 33.1096 33.1509 33.1672 33.1811 33.2106 33.2638 33.3176 33.3337
 33.3514 33.3686 33.3848 33.3997 33.4144 33.4389 33.4976 33.533  33.5544
 33.6552 33.7162 33.7555 33.7696 33.7916
40.6606 41.1105 41.3465 41.762  41.8209 41.8482 41.8899 41.9129 41.9424
 41.9696 41.9939 42.0341 42.057  42.1096 42.1346 42.1511 42.1699 42.1989
 42.3313 42.3489 42.3697 42.3874 42.4017 42.4191 42.4403 42.4591 42.4855
 42.5017 42.6007 42.6427 42.6576 42.6728 42.7068 42.7176 42.7327 42.7461
 42.913  43.0107
51.1366 51.4115 51.4503 51.5996 51.7988 51.8215 51.8717 51.9167 51.9586
 51.9914 52.0348 52.0882 52.1033 52.1212 52.1608 52.1812 52.1976 52.2843
 52.331  52.3443 52.3694 52.3893 52.4054 52.4348 52.4649 52.4814 52.5058
 52.5362 52.5597 52.6341 52.6923
60.4466 60.7021 60.91   61.0342 61.1127 61.1399 61.1736 61.2294 61.2595
 61.2926 61.3472 61.3692 61.3906 61.4152 61.4298 61.4533 61.492  61.5245
 61.5916 61.6286 61.6484 61.6804 61.7094 61.7327 61.7454 61.7588 61.795
 61.8135 61.8248 61.8402 61.8559 61.884  61.9345 61.9524 61.9779 61.9992
 62.0469 62.0899 62.1258 62.1395 62.1531 62.2841 69.3115

