10.7513 12.9235 13.0946 13.2562 13.312  13.3891 13.4876 13.5278 13.5983
 13.6151 13.6791 13.7096 13.7427 13.7778 13.8324 13.8638 13.8941 13.9337
 13.9512 13.967  13.9802 13.9939 14.0109 14.028  14.0456 14.0638 14.0777
 14.1002 14.1151 14.1293 14.1501 14.1702 14.1874 14.1986 14.2127 14.225
 14.2404 14.254  14.2683 14.2816 14.2953 14.3089 14.3228 14.3381 14.3503
 14.3631 14.3729 14.3836 14.3946 14.4059 14.4157 14.4286 14.44   14.4521
 14.465  14.4758 14.4872 14.5    14.5138 14.5246 14.5369 14.5469 14.5573
 14.5706 14.5828 14.5931 14.6029 14.6151 14.6259 14.6365 14.6471 14.6573
 14.6679 14.6773 14.6861 14.6972 14.7078 14.7182 14.7284 14.7418 14.7557
 14.7688 14.7801 14.7893 14.7997 14.811  14.8224 14.8322 14.8451 14.8536
 14.8624 14.872  14.8815 14.8921 14.902  14.9118 14.9223 14.9313 14.9412
 14.9508 14.9612 14.9727 14.9822 14.994  15.0041 15.0162 15.0261 15.0351
 15.0452 15.056  15.0694 15.0799 15.091  15.1011 15.1135 15.1239 15.1336
 15.144  15.1551 15.1668 15.1791 15.1895 15.2005 15.2103 15.2231 15.2412
 15.2551 15.2676 15.2795 15.2927 15.3055 15.3207 15.3345 15.3456 15.3571
 15.3715 15.3914 15.4045 15.417  15.4286 15.4398 15.4534 15.4662 15.4808
 15.4944 15.5079 15.5261 15.5398 15.5582 15.5764 15.5961 15.6166 15.641
 15.6585 15.6746 15.6912 15.7297 15.7451 15.7686 15.7898 15.8066 15.8384
 15.8752 15.9106 15.9357 16.0474 16.1899
22.2287 22.4376 22.7481 22.8128 22.878  22.9379 23.0067 23.0425 23.065
 23.0979 23.1511 23.1677 23.204  23.2379 23.2773 23.2984 23.3245 23.3407
 23.3545 23.3697 23.3871 23.4138 23.4292 23.449  23.4647 23.4845 23.5018
 23.5189 23.5332 23.5446 23.5561 23.571  23.5853 23.6    23.618  23.6316
 23.6457 23.6575 23.6703 23.6842 23.6955 23.7075 23.7194 23.7307 23.7408
 23.7537 23.7632 23.7773 23.7937 23.8071 23.8205 23.831  23.8428 23.8537
 23.866  23.8766 23.8877 23.901  23.9143 23.9267 23.9408 23.9561 23.9702
 23.9863 24.0012 24.0146 24.0242 24.0336 24.0443 24.0536 24.0663 24.0799
 24.0917 24.1065 24.1171 24.1315 24.148  24.1612 24.1747 24.192  24.2049
 24.2164 24.2277 24.24   24.2625 24.2763 24.2898 24.3016 24.3127 24.3264
 24.3367 24.3502 24.3596 24.3704 24.3857 24.4044 24.4174 24.4293 24.4394
 24.4528 24.4675 24.4813 24.4933 24.5041 24.5158 24.5323 24.5479 24.566
 24.5814 24.5964 24.6086 24.6222 24.6348 24.6496 24.6636 24.681  24.6951
 24.713  24.7293 24.745  24.7778 24.7905 24.8026 24.8208 24.8399 24.8646
 24.8824 24.8997 24.9229 24.9397 24.985  25.0258 25.0411 25.0635 25.0924
 25.1177 25.1377 25.2579 25.2766 25.3325 25.3746
30.5508 31.1078 31.6244 31.6888 31.9665 32.0716 32.3045 32.3608 32.4558
 32.4782 32.5017 32.5577 32.5826 32.6055 32.6235 32.6443 32.6663 32.7051
 32.7255 32.7539 32.8087 32.8375 32.8584 32.885  32.8999 32.9145 32.9302
 32.9532 32.9835 32.9987 33.0135 33.0307 33.0433 33.0577 33.0767 33.0938
 33.1102 33.1298 33.1527 33.1689 33.1879 33.2015 33.2159 33.2319 33.246
 33.2572 33.2693 33.281  33.2914 33.3012 33.3121 33.3218 33.3316 33.3422
 33.3533 33.3652 33.3756 33.3889 33.4006 33.4143 33.4244 33.4364 33.4468
 33.4595 33.4787 33.4958 33.5095 33.5223 33.5343 33.5487 33.5614 33.5738
 33.5855 33.5964 33.6105 33.6224 33.6354 33.6497 33.6614 33.6742 33.6886
 33.7036 33.7141 33.7279 33.7413 33.7516 33.7679 33.7805 33.7925 33.8093
 33.8222 33.8404 33.8511 33.8689 33.8816 33.8918 33.9027 33.9156 33.9309
 33.9437 33.9578 33.9712 33.9909 34.0016 34.0164 34.0344 34.0448 34.0569
 34.0718 34.085  34.1016 34.1145 34.1294 34.1463 34.1589 34.1696 34.184
 34.1952 34.2078 34.2224 34.2384 34.2537 34.2655 34.2777 34.2943 34.3087
 34.3223 34.3391 34.3632 34.3846 34.4039 34.4212 34.4429 34.4616 34.4783
 34.4939 34.5099 34.529  34.552  34.5719 34.5973 34.6239 34.6537 34.6826
 34.7148 34.7329 34.7636 34.8255 34.8883 34.9212
41.0761 41.1492 41.1741 41.1997 41.2687 41.3596 41.4026 41.5127 41.5924
 41.6254 41.7056 41.7391 41.7629 41.7836 41.8299 41.8615 41.8936 41.9085
 41.9271 41.9476 41.967  42.0003 42.0248 42.0431 42.064  42.0761 42.0907
 42.108  42.1276 42.1397 42.1658 42.1862 42.2016 42.2154 42.2263 42.2387
 42.2515 42.27   42.2837 42.2999 42.3113 42.322  42.3341 42.3479 42.3603
 42.3733 42.3919 42.4065 42.4214 42.4396 42.4522 42.4658 42.4776 42.4908
 42.5085 42.5238 42.5379 42.5517 42.5637 42.5742 42.5851 42.6009 42.6115
 42.6231 42.6364 42.6498 42.6615 42.6739 42.6859 42.703  42.7157 42.7278
 42.7443 42.7587 42.7712 42.7824 42.7936 42.8083 42.824  42.8377 42.8518
 42.8626 42.8755 42.8892 42.905  42.9174 42.9285 42.943  42.9532 42.965
 42.9767 42.9876 43.0008 43.0121 43.0243 43.0344 43.0474 43.0603 43.0714
 43.0845 43.0977 43.1094 43.1203 43.1379 43.1511 43.1619 43.1718 43.1867
 43.1994 43.2108 43.2234 43.2362 43.2514 43.266  43.277  43.291  43.3039
 43.3196 43.335  43.3516 43.376  43.3895 43.4079 43.4208 43.4375 43.4561
 43.4727 43.493  43.5191 43.5369 43.5507 43.5643 43.5839 43.6028 43.6278
 43.6475 43.6653 43.6839 43.7022 43.7196 43.7359 43.7561 43.7817 43.8108
 43.8489 43.8811 43.9248 44.0305 44.0581 44.1062
50.5032 50.8635 51.0669 51.1458 51.1952 51.2949 51.3276 51.3584 51.3945
 51.4321 51.4979 51.5295 51.5664 51.5974 51.6221 51.6388 51.7035 51.7445
 51.7709 51.7922 51.8099 51.8248 51.8395 51.8623 51.8826 51.8951 51.9105
 51.9234 51.9406 51.958  51.971  51.983  51.9971 52.0131 52.0322 52.0538
 52.0716 52.092  52.1137 52.1318 52.1482 52.1665 52.1782 52.1904 52.2037
 52.222  52.2338 52.2473 52.2617 52.2743 52.2916 52.3046 52.3186 52.3363
 52.3508 52.3652 52.3765 52.389  52.4032 52.421  52.4326 52.4484 52.4601
 52.4721 52.4852 52.4987 52.5096 52.5218 52.5331 52.5442 52.5573 52.5685
 52.5815 52.5992 52.6112 52.6223 52.6329 52.6487 52.6601 52.6739 52.6876
 52.7006 52.7123 52.7229 52.7346 52.7483 52.7594 52.7708 52.784  52.7961
 52.8081 52.8208 52.8412 52.8582 52.8747 52.8883 52.8998 52.9129 52.9267
 52.9371 52.9515 52.9642 52.9763 52.9882 53.0037 53.0193 53.0342 53.046
 53.0586 53.074  53.0912 53.1042 53.1206 53.137  53.153  53.1677 53.1853
 53.2024 53.2174 53.2475 53.2672 53.287  53.2999 53.3128 53.3302 53.3458
 53.3696 53.3928 53.4115 53.4339 53.4649 53.4833 53.5139 53.5605 53.5819
 53.609  53.6445 53.6674 53.705  53.7364 54.0304 59.6425 59.8198
60.0189 60.3969 60.4717 60.5942 60.6817 60.7292 60.7976 60.8406 60.973
 61.0136 61.113  61.1489 61.1828 61.1982 61.2182 61.2418 61.2647 61.2999
 61.327  61.3515 61.3677 61.3854 61.4088 61.4239 61.4408 61.4601 61.4747
 61.4928 61.5108 61.5252 61.5379 61.5517 61.567  61.5809 61.5926 61.6056
 61.6191 61.6307 61.6435 61.6554 61.6692 61.6813 61.6983 61.7102 61.7261
 61.7423 61.7522 61.766  61.7792 61.7947 61.8058 61.8159 61.8265 61.8368
 61.8496 61.8609 61.8704 61.8833 61.8953 61.9061 61.9173 61.929  61.9411
 61.9516 61.9643 61.9749 61.9852 61.9947 62.006  62.0164 62.0297 62.0424
 62.0559 62.0729 62.0879 62.1017 62.1122 62.1246 62.1384 62.149  62.1636
 62.1741 62.1844 62.1986 62.2098 62.2194 62.2324 62.2477 62.2628 62.2741
 62.2872 62.2988 62.3092 62.3197 62.332  62.3443 62.3551 62.366  62.3755
 62.3854 62.3953 62.4078 62.4195 62.4304 62.4401 62.451  62.4633 62.4754
 62.4856 62.4977 62.5085 62.5214 62.5323 62.5429 62.557  62.5686 62.5823
 62.6005 62.6164 62.6312 62.6423 62.6538 62.6675 62.6797 62.6934 62.7062
 62.7197 62.7344 62.7497 62.7679 62.7856 62.7986 62.8132 62.8312 62.8459
 62.8585 62.8845 62.9062 62.9231 62.9366 62.9496 62.9676 62.9881 63.012
 63.0372 63.0575 63.085  63.1057 63.1495 63.1936 63.2225 63.2677 66.9611
 68.0429 69.2672 69.7458

