11.8698 12.4361 13.5301 13.5495 13.6149 13.7116 13.8466 13.9388 14.1223
 14.1416 14.3229 14.461  14.725  14.8231
21.496  22.0812 22.7569 22.9401 22.9892 23.0713 23.2498 23.2826 23.3056
 23.3445 23.3638 23.6384 23.7665 29.5458
32.2357 32.32   32.3742 32.4906 32.6256 32.6558 32.716  32.7611 32.8007
 32.8225 32.8448 32.9011 32.9255 32.9827 33.0015 33.0269 33.1672 33.2115
 33.2313 33.2807 33.3378 33.3886
41.1316 41.2474 41.3503 41.7989 41.8321 41.9386 42.0249 42.1204 42.1846
 42.2054 42.2793 42.3789 42.4605 42.4952 42.6252 48.2721 49.1659
51.5258 51.7796 51.8135 51.8303 51.9289 52.0307 52.1096 52.1412 52.1853
60.0539 60.7495 60.9322 61.0849 61.1738 61.2662 61.4735 61.5046 61.5338
 61.5621 61.6645 61.6963 61.8786 61.9558

