13.4568 13.5093 13.6341 13.7852 13.8023 13.9005 13.9424 13.9683 14.0409
 14.1178 14.1435 14.1585 14.1816 14.2027 14.2251 14.2603 14.2754 14.2921
 14.3132 14.3698 14.3924 14.4138 14.4456 14.465  14.48   14.4949 14.5147
 14.5306 14.5491 14.5692 14.5885 14.6102 14.6261 14.6425 14.6625 14.6817
 14.7024 14.721  14.7418 14.7579 14.771  14.7846 14.8001 14.8153 14.8298
 14.8411 14.8534 14.8717 14.8823 14.8935 14.9123 14.9335 14.9514 14.9637
 14.979  14.9913 15.0059 15.017  15.0315 15.0418 15.0525 15.065  15.0777
 15.0907 15.1023 15.1137 15.125  15.14   15.1543 15.1702 15.1845 15.1987
 15.2105 15.227  15.2412 15.2534 15.2654 15.2782 15.2889 15.3055 15.3244
 15.3368 15.3512 15.365  15.3837 15.3968 15.412  15.4218 15.4334 15.4453
 15.4588 15.4756 15.4892 15.5024 15.5151 15.5283 15.5419 15.5565 15.5709
 15.5846 15.5984 15.6111 15.6256 15.638  15.6519 15.6641 15.6801 15.6957
 15.708  15.722  15.7349 15.7481 15.7628 15.7762 15.7885 15.8024 15.8143
 15.8254 15.8379 15.8509 15.8684 15.8859 15.902  15.9168 15.9314 15.9465
 15.9675 15.9913 16.0068 16.0239 16.0384 16.0565 16.0713 16.0848 16.0993
 16.1174 16.1371 16.1588 16.1782 16.1965 16.2136 16.2387 16.2624 16.284
 16.3282 16.3464 16.3677 16.3873 16.4052 16.4571 16.5006 16.6107 16.677
 16.7394 16.9629
22.2788 23.1582 23.2635 23.3118 23.3514 23.3775 23.4829 23.508  23.5254
 23.569  23.5998 23.6367 23.6686 23.7065 23.7293 23.7505 23.8008 23.8259
 23.8439 23.861  23.8886 23.9173 23.9533 23.9687 24.0017 24.0232 24.048
 24.0667 24.0828 24.0997 24.1259 24.1451 24.1588 24.1735 24.1941 24.2124
 24.2285 24.2489 24.2639 24.2779 24.2915 24.3094 24.3383 24.3593 24.373
 24.3943 24.4107 24.4277 24.4435 24.4579 24.4751 24.4951 24.5162 24.5369
 24.5529 24.5825 24.5988 24.6126 24.6253 24.6377 24.6513 24.6716 24.6904
 24.7084 24.7267 24.7529 24.7718 24.7887 24.8156 24.8357 24.8511 24.8629
 24.8786 24.8944 24.9084 24.9228 24.9413 24.9574 24.9726 24.9944 25.0139
 25.0325 25.0569 25.0728 25.0846 25.1216 25.1438 25.1573 25.1694 25.1866
 25.2121 25.2298 25.2482 25.2625 25.2794 25.3007 25.323  25.3449 25.3625
 25.3824 25.3967 25.4186 25.4494 25.4718 25.5007 25.5176 25.5438 25.5658
 25.5919 25.6171 25.6596 25.7466 25.8507 25.8783
31.2409 32.5347 32.6912 32.7087 32.7853 32.8146 32.8509 32.8983 32.9146
 32.9491 32.9627 32.9835 33.0012 33.0198 33.0366 33.0578 33.0738 33.091
 33.1068 33.1271 33.1576 33.1732 33.1879 33.2025 33.2329 33.2581 33.275
 33.2914 33.3086 33.3239 33.3378 33.3499 33.365  33.3803 33.3929 33.4082
 33.4223 33.436  33.4505 33.4708 33.4916 33.5075 33.5225 33.5345 33.5602
 33.5803 33.5945 33.6077 33.6209 33.6383 33.6543 33.6677 33.6811 33.7031
 33.7186 33.7363 33.7506 33.763  33.7753 33.7882 33.805  33.8177 33.8324
 33.8496 33.8683 33.8868 33.9017 33.9164 33.9341 33.9463 33.9623 33.9804
 33.9987 34.0139 34.0291 34.0429 34.055  34.0746 34.0892 34.1036 34.1185
 34.1316 34.1478 34.1669 34.1829 34.1961 34.2091 34.2239 34.2365 34.25
 34.2648 34.2806 34.3081 34.3236 34.3366 34.354  34.3697 34.3812 34.3961
 34.4113 34.4249 34.4381 34.4573 34.471  34.4975 34.5165 34.5356 34.5537
 34.5699 34.5881 34.6088 34.632  34.6494 34.668  34.6921 34.7109 34.7307
 34.7477 34.7685 34.7965 34.8163 34.8347 34.8545 34.8723 34.8932 34.9203
 34.949  34.9701 34.9891 35.0419 35.0735 35.0914 35.1286 35.1968 35.2497
 35.2819
41.5626 41.7316 42.0962 42.1214 42.1788 42.2604 42.3015 42.3357 42.3592
 42.3794 42.4192 42.4379 42.4666 42.4906 42.5221 42.5511 42.5712 42.6073
 42.6247 42.6441 42.6605 42.6792 42.6986 42.7162 42.7297 42.7422 42.7547
 42.7714 42.785  42.8046 42.8193 42.8322 42.8503 42.864  42.8876 42.9063
 42.9272 42.9413 42.9548 42.9727 42.9934 43.0135 43.0267 43.0378 43.0498
 43.063  43.0802 43.0956 43.1095 43.1247 43.1375 43.1534 43.1686 43.1894
 43.2053 43.2187 43.2324 43.2468 43.2693 43.2915 43.3037 43.3229 43.3342
 43.3467 43.3599 43.3721 43.3853 43.4001 43.4104 43.4207 43.4311 43.4476
 43.4623 43.4783 43.4896 43.5002 43.5124 43.5267 43.5441 43.5607 43.5747
 43.5981 43.6094 43.6262 43.6375 43.6521 43.6671 43.6817 43.6999 43.7196
 43.7444 43.7596 43.7744 43.7929 43.8079 43.8272 43.8447 43.8658 43.88
 43.8966 43.9231 43.9394 43.9518 43.9653 43.9915 44.0089 44.0329 44.0525
 44.0717 44.0963 44.115  44.1336 44.1488 44.1685 44.1919 44.2137 44.2381
 44.2572 44.2862 44.3103 44.3352 44.3693 44.3928 44.4256 44.459  44.5562
 44.6329
50.9284 51.877  52.0029 52.0481 52.0844 52.1109 52.146  52.2099 52.2532
 52.2738 52.3456 52.3969 52.4249 52.4529 52.4783 52.5193 52.5467 52.5759
 52.6186 52.6392 52.6617 52.6797 52.7017 52.746  52.7638 52.7974 52.8208
 52.8387 52.8622 52.8829 52.8961 52.9111 52.9287 52.9451 52.9728 52.9888
 53.0121 53.0274 53.0532 53.0707 53.0907 53.1071 53.1333 53.1618 53.1843
 53.2071 53.2265 53.2452 53.2613 53.2846 53.3164 53.3354 53.3737 53.3926
 53.4284 53.4513 53.4683 53.5043 53.5486 53.567  53.5846 53.6027 53.6353
 53.6538 53.6779 53.6969 53.7196 53.7542 53.7907 53.8377 53.9084 53.9377
 54.0101 54.1178 54.1613 54.2281 54.2562 54.2786 57.6469
60.7619 60.8684 60.9796 61.0944 61.1976 61.2218 61.2464 61.2794 61.3024
 61.332  61.3618 61.3871 61.4072 61.4467 61.4908 61.5192 61.5408 61.5628
 61.5846 61.6059 61.6328 61.6507 61.6715 61.6926 61.7219 61.7371 61.7502
 61.7626 61.7803 61.8006 61.8169 61.8295 61.8483 61.8661 61.8775 61.9004
 61.9189 61.9334 61.9506 61.9677 61.985  61.9954 62.0155 62.0286 62.0399
 62.0505 62.0636 62.0739 62.0865 62.1003 62.1162 62.1322 62.1442 62.1627
 62.1739 62.1849 62.1978 62.2106 62.2245 62.2378 62.2502 62.2697 62.2902
 62.3053 62.323  62.3387 62.3551 62.3689 62.3821 62.3933 62.4088 62.4224
 62.4396 62.4558 62.4686 62.4823 62.4945 62.5057 62.5205 62.5383 62.5538
 62.57   62.5848 62.5973 62.6167 62.6275 62.6437 62.6606 62.6777 62.6963
 62.7115 62.7234 62.737  62.7572 62.78   62.7971 62.8102 62.8272 62.843
 62.8571 62.8716 62.8868 62.9008 62.9169 62.9375 62.9535 62.9723 62.9911
 63.0104 63.0257 63.0387 63.0611 63.0734 63.086  63.1024 63.1239 63.1487
 63.1674 63.1829 63.1978 63.2254 63.2402 63.2556 63.2814 63.3006 63.3154
 63.332  63.3622 63.3849 63.3996 63.4163 63.4363 63.4637 63.4993 63.5211
 63.5526 63.5975 63.6366 63.6875 63.7183 63.7667 63.826  69.4168 69.7447
 69.7928 69.8849

