12.0369 13.0497 13.3009 13.3769 13.7229 13.7497 13.8124 13.9112 13.9731
 14.0283 14.0785 14.1176 14.1372 14.1667 14.2314 14.2492 14.2703 14.2883
 14.3029 14.3245 14.3461 14.375  14.392  14.4046 14.4434 14.457  14.4706
 14.5037 14.5174 14.5322 14.5618 14.5741 14.626  14.638  14.6603 14.6921
 14.7111 14.744  14.7628 14.7943 14.8096 14.8403 14.8653 14.8789 14.9482
 15.0202 15.0366
21.9228 23.1446 23.1673 23.192  23.233  23.2639 23.3444 23.4597 23.5381
 23.5533 23.5703 23.6026 23.6242 23.6476 23.724  23.7441 23.7664 23.7853
 23.8388 23.8574 23.8862 23.902  23.926  23.9448 23.9704 24.0052 24.0379
 24.0636 24.0778 24.1408 24.1899 24.2398 24.2649 24.2809 24.3153 24.3593
 24.5131
31.6576 31.8732 32.0486 32.2803 32.3431 32.4303 32.4835 32.5375 32.5638
 32.5952 32.6339 32.6797 32.701  32.7211 32.7589 32.7838 32.8068 32.8266
 32.8935 33.0057 33.0359 33.0507 33.0725 33.0902 33.1097 33.1296 33.1522
 33.1828 33.217  33.2414 33.2623 33.3075 33.3318 33.3549 33.3808 33.4053
 33.425  33.4467 33.4726 33.4972 33.5452 33.6256 39.3704
41.8295 41.8584 41.9379 42.107  42.154  42.1774 42.1977 42.2164 42.2621
 42.2893 42.3334 42.3721 42.3928 42.4253 42.4424 42.4578 42.4881 42.5124
 42.5303 42.5539 42.5828 42.6007 42.6152 42.6365 42.6527 42.6988 42.7188
 42.7526 42.7819 42.849  42.9116 42.9306 42.9789 49.7694
51.2749 51.4907 51.953  52.1551 52.2198 52.3    52.3342 52.3548 52.3774
 52.4534 52.5645 52.6285 52.7046 59.9896
60.1332 60.5628 60.7288 60.8266 60.9221 61.0674 61.098  61.1921 61.2764
 61.2941 61.3527 61.3999 61.4155 61.4435 61.4642 61.4802 61.4974 61.5152
 61.5539 61.5737 61.5866 61.599  61.6101 61.6233 61.6407 61.6617 61.6755
 61.6873 61.7171 61.7389 61.7897 61.805  61.8383 61.8507 61.866  61.8789
 61.9071 61.9228 61.9648 62.0011 62.0157 62.0297 62.0608 62.0904 62.1934
 62.2201 69.5754 69.6726 69.805

