12.0548 12.5114 12.5849 13.2757 13.5638 13.6337 13.6681 13.7536 13.7676
 13.7947 13.8436 13.9086 14.1215 14.2577
21.5588 22.4625 22.7451 22.8036 23.0377 23.1209 23.4421 23.7108 23.7517
 23.7991
31.7755 31.8114 31.8836 32.1108 32.1368 32.2005 32.2655 32.4355 32.5149
 32.6756 32.7095 32.8895 33.0512 39.5925
41.1139 41.2207 41.2447 41.4651 41.5373 41.5928 41.7673 41.8386 41.8743
 42.0509 42.1313 42.201  42.2542 42.4005 49.5286
50.5713 51.4734 51.688  52.1462 57.1788 58.6972 59.7908
60.0578 60.5449 60.6161 60.6978 60.8284 60.8504 60.9081 61.0184 61.0983
 61.1182 61.1784 69.055  69.5085 69.6638 69.9935

