13.5737 13.7794 13.9012 14.0783 14.1275 14.1556 14.1726 14.2242 14.2608
 14.3883 14.4823 14.5685 14.6203 14.6372 14.7747 14.898  15.0391
22.8055 23.2726 23.3229 23.5915 23.6548 23.783  23.8112 23.8333 23.9061
 24.012  24.0607 24.2572 24.3807 24.4496 29.7402
30.9303 32.1585 32.802  32.8644 32.9675 33.0418 33.1301 33.179  33.2477
 33.3069 33.3312 33.3864 33.4194 33.6166
40.8349 41.6887 41.8249 41.8675 41.9393 41.9784 42.1513 42.2427 42.3117
 42.4888 42.6408 42.8059 42.8386 42.8805 43.0348 43.1941
51.703  51.7452 51.8275 52.2224 52.2833 52.5227 53.0209 59.8441
60.4747 60.6322 61.0758 61.1323 61.2804 61.4163 61.5335 61.5586 61.6454
 61.7082 61.8207 61.8564 61.9491 61.9673 62.0337 62.0697 62.1    62.1928
 62.2625 69.9599

