11.4347 13.3199 13.3936 13.6548 13.7883 13.9084 13.9495 13.9689 13.9951
 14.0919
21.7941 21.9866 22.0428 22.2107 22.4064 22.5138 22.7586 22.9072
30.8078 30.8805 30.9073 31.0129 31.1431 31.2689 31.3618 31.3831 31.5836
 31.6573 31.7477 39.662
40.0199 40.1395 40.5829 40.6354 40.6767 40.7699 40.8633 47.3628 49.7243
50.3778 50.5149 50.6502 51.1088 51.2828 58.7159 58.8821 59.6401 59.669
 59.7378
60.121  60.2771 60.3072 60.4152 67.6006 67.7243 68.2095 68.4729 68.5221
 68.8248 68.9004 68.9418 69.0684 69.1237

