13.3998 13.8098 13.9036 14.0357 14.0856 14.1057 14.1458 14.1803 14.2166
 14.4108
21.9697 22.4284 22.5435 22.6819 22.7735 22.799  22.8323 23.1812 23.28
 23.3301
31.1798 31.4126 31.4966 31.5782 31.6759 31.8138 31.8337 31.8878 31.9034
 31.9159 31.9734 31.9996 32.0695 32.102  32.1231 32.1856
40.6324 40.9358 41.0117 41.1666 41.1912 41.2169 41.3604 41.7579 49.5654
50.3525 50.8038 50.8762 50.9045 51.0061 51.109  51.1621 51.2026 51.3509
 51.3899 51.4248 51.486  51.6608 59.8728 59.9104
60.0869 60.17   60.4155 60.6524 60.7731 67.7602 68.4965 68.7748 68.8995
 68.9732 69.1078 69.3032 69.3818 69.4066 69.4859 69.8603

