12.7902 13.1401 13.1668 13.684  13.8268 13.852  13.8695 14.0629 14.1097
 14.1342 14.1676 14.1807 14.1988 14.2347 14.2971 14.3717 14.5657
20.0435 22.0957 22.4788 22.5692 22.6015 22.6394 22.6775 22.8215 22.8729
 23.0096 23.0934 23.1566
30.657  31.112  31.2435 31.4154 31.5339 31.5665 31.5946 31.7362 31.7598
 31.7896 31.8547 31.9564 32.0352 32.0588 32.1336 32.1537 32.2079 32.3475
 39.9491
40.5521 40.6241 40.6629 40.9508 41.0002 41.1002 41.3128 41.5774
50.6929 50.8043 50.8879 50.9428 51.192  51.2567 51.3372 51.3858 51.4346
 51.4514 51.4634 51.5219 51.8601 59.9897
60.1355 60.2434 60.2764 60.3899 60.4968 60.5891 60.654  60.6859 60.7481
 60.9277 67.7999 68.6836 69.0573 69.0948 69.1687 69.3311 69.4007 69.4433
 69.4893

