12.2606 13.2295 13.3195 13.4298 13.4516 13.5947 13.6365 13.6922 13.8307
 13.8506 13.8649 13.9142 13.9348 13.9874 14.0185 14.0799 14.099  14.1194
 14.1417 14.154  14.1665 14.1817 14.202  14.2337 14.2613 14.2739 14.2878
 14.3036 14.3182 14.364  14.3779 14.3919 14.4074 14.4199 14.4312 14.4428
 14.4559 14.4672 14.4837 14.5064 14.532  14.5419 14.5927 14.6116 14.6337
 14.675  14.7389 14.7696 14.8231 14.8458 14.8636 14.9143
21.4368 22.1253 22.1857 22.2172 22.3407 22.3784 22.4224 22.4989 22.5243
 22.5979 22.6286 22.7277 22.7963 22.8234 22.8502 22.909  22.9538 22.9904
 23.0241 23.0845 23.1175 23.1631 23.1879 23.2041 23.2454 23.2575 23.2819
 23.3097 23.3337 23.3563 23.3692 23.4076 23.4403 23.4812 23.6546
30.0026 30.5487 30.8551 30.9018 31.0036 31.0449 31.1788 31.2339 31.3282
 31.3942 31.4221 31.4579 31.5011 31.5449 31.5776 31.6017 31.6579 31.678
 31.6902 31.7212 31.7366 31.7557 31.7763 31.7895 31.8053 31.8224 31.8504
 31.8668 31.8983 31.9185 31.9489 31.9653 31.9889 32.0021 32.0202 32.0329
 32.0478 32.0665 32.0776 32.1032 32.1239 32.1477 32.1583 32.1759 32.193
 32.2121 32.2252 32.2419 32.2596 32.2782 32.291  32.3116 32.3331 32.3537
 32.4293 32.4475 32.474  32.4981 32.6143 32.6323 39.5841 39.6918
40.3642 40.5811 40.6002 40.6425 40.7129 40.7824 40.7998 40.8387 40.8659
 40.8857 40.9122 40.9661 40.9897 41.0096 41.0554 41.0967 41.1518 41.1661
 41.1972 41.2212 41.2377 41.2543 41.2667 41.28   41.3104 41.3237 41.3412
 41.423  41.4397 41.4549 41.516  41.541  41.5626 41.5771 41.6012 41.6208
 41.6337 41.6557 41.676  41.6889 41.7013 41.7243 49.6074
50.0008 50.6015 50.6303 50.7024 50.8409 50.8586 51.0129 51.0488 51.1187
 51.1356 51.1828 51.2409 51.2537 51.2741 51.2934 51.3089 51.3226 51.3721
 51.3868 51.4093 51.4559 51.4711 51.4861 51.5025 51.5161 51.5499 51.5634
 51.5807 51.5941 51.6167 51.6278 51.6448 51.668  51.6822 51.6991 51.7131
 51.7325 51.7605 51.7768 51.7966 51.8132 51.8292 51.8435 51.8598 51.8824
 51.9042 51.9301 51.9503 51.9907 52.0248 52.0493 52.0861 52.1121 58.6339
 59.1048 59.433  59.8698 59.9828
60.0321 60.202  60.2293 60.2752 60.3095 60.3273 60.3442 60.3984 60.4318
 60.4718 60.4972 60.5276 60.5521 60.6119 60.6451 60.6736 60.7168 60.7349
 60.7729 60.8126 60.8354 60.8996 60.9133 60.942  60.9779 61.0025 61.0233
 61.0534 61.1317 67.6627 68.3595 68.511  68.6191 68.8813 68.9077 68.9621
 69.0761 69.1314 69.1614 69.1841 69.2209 69.278  69.3113 69.3424 69.4047
 69.4332 69.4608 69.4799 69.4938 69.5117 69.5301 69.5463 69.5789 69.6111
 69.6489 69.6695 69.6968 69.7691 69.7841 69.8772 69.9006

