11.8009 13.0665 13.4401 13.8156 19.5904
20.2096 21.8148 22.0437 22.4252 22.6279 22.7965 22.9212
30.3114 30.4549 30.9629 31.2319 31.2957 31.3316 31.6526 39.9128
40.0256 40.0678 40.2762 40.3336 40.4408 40.4707 40.6056 40.6233 40.8217
 41.0231 48.9884 49.4395 49.479  49.5114 49.5802 49.6148 49.7061 49.8237
 49.8737 49.9879
50.0245 50.0512 50.0753 50.2073 57.2169 58.4237 58.6068 58.6563 58.6837
 58.7093 58.9275 58.9597 59.0903
66.1372 66.302  66.8109 66.8443 67.2818 67.65   67.929  67.9905 68.1003
 68.1374 68.398

