12.5977 12.6695 12.7546 13.3112 13.3337 13.4115 13.4711 13.5271 13.6126
 13.6457 13.6632 13.6888 13.7136 13.7421 13.7637 13.7878 13.813  13.84
 13.8594 13.8917 13.9065 13.9213 13.9481 13.9865 14.0002 14.0292 14.0577
 14.1305 14.1477 14.1865 14.2094 14.2437 14.2701 14.296  14.3142 14.3461
 14.372  14.4411
22.0608 22.5133 22.6768 22.7771 23.0403 23.0761 23.3681 23.3897 23.4391
 23.6027 23.6164 23.6824 23.7159 23.7807 23.8045 23.9389 28.3068 29.8929
30.4974 30.9416 31.0209 31.3609 31.393  31.4567 31.5025 31.5854 31.5975
 31.6277 31.6482 31.6837 31.7008 31.7529 31.8125 31.8381 31.8581 31.924
 31.9525 31.9714 31.9923 32.0103 32.0337 32.0756 32.1128 32.13   32.1596
 32.1789 32.1956 32.3137 39.8801
40.1079 40.1463 40.192  40.2978 40.3916 40.5324 40.5913 40.6207 40.6474
 40.6941 40.7442 40.7862 40.8099 40.847  40.8682 40.8942 40.9104 40.9312
 40.9481 40.9614 40.9786 41.001  41.015  41.0314 41.0431 41.0673 41.1009
 41.1339 41.1519 41.2385 41.2673 41.2826 41.3252 41.3488 41.3782 41.4431
 41.5215 41.571  41.5906 41.7085 49.8695
50.0554 50.163  50.2776 50.3172 50.3475 50.3732 50.406  50.419  50.4352
 50.4547 50.4859 50.5003 50.5138 50.5252 50.54   50.5634 50.5771 50.6043
 50.6166 50.6353 50.6527 50.6649 50.6843 50.7011 50.7164 50.7349 50.7487
 50.765  50.7768 50.7899 50.8018 50.8128 50.8231 50.8394 50.8534 50.8692
 50.8823 50.9204 50.9349 50.9493 50.9702 50.9951 51.0173 51.0298 51.0476
 51.0612 51.0815 51.097  51.1284 51.1584 51.1743 51.189  51.2315 51.2647
 51.2837 51.3052 51.3595 58.1848 59.0536 59.1603 59.4749 59.5193 59.5607
 59.5786 59.5944 59.6209 59.6459 59.6854 59.7486 59.811  59.8362 59.8645
 59.9109 59.9543
60.0035 60.0226 60.1992 66.6196 67.8836 67.9499 68.0115 68.0438 68.142
 68.2205 68.3312 68.3661 68.3846 68.4097 68.4955 68.5177 68.5318 68.5548
 68.5904 68.6244 68.713  68.7415 68.7685 68.7925 68.8289 68.8518 68.8691
 68.8876 68.9139 68.9329 68.9555 68.9773 68.9991 69.0498 69.0714 69.0905
 69.1086 69.1669 69.2602

