11.9073 12.3336 12.5747 12.7396 12.8833 12.9302 12.9708 12.9939 13.0982
 13.1302 13.1543 13.1906 13.2895 13.3083 13.372  13.4178 13.4383 13.4767
 13.4993 13.5186 13.5407 13.5561 13.5927 13.6092 13.6331 13.6488 13.6675
 13.6807 13.6976 13.7118 13.7248 13.7396 13.7626 13.7742 13.7883 13.8025
 13.8177 13.8295 13.8431 13.8591 13.8689 13.8798 13.8937 13.9055 13.9187
 13.931  13.9419 13.9573 13.9695 13.9789 13.991  14.0017 14.0123 14.024
 14.0329 14.043  14.052  14.0609 14.0713 14.0803 14.0922 14.1039 14.1137
 14.1231 14.1327 14.1416 14.1501 14.1605 14.1711 14.1798 14.1895 14.2013
 14.211  14.2205 14.2325 14.2409 14.2504 14.2597 14.2687 14.2789 14.2874
 14.2958 14.3044 14.314  14.3229 14.3318 14.3409 14.3492 14.3574 14.3666
 14.3752 14.3836 14.3913 14.3997 14.4078 14.4162 14.4244 14.4336 14.4422
 14.4513 14.4596 14.4689 14.4782 14.4866 14.4946 14.505  14.5142 14.5237
 14.5323 14.5413 14.5504 14.5608 14.5705 14.5792 14.5879 14.5962 14.6051
 14.6149 14.6234 14.6316 14.6408 14.651  14.6595 14.6676 14.6756 14.6842
 14.6919 14.6999 14.7089 14.717  14.7255 14.7337 14.7418 14.7505 14.7591
 14.7669 14.7757 14.785  14.7943 14.8035 14.8118 14.821  14.8298 14.839
 14.8477 14.8562 14.8644 14.8729 14.883  14.8917 14.9008 14.9099 14.9193
 14.9294 14.9395 14.949  14.96   14.9696 14.9814 14.9914 15.0003 15.01
 15.0199 15.0312 15.0418 15.0518 15.0615 15.0711 15.0825 15.0946 15.1078
 15.1185 15.1281 15.1382 15.1501 15.1618 15.1792 15.1918 15.2032 15.2142
 15.2282 15.2413 15.2546 15.2673 15.2872 15.3024 15.3138 15.3306 15.3515
 15.37   15.3902 15.4117 15.4323 15.4541 15.4897 15.5055 15.5336 15.5786
 15.6005 15.6532 15.7447
22.0205 22.1112 22.724  22.7476 22.7724 22.865  22.8998 22.9175 22.944
 22.9815 23.0067 23.0298 23.0605 23.0763 23.1136 23.1496 23.1737 23.1912
 23.2078 23.2222 23.2469 23.2711 23.2991 23.3203 23.3387 23.351  23.367
 23.3975 23.412  23.4272 23.4397 23.4561 23.4744 23.4923 23.5063 23.5186
 23.5318 23.5447 23.5558 23.5695 23.582  23.5924 23.6047 23.6171 23.6319
 23.6429 23.6556 23.6672 23.6793 23.6934 23.7053 23.719  23.7318 23.7432
 23.7548 23.7686 23.7797 23.7962 23.808  23.8186 23.8286 23.8393 23.8516
 23.8617 23.8714 23.8827 23.8943 23.906  23.9154 23.9265 23.9421 23.9535
 23.9681 23.9788 23.988  23.9989 24.0099 24.0227 24.0332 24.0433 24.0527
 24.0639 24.0742 24.0849 24.0952 24.1071 24.1233 24.1372 24.1464 24.1603
 24.1742 24.1861 24.1966 24.2062 24.2213 24.2329 24.2441 24.2552 24.2671
 24.2801 24.2951 24.3084 24.3219 24.3358 24.3517 24.371  24.3914 24.4049
 24.4182 24.4311 24.4487 24.4601 24.4752 24.4906 24.5094 24.5274 24.5438
 24.5598 24.5767 24.5913 24.6095 24.6293 24.648  24.6739 24.7207 24.7415
 24.7961 24.8526 24.8827 24.9747 25.0867 25.1715 25.2089 25.2789
30.0041 30.4039 30.4886 30.6428 30.8842 30.9879 31.0262 31.1311 31.1667
 31.182  31.2158 31.2478 31.3076 31.3529 31.3852 31.4087 31.4388 31.4754
 31.4967 31.5091 31.5377 31.5561 31.5781 31.595  31.6113 31.6257 31.649
 31.6655 31.6848 31.7031 31.7167 31.7314 31.7454 31.7571 31.7745 31.7891
 31.802  31.8125 31.8261 31.8383 31.85   31.8607 31.8723 31.8851 31.899
 31.9096 31.9206 31.932  31.9421 31.957  31.9692 31.9806 31.9943 32.0052
 32.0192 32.0306 32.0427 32.0552 32.0659 32.0801 32.0904 32.1014 32.1131
 32.1236 32.1338 32.1441 32.1542 32.1643 32.1777 32.1897 32.2015 32.2126
 32.2232 32.2326 32.2437 32.2554 32.266  32.2749 32.2851 32.2957 32.3063
 32.316  32.3257 32.3366 32.3471 32.3577 32.3679 32.3784 32.3887 32.3998
 32.4103 32.4204 32.4308 32.44   32.4503 32.4607 32.4721 32.4833 32.4935
 32.505  32.5142 32.5241 32.5354 32.5452 32.5557 32.5654 32.5749 32.5881
 32.6003 32.6101 32.6199 32.6289 32.6401 32.6499 32.6612 32.6714 32.6839
 32.6953 32.7103 32.7213 32.7324 32.743  32.7563 32.769  32.784  32.796
 32.8097 32.8271 32.8401 32.8521 32.8714 32.8865 32.9036 32.9159 32.9316
 32.9433 32.9554 32.971  32.9915 33.006  33.0274 33.0405 33.0626 33.078
 33.0926 33.1078 33.1427 33.168  33.188  33.2189 33.2487 33.2678 33.2862
 33.3266 33.3704 33.4141 33.5196 33.5686 38.5879 39.4812 39.9479 39.9936
40.053  40.1087 40.1712 40.2227 40.2619 40.3327 40.4129 40.4417 40.492
 40.5315 40.5828 40.5999 40.6364 40.6557 40.6833 40.7013 40.7157 40.7392
 40.7543 40.7665 40.7783 40.7915 40.803  40.8164 40.8301 40.846  40.8587
 40.8722 40.889  40.9078 40.9266 40.942  40.955  40.9783 40.9902 41.0046
 41.0175 41.033  41.0461 41.0585 41.0685 41.0807 41.0924 41.104  41.1157
 41.1254 41.1345 41.1441 41.1542 41.1648 41.176  41.1857 41.1953 41.2059
 41.2174 41.2264 41.2358 41.2447 41.2583 41.2706 41.2806 41.2898 41.2992
 41.31   41.3189 41.3288 41.338  41.3464 41.3571 41.3676 41.3767 41.3861
 41.395  41.4053 41.4159 41.4248 41.4336 41.4427 41.4523 41.462  41.4702
 41.4792 41.4875 41.4963 41.5051 41.5149 41.523  41.532  41.5423 41.5509
 41.5595 41.5687 41.577  41.586  41.5949 41.6031 41.6118 41.6204 41.6288
 41.637  41.6455 41.6533 41.6625 41.6705 41.6785 41.688  41.6973 41.7058
 41.7147 41.7247 41.7334 41.743  41.7512 41.7611 41.7694 41.7787 41.7886
 41.7979 41.8072 41.8166 41.8277 41.8359 41.8441 41.853  41.861  41.8693
 41.8788 41.8892 41.8998 41.9103 41.9205 41.9293 41.941  41.951  41.9603
 41.9702 41.9812 41.9927 42.0032 42.0129 42.0233 42.0329 42.0443 42.0533
 42.0633 42.0732 42.0826 42.0916 42.1025 42.113  42.1244 42.1351 42.1463
 42.1573 42.1681 42.179  42.1916 42.202  42.2125 42.2234 42.2345 42.2479
 42.2599 42.2717 42.2837 42.2964 42.3088 42.322  42.3383 42.3548 42.3704
 42.3822 42.4015 42.4178 42.4319 42.4474 42.4618 42.4796 42.5034 42.5206
 42.5384 42.5656 42.582  42.6027 42.623  42.6415 42.671  42.7028 42.7324
 42.8535 44.2299 48.6354 49.0337 49.7275 49.7539 49.8828 49.932
50.0203 50.0514 50.0752 50.1032 50.1206 50.1537 50.1719 50.1983 50.2212
 50.2424 50.256  50.2734 50.291  50.3068 50.3321 50.3509 50.3644 50.3772
 50.3905 50.4105 50.423  50.434  50.4462 50.4556 50.4659 50.4765 50.49
 50.5016 50.5138 50.5239 50.5333 50.5433 50.5545 50.5694 50.5801 50.5901
 50.6003 50.6103 50.621  50.6292 50.6381 50.6477 50.6565 50.6658 50.6749
 50.6849 50.694  50.7021 50.7111 50.7214 50.73   50.739  50.7474 50.7554
 50.7652 50.7749 50.7833 50.7918 50.8015 50.8097 50.8182 50.8259 50.8338
 50.8433 50.8522 50.8606 50.87   50.878  50.8861 50.8948 50.9035 50.9113
 50.92   50.9277 50.936  50.9444 50.9531 50.9616 50.9696 50.9775 50.9853
 50.9934 51.0015 51.01   51.018  51.0263 51.0349 51.0436 51.0513 51.0602
 51.0679 51.0757 51.0846 51.0923 51.0997 51.1076 51.1156 51.1232 51.1313
 51.139  51.1468 51.1545 51.1628 51.1704 51.1781 51.186  51.1942 51.2025
 51.2104 51.2183 51.2256 51.2336 51.2414 51.2492 51.2576 51.2658 51.273
 51.2811 51.2888 51.2968 51.305  51.3127 51.3209 51.3292 51.337  51.3456
 51.3537 51.3609 51.3688 51.376  51.3837 51.3921 51.4008 51.409  51.4172
 51.4254 51.4334 51.441  51.4487 51.4585 51.4673 51.4749 51.484  51.4929
 51.5035 51.5133 51.5224 51.5311 51.5399 51.5495 51.559  51.5681 51.5767
 51.5848 51.5942 51.6027 51.6119 51.6206 51.629  51.6372 51.646  51.6543
 51.6642 51.6733 51.6821 51.6909 51.7002 51.7094 51.7194 51.7299 51.7399
 51.7499 51.7607 51.7712 51.7806 51.7907 51.8011 51.8108 51.8214 51.8313
 51.8401 51.8504 51.8623 51.8728 51.8821 51.8933 51.9043 51.9149 51.9254
 51.9363 51.9479 51.9589 51.9706 51.9844 51.997  52.0113 52.0253 52.0373
 52.0514 52.0659 52.0835 52.0953 52.1092 52.1258 52.1438 52.1617 52.1819
 52.2005 52.2147 52.239  52.2555 52.2794 52.3058 52.3398 52.3606 52.4008
 52.4412 52.5622 52.686  58.0387 58.6489 58.9461 58.9899 59.0727 59.0948
 59.1689 59.251  59.2947 59.3259 59.3493 59.377  59.4168 59.4357 59.449
 59.4633 59.4778 59.4918 59.5096 59.5255 59.5558 59.5692 59.5845 59.6034
 59.6191 59.6513 59.6661 59.6794 59.6924 59.7065 59.7197 59.7299 59.7425
 59.7542 59.7664 59.7822 59.7931 59.8042 59.8154 59.8272 59.8397 59.8508
 59.8616 59.8771 59.888  59.9005 59.9117 59.924  59.9345 59.9448 59.9553
 59.9657 59.9746 59.9851 59.996
60.0054 60.0153 60.0254 60.0339 60.0444 60.0546 60.0661 60.0752 60.0848
 60.0942 60.104  60.1142 60.1247 60.1338 60.1434 60.153  60.1621 60.1721
 60.1819 60.191  60.1998 60.2086 60.2182 60.2266 60.2352 60.246  60.2555
 60.2667 60.2752 60.2849 60.2947 60.3061 60.3171 60.3275 60.3369 60.3467
 60.3555 60.3652 60.374  60.383  60.3928 60.4014 60.4108 60.4207 60.4303
 60.4406 60.45   60.4597 60.4692 60.4778 60.4876 60.4965 60.5047 60.5136
 60.5243 60.5331 60.5422 60.5516 60.5599 60.569  60.5796 60.5888 60.5977
 60.609  60.6201 60.632  60.6427 60.6532 60.6643 60.6757 60.6851 60.694
 60.7047 60.7147 60.7241 60.7354 60.7487 60.7615 60.7774 60.7877 60.7992
 60.81   60.8211 60.8324 60.847  60.8658 60.8779 60.893  60.9055 60.9206
 60.9312 60.9419 60.9536 60.9698 60.985  60.9987 61.0173 61.0317 61.0488
 61.067  61.0907 61.1307 61.151  61.1922 61.2326 61.5134 61.633  65.961
 66.7185 67.3318 67.602  67.7066 67.8088 67.8769 67.8996 67.9239 67.9644
 67.9846 68.0443 68.1068 68.1226 68.1715 68.2039 68.2492 68.2651 68.2888
 68.3108 68.327  68.3443 68.3672 68.3843 68.4072 68.4202 68.4419 68.4565
 68.4726 68.4847 68.5016 68.5165 68.5299 68.5435 68.559  68.5702 68.5837
 68.607  68.6249 68.635  68.6468 68.6567 68.6674 68.6773 68.6884 68.7007
 68.7151 68.7254 68.7359 68.746  68.7562 68.7686 68.7811 68.7923 68.802
 68.8124 68.823  68.8324 68.8431 68.8534 68.8635 68.8714 68.8799 68.8889
 68.8991 68.9082 68.9183 68.9292 68.9442 68.9544 68.9644 68.9739 68.983
 68.9919 68.9999 69.0096 69.0194 69.0299 69.0399 69.0486 69.0572 69.067
 69.0766 69.0867 69.0973 69.1055 69.1142 69.1246 69.134  69.1427 69.1516
 69.162  69.1707 69.1806 69.191  69.2014 69.21   69.2183 69.2272 69.2357
 69.2456 69.2551 69.2638 69.2738 69.2838 69.2918 69.3016 69.3098 69.3185
 69.3271 69.3356 69.3436 69.3523 69.3612 69.3699 69.3783 69.3865 69.3947
 69.4041 69.4132 69.422  69.4312 69.4397 69.4483 69.457  69.4656 69.4738
 69.4819 69.4906 69.4995 69.5081 69.5166 69.5267 69.5377 69.5474 69.5576
 69.5684 69.5772 69.5862 69.5953 69.6039 69.6139 69.6228 69.6315 69.6413
 69.65   69.659  69.6691 69.679  69.6889 69.6989 69.7094 69.72   69.7294
 69.7382 69.7469 69.7576 69.768  69.7794 69.7894 69.8029 69.8169 69.8305
 69.8454 69.8576 69.8702 69.8828 69.8961 69.9112 69.9214 69.9333 69.9461
 69.9587 69.9719 69.9882

