12.6196 13.0219 13.2837 13.4302 13.448  13.475  13.5083 13.5323 13.5512
 13.5795 13.5999 13.6334 13.6529 13.6703 13.6858 13.7155 13.7527 13.7718
 13.7898 13.8059 13.8233 13.8408 13.862  13.8795 13.8962 13.9069 13.924
 13.9389 13.9519 13.9642 13.9741 13.9848 13.9948 14.0107 14.0256 14.037
 14.0471 14.0567 14.068  14.0777 14.0875 14.0979 14.1123 14.1267 14.1383
 14.1487 14.1607 14.1747 14.1873 14.2001 14.2178 14.2318 14.2448 14.2578
 14.2682 14.2802 14.2937 14.3076 14.3212 14.3324 14.3432 14.3539 14.3671
 14.3792 14.3905 14.4005 14.4098 14.4198 14.4285 14.4378 14.4469 14.4593
 14.4689 14.4773 14.487  14.4973 14.5061 14.5148 14.527  14.5357 14.5461
 14.555  14.5636 14.5755 14.5853 14.5953 14.6053 14.6142 14.623  14.6316
 14.6407 14.6503 14.6597 14.6683 14.6779 14.6874 14.6962 14.7055 14.7153
 14.7243 14.734  14.7433 14.7532 14.7622 14.7715 14.7803 14.7908 14.8002
 14.8101 14.8206 14.8325 14.8419 14.8532 14.8623 14.8733 14.8825 14.8917
 14.9015 14.9098 14.9178 14.9262 14.9352 14.9448 14.958  14.9677 14.9779
 14.9895 15.0017 15.0113 15.022  15.0323 15.042  15.0542 15.0648 15.0747
 15.0849 15.0954 15.1074 15.1181 15.1304 15.1415 15.1524 15.1638 15.1744
 15.1848 15.1947 15.2064 15.2203 15.2316 15.2418 15.2515 15.2612 15.2726
 15.2837 15.2948 15.3071 15.3202 15.3327 15.3474 15.3582 15.3694 15.3807
 15.3944 15.4063 15.4202 15.4361 15.4528 15.4753 15.49   15.5068 15.5233
 15.5382 15.5534 15.5721 15.5904 15.6081 15.6221 15.6368 15.6535 15.6715
 15.6889 15.7096 15.7293 15.7423 15.7614 15.7794 15.7997 15.8233 15.8412
 15.8584 15.8879 15.9191 15.9788 16.0099 16.0322 16.0547 16.0779 16.0939
 16.1242 16.1695 16.2499 16.2952 16.3474 16.3729 16.406  16.4615
22.8328 22.8895 22.9515 22.9744 23.0061 23.0408 23.1149 23.1427 23.2074
 23.2551 23.2749 23.3028 23.3247 23.3604 23.3741 23.3927 23.4095 23.4288
 23.4444 23.4641 23.4852 23.5062 23.5173 23.5316 23.5445 23.5552 23.567
 23.58   23.5934 23.6067 23.6291 23.6507 23.6647 23.6772 23.6876 23.7042
 23.7162 23.7269 23.7373 23.7513 23.7654 23.7784 23.7955 23.8069 23.8189
 23.8313 23.846  23.8582 23.8699 23.8812 23.893  23.9061 23.9181 23.9288
 23.9396 23.9513 23.9638 23.9784 23.9916 24.0096 24.023  24.0367 24.0463
 24.0585 24.0682 24.0779 24.0899 24.1011 24.1137 24.1272 24.1394 24.1506
 24.1659 24.1797 24.1947 24.209  24.2217 24.2326 24.2471 24.2572 24.2688
 24.2822 24.294  24.3067 24.3203 24.3328 24.3451 24.3654 24.3823 24.4008
 24.4158 24.4306 24.4434 24.4619 24.4785 24.494  24.5099 24.5212 24.5377
 24.5523 24.5727 24.5865 24.6007 24.6175 24.6343 24.6494 24.669  24.6853
 24.7195 24.7362 24.7546 24.7948 24.8116 24.833  24.8539 24.8714 24.8945
 24.9183 24.9506 24.9653 24.9803 25.0065 25.0462 25.0838 25.1049 25.1525
 25.1826 25.2338 25.2838 25.3089 25.3436 25.3968 25.4534 25.6633
31.3427 31.4016 31.5409 31.5905 31.7046 31.7413 31.7667 31.7927 31.8087
 31.8454 31.8621 31.8905 31.9108 31.9312 31.9445 31.9652 31.983  31.9979
 32.0185 32.0344 32.0509 32.0739 32.0887 32.1062 32.1185 32.134  32.1461
 32.1582 32.1713 32.1853 32.2035 32.2177 32.2309 32.2438 32.2578 32.271
 32.2861 32.2979 32.3103 32.3211 32.3334 32.3446 32.3552 32.3705 32.3835
 32.3975 32.409  32.4198 32.4312 32.4405 32.4528 32.4647 32.4765 32.4888
 32.4993 32.5125 32.5221 32.5351 32.5453 32.5586 32.5678 32.5785 32.5897
 32.6015 32.6142 32.6301 32.6424 32.6575 32.6687 32.6794 32.6914 32.7025
 32.7144 32.7267 32.7398 32.7525 32.7654 32.7794 32.7891 32.8022 32.8185
 32.8302 32.8423 32.8559 32.8726 32.8855 32.8966 32.9089 32.9247 32.9392
 32.955  32.9725 32.9875 33.0018 33.0145 33.0438 33.0648 33.0806 33.0997
 33.1127 33.1274 33.1395 33.1534 33.1712 33.1896 33.2041 33.2216 33.2353
 33.2562 33.2692 33.2851 33.3036 33.3234 33.3411 33.36   33.3834 33.402
 33.4231 33.4429 33.4739 33.5029 33.5249 33.5479 33.5639 33.5853 33.6004
 33.6205 33.6487 33.6816 33.6961 33.7271 33.7564 33.7779 33.8297 33.8596
 33.9016 33.9556 34.012  34.0616 34.1493 38.6005 39.6196 39.8678
40.1808 40.6864 40.7531 40.7864 40.8207 40.8469 40.8706 40.9037 40.9239
 40.9449 40.9619 40.9793 40.9935 41.0159 41.038  41.0541 41.0676 41.0801
 41.102  41.1207 41.1333 41.1503 41.1643 41.1765 41.1881 41.2012 41.2151
 41.2329 41.2455 41.2572 41.2699 41.2849 41.2977 41.3082 41.3182 41.3321
 41.3446 41.3554 41.3652 41.3766 41.3878 41.3976 41.4083 41.4203 41.4328
 41.4456 41.4544 41.4642 41.4734 41.4825 41.4926 41.5024 41.5131 41.525
 41.537  41.5473 41.5578 41.5707 41.5803 41.5901 41.602  41.6121 41.6223
 41.6327 41.6436 41.6533 41.6636 41.6743 41.6842 41.6949 41.703  41.7134
 41.7218 41.7304 41.7393 41.7481 41.7559 41.7642 41.7732 41.7819 41.7905
 41.7986 41.8077 41.8191 41.8288 41.8376 41.8471 41.8556 41.8654 41.8744
 41.8833 41.8926 41.9043 41.915  41.9239 41.9325 41.9408 41.9498 41.958
 41.9661 41.9747 41.9828 41.9917 42.0016 42.011  42.0196 42.0281 42.038
 42.0489 42.0607 42.0695 42.0788 42.0878 42.0974 42.1068 42.1151 42.1247
 42.1357 42.1455 42.1555 42.1644 42.1739 42.1831 42.1949 42.2052 42.2155
 42.2267 42.238  42.2491 42.26   42.2699 42.2799 42.2902 42.2993 42.3088
 42.3198 42.3308 42.342  42.3534 42.3641 42.3768 42.3869 42.3991 42.4092
 42.4202 42.4318 42.4452 42.4593 42.4748 42.4899 42.5034 42.5152 42.5287
 42.5418 42.5558 42.5672 42.5782 42.5925 42.608  42.622  42.6368 42.6513
 42.6626 42.6748 42.6864 42.6986 42.7119 42.7274 42.7461 42.7646 42.7809
 42.7986 42.8191 42.8359 42.8527 42.8722 42.8885 42.9089 42.9313 42.9571
 42.9783 43.0033 43.0261 43.0468 43.0827 43.1243 43.1618 43.1917 43.2231
 43.2407 43.2638 43.2838 43.3119 43.4146 43.4372 43.4761 43.5511 43.6199
 43.8595 49.5114 49.7706 49.8254 49.8645 49.9278 49.9708
50.0264 50.0861 50.1065 50.1728 50.2299 50.2561 50.2858 50.2999 50.3316
 50.3495 50.363  50.3793 50.3968 50.4167 50.436  50.45   50.4643 50.4839
 50.4994 50.5213 50.542  50.5538 50.5693 50.5848 50.5995 50.6144 50.6286
 50.6396 50.6535 50.6629 50.6756 50.6869 50.6977 50.7091 50.7207 50.7327
 50.7471 50.7559 50.7663 50.7759 50.7851 50.7957 50.8072 50.8177 50.8276
 50.8411 50.8506 50.8595 50.8686 50.8781 50.8881 50.8969 50.9063 50.9146
 50.9232 50.9326 50.9432 50.9525 50.9608 50.9702 50.9803 50.9898 50.9998
 51.0081 51.017  51.0259 51.0347 51.0444 51.0541 51.063  51.0723 51.0823
 51.0916 51.1001 51.1091 51.1183 51.127  51.136  51.1452 51.1543 51.1637
 51.1717 51.1803 51.1889 51.1979 51.2069 51.2163 51.2249 51.2339 51.2426
 51.2511 51.2606 51.2691 51.2779 51.2864 51.2947 51.3039 51.3126 51.3218
 51.3299 51.3378 51.3463 51.3555 51.3633 51.3717 51.381  51.3895 51.3986
 51.408  51.4163 51.4248 51.433  51.4409 51.4486 51.4571 51.4657 51.4755
 51.4844 51.4924 51.5007 51.5094 51.5182 51.5263 51.5343 51.5432 51.553
 51.5617 51.5705 51.5799 51.5886 51.5971 51.6056 51.6179 51.6274 51.637
 51.6458 51.6562 51.6658 51.6746 51.6835 51.6935 51.7026 51.712  51.7218
 51.7311 51.7404 51.7489 51.7591 51.7689 51.7795 51.789  51.7986 51.8077
 51.8169 51.8277 51.8384 51.8496 51.8602 51.8704 51.8808 51.8912 51.9
 51.9097 51.9199 51.9295 51.9392 51.9505 51.9616 51.9725 51.9827 51.9954
 52.0065 52.0192 52.0299 52.0412 52.0498 52.0614 52.0712 52.0811 52.0961
 52.1076 52.1195 52.1311 52.1419 52.1542 52.1657 52.1797 52.1939 52.2064
 52.224  52.2393 52.2516 52.2651 52.2799 52.2954 52.3108 52.3255 52.3395
 52.3519 52.3663 52.3847 52.3994 52.4146 52.4308 52.4464 52.4609 52.4735
 52.4885 52.5069 52.5192 52.5326 52.5446 52.5577 52.5726 52.5886 52.6078
 52.6231 52.6387 52.6531 52.6686 52.6879 52.705  52.7232 52.7464 52.7702
 52.7873 52.8156 52.8329 52.8517 52.8708 52.8938 52.9164 52.9367 52.9557
 52.9783 53.0214 53.0468 53.0785 53.1101 53.1548 53.1947 53.2534 53.3336
 53.3661 53.5073 57.4458 58.0949 58.7936 58.933  59.1626 59.2587 59.3107
 59.3307 59.3555 59.3786 59.3941 59.4179 59.4409 59.4661 59.4958 59.5208
 59.5388 59.5576 59.5804 59.5949 59.6168 59.6353 59.6659 59.6806 59.699
 59.7129 59.7329 59.7505 59.7658 59.7887 59.8052 59.8237 59.838  59.8532
 59.8658 59.8816 59.8935 59.9067 59.9218 59.9376 59.9571 59.9694 59.981
 59.9935
60.0094 60.0227 60.0399 60.0586 60.0708 60.0866 60.0982 60.1107 60.1213
 60.1315 60.1424 60.1521 60.1623 60.172  60.1831 60.197  60.2088 60.2197
 60.233  60.2433 60.2548 60.2648 60.276  60.2884 60.2989 60.3102 60.3203
 60.3307 60.3418 60.3518 60.3631 60.3759 60.3879 60.4005 60.4115 60.4231
 60.4328 60.4428 60.4536 60.464  60.4742 60.4863 60.4979 60.5091 60.5187
 60.5297 60.5404 60.551  60.5602 60.5699 60.5798 60.5902 60.6016 60.6126
 60.6243 60.6357 60.6478 60.6605 60.6752 60.6881 60.7025 60.7185 60.7309
 60.7404 60.7518 60.7669 60.7787 60.7969 60.8086 60.8218 60.8353 60.8485
 60.8597 60.8777 60.8911 60.9091 60.9236 60.9396 60.9594 60.971  60.9834
 60.9947 61.0054 61.0178 61.0303 61.0443 61.068  61.0881 61.1099 61.126
 61.1459 61.1657 61.1852 61.2018 61.2291 61.2529 61.275  61.2919 61.3272
 61.3463 61.388  61.4046 61.4268 61.4518 61.4829 61.5042 61.5226 61.5605
 61.5808 61.6332 61.6636 61.7086 61.73   61.7703 61.7924 61.8416 61.881
 61.9097 61.9455 62.0089 62.0839 62.1163 67.7604 68.0616 68.1267 68.2184
 68.2715 68.2914 68.3224 68.3457 68.4118 68.4532 68.4706 68.4936 68.5115
 68.5275 68.5421 68.5611 68.5782 68.5999 68.6172 68.634  68.6576 68.6707
 68.6883 68.6998 68.7146 68.7291 68.7464 68.7628 68.7725 68.7889 68.8045
 68.8157 68.8338 68.8454 68.8566 68.8733 68.8853 68.8993 68.9093 68.9196
 68.9309 68.9421 68.9551 68.9651 68.9761 68.9859 68.9955 69.0073 69.0219
 69.0317 69.0417 69.0519 69.0625 69.0739 69.087  69.097  69.1078 69.1183
 69.1288 69.1391 69.15   69.1605 69.1723 69.1831 69.1944 69.2044 69.2145
 69.2237 69.2337 69.2437 69.2539 69.2658 69.2757 69.2857 69.2964 69.3061
 69.3145 69.3241 69.3332 69.3431 69.3516 69.3611 69.3708 69.3788 69.3886
 69.3989 69.4077 69.4159 69.4257 69.4352 69.4437 69.4536 69.4624 69.4724
 69.4823 69.493  69.5028 69.5123 69.5226 69.5327 69.5423 69.5542 69.5625
 69.5714 69.581  69.5903 69.5996 69.6089 69.6188 69.6301 69.6403 69.65
 69.6597 69.6689 69.6776 69.6864 69.6959 69.7055 69.7152 69.7235 69.7332
 69.7429 69.7522 69.7613 69.7715 69.7816 69.7927 69.8022 69.812  69.8226
 69.8324 69.8421 69.8516 69.8627 69.8723 69.884  69.8948 69.9053 69.918
 69.928  69.9383 69.9495 69.9649 69.9758 69.9907

