12.8018 12.9109 13.0556 13.1099 13.1256 13.1583 13.4127 13.4506 13.4914
 13.5046 13.5698 13.6021 13.624  13.6602 13.8845 13.9392 13.9744 14.0486
 14.0639 14.0803 14.1048 14.2524
22.7675 22.8222 22.8782 22.9154 22.9642 22.997  23.044  23.0848 23.1643
 23.2542 23.3033 23.3465 23.384  23.4618 23.5555
30.5233 30.905  31.0338 31.1857 31.2797 31.3113 31.3582 31.4276 31.5052
 31.5434 31.5889 31.6079 31.6647 31.7535 31.8102 31.9248 31.9493 31.9938
 32.1187 32.1987 38.0198 39.5539
40.169  40.2216 40.244  40.2839 40.4995 40.5685 40.6076 40.6803 40.7095
 40.7281 40.7689 40.7865 40.8374 40.8626 40.8873 40.9188 40.9355 40.9816
 41.018  41.1049 41.1312 41.4547 49.841  49.8932 49.9775
50.0687 50.0914 50.1199 50.1436 50.1954 50.2536 50.2706 50.2966 50.3204
 50.3489 50.3644 50.3866 50.4247 50.4485 50.4698 50.4997 50.5317 50.5495
 50.562  50.6005 50.6149 50.6346 50.6525 50.6679 50.7084 50.7217 50.7502
 50.7714 50.8012 50.8274 50.9127 50.9569 58.1089 58.2994 59.1752 59.2712
 59.2966 59.3358 59.3548 59.3939 59.4667 59.4898 59.5515 59.5656 59.5852
 59.6249 59.6582 59.6796 59.7865 59.8208 59.8569 59.9246 59.9509 59.973
60.0062 64.9805 66.3878 67.2685 67.4087 67.5749 67.6937 67.8227 68.0325
 68.1215 68.1579 68.1754 68.2145 68.2538 68.2749 68.3111 68.3815 68.3966
 68.4484 68.5094 68.5226 68.602  68.6431 68.6644 68.7252 68.8325 68.911

