12.2854 12.3764 12.4206 12.5293 12.7914 12.8978 12.9403 12.976  13.0567
 13.1164 13.1554 13.1802 13.2167 13.2792 13.3041 13.3176 13.3354 13.3695
 13.4    13.4169 13.4346 13.4542 13.4773 13.495  13.5083 13.5237 13.5391
 13.5577 13.5729 13.5855 13.6002 13.6193 13.637  13.6528 13.6689 13.684
 13.6955 13.7053 13.7178 13.7364 13.7508 13.7765 13.79   13.802  13.8236
 13.8348 13.8454 13.8558 13.8665 13.8756 13.8855 13.8976 13.9087 13.9183
 13.9287 13.9398 13.9507 13.9627 13.974  13.9845 13.9949 14.0057 14.0154
 14.0246 14.0332 14.0437 14.0563 14.0686 14.0772 14.0865 14.0957 14.1068
 14.1165 14.126  14.1384 14.1516 14.1626 14.175  14.1859 14.1958 14.2069
 14.2167 14.2289 14.2395 14.2507 14.262  14.2722 14.2836 14.2988 14.3102
 14.3261 14.3373 14.3514 14.363  14.377  14.3957 14.4093 14.4248 14.4436
 14.4551 14.4688 14.4816 14.492  14.5039 14.5159 14.5267 14.5354 14.5475
 14.5591 14.5729 14.5917 14.6063 14.6314 14.6839
21.8894 21.9449 22.4623 22.5412 22.5671 22.5872 22.6325 22.7405 22.7739
 22.8014 22.825  22.8637 22.8895 22.9107 22.9832 23.0049 23.0215 23.0434
 23.0645 23.0909 23.1208 23.144  23.1618 23.1797 23.2102 23.2247 23.239
 23.2511 23.2636 23.2788 23.3025 23.3198 23.3334 23.3437 23.3587 23.3717
 23.3962 23.409  23.422  23.4365 23.4521 23.4659 23.4825 23.4975 23.5097
 23.5308 23.5545 23.5673 23.5815 23.5966 23.6087 23.6218 23.6319 23.6492
 23.6645 23.6757 23.6894 23.7114 23.7249 23.738  23.7571 23.7799 23.8272
 23.8541 23.8783 23.894  23.9119 23.9491 23.9628 23.9813 24.0399 24.065
30.2629 30.62   30.72   30.9646 31.0385 31.0812 31.1805 31.2195 31.2497
 31.2675 31.2928 31.3238 31.3387 31.4092 31.4437 31.46   31.4815 31.5017
 31.5191 31.5299 31.5619 31.5822 31.5953 31.663  31.6839 31.702  31.7156
 31.7306 31.7441 31.7637 31.7762 31.8175 31.835  31.8504 31.8636 31.8751
 31.8869 31.899  31.9109 31.9266 31.9363 31.9466 31.9586 31.9786 31.9989
 32.011  32.0246 32.0383 32.0496 32.0722 32.0825 32.1097 32.123  32.1447
 32.1671 32.1892 32.208  32.2275 32.2511 32.2677 32.2964 32.3294 32.3426
 32.3793 32.3967 32.4443 32.5017 32.5476 39.5176 39.5443
40.0946 40.2026 40.3056 40.3526 40.3878 40.405  40.4205 40.4399 40.4586
 40.4748 40.5086 40.5279 40.5915 40.6132 40.6478 40.6794 40.6995 40.7143
 40.7297 40.7447 40.7584 40.7723 40.7854 40.8027 40.8138 40.8259 40.8378
 40.8482 40.8611 40.8712 40.8826 40.8987 40.9092 40.9197 40.9345 40.9452
 40.9571 40.971  40.9856 40.9967 41.0095 41.0208 41.0336 41.0424 41.0525
 41.0611 41.0711 41.0823 41.0947 41.103  41.1135 41.1254 41.1343 41.145
 41.1536 41.165  41.1759 41.1854 41.1973 41.2075 41.2183 41.2296 41.2396
 41.2507 41.2643 41.2741 41.2858 41.297  41.3102 41.3222 41.3397 41.3498
 41.359  41.3698 41.379  41.3914 41.4002 41.4107 41.422  41.4327 41.4471
 41.4587 41.4697 41.4813 41.4932 41.5044 41.5144 41.5236 41.5359 41.5524
 41.5675 41.5757 41.5901 41.6018 41.6422 41.6585 41.6828 41.6965 41.7195
 41.7319 41.7464 41.7767 41.8076 41.8575 48.1287 48.848  49.0865 49.2443
 49.3487 49.4089 49.4779 49.5127 49.6022 49.6355 49.6819 49.7131 49.7288
 49.7988 49.8268 49.8842 49.908  49.9578 49.9852
50.0033 50.0164 50.0389 50.0696 50.0863 50.1076 50.1211 50.1373 50.1542
 50.1749 50.189  50.2019 50.2136 50.2243 50.235  50.2493 50.2615 50.276
 50.288  50.3    50.3187 50.3314 50.3431 50.3525 50.364  50.3781 50.3969
 50.4063 50.4165 50.4324 50.4419 50.4516 50.4618 50.4745 50.4849 50.4957
 50.5049 50.5135 50.5275 50.5411 50.5513 50.5618 50.5757 50.5868 50.5961
 50.6063 50.6152 50.6246 50.6341 50.6451 50.6552 50.665  50.6751 50.6845
 50.6933 50.7016 50.7125 50.725  50.7338 50.7424 50.7506 50.7597 50.7698
 50.7787 50.7883 50.7974 50.8081 50.8163 50.8254 50.8343 50.8426 50.8519
 50.8612 50.8707 50.8785 50.8881 50.897  50.9063 50.9147 50.9226 50.9305
 50.9398 50.9494 50.9585 50.9679 50.9762 50.9844 50.9935 51.0023 51.0106
 51.0192 51.0278 51.0368 51.0461 51.0576 51.0665 51.0758 51.0863 51.096
 51.1053 51.1162 51.1256 51.1374 51.1481 51.1606 51.1699 51.1802 51.1889
 51.2057 51.215  51.2313 51.2469 51.2585 51.2755 51.2891 51.3082 51.3218
 51.3356 51.3488 51.3725 51.3865 51.3981 51.4262 51.451  56.9269 58.2992
 58.3898 58.6349 58.659  58.7043 58.7604 58.8615 58.8828 58.9037 58.9311
 58.9583 59.0376 59.0889 59.1033 59.1143 59.1282 59.1645 59.179  59.1967
 59.2152 59.2311 59.2419 59.269  59.2875 59.298  59.3226 59.3373 59.3546
 59.3736 59.3903 59.4097 59.4256 59.4446 59.4618 59.4761 59.4897 59.5067
 59.5243 59.5424 59.5532 59.569  59.5804 59.5915 59.6049 59.6171 59.6282
 59.6397 59.6537 59.6661 59.6805 59.6919 59.7043 59.7213 59.732  59.7453
 59.7589 59.7698 59.7819 59.7922 59.8055 59.8192 59.8311 59.8521 59.877
 59.8922 59.9086 59.9182 59.9329 59.9525 59.9685 59.9825 59.9933
60.0057 60.0161 60.0276 60.0383 60.0498 60.0645 60.0759 60.0891 60.1046
 60.118  60.1287 60.1395 60.1507 60.1632 60.1742 60.1872 60.2038 60.2173
 60.2368 60.251  60.278  60.2904 60.3333 60.3568 60.4656 60.5005 65.2823
 66.3229 66.5679 66.8662 67.2449 67.4996 67.7073 67.7569 67.8542 67.9016
 67.9638 67.9942 68.0412 68.0562 68.0709 68.0941 68.1136 68.1335 68.1512
 68.1768 68.2181 68.2389 68.2537 68.275  68.3007 68.3158 68.3336 68.3527
 68.3735 68.3947 68.4073 68.4234 68.4426 68.4546 68.4693 68.4885 68.5025
 68.5158 68.5277 68.54   68.5553 68.5677 68.5806 68.5911 68.6017 68.6126
 68.628  68.6408 68.6498 68.6695 68.6862 68.6973 68.7118 68.7223 68.7321
 68.7443 68.756  68.7661 68.7765 68.7875 68.7987 68.8078 68.8164 68.8274
 68.8378 68.8482 68.86   68.8725 68.8832 68.8919 68.9023 68.9114 68.9205
 68.9336 68.9434 68.9528 68.9627 68.9725 68.9837 68.995  69.0123 69.0253
 69.0343 69.0429 69.0527 69.0667 69.0778 69.0883 69.0967 69.1118 69.1258
 69.1349 69.1443 69.1531 69.1644 69.1889 69.2124 69.224  69.2428 69.2597
 69.2779 69.2923 69.3784 69.4275 69.4496 69.5479

