10.6939 13.68   14.0336 14.3099 14.3844 14.4543 14.4897 14.5174 14.5462
 14.5906 14.6257 14.6548 14.6725 14.6883 14.7035 14.7202 14.7362 14.7571
 14.7729 14.8073 14.8299 14.8429 14.8606 14.8775 14.891  14.9133 14.9296
 14.9467 14.9627 14.976  14.9894 15.0003 15.0155 15.0274 15.0384 15.0527
 15.0673 15.0783 15.0921 15.1018 15.1141 15.1257 15.1356 15.1472 15.1575
 15.1697 15.184  15.1939 15.2048 15.2172 15.23   15.2397 15.2507 15.2657
 15.2773 15.2883 15.2974 15.306  15.3168 15.3265 15.3364 15.346  15.3573
 15.3672 15.3759 15.3846 15.3943 15.4038 15.4121 15.4205 15.4292 15.4375
 15.4474 15.4572 15.4671 15.4754 15.485  15.4972 15.5069 15.5161 15.5256
 15.5364 15.5467 15.5553 15.5642 15.5731 15.5826 15.5925 15.6009 15.6105
 15.6189 15.628  15.6374 15.6467 15.6563 15.6672 15.6765 15.6862 15.6964
 15.7064 15.7145 15.7247 15.7338 15.7421 15.7505 15.7594 15.7678 15.7777
 15.7865 15.7971 15.8058 15.8143 15.8225 15.8319 15.8405 15.8497 15.8582
 15.8671 15.8755 15.8853 15.894  15.9025 15.9119 15.9218 15.9327 15.9441
 15.9545 15.9637 15.9735 15.9835 15.9938 16.0043 16.0126 16.0245 16.033
 16.0411 16.0506 16.0595 16.0682 16.0784 16.0867 16.0972 16.1081 16.1203
 16.13   16.1395 16.1523 16.1621 16.1717 16.1815 16.1923 16.2025 16.2127
 16.2237 16.2338 16.2464 16.2578 16.2679 16.2772 16.2876 16.2979 16.3089
 16.3188 16.3284 16.3377 16.3466 16.3572 16.3678 16.3791 16.3893 16.3987
 16.41   16.4198 16.4306 16.4404 16.4523 16.4628 16.4741 16.4822 16.4929
 16.5028 16.5129 16.523  16.5343 16.5473 16.5604 16.5705 16.5815 16.5919
 16.6024 16.6141 16.625  16.6355 16.6459 16.6556 16.6662 16.6771 16.6883
 16.7007 16.7114 16.7245 16.7375 16.7481 16.7595 16.7716 16.7827 16.7952
 16.8065 16.8187 16.8284 16.84   16.8539 16.869  16.8839 16.8954 16.9137
 16.9284 16.9445 16.9605 16.9852 17.0006 17.0173 17.0353 17.0507 17.0729
 17.1054 17.1269 17.1459 17.1719 17.1955 17.2153 17.2453 17.2916 17.3237
 17.3637 17.4258 17.4612 17.5324
23.5152 23.6692 23.8548 23.9028 24.0602 24.0888 24.1386 24.1723 24.2016
 24.2172 24.2376 24.2691 24.3025 24.3314 24.3644 24.3821 24.3988 24.4249
 24.4414 24.4583 24.4768 24.4895 24.5077 24.5223 24.5399 24.552  24.569
 24.5854 24.5956 24.6091 24.621  24.6358 24.6475 24.6607 24.6769 24.6906
 24.7018 24.714  24.7267 24.7379 24.75   24.7637 24.7774 24.791  24.8034
 24.8172 24.8272 24.839  24.853  24.8631 24.8742 24.8885 24.901  24.9125
 24.9222 24.9318 24.9437 24.9554 24.966  24.9774 24.9875 24.998  25.0085
 25.0173 25.0256 25.0354 25.0452 25.0565 25.0673 25.0768 25.0853 25.0945
 25.1035 25.1127 25.1225 25.1328 25.1424 25.1523 25.1607 25.1694 25.1791
 25.189  25.1974 25.2062 25.2152 25.2237 25.2329 25.2423 25.2532 25.2632
 25.272  25.2802 25.2889 25.2975 25.3063 25.3163 25.3255 25.3344 25.3433
 25.3528 25.3616 25.3709 25.381  25.3918 25.4021 25.4121 25.4204 25.4293
 25.4375 25.4457 25.4536 25.4623 25.4713 25.4812 25.4907 25.5012 25.5102
 25.52   25.5293 25.538  25.5466 25.5555 25.5646 25.5734 25.5841 25.5933
 25.6034 25.6143 25.6237 25.6334 25.642  25.6513 25.6602 25.6716 25.6816
 25.6913 25.7    25.7086 25.7172 25.7262 25.7352 25.7436 25.7526 25.7615
 25.7714 25.7799 25.7894 25.7995 25.8096 25.8187 25.8279 25.836  25.845
 25.8541 25.8665 25.8754 25.8843 25.8939 25.9037 25.9126 25.9219 25.9308
 25.9407 25.9498 25.9584 25.9681 25.9783 25.9876 25.9969 26.0066 26.0168
 26.0274 26.0377 26.0468 26.0566 26.0664 26.0761 26.0851 26.0944 26.1046
 26.1153 26.1248 26.1347 26.1435 26.1531 26.1625 26.1724 26.1812 26.1905
 26.2003 26.2107 26.2199 26.2318 26.242  26.251  26.2602 26.2695 26.2816
 26.2936 26.305  26.3155 26.3253 26.3355 26.3448 26.3553 26.3647 26.3765
 26.3865 26.3962 26.4083 26.4189 26.4305 26.443  26.4552 26.4663 26.4777
 26.4879 26.5013 26.5126 26.5251 26.5369 26.5501 26.5634 26.5753 26.5882
 26.6006 26.6132 26.6273 26.6434 26.6573 26.6705 26.6841 26.6995 26.7303
 26.7484 26.7634 26.7849 26.807  26.8332 26.8586 26.8736 26.9046 26.925
 26.9528 26.9892 27.0368 27.1157 27.1679
33.2286 33.2612 33.2896 33.3699 33.388  33.4064 33.4349 33.457  33.4728
 33.4939 33.5231 33.5447 33.5627 33.583  33.5951 33.6164 33.6406 33.654
 33.669  33.6824 33.696  33.7127 33.7287 33.7465 33.7652 33.7798 33.7985
 33.8126 33.8257 33.84   33.8558 33.8675 33.8792 33.8894 33.9014 33.9117
 33.9227 33.9337 33.945  33.9561 33.9664 33.9795 33.9924 34.0026 34.0125
 34.0245 34.036  34.0501 34.061  34.0709 34.0821 34.0909 34.1    34.1093
 34.1203 34.1301 34.1389 34.1489 34.158  34.1666 34.1761 34.1842 34.1936
 34.2018 34.2105 34.2187 34.2272 34.2355 34.2444 34.253  34.2613 34.2707
 34.2793 34.2881 34.2979 34.3066 34.3153 34.323  34.3322 34.3411 34.3504
 34.3594 34.3686 34.3782 34.3864 34.3944 34.4033 34.4114 34.4198 34.4282
 34.436  34.4444 34.4533 34.4617 34.4704 34.4791 34.487  34.4951 34.5039
 34.5122 34.5204 34.5282 34.5356 34.5431 34.5514 34.5594 34.5674 34.5751
 34.5827 34.5908 34.5988 34.6077 34.6151 34.6233 34.6314 34.6392 34.6474
 34.655  34.6624 34.6698 34.6777 34.6853 34.6931 34.7017 34.711  34.719
 34.7269 34.7357 34.7431 34.7509 34.759  34.767  34.775  34.7822 34.7897
 34.7979 34.8061 34.8137 34.8218 34.8302 34.8387 34.8464 34.8544 34.8616
 34.8701 34.8783 34.8861 34.8939 34.9026 34.9115 34.9189 34.9271 34.9354
 34.9434 34.9521 34.9597 34.9681 34.9764 34.985  34.994  35.0023 35.0113
 35.0191 35.0273 35.0357 35.0443 35.0523 35.0608 35.0691 35.0773 35.085
 35.0933 35.1011 35.1089 35.1171 35.1249 35.1328 35.1407 35.1491 35.1576
 35.166  35.1757 35.1853 35.194  35.2034 35.2112 35.2196 35.2282 35.2366
 35.2446 35.253  35.2615 35.2693 35.2785 35.2871 35.2955 35.3037 35.3117
 35.3207 35.3297 35.3375 35.3468 35.3549 35.3638 35.3726 35.3811 35.3903
 35.3981 35.4061 35.4152 35.4238 35.4317 35.4404 35.4493 35.458  35.4667
 35.4755 35.4839 35.4931 35.5016 35.5098 35.5179 35.526  35.5352 35.5451
 35.5553 35.5641 35.5733 35.5815 35.5909 35.6    35.6091 35.618  35.6263
 35.6355 35.6443 35.6541 35.6629 35.672  35.6811 35.69   35.6983 35.7072
 35.7172 35.7264 35.735  35.7438 35.7525 35.761  35.7701 35.7793 35.7881
 35.7973 35.8075 35.8166 35.8262 35.836  35.8456 35.8555 35.8649 35.8748
 35.8845 35.8945 35.9066 35.9194 35.9326 35.9455 35.9577 35.9693 35.9813
 35.9927 36.0048 36.0178 36.0334 36.0499 36.0643 36.0794 36.0974 36.1106
 36.125  36.137  36.1527 36.1687 36.1869 36.2037 36.2242 36.2421 36.2619
 36.2822 36.2986 36.3302 36.3587 36.3801 36.4065 36.4328 36.4591 36.4898
 36.5296 36.6657 36.7476 37.4465
40.4774 42.2394 42.4604 42.4897 42.8682 42.8895 42.9356 42.9659 42.9936
 43.0155 43.0506 43.0802 43.1134 43.1288 43.1529 43.1762 43.195  43.2184
 43.2362 43.2516 43.2673 43.2817 43.2938 43.304  43.3164 43.3301 43.3463
 43.3599 43.3758 43.3878 43.4046 43.4205 43.4355 43.4491 43.4613 43.4756
 43.4875 43.4981 43.5114 43.5248 43.5388 43.5532 43.5663 43.578  43.5887
 43.6005 43.6123 43.6239 43.6361 43.6487 43.6652 43.6761 43.6916 43.7038
 43.7165 43.7265 43.7378 43.7485 43.7602 43.772  43.7807 43.7898 43.7996
 43.81   43.8206 43.8311 43.8404 43.8495 43.8599 43.8692 43.8786 43.8897
 43.8983 43.9073 43.9165 43.9283 43.9372 43.9468 43.9565 43.9661 43.9763
 43.9856 43.9944 44.0039 44.0132 44.0232 44.0331 44.0427 44.0519 44.0622
 44.0708 44.0817 44.0909 44.1007 44.1097 44.1194 44.1304 44.1403 44.1503
 44.1609 44.1699 44.1786 44.1872 44.1953 44.2067 44.2168 44.2263 44.2354
 44.2455 44.2548 44.2661 44.2758 44.2858 44.296  44.306  44.3166 44.3256
 44.3354 44.3445 44.3541 44.3639 44.3732 44.3828 44.3925 44.402  44.4124
 44.4225 44.4332 44.4465 44.4586 44.47   44.4826 44.4928 44.5027 44.5138
 44.5273 44.538  44.5488 44.5594 44.5695 44.5812 44.5927 44.6048 44.6155
 44.6284 44.6399 44.6514 44.6614 44.6732 44.6851 44.6954 44.7057 44.7167
 44.7275 44.7381 44.7509 44.7617 44.7727 44.7838 44.7948 44.808  44.8193
 44.8311 44.8443 44.8548 44.8655 44.8772 44.8876 44.899  44.9091 44.9204
 44.9332 44.9446 44.9584 44.9706 44.984  44.9952 45.0081 45.0183 45.0304
 45.0419 45.0572 45.0782 45.092  45.1078 45.1209 45.1358 45.1502 45.1634
 45.176  45.1925 45.2068 45.2206 45.2423 45.2695 45.2909 45.3056 45.3354
 45.3637 45.3892 45.4151 45.4346 45.4736 45.5273 45.5549 45.6019 45.8195
 48.8993
51.5724 52.1584 52.3638 52.6387 52.6803 52.7195 52.7457 52.772  52.794
 52.8164 52.8436 52.8588 52.8802 52.8982 52.9208 52.9412 52.9649 52.9802
 52.9984 53.0214 53.039  53.0546 53.0737 53.0893 53.1026 53.1203 53.134
 53.1476 53.1632 53.1795 53.1893 53.2011 53.214  53.2269 53.2368 53.2479
 53.2578 53.2678 53.2803 53.2937 53.3058 53.3168 53.3264 53.3376 53.3482
 53.3584 53.3675 53.3775 53.3898 53.3999 53.41   53.4204 53.433  53.444
 53.4544 53.4645 53.4746 53.4836 53.4926 53.5024 53.5144 53.5236 53.5347
 53.5455 53.5542 53.5643 53.5739 53.5835 53.5933 53.6029 53.6115 53.6198
 53.6299 53.6379 53.6467 53.6549 53.6635 53.6726 53.681  53.6906 53.6988
 53.709  53.7175 53.7261 53.7357 53.7443 53.7527 53.7611 53.7699 53.7787
 53.7868 53.7947 53.8024 53.8113 53.8205 53.8288 53.8382 53.8467 53.8553
 53.8639 53.8739 53.8834 53.8917 53.9012 53.9105 53.9192 53.9293 53.9382
 53.9471 53.9563 53.9651 53.974  53.9836 53.9926 54.0021 54.0116 54.0201
 54.0298 54.0382 54.0471 54.0564 54.0653 54.0753 54.0842 54.0933 54.1023
 54.1132 54.1236 54.1338 54.1434 54.155  54.1663 54.1789 54.1892 54.1984
 54.2091 54.2182 54.2282 54.2378 54.2473 54.2576 54.2691 54.2792 54.289
 54.2991 54.3097 54.3201 54.3299 54.3405 54.3505 54.3591 54.3684 54.3777
 54.3897 54.4005 54.4094 54.4197 54.432  54.442  54.4521 54.4624 54.4725
 54.482  54.4923 54.5032 54.513  54.5216 54.5309 54.5395 54.549  54.5596
 54.5704 54.5817 54.5911 54.6006 54.6105 54.6198 54.6302 54.6403 54.6514
 54.6607 54.6722 54.6836 54.6953 54.7064 54.7166 54.728  54.739  54.7487
 54.7609 54.7766 54.7876 54.7973 54.8076 54.8207 54.8344 54.8451 54.8573
 54.8688 54.8793 54.8913 54.9062 54.918  54.9311 54.9438 54.9563 54.968
 54.9833 54.997  55.0106 55.0227 55.0369 55.0487 55.0637 55.0807 55.0966
 55.1113 55.1296 55.144  55.1598 55.1725 55.1886 55.2094 55.2332 55.2625
 55.2858 55.3082 55.3294 55.3609 55.406  55.4262 55.4703 55.5073 55.5456
 55.5898 55.6605 56.7553 59.9084
60.5121 60.7727 60.8197 61.4466 61.4649 61.5029 61.5596 61.6381 61.6815
 61.7005 61.7171 61.7801 61.7993 61.8333 61.8527 61.8663 61.8887 61.9075
 61.9298 61.9507 61.9945 62.0067 62.0197 62.0318 62.0483 62.0763 62.0941
 62.1059 62.1172 62.1299 62.1406 62.1517 62.1631 62.1757 62.1862 62.2
 62.2119 62.2243 62.2355 62.245  62.2577 62.269  62.2831 62.2947 62.3055
 62.3172 62.3271 62.339  62.3474 62.3582 62.3682 62.3781 62.3885 62.3985
 62.4077 62.4187 62.4282 62.4375 62.4469 62.456  62.4644 62.4752 62.4869
 62.4962 62.5047 62.5139 62.5228 62.5327 62.5423 62.5507 62.5591 62.5675
 62.5768 62.586  62.594  62.6027 62.6103 62.618  62.6265 62.6357 62.6441
 62.6521 62.6603 62.669  62.6773 62.6856 62.694  62.7024 62.7114 62.72
 62.7287 62.7368 62.7463 62.7544 62.7627 62.7715 62.7801 62.7904 62.7999
 62.8084 62.817  62.8269 62.8357 62.8443 62.8525 62.8601 62.8681 62.8763
 62.884  62.8921 62.9009 62.909  62.9175 62.9256 62.9337 62.9412 62.9492
 62.9573 62.9651 62.9736 62.9815 62.9896 62.9977 63.006  63.015  63.0227
 63.031  63.0389 63.0468 63.0542 63.0623 63.0698 63.0772 63.0856 63.0937
 63.1012 63.1087 63.1168 63.1256 63.1342 63.143  63.1513 63.1601 63.168
 63.1759 63.1841 63.1929 63.2008 63.2094 63.2178 63.2259 63.2337 63.2423
 63.2505 63.2585 63.2665 63.2747 63.283  63.2917 63.3004 63.309  63.3168
 63.3251 63.3333 63.3418 63.3499 63.3585 63.3679 63.3767 63.3844 63.3934
 63.4022 63.4111 63.4198 63.4284 63.4366 63.4449 63.4534 63.4618 63.4706
 63.4788 63.4873 63.4955 63.5034 63.5111 63.5188 63.5276 63.5379 63.5472
 63.5558 63.5637 63.5724 63.5817 63.5915 63.6002 63.6086 63.6164 63.6245
 63.6328 63.6416 63.6509 63.6595 63.6685 63.6777 63.6866 63.6948 63.7029
 63.7106 63.719  63.7278 63.7369 63.7457 63.7557 63.7648 63.7739 63.7824
 63.7916 63.8007 63.8097 63.8184 63.8268 63.8353 63.8438 63.8519 63.8606
 63.8692 63.8785 63.888  63.8969 63.9051 63.9139 63.9227 63.9316 63.9407
 63.9496 63.9597 63.9698 63.9793 63.9889 63.9983 64.0075 64.0162 64.0252
 64.0349 64.0439 64.0532 64.0618 64.0726 64.082  64.0908 64.1    64.11
 64.1195 64.129  64.1393 64.1508 64.1604 64.1708 64.1813 64.1908 64.2002
 64.2116 64.2208 64.2322 64.2423 64.255  64.2679 64.28   64.2931 64.3062
 64.3194 64.3308 64.3428 64.3565 64.3687 64.3821 64.3953 64.4091 64.4247
 64.4384 64.4534 64.4668 64.4882 64.5084 64.523  64.5465 64.5681 64.5967
 64.6197 64.6587 64.6812 64.7177 64.7515 64.7897 64.8625 64.9021 69.6334

