11.6492 14.5434 14.6038 14.6262 14.6508 14.6722 14.7027 14.7384 14.795
 14.8213 14.8454 14.8651 14.8921 14.9074 14.942  14.9573 14.9796 14.9983
 15.0153 15.0339 15.0481 15.0632 15.0753 15.0908 15.1063 15.1194 15.1325
 15.1469 15.1621 15.1742 15.1881 15.2011 15.2125 15.2237 15.2368 15.2517
 15.2651 15.2774 15.2882 15.2989 15.3098 15.3221 15.3331 15.344  15.3546
 15.3656 15.3773 15.3872 15.3986 15.4094 15.4205 15.4303 15.4406 15.4519
 15.4639 15.4773 15.4875 15.4978 15.509  15.5183 15.5285 15.5379 15.5473
 15.5568 15.5674 15.5778 15.5872 15.5958 15.6071 15.6169 15.6265 15.6352
 15.6439 15.6529 15.6621 15.6713 15.6813 15.6912 15.6998 15.7086 15.7168
 15.7261 15.7348 15.7441 15.7537 15.763  15.7724 15.7818 15.791  15.8
 15.8089 15.8187 15.8274 15.8371 15.8459 15.8557 15.8649 15.8745 15.8837
 15.8927 15.9029 15.9124 15.9214 15.9306 15.9384 15.9469 15.9554 15.9647
 15.9741 15.9827 15.991  15.9996 16.0093 16.019  16.0278 16.0362 16.0446
 16.0534 16.062  16.0707 16.0789 16.0869 16.0957 16.1046 16.1133 16.1242
 16.1335 16.1438 16.1559 16.1652 16.1747 16.1844 16.1954 16.2043 16.2138
 16.2259 16.2355 16.2476 16.2569 16.2676 16.28   16.2901 16.2994 16.309
 16.3185 16.3291 16.3386 16.3479 16.3575 16.3679 16.3779 16.3878 16.3981
 16.408  16.4193 16.429  16.4421 16.4527 16.4625 16.4767 16.4869 16.498
 16.509  16.5223 16.5332 16.5452 16.5583 16.571  16.5837 16.5997 16.6131
 16.6292 16.6404 16.6569 16.672  16.6843 16.6949 16.7082 16.7224 16.7351
 16.7484 16.7656 16.784  16.7978 16.8145 16.8317 16.8481 16.8655 16.8793
 16.8928 16.9073 16.9239 16.9421 16.9597 16.9814 16.998  17.0185 17.0427
 17.0601 17.0779 17.0992 17.1192 17.1417 17.1672 17.2029 17.24   17.2903
 17.3513 17.4202
22.7509 23.2315 23.4474 23.9085 24.0313 24.1365 24.1702 24.2117 24.2516
 24.2736 24.3046 24.3379 24.3707 24.3933 24.4195 24.4472 24.4656 24.4859
 24.5062 24.5214 24.5383 24.5516 24.5651 24.5754 24.5939 24.6092 24.6247
 24.6463 24.6641 24.6779 24.6925 24.7079 24.7219 24.7345 24.7494 24.7634
 24.7759 24.79   24.8027 24.8161 24.8271 24.8413 24.853  24.865  24.8783
 24.8923 24.9024 24.9132 24.9223 24.9321 24.9464 24.9571 24.9677 24.9787
 24.9881 24.998  25.0087 25.0182 25.0276 25.0368 25.0469 25.0567 25.0658
 25.0746 25.084  25.0948 25.1038 25.1128 25.1226 25.1318 25.1437 25.153
 25.1624 25.1717 25.1803 25.1896 25.1987 25.2076 25.2173 25.2254 25.2337
 25.2427 25.2518 25.2602 25.2695 25.2781 25.2863 25.2954 25.3043 25.3133
 25.3244 25.3329 25.3418 25.3506 25.3592 25.3685 25.3768 25.3853 25.3934
 25.4008 25.409  25.4169 25.4254 25.4344 25.4426 25.4517 25.4601 25.4683
 25.4771 25.4859 25.4955 25.5032 25.5109 25.5192 25.5286 25.5377 25.5474
 25.5559 25.564  25.5725 25.5804 25.5886 25.5969 25.6049 25.6139 25.6222
 25.6316 25.6401 25.6486 25.6568 25.6649 25.674  25.6833 25.6923 25.6997
 25.7087 25.7177 25.7263 25.736  25.7446 25.7527 25.7611 25.7696 25.7783
 25.7863 25.7951 25.8053 25.8145 25.8227 25.8313 25.8406 25.8501 25.8597
 25.8687 25.8787 25.888  25.8962 25.9045 25.9135 25.9226 25.9318 25.9412
 25.9502 25.959  25.9677 25.9778 25.9865 25.9964 26.0079 26.0188 26.0278
 26.0371 26.047  26.0577 26.0707 26.0817 26.0938 26.1054 26.1162 26.1288
 26.1433 26.1603 26.1752 26.1865 26.1973 26.2081 26.2211 26.2322 26.2442
 26.2573 26.2694 26.283  26.2962 26.3218 26.3373 26.3503 26.3644 26.3784
 26.3942 26.4092 26.4297 26.4445 26.464  26.4789 26.4963 26.5146 26.5298
 26.5469 26.5668 26.5866 26.6058 26.6198 26.6372 26.6654 26.6966 26.7173
 26.7502 26.7792 26.8265 26.8715 26.917
32.0604 32.9649 33.0913 33.1625 33.3113 33.3881 33.4116 33.4768 33.4928
 33.5154 33.5305 33.5659 33.5951 33.6136 33.6255 33.6571 33.6855 33.7064
 33.7186 33.7323 33.747  33.7677 33.7794 33.7938 33.8063 33.8205 33.833
 33.8444 33.8544 33.8671 33.8768 33.887  33.8999 33.9109 33.9222 33.9352
 33.9498 33.9622 33.9726 33.9854 33.9958 34.0064 34.0171 34.0272 34.0385
 34.0485 34.0584 34.0671 34.0788 34.0886 34.1001 34.1094 34.1186 34.1277
 34.1388 34.1484 34.157  34.1668 34.1761 34.1845 34.1947 34.2032 34.2114
 34.2203 34.2288 34.2375 34.247  34.2562 34.2653 34.2745 34.2833 34.2921
 34.3028 34.3132 34.3218 34.3313 34.3397 34.3484 34.3571 34.3657 34.374
 34.383  34.3916 34.3999 34.4082 34.4168 34.4251 34.4335 34.4427 34.4514
 34.4603 34.4699 34.4786 34.4869 34.4954 34.5035 34.5117 34.5202 34.528
 34.5361 34.5443 34.5523 34.5603 34.5682 34.576  34.5837 34.5922 34.601
 34.6094 34.6171 34.626  34.6346 34.6433 34.6514 34.6591 34.6673 34.6754
 34.6833 34.6909 34.6986 34.7064 34.7137 34.7216 34.7299 34.738  34.7457
 34.7529 34.7609 34.7693 34.7777 34.7859 34.7938 34.8022 34.8102 34.8176
 34.8256 34.8331 34.8417 34.8491 34.8571 34.8646 34.8722 34.8795 34.8872
 34.8949 34.9027 34.9107 34.9184 34.9258 34.9336 34.9417 34.95   34.9576
 34.9653 34.9727 34.9807 34.9881 34.9957 35.003  35.0109 35.0183 35.0259
 35.0341 35.0417 35.0492 35.057  35.0644 35.0718 35.0795 35.087  35.095
 35.1025 35.1096 35.1168 35.1244 35.1316 35.1391 35.1469 35.1549 35.1625
 35.1703 35.1778 35.1861 35.1941 35.2018 35.2094 35.2181 35.2262 35.2342
 35.2436 35.2514 35.2601 35.2678 35.2759 35.2834 35.2921 35.3003 35.3088
 35.317  35.3246 35.3327 35.3414 35.3498 35.3584 35.3672 35.3763 35.3861
 35.3955 35.4056 35.4146 35.4246 35.4347 35.4439 35.4552 35.4651 35.4759
 35.4885 35.4984 35.5092 35.5196 35.5278 35.5368 35.5468 35.5574 35.5671
 35.5771 35.59   35.5998 35.6098 35.6205 35.6319 35.6446 35.6555 35.6676
 35.6798 35.6927 35.7066 35.7187 35.7325 35.7444 35.7559 35.7708 35.7847
 35.7993 35.8131 35.8259 35.8395 35.8531 35.868  35.8812 35.8967 35.9135
 35.9298 35.9447 35.9574 35.9721 35.9862 35.9985 36.0153 36.0327 36.0472
 36.0694 36.0981 36.1244 36.1407 36.1664 36.1897 36.2078 36.2423 36.264
 36.2892 36.3167 36.3586 36.5999
42.3232 42.7442 42.8556 42.9656 43.0173 43.036  43.0573 43.0735 43.0961
 43.1175 43.1501 43.1659 43.1874 43.2024 43.2175 43.2383 43.2558 43.2713
 43.2984 43.3142 43.3316 43.3435 43.3571 43.3676 43.3816 43.3961 43.412
 43.4256 43.4358 43.4472 43.4591 43.471  43.486  43.4994 43.5149 43.5268
 43.5387 43.5525 43.5641 43.5743 43.584  43.596  43.6078 43.6202 43.6313
 43.6432 43.6541 43.6666 43.6761 43.6864 43.6965 43.7061 43.716  43.7257
 43.7373 43.7479 43.7583 43.7702 43.7799 43.791  43.8026 43.8141 43.8249
 43.8356 43.846  43.8562 43.8659 43.8762 43.8871 43.8967 43.9048 43.9151
 43.925  43.9347 43.9442 43.9533 43.9636 43.9732 43.9825 43.9917 44.0018
 44.0111 44.0202 44.03   44.0402 44.0499 44.0596 44.0691 44.0791 44.0884
 44.0972 44.1066 44.1168 44.1261 44.1346 44.1449 44.1542 44.1655 44.1749
 44.1846 44.1952 44.206  44.2157 44.2257 44.2352 44.244  44.2539 44.2643
 44.2752 44.2845 44.2953 44.3044 44.3141 44.3228 44.3329 44.3442 44.3563
 44.3678 44.3786 44.3883 44.3978 44.4072 44.4172 44.4284 44.4391 44.4478
 44.4576 44.4668 44.4785 44.4891 44.5004 44.5106 44.5229 44.5328 44.5441
 44.5541 44.565  44.5743 44.5847 44.5963 44.6083 44.6194 44.6308 44.6429
 44.6527 44.6649 44.6801 44.6945 44.7066 44.7198 44.7363 44.7504 44.7627
 44.7769 44.7881 44.8023 44.8141 44.8316 44.8497 44.8673 44.8792 44.8947
 44.9184 44.936  44.9515 44.9728 44.9882 45.0059 45.021  45.0341 45.0511
 45.0689 45.0877 45.108  45.1294 45.1537 45.1731 45.1958 45.2207 45.2445
 45.27   45.2999 45.3179 45.3473 45.3704 45.3928 45.4094 45.4292 45.4563
 45.5255 45.5997 45.7893
52.2957 52.4826 52.5459 52.5884 52.6109 52.6483 52.6866 52.7087 52.7457
 52.7869 52.8345 52.8905 52.9317 52.9481 52.969  52.9879 53.0102 53.0337
 53.0523 53.0638 53.0771 53.0942 53.1112 53.1243 53.1376 53.151  53.1659
 53.1785 53.1996 53.2198 53.233  53.2502 53.2644 53.2795 53.2956 53.3106
 53.3243 53.3368 53.347  53.3605 53.3705 53.3844 53.3949 53.4086 53.4207
 53.4337 53.4444 53.4546 53.464  53.4739 53.4829 53.4927 53.5017 53.5111
 53.5202 53.5305 53.5407 53.5515 53.5623 53.5721 53.5821 53.5909 53.6002
 53.6116 53.6224 53.6317 53.642  53.6514 53.6616 53.6703 53.68   53.6893
 53.6989 53.7092 53.7185 53.7267 53.7366 53.7449 53.7538 53.7633 53.7734
 53.7831 53.7915 53.7996 53.8089 53.817  53.8263 53.8349 53.8434 53.8522
 53.8612 53.8714 53.8799 53.8887 53.8965 53.9052 53.914  53.9225 53.9315
 53.9393 53.9478 53.9559 53.9639 53.9734 53.9819 53.9907 53.9996 54.0083
 54.0177 54.0261 54.0362 54.0449 54.0533 54.0621 54.0701 54.0781 54.0862
 54.0946 54.1033 54.1114 54.1208 54.1302 54.1395 54.1477 54.1563 54.1662
 54.1749 54.1847 54.1934 54.2026 54.2116 54.2202 54.2285 54.2367 54.245
 54.2532 54.2612 54.2698 54.2793 54.2889 54.2974 54.3056 54.3136 54.3235
 54.3324 54.3415 54.3503 54.3596 54.3674 54.3761 54.385  54.3937 54.4028
 54.4109 54.4189 54.4281 54.4366 54.4459 54.4561 54.465  54.4752 54.4866
 54.4964 54.5058 54.5153 54.526  54.536  54.5461 54.5567 54.5674 54.5775
 54.5894 54.6013 54.6132 54.6253 54.6353 54.649  54.662  54.6754 54.6872
 54.6998 54.7157 54.7331 54.751  54.7654 54.7845 54.7987 54.8152 54.8273
 54.8429 54.8634 54.8796 54.8997 54.9187 54.9387 54.9554 54.9707 54.9882
 55.0004 55.0159 55.0354 55.0526 55.0675 55.0928 55.1177 55.1401 55.1665
 55.2042 55.2229 55.2464 55.2883 55.3288 55.375  55.4466 55.4779 55.5327
61.2974 61.4325 61.4915 61.5668 61.6197 61.6816 61.6994 61.7365 61.7735
 61.8161 61.8386 61.8605 61.8786 61.8981 61.9139 61.9327 61.9452 61.9604
 61.9783 62.0065 62.0243 62.0405 62.0534 62.0717 62.0883 62.103  62.1167
 62.1279 62.1405 62.153  62.1643 62.177  62.1913 62.2041 62.2148 62.2258
 62.2372 62.251  62.2617 62.2737 62.2841 62.2959 62.3071 62.3206 62.3309
 62.3432 62.3546 62.3643 62.3763 62.3867 62.3982 62.408  62.4177 62.4268
 62.4362 62.4454 62.4542 62.4648 62.474  62.4831 62.4923 62.5049 62.5162
 62.5247 62.5351 62.5441 62.553  62.5614 62.5702 62.5785 62.5869 62.5973
 62.6057 62.6149 62.6239 62.6324 62.6406 62.6493 62.6588 62.6683 62.6764
 62.6851 62.6949 62.7038 62.7133 62.7223 62.731  62.7411 62.7506 62.7588
 62.7681 62.7766 62.7848 62.7927 62.8014 62.8102 62.8183 62.8264 62.8344
 62.8429 62.8508 62.8592 62.8675 62.8762 62.8837 62.8916 62.8997 62.9076
 62.9157 62.9235 62.9314 62.9411 62.9499 62.9573 62.9657 62.9739 62.9816
 62.9891 62.9971 63.0051 63.0132 63.0213 63.0287 63.036  63.0436 63.0512
 63.0595 63.0675 63.075  63.083  63.0906 63.0987 63.1065 63.1139 63.1214
 63.1291 63.1366 63.1439 63.1514 63.1589 63.167  63.1748 63.1819 63.1892
 63.1965 63.2045 63.2128 63.221  63.2295 63.2373 63.2452 63.2535 63.2615
 63.2693 63.2774 63.285  63.2925 63.3005 63.3078 63.3157 63.3232 63.3312
 63.3394 63.347  63.3554 63.363  63.371  63.379  63.3861 63.3938 63.4016
 63.4097 63.4172 63.4247 63.4327 63.4407 63.4485 63.4568 63.4656 63.4737
 63.482  63.49   63.4988 63.5067 63.5145 63.5227 63.5313 63.5404 63.5486
 63.5565 63.5649 63.5741 63.5819 63.5903 63.5985 63.607  63.6159 63.6243
 63.634  63.6452 63.6547 63.665  63.6761 63.6866 63.6957 63.7055 63.7144
 63.7233 63.7327 63.7417 63.7512 63.7605 63.7696 63.7803 63.7905 63.8003
 63.8116 63.8227 63.8351 63.8458 63.8571 63.8703 63.8854 63.8963 63.9089
 63.921  63.9317 63.9423 63.954  63.9642 63.9759 63.988  64.002  64.0155
 64.0282 64.0445 64.0561 64.0689 64.0834 64.0945 64.108  64.1223 64.1345
 64.1498 64.165  64.1859 64.2044 64.2215 64.2378 64.2522 64.2698 64.2843
 64.3085 64.3258 64.3515 64.3726 64.3953 64.4234 64.4533 64.4803 64.5069
 64.5366 64.5687 64.6266 64.7687 68.6051 69.8158

