12.9175 13.0853 14.0018 14.7447 14.7709 14.8401 14.8928 15.0332 15.0513
 15.0771 15.1216 15.143  15.1991 15.2176 15.2949 15.3128 15.3508 15.3775
 15.4069 15.4266 15.4417 15.4579 15.4976 15.5742 15.6178 15.6373 15.7045
22.9457 23.6267 24.0737 24.1743 24.2337 24.289  24.3648 24.4394 24.4844
 24.5317 24.5673 24.5908 24.6114 24.6483 24.6669 24.7484 24.7821 24.8055
 24.8289 24.8464 24.8871 24.9234 24.9494 24.9773 25.0001 25.0184 25.1189
 25.1374 25.1522 25.3469
31.1759 32.8874 33.2714 33.4073 33.4263 33.5821 33.6585 33.7122 33.7386
 33.8015 33.8154 33.86   33.904  33.9672 33.9955 34.0141 34.0338 34.0541
 34.1017 34.1269 34.1518 34.1722 34.1863 34.2075 34.2213 34.2404 34.2648
 34.2812 34.3058 34.3218 34.3352 34.3482 34.364  34.3819 34.4101 34.4957
 34.5375 34.5608 34.6044 34.7507 39.2859
42.5067 42.5877 42.7559 43.1836 43.1983 43.2447 43.2685 43.3747 43.4974
 43.5131 43.5481 43.6641 43.6869 43.7199 43.7767 43.7983 43.8305 43.8517
 48.4445
52.6426 52.6928 52.745  52.8555 52.9436 53.0417 53.0693 53.1257 53.1729
 53.2084 53.2532 53.2686 53.2813 53.2972 53.3231 53.3492 53.3692 53.3813
 53.3984 53.4118 53.5056 53.5583 53.591  53.616  53.6799 53.701  53.9198
60.8089 61.0535 61.7546 61.8672 61.9285 61.9475 61.9783 61.9928 62.0233
 62.0574 62.1466 62.1842 62.2058 62.2303 62.2786 62.2927 62.3346 62.3667
 62.3817 62.3976 62.4565 62.474  62.4932 62.5174 62.5658 62.5828 62.6062
 62.6338 62.6839

