12.3298 12.5837 14.2268 14.4257 14.4784 14.5498 14.5987 14.6961 14.7482
 14.7814 14.7968 14.8487 14.8722 14.8879 14.9049 14.9673 14.9829 15.034
 15.1573 15.2338 15.2774 15.32   15.3611 15.3799 15.4065 15.4516 15.4871
 15.5254 15.5561 15.5862 15.6086
22.5126 23.0231 23.1615 23.3472 23.3928 23.8659 23.9969 24.028  24.124
 24.1933 24.2235 24.2563 24.3427 24.3642 24.3817 24.3999 24.4216 24.4488
 24.4672 24.5277 24.56   24.5853 24.6392 24.6562 24.6891 24.7063 24.7482
 24.7727 24.9374 24.9859 25.1127 25.2561
30.636  32.1876 33.0228 33.2659 33.3012 33.331  33.3954 33.4459 33.5018
 33.5516 33.6059 33.6283 33.6508 33.6752 33.7154 33.7774 33.7931 33.8135
 33.8309 33.8429 33.8589 33.8805 33.9109 33.9331 33.9916 34.0466 34.0779
 34.1531 34.1847 34.2224 34.2643 34.2901 34.3368 34.3767 34.3932 34.4096
 34.4294 34.5808 34.6212 34.6763
42.9468 42.9696 43.0007 43.1233 43.2108 43.2413 43.2806 43.3067 43.3287
 43.3594 43.3811 43.4156 43.4407 43.4721 43.5155 43.599  43.7075 43.9357
50.6257 51.8526 51.9087 52.2179 52.3882 52.5185 52.6131 52.6904 52.7268
 52.7608 52.7771 52.8012 52.8762 52.9101 52.9416 52.9652 53.002  53.0477
 53.0693 53.1167 53.1548 53.1818 53.2373 53.2752 53.3467 53.3664 53.4067
 53.4495 53.5359 53.5765 53.6447 53.6648 53.6967 58.9817
60.3748 61.3581 61.4167 61.4761 61.5152 61.5485 61.5736 61.6858 61.7236
 61.9009 61.96   61.9822 62.042  62.0827 62.1616 62.1768 62.1965 62.2103
 62.2297 62.2467 62.269  62.2803 62.3103 62.432  62.4704 62.4914 62.5378
 62.5558 62.588  62.6126 62.6491 62.6829 62.7739 62.8636 62.8766 62.9905

