10.3909 13.6878 14.2605 14.3297 14.5658 14.5978 14.7728 14.7918 14.8224
 14.9019 14.9711 15.052  15.095  15.1795 15.217  15.2917 15.3147 15.3757
 15.4174 15.443  15.4894 15.551  15.5842 15.6754 15.7138 15.7328 15.7599
23.7348 24.0249 24.1024 24.3846 24.5553 24.593  24.6288 24.6488 24.7088
 24.7347 24.7804 24.7921 24.8375 24.8846 24.8949 24.9127 24.9548 24.972
 24.9941 25.0184 25.0502 25.0632 25.09   25.1154 25.1298 25.1523 25.1757
 25.1958 25.2239 25.2481 25.2621 25.3683 25.3917 25.4332
32.5795 32.8418 32.9219 33.2071 33.2332 33.2557 33.3925 33.4913 33.5726
 33.61   33.6244 33.6445 33.6607 33.7031 33.721  33.7438 33.7611 33.7807
 33.7969 33.8223 33.8816 33.9156 33.9516 33.9643 33.9835 34.0048 34.0256
 34.0414 34.0617 34.0914 34.1259 34.1577 34.1992 34.2355 34.2474 34.2611
 34.2713 34.2828 34.3043 34.3372 34.3569 34.3728 34.3864 34.397  34.4096
 34.4206 34.4376 34.4505 34.4738 34.4872 34.5064 34.5217 34.5435 34.5582
 34.5811 34.5968 34.61   34.6278 34.6388 34.6597 34.6745 34.6878 34.7082
 34.7231 34.7592 34.7879 34.8021 34.8438 34.8553
41.5941 41.7706 43.0007 43.0439 43.0695 43.1793 43.1989 43.2161 43.3058
 43.3209 43.3918 43.5934 43.6309 43.6493 43.6718 43.7167 43.7467 43.7795
 43.8042 43.8196 43.8687 43.8847 43.9223 44.0015 44.041  44.1078
52.1687 52.3865 52.5533 52.6232 52.8361 52.969  53.0897 53.1473 53.2047
 53.2242 53.2531 53.28   53.3125 53.3374 53.3783 53.4069 53.4294 53.4957
 53.5154 53.5447 53.5757 53.5883 53.697  53.7158 53.7553 53.7717 53.7986
 53.8325 53.9518 53.9869 54.04
61.0837 61.6231 61.7416 61.8382 61.882  61.8991 61.9294 61.9569 61.9848
 62.0246 62.0397 62.0618 62.0985 62.1218 62.1445 62.2362 62.2492 62.2761
 62.2947 62.3065 62.3382 62.3698 62.3897 62.4092 62.4247 62.437  62.4554
 62.4893 62.5084 62.5278 62.5421 62.5558 62.5678 62.579  62.6004 62.612
 62.6267 62.6495 62.6615 62.677  62.6907 62.7048 62.7235 62.7403 62.7629
 62.7824 62.7932 62.8049 62.8161 62.8281 62.8406 62.8558 62.8772 62.8989
 62.9172 62.9365 62.9954 63.0338 63.0665 63.1107

