12.1316 12.4359 12.4667 12.6677 12.7306 12.7621 12.7737 12.794  12.8339
 12.8669 12.8942 12.9308 12.9747 13.0033 13.0204 13.0376 13.0607 13.0735
 13.0901 13.1021 13.1242 13.1422 13.1824 13.1979 13.2166 13.2324 13.2458
 13.2601 13.2851 13.3026 13.3192 13.3322 13.3481 13.3645 13.3792 13.3991
 13.412  13.4303 13.4498 13.4694 13.4852 13.498  13.5137 13.5244 13.5352
 13.5485 13.5605 13.5775 13.5962 13.6132 13.627  13.6465 13.6578 13.6699
 13.684  13.7024 13.7192 13.7351 13.7472 13.7585 13.772  13.7828 13.7929
 13.8035 13.8128 13.8218 13.8312 13.8454 13.8566 13.8673 13.8764 13.8875
 13.898  13.9077 13.9186 13.9277 13.9376 13.9473 13.957  13.9685 13.9822
 13.9939 14.0095 14.0219 14.0321 14.0432 14.0536 14.0637 14.0773 14.0867
 14.0955 14.1048 14.1143 14.1244 14.1334 14.143  14.1532 14.1622 14.1729
 14.1837 14.1929 14.2032 14.2158 14.2269 14.2386 14.2497 14.2606 14.2707
 14.2811 14.2917 14.3033 14.312  14.3222 14.3329 14.3441 14.3569 14.3704
 14.3813 14.391  14.4017 14.4122 14.4224 14.4321 14.4419 14.4519 14.4633
 14.4744 14.485  14.4953 14.5062 14.5166 14.526  14.5373 14.5488 14.56
 14.5731 14.5853 14.5964 14.6066 14.6187 14.6294 14.6419 14.6525 14.6669
 14.6769 14.6892 14.7007 14.7125 14.7259 14.7405 14.7547 14.7692 14.784
 14.7976 14.8103 14.8276 14.8471 14.8635 14.8749 14.8905 14.9057 14.9537
 14.9713 14.9909 15.0113 15.0417 15.0589 15.1079 15.1328 15.1624 15.1876
 15.2122 15.2446 15.2945 15.3511 15.3855 15.4327 15.4785 15.8536 18.6252
21.0038 21.0664 21.2096 21.2677 21.3026 21.3377 21.3676 21.4146 21.4619
 21.5218 21.5495 21.5752 21.5967 21.63   21.6495 21.6715 21.6932 21.7182
 21.7438 21.7571 21.776  21.7898 21.8054 21.8673 21.8821 21.8982 21.9117
 21.9289 21.9559 21.9757 21.9954 22.0116 22.0229 22.033  22.047  22.0578
 22.0683 22.0956 22.109  22.1218 22.1363 22.1485 22.1587 22.1707 22.1813
 22.194  22.208  22.2203 22.2313 22.245  22.2574 22.2685 22.2816 22.294
 22.3052 22.3186 22.3333 22.3471 22.3597 22.37   22.3816 22.3955 22.4079
 22.4194 22.4324 22.4452 22.4577 22.4678 22.4786 22.4894 22.5028 22.5131
 22.5255 22.5378 22.5498 22.5631 22.5742 22.585  22.5958 22.6081 22.617
 22.6286 22.6392 22.6493 22.661  22.6726 22.6846 22.6963 22.7067 22.7171
 22.7273 22.7381 22.7485 22.7607 22.773  22.7835 22.794  22.8034 22.814
 22.824  22.8336 22.8426 22.8535 22.8671 22.8808 22.8918 22.9026 22.9132
 22.9262 22.9362 22.946  22.9594 22.9722 22.9843 22.9973 23.0082 23.0224
 23.0374 23.0477 23.061  23.0737 23.0865 23.0958 23.107  23.1171 23.1287
 23.1415 23.1552 23.1655 23.1773 23.1895 23.2011 23.213  23.225  23.2395
 23.2572 23.2717 23.2831 23.2973 23.3157 23.3365 23.3517 23.3664 23.3812
 23.3942 23.4082 23.4318 23.4527 23.4709 23.4896 23.5192 23.5401 23.5639
 23.5909 23.6234 23.6527 23.6888 24.0068 29.8709
30.1947 30.2434 30.2936 30.3651 30.3882 30.4444 30.5029 30.5572 30.5778
 30.6071 30.624  30.6405 30.6618 30.6866 30.7082 30.7257 30.7423 30.7637
 30.7995 30.8216 30.8442 30.8642 30.8834 30.8994 30.9214 30.9464 30.9996
 31.0314 31.0516 31.0683 31.0832 31.0968 31.1112 31.1405 31.1568 31.168
 31.1826 31.2033 31.2251 31.2391 31.2541 31.2696 31.2891 31.3036 31.3151
 31.3271 31.3388 31.3491 31.3599 31.3759 31.3873 31.3988 31.4116 31.4228
 31.4347 31.45   31.4631 31.4764 31.4931 31.511  31.5228 31.536  31.5505
 31.5654 31.578  31.5909 31.6016 31.6142 31.6245 31.6367 31.6491 31.6635
 31.6747 31.6871 31.7035 31.713  31.7266 31.7368 31.7505 31.7674 31.7811
 31.795  31.8111 31.8219 31.8342 31.8448 31.8558 31.8668 31.8808 31.8944
 31.9043 31.9149 31.9307 31.9416 31.9581 31.976  31.9902 32.0012 32.0137
 32.0266 32.047  32.0644 32.0771 32.0909 32.1143 32.1415 32.166  32.1915
 32.2096 32.2264 32.2495 32.268  32.2882 32.3122 32.3505 32.374  32.4072
 32.4269 32.449  32.4797 32.5009 32.5291 32.6157 32.7365 32.8623 36.6547
 38.5442 38.5752 38.7292 38.7917 38.8971 38.9312 38.9546 38.9868 39.0118
 39.0569 39.0794 39.1163 39.1469 39.1727 39.195  39.214  39.2563 39.2787
 39.2944 39.3111 39.3262 39.3463 39.3644 39.3929 39.4156 39.435  39.4553
 39.4749 39.4904 39.5241 39.5414 39.5574 39.5775 39.5973 39.618  39.6352
 39.66   39.6716 39.6848 39.6971 39.7114 39.7244 39.7391 39.7552 39.7728
 39.786  39.7971 39.8105 39.825  39.8368 39.847  39.8624 39.8774 39.888
 39.9007 39.9121 39.9235 39.9337 39.9469 39.9613 39.9754 39.9849 39.997
40.0074 40.0194 40.0292 40.0447 40.0549 40.0654 40.0791 40.0909 40.1018
 40.1128 40.1256 40.1363 40.1484 40.1587 40.1684 40.1783 40.1889 40.1984
 40.2096 40.2202 40.2299 40.2416 40.2518 40.2607 40.2712 40.2806 40.2904
 40.3009 40.313  40.3271 40.336  40.3463 40.3561 40.3662 40.3787 40.3914
 40.4047 40.4131 40.4225 40.4326 40.444  40.4542 40.4639 40.4728 40.4824
 40.4939 40.5036 40.5131 40.5214 40.533  40.5464 40.5582 40.5722 40.5822
 40.5935 40.6049 40.6168 40.6272 40.6386 40.6497 40.6602 40.6704 40.6798
 40.6912 40.7018 40.7109 40.7211 40.7309 40.7431 40.752  40.762  40.7721
 40.7826 40.7938 40.8036 40.8129 40.8231 40.832  40.8447 40.8607 40.8715
 40.8821 40.8932 40.9061 40.9173 40.9297 40.9411 40.9552 40.9685 40.9826
 40.9933 41.0061 41.0202 41.0336 41.0458 41.0616 41.0753 41.0919 41.1049
 41.1188 41.1371 41.1548 41.1736 41.1881 41.1988 41.2103 41.2262 41.2431
 41.264  41.2817 41.2984 41.3138 41.3363 41.3564 41.3783 41.4141 41.4382
 41.4726 41.5526 41.6026 41.6396 41.7065 41.7832 41.8195 44.6741 47.5949
 47.6348 47.8848 47.9064 47.9678 48.0209 48.1107 48.2199 48.2705 48.2849
 48.3241 48.3658 48.3839 48.4585 48.4799 48.4984 48.5201 48.5339 48.5638
 48.5815 48.6047 48.6227 48.6433 48.6633 48.6804 48.7006 48.7212 48.7346
 48.7491 48.7619 48.7776 48.7931 48.8067 48.8233 48.8374 48.8582 48.8689
 48.88   48.8927 48.9031 48.9122 48.922  48.9344 48.946  48.9572 48.967
 48.9783 48.9913 49.0054 49.016  49.0272 49.0362 49.0467 49.0573 49.0692
 49.0806 49.0943 49.1069 49.1178 49.1281 49.1394 49.1493 49.1589 49.1696
 49.1808 49.1909 49.201  49.2132 49.2237 49.234  49.2472 49.2575 49.2688
 49.2781 49.288  49.2989 49.3123 49.3224 49.3319 49.3405 49.3501 49.3595
 49.3685 49.379  49.3892 49.3976 49.408  49.4173 49.4272 49.4372 49.4474
 49.459  49.4699 49.4799 49.4901 49.4988 49.5092 49.5186 49.528  49.5374
 49.5466 49.5549 49.5652 49.5743 49.5831 49.5928 49.6018 49.6102 49.6199
 49.6287 49.6376 49.6457 49.6551 49.665  49.6748 49.6842 49.6931 49.7024
 49.712  49.7209 49.7303 49.7399 49.7507 49.7606 49.7691 49.7781 49.7874
 49.7969 49.8061 49.8151 49.8268 49.8357 49.8449 49.8554 49.8642 49.8728
 49.8827 49.8922 49.9015 49.9118 49.9213 49.9324 49.9425 49.9526 49.9659
 49.9762 49.988
50.001  50.0101 50.0222 50.0318 50.0419 50.0553 50.0657 50.0766 50.0875
 50.0985 50.1082 50.1176 50.1276 50.1383 50.1515 50.1624 50.1726 50.1829
 50.1925 50.203  50.2173 50.228  50.2414 50.2531 50.2653 50.2802 50.2924
 50.3076 50.327  50.3444 50.3638 50.3847 50.4013 50.4167 50.437  50.4532
 50.4774 50.4915 50.5054 50.5255 50.5555 50.5846 50.6086 50.6276 50.6646
 50.7586 50.8224 50.8624 50.9453 54.7658 55.6706 56.5061 56.9114 57.1317
 57.1859 57.3914 57.4235 57.4502 57.543  57.5686 57.6152 57.6365 57.6667
 57.6964 57.7261 57.7638 57.7999 57.8174 57.8626 57.882  57.9093 57.9349
 57.971  57.9943 58.0201 58.0434 58.0705 58.0865 58.1103 58.1278 58.1438
 58.1615 58.1743 58.1958 58.2132 58.237  58.2531 58.2682 58.2875 58.3051
 58.3422 58.3634 58.3764 58.3911 58.4044 58.4195 58.4318 58.4466 58.4638
 58.4803 58.4951 58.5087 58.5281 58.539  58.5522 58.5644 58.5763 58.5881
 58.5999 58.611  58.6261 58.64   58.652  58.6626 58.6761 58.6882 58.6986
 58.7135 58.7239 58.7353 58.7473 58.7571 58.7685 58.7784 58.7883 58.7991
 58.8123 58.8251 58.8388 58.854  58.8671 58.8804 58.8949 58.9073 58.9184
 58.9302 58.9427 58.9564 58.9706 58.9843 58.9977 59.0118 59.023  59.0348
 59.0474 59.0582 59.0672 59.0784 59.0898 59.1017 59.1146 59.1265 59.1401
 59.1527 59.1634 59.1763 59.1881 59.2021 59.213  59.2241 59.2376 59.2536
 59.2661 59.2806 59.2927 59.3042 59.321  59.3391 59.3512 59.3615 59.3738
 59.3905 59.4058 59.4186 59.4376 59.4522 59.474  59.49   59.5097 59.5261
 59.5478 59.568  59.5815 59.6004 59.6156 59.6394 59.6585 59.6951 59.7561
 59.783  59.8216 59.8818 59.9435 59.9951
60.1134 61.2112 66.189  66.2366 66.4345 66.537  66.6003 66.6796 66.7717
 66.7929 66.825  66.8515 66.8757 66.9039 66.9252 66.9942 67.0198 67.0405
 67.0545 67.0727 67.0894 67.1112 67.1299 67.1535 67.1807 67.2072 67.2202
 67.237  67.2542 67.2692 67.2828 67.2992 67.3177 67.345  67.3582 67.3728
 67.387  67.4024 67.4193 67.436  67.447  67.463  67.4812 67.5007 67.5175
 67.5327 67.5484 67.564  67.582  67.5952 67.6084 67.6242 67.6405 67.6562
 67.6681 67.6832 67.6964 67.7112 67.7235 67.736  67.75   67.7635 67.774
 67.7842 67.7952 67.8044 67.8144 67.8243 67.8373 67.8497 67.8616 67.8735
 67.8854 67.8993 67.9151 67.9255 67.9378 67.9485 67.9632 67.9744 67.9878
 68.0035 68.0143 68.0238 68.0383 68.0524 68.0644 68.0751 68.0846 68.1032
 68.1165 68.1299 68.1449 68.1576 68.1697 68.1844 68.197  68.2154 68.2268
 68.2408 68.253  68.2645 68.2776 68.2896 68.3029 68.3151 68.3269 68.3408
 68.3522 68.3637 68.3802 68.4071 68.4222 68.4333 68.4493 68.4685 68.4836
 68.4999 68.5222 68.5396 68.5613 68.5769 68.5923 68.6056 68.6214 68.636
 68.6559 68.6758 68.7041 68.7279 68.783  68.8074 68.8388 68.8969 68.9901

