12.2718 12.6561 12.7005 12.7746 12.8389 13.0142 13.0651 13.1949 13.358
 13.4232 13.4618 13.4794 13.6258 13.6626 13.6944 13.8461
20.4003 20.7187 20.9933 21.1692 21.3139 21.4617 21.5111 21.5577 21.6127
 21.6803 21.7413 21.8068 21.8293 21.8464 29.4862 29.6449
30.1967 30.364  30.6582 30.6808 31.2079 38.5233 39.0239 39.4118 39.5154
 39.5371 39.5968 39.6828 39.7103 39.757  39.7847 39.865  39.8829
40.0022 40.0346 47.1806 48.2693 48.3775 48.4196 48.4927 48.5717 48.6542
 48.6811 48.734  48.8699 48.9144 49.0023 49.0678 49.0858 49.285
57.2713 57.8106 57.9729 58.3814 58.4639
65.198  65.8666 66.4199 66.5736 66.709  66.7838 66.8668 67.1374 67.1994
 67.2841 67.3878 67.5092

