12.2086 12.5099 12.8322 13.0024 13.1883 13.2709 13.3177 13.4489 13.4832
 13.5056 13.5223 13.6516 13.7268
21.1087 21.2017 21.2579 21.3039 21.4497 21.4855 21.5089 21.5588 21.6234
 21.6511 22.0817 22.1052 22.1478 22.1651 22.2106 22.2673 29.9442
30.1354 30.2564 30.4699 30.6429 30.8066 30.8315 30.9322 31.0014 31.0402
 31.0795 31.3085 38.4112 39.2428 39.2669 39.4095 39.4344 39.4905 39.5488
 39.6754 39.7568 39.8977
40.0015 40.1239 40.1394 45.2156 46.2283 48.0859 48.2457 48.5088 48.6517
 48.7139 48.7573 48.7938 48.821  48.8558 48.8798 48.9098 48.9246 48.9534
 49.043  49.0825 49.1259
57.2616 57.3862 57.739  57.8373 57.9054 57.9286 57.9585 57.9936 58.0089
 58.0445 58.0627 58.1218 58.2767 58.3653 58.3876
63.1754 65.5849 66.7539 66.944  66.9857 67.0294 67.1498 67.3781 67.5919

