10.0925 11.2377 12.1845 12.7948 12.8272 12.9746 13.0746 13.2609 13.5628
 17.8577 19.2996 19.4441
20.1753 20.3759 20.5899 20.6563 20.7569 20.8232 20.8413 20.866  20.9025
 20.9338 21.0028 21.0417 21.0897 21.1863 21.2566 21.4074 21.5555 28.3355
 28.3678 28.6313 28.8521 29.0736 29.3008
35.4557 36.0509 36.3611 36.4174 36.5781 36.7082 36.7309 37.0095 37.2092
44.2704 44.6388 44.8658 44.9975 45.1228 45.2451 45.2701 45.3209 45.4066
 45.466  45.5216
50.2185 52.8593 53.2815 53.5405 53.5726 53.6064 59.9777
60.6805 60.7231 61.1229 61.1665 61.1919 61.3111 61.3638 61.521  68.6502
 68.6976 68.7974 69.1039 69.2336

