11.7507 12.4697 12.5082 12.6212 12.6707 12.9796 13.0443 13.0795 13.108
 13.1366 13.1841 13.2084 13.2326 13.272  13.3504 13.4021 13.4587 13.475
 13.4952 13.5295 13.6009 13.6317 13.6472 13.6804 13.7328 19.5745 19.9819
20.3303 20.4197 20.5302 20.5589 20.6031 20.6305 20.6491 20.6727 20.6944
 20.7139 20.7536 20.779  20.7946 20.8108 20.8319 20.8599 20.8962 20.9161
 20.9325 20.9556 20.9803 21.0365 21.0522 21.0692 21.0909 21.126  21.158
 21.1747 21.2305 21.253  21.3037 21.3703 21.3928 21.4149 21.4417 21.4631
 21.4766 26.5803 27.7579 28.0984 28.1758 28.207  28.3798 28.4639 28.531
 28.5659 28.5956 28.6336 28.7022 28.7801 28.7993 28.8189 28.8407 28.8623
 28.9503 28.9912 29.0164 29.0489 29.0857 29.2058 29.2322 29.2793 29.3055
 29.3803 29.4116 29.4842
35.6954 36.054  36.0932 36.1205 36.1827 36.2598 36.2882 36.3239 36.3757
 36.4025 36.4291 36.4559 36.5388 36.595  36.6183 36.6617 36.6898 36.7121
 36.7288 36.7651 36.805  36.833  36.8751 36.9111 36.9403 36.9542 36.9674
 36.9843 37.0254 37.0769 37.097  37.1386 37.1793 37.1938 37.2199 37.2616
 37.2949
43.8493 43.9894 44.3723 44.8426 44.9829 45.0236 45.0841 45.1422 45.2848
 45.3167 45.4191 45.4376 45.4574 45.504  45.5514 45.5808 45.6498 45.6689
50.1799 51.8904 51.959  52.4504 52.6152 52.7617 52.8938 52.9349 53.1264
 53.168  53.2408 53.2591 53.279  53.3296 53.3991 53.4309 53.4638 53.488
 53.5131 53.53   53.5781 53.592  53.6189 53.6349 53.6523 53.6654 53.6925
 53.7119 53.7303 53.751  53.7722 53.8366 53.8702 53.9087 53.9686 54.0219
 54.1004 58.0238
60.3899 60.4428 60.6036 60.6538 60.7364 60.7774 60.8035 60.8715 60.923
 61.0158 61.0397 61.0569 61.1008 61.1364 61.1632 61.2232 61.2398 61.2562
 61.2765 61.2951 61.3195 61.3447 61.3836 61.4608 61.4814 61.5611 61.6085
 61.6229 61.6408 67.4461 68.3287 68.5762 68.6487 68.7047 68.9464 68.9725
 69.0814 69.1017 69.124  69.1462 69.2299 69.2567 69.3077 69.3455 69.4153
 69.4472 69.4681 69.4933 69.521  69.5478 69.5671 69.6329 69.6597 69.7074

