12.309  12.3313 12.3557 12.4025 12.6888 12.8324 12.8835 12.9329 12.9817
 13.0516 13.3769 19.2229
20.3344 20.4726 20.5145 20.6767 20.7561 20.8487 20.9267 20.9777 21.1528
 27.8228 29.0906 29.1283
34.6781 35.3038 36.0413 36.2062 36.2513 36.4652 36.4821 36.5957
43.8908 45.0415 45.165  45.2275 45.3245 45.3906 45.5411 45.5688
50.8081 51.3337 52.3624 52.4847 52.5717 52.6386 52.7468 52.8764 53.1001
 53.3761 59.3428 59.6075 59.7698
60.1304 60.5256 60.5797 60.6432 60.6841 60.7328 60.8879 60.9047 60.9353
 61.0357 61.0617 61.0875 61.1165 67.3399 68.6347 68.7076 68.7532 68.8257
 68.9465 68.9714 68.9905 69.0186 69.0788 69.0943 69.1867 69.2127 69.2497
 69.3235

