11.3847 11.4295 12.1465 12.4408 12.6008 12.6432 12.722  12.7758 12.8445
 12.9315 13.0391 13.0699 13.1028 13.1427 13.1795 13.2192 13.2365 13.3049
 13.3273 13.3554 13.3945 13.4186 13.4955 13.5328 13.5613 13.6137 13.6604
 13.6866 13.7064 13.7197 13.7428 13.7636 13.7856 13.8052 13.8247 13.8506
 13.8858 13.9166 13.9397 13.9958 14.0674 14.0902 14.1343 14.1867 14.2374
 14.2724 14.3346 14.3609 14.4006 14.4394 14.4862 14.5385 14.5665 19.4721
20.1254 20.2365 20.3228 20.5172 20.5646 20.6239 20.6396 20.6713 20.7337
 20.7691 20.8327 20.8795 20.91   20.9387 20.9567 20.9787 20.9989 21.0426
 21.0613 21.0932 21.1213 21.1386 21.1621 21.1846 21.2247 21.246  21.2709
 21.2893 21.3185 21.3408 21.3809 21.4036 21.4591 21.5079 21.5329 21.5582
 21.5932 21.6246 21.6542 21.6869 21.7117 21.7295 21.7772 21.8065 21.8285
 21.8523 21.8712 22.009  22.0306 22.1137 22.1785 22.2377 22.2903 22.3399
 22.4314 22.6627 22.7012 26.8887 28.4241 28.7751 28.8696 28.9607 28.9809
 29.0378 29.0696 29.0919 29.1386 29.208  29.2327 29.3169 29.3514 29.379
 29.4087 29.4547 29.4776 29.5159 29.546  29.5727 29.6062 29.6264 29.6555
 29.6766 29.715  29.7499 29.8385 29.8614 29.9607 29.9787
30.0157 30.1594 30.2628 30.4736 30.5205 33.3268 35.1576 35.2907 35.6753
 35.852  35.9844 36.0016 36.0423 36.1002 36.1535 36.1866 36.2611 36.2828
 36.3397 36.409  36.4393 36.4919 36.5352 36.6255 36.6884 36.7136 36.75
 36.7677 36.785  36.8035 36.8289 36.8805 36.9062 36.9237 36.9415 36.9628
 36.9845 37.0058 37.0385 37.0578 37.0827 37.1448 37.1622 37.1884 37.204
 37.2273 37.2468 37.2692 37.2985 37.3243 37.3476 37.3706 37.4011 37.4172
 37.4368 37.4717 37.4917 37.5177 37.5419 37.5609 37.5949 37.656  37.6791
 37.6988 37.7228 37.7454 37.7714 37.7951 37.8399 37.8797 37.9033 37.9404
 37.9843 38.0392 38.0849 38.1163 38.1718 38.2484 38.2744
44.6628 44.7402 44.7898 44.9458 45.0698 45.1446 45.2654 45.3248 45.3471
 45.3855 45.4407 45.4613 45.5012 45.5181 45.5385 45.6173 45.6514 45.6782
 45.7019 45.742  45.7872 45.8106 45.8231 45.8374 45.8651 45.9103 45.9378
 45.9611 45.9788 46.0134 46.0333 46.0497 46.0674 46.095  46.1208 46.1565
 46.1782 46.2157 46.2413 46.2628 46.2816 46.3044 46.3196 46.353  46.3735
 46.4064 46.4316 46.456  46.4788 46.5133 46.5346 46.5728 46.5878 46.6334
 46.6927 46.7533 46.8296 46.8548 46.9205 46.9446 47.0005 47.0484 47.1105
50.2388 51.4608 51.9201 51.9809 52.2973 52.4019 52.5264 52.6545 52.7237
 52.7951 52.859  52.9201 52.951  52.9688 52.9923 53.0765 53.0967 53.115
 53.1358 53.1596 53.1965 53.2199 53.2499 53.277  53.3206 53.3371 53.3584
 53.3815 53.3989 53.4256 53.4553 53.4728 53.4869 53.5069 53.5327 53.5725
 53.6417 53.7184 53.7413 53.7799 53.8106 53.8442 53.8845 53.9345 53.9529
 53.9904 54.0128 54.0299 54.0938 54.1229 54.1984 54.3177 54.3564 54.3768
 54.4116 54.4485 54.5113 54.55   54.7405 59.8387
60.2798 60.4128 60.5744 60.6197 60.6537 60.6899 60.7217 60.7556 60.8167
 60.8739 60.8935 60.9142 60.9485 60.9637 60.9785 61.0094 61.0445 61.0848
 61.1199 61.1499 61.1719 61.1982 61.2215 61.2554 61.2717 61.2865 61.3068
 61.3265 61.365  61.3883 61.4107 61.4325 61.4483 61.4615 61.4842 61.499
 61.5186 61.5346 61.5603 61.5788 61.5989 61.6162 61.6363 61.6617 61.6982
 61.7146 61.7316 61.7489 61.762  61.7888 61.8061 61.8218 61.8481 61.8635
 61.8833 61.9037 61.9228 61.9396 61.9652 61.9831 62.0013 62.0273 62.0464
 62.0677 62.097  62.1182 62.1429 62.1718 62.1939 62.2204 62.2706 62.3077
 62.3326 62.3728 62.3935 62.4152 62.4427 62.47   62.4993 62.5264 62.5688
 62.6012 62.6516 62.7109 62.7826 62.8447 67.0038 67.2421 67.5915 68.4349
 68.538  68.5593 68.6074 68.6629 68.7335 68.7535 68.7741 68.8023 68.8177
 68.8453 68.8722 68.9029 68.9247 68.9534 68.9764 69.0084 69.028  69.0617
 69.0826 69.1055 69.1442 69.1613 69.1763 69.2081 69.2268 69.2455 69.2627
 69.2846 69.3067 69.3276 69.3445 69.3681 69.3853 69.401  69.4193 69.4415
 69.4549 69.4687 69.4881 69.5001 69.5115 69.5278 69.5472 69.5617 69.5759
 69.5913 69.6084 69.6231 69.6347 69.6521 69.67   69.685  69.7008 69.7188
 69.7394 69.7535 69.7696 69.7864 69.8012 69.8353 69.8574 69.8733 69.9233
 69.9392 69.9567 69.9707 69.9875

