10.1937 11.9843 12.1289 12.3196 12.3885 12.6316 12.6641 12.8999 13.1434
20.2377 20.6973 20.7235 20.9633 21.1011 27.8925 28.4581 28.5259 28.7097
 29.0535 29.2129
36.2723 36.3294 36.5055 36.5636
44.0186 44.3216 44.5204 44.7973 44.8392 44.9858 45.3165
50.3348 50.9977 52.6015 52.6477 52.6747 53.0425 53.2883 53.3087 53.3761
60.0914 60.1651 60.2284 60.3233 60.4274 60.5088 60.6011 60.7326 60.7827
 60.9312 60.9721 61.0295 61.0538 61.1689 68.2888 68.7091 68.799  68.9096
 68.9734 69.1135 69.3083 69.3826 69.5361

