10.0756 10.1724 11.2208 11.4083 11.9197 12.4781 12.5806 12.6016 12.6335
 12.6965 12.7393 12.7642 12.8214 12.8542 12.88   12.9114 12.9551 12.9759
 12.9959 13.0178 13.0642 13.0877 13.1055 13.1462 13.1667 13.1928 13.2128
 13.2274 13.2468 13.28   13.331  13.3563 13.3761 13.4237 13.4438 13.4588
 13.4908 13.5089 13.5314 13.5577 13.5745 13.5914 13.6058 13.6488 13.6711
 13.6889 13.7096 13.7558 13.773  13.7917 13.8253 13.8557 13.8866 13.9151
 13.9299 13.9501 13.9702 13.9906 14.0079 14.0254 14.0725 14.0901 14.1083
 14.1318 14.1515 14.1813 14.2139 14.2313 14.2472 14.2646 14.2813 14.3119
 14.3305 14.3693 14.4105 14.4345 14.4607 14.4841 14.5143 14.5569 14.5827
 14.6846 14.7335 14.8022 14.8625 15.1762 15.23   19.5519 19.7451 19.9101
20.1067 20.1516 20.3031 20.4401 20.5108 20.5948 20.6643 20.6852 20.7077
 20.7222 20.739  20.7609 20.8278 20.8485 20.8679 20.8855 20.9015 20.9226
 20.9432 20.959  20.9734 20.9884 21.0192 21.0371 21.0835 21.1012 21.1475
 21.1626 21.2048 21.2286 21.2446 21.2664 21.2857 21.3019 21.3406 21.3666
 21.3887 21.4054 21.4282 21.4481 21.4708 21.4843 21.4996 21.5139 21.5316
 21.5472 21.5635 21.5781 21.6034 21.6184 21.6334 21.6487 21.6646 21.6812
 21.7001 21.7236 21.7358 21.7508 21.7655 21.7991 21.8192 21.8407 21.8591
 21.8822 21.8993 21.9142 21.9301 21.9951 22.0278 22.0452 22.0688 22.0952
 22.1186 22.1355 22.1536 22.1705 22.1858 22.206  22.2246 22.2459 22.2772
 22.2999 22.335  22.3625 22.4126 22.4293 22.4554 22.4893 22.5206 22.5529
 22.6044 22.6545 22.6848 22.7154 22.765  22.8149 28.1767 28.2619 28.3501
 28.6066 28.7479 28.8197 28.8426 28.8579 29.0702 29.0933 29.1215 29.1508
 29.196  29.2172 29.2407 29.2635 29.2883 29.3205 29.3449 29.361  29.3869
 29.4167 29.4477 29.4644 29.4888 29.5091 29.5265 29.5614 29.5775 29.5958
 29.6171 29.6307 29.6466 29.6646 29.6764 29.6927 29.711  29.7243 29.7643
 29.7881 29.8098 29.8255 29.8434 29.8632 29.8875 29.9112 29.9296 29.9853
30.0124 30.0326 30.0592 30.1117 30.1445 30.1857 30.2054 30.2331 30.2608
 30.2885 30.3118 30.3332 30.4193 30.456  30.517  30.5668 30.6743 30.767
 30.8044 30.9283 30.9667 34.1397 34.7257 35.4327 35.6573 35.9039 35.9524
 36.0034 36.1137 36.1494 36.1846 36.2326 36.2704 36.2908 36.3417 36.3642
 36.3922 36.4388 36.4611 36.4931 36.5298 36.5606 36.5788 36.5979 36.6163
 36.6435 36.6713 36.6943 36.7272 36.7412 36.7578 36.7814 36.7964 36.8123
 36.8315 36.8455 36.8718 36.8876 36.9005 36.9192 36.9316 36.9428 36.9573
 36.9859 37.0021 37.0177 37.0454 37.0596 37.0776 37.0972 37.1139 37.1277
 37.1415 37.1544 37.1685 37.1813 37.1961 37.2111 37.2263 37.2394 37.2569
 37.2746 37.2937 37.3096 37.3245 37.3375 37.351  37.3637 37.3772 37.3941
 37.4127 37.435  37.453  37.4671 37.4801 37.503  37.519  37.5318 37.5477
 37.5704 37.5844 37.5995 37.6124 37.6271 37.6406 37.664  37.6878 37.7041
 37.7203 37.7358 37.7539 37.7815 37.7999 37.8294 37.8571 37.8842 37.9051
 37.9203 37.9378 37.9541 37.97   37.988  38.0038 38.0224 38.0409 38.0617
 38.0767 38.1093 38.1327 38.1533 38.1698 38.1877 38.2037 38.2187 38.2479
 38.2687 38.2837 38.3021 38.3193 38.3541 38.3845 38.4284 38.4496 38.5073
 38.5289 38.7222
44.3643 44.5741 44.7458 44.8237 44.8705 44.9326 44.9851 45.0373 45.088
 45.1537 45.2129 45.2418 45.2744 45.3124 45.3478 45.399  45.4195 45.4516
 45.4905 45.512  45.5413 45.5564 45.5769 45.6014 45.6185 45.6541 45.6759
 45.6896 45.7093 45.7232 45.7416 45.7652 45.7816 45.7953 45.8114 45.8284
 45.8504 45.8652 45.8762 45.8969 45.9197 45.9383 45.9564 46.0061 46.0234
 46.0362 46.0496 46.0675 46.0829 46.0973 46.1173 46.1317 46.145  46.1627
 46.1862 46.2002 46.2184 46.2394 46.2528 46.267  46.2827 46.2951 46.3093
 46.3295 46.3485 46.3637 46.381  46.4019 46.4189 46.4325 46.4452 46.4601
 46.4739 46.5012 46.5158 46.5334 46.5604 46.5753 46.591  46.61   46.6428
 46.6581 46.6808 46.7052 46.731  46.7516 46.7776 46.7965 46.815  46.8331
 46.8568 46.8776 46.9087 46.932  46.9643 46.9889 47.0017 47.0283 47.0521
 47.0856 47.1058 47.1296 47.1527 47.1934 47.2343 47.2571 47.2792 47.3114
 47.4281 47.5497
50.9613 51.3378 52.1437 52.1839 52.2933 52.5181 52.5522 52.648  52.6686
 52.7572 52.7782 52.8275 52.8583 52.8883 52.9111 52.9347 52.9548 52.9685
 52.9839 53.0139 53.0397 53.0601 53.084  53.1103 53.1235 53.139  53.1549
 53.1706 53.1915 53.2045 53.2351 53.2479 53.2652 53.2832 53.3127 53.3375
 53.3528 53.3745 53.398  53.4318 53.4448 53.4592 53.474  53.4884 53.5008
 53.524  53.5374 53.5606 53.5858 53.6093 53.6246 53.6401 53.6645 53.6889
 53.7027 53.7147 53.7322 53.7477 53.7657 53.7829 53.8044 53.8279 53.8689
 53.8994 53.9388 53.9539 53.9731 54.0022 54.0198 54.0375 54.0534 54.0897
 54.1108 54.1312 54.1582 54.1807 54.1955 54.2172 54.2422 54.2904 54.3277
 54.3469 54.3777 54.4074 54.4286 54.4505 54.4756 54.4974 54.5239 54.5406
 54.5605 54.5896 54.6094 54.6898 54.7425 54.7872 54.8643 54.9012 55.0232
 55.1158 57.6985
60.2089 60.2748 60.341  60.3672 60.4282 60.5554 60.61   60.664  60.6913
 60.7063 60.7569 60.7855 60.8156 60.8632 60.8819 60.8969 60.9217 60.961
 60.9803 60.9986 61.0162 61.0386 61.0583 61.081  61.0969 61.1123 61.1337
 61.1509 61.169  61.186  61.1993 61.2119 61.2309 61.2518 61.2651 61.284
 61.2999 61.3147 61.3271 61.3419 61.3601 61.3718 61.3884 61.4019 61.424
 61.4379 61.457  61.4701 61.4849 61.4996 61.5123 61.5282 61.5422 61.5541
 61.5651 61.5761 61.5878 61.6042 61.6189 61.6321 61.6438 61.6565 61.669
 61.6808 61.6943 61.7076 61.7204 61.7326 61.7473 61.7589 61.7708 61.7837
 61.7947 61.8102 61.8298 61.842  61.8542 61.8649 61.8822 61.8993 61.9104
 61.9279 61.9442 61.9567 61.9694 61.984  61.9979 62.0116 62.0268 62.0563
 62.0717 62.0862 62.1021 62.1287 62.1413 62.158  62.1732 62.1907 62.2128
 62.2345 62.2499 62.2632 62.2826 62.2989 62.3173 62.3352 62.3539 62.3692
 62.3852 62.4031 62.4178 62.4358 62.4536 62.4735 62.4877 62.5062 62.5189
 62.5347 62.5486 62.5633 62.5872 62.6027 62.6401 62.6581 62.6895 62.7292
 62.7509 62.7836 62.8192 62.8551 62.8743 62.9004 62.9792 63.0084 63.0568
 63.0917 68.1355 68.5283 68.5917 68.6341 68.6581 68.679  68.7003 68.8028
 68.8256 68.8475 68.8704 68.8985 68.9183 68.9417 68.9668 68.9872 69.0105
 69.0338 69.0534 69.0723 69.0919 69.1091 69.1239 69.1399 69.1548 69.1778
 69.1941 69.2117 69.2276 69.2408 69.2538 69.2654 69.2791 69.2932 69.3113
 69.3277 69.3416 69.3548 69.3679 69.3819 69.3998 69.4156 69.4295 69.4424
 69.4557 69.4714 69.4841 69.4958 69.5084 69.5205 69.5326 69.5506 69.5663
 69.5761 69.5883 69.6024 69.6172 69.6274 69.6429 69.6596 69.6716 69.684
 69.6959 69.7097 69.7235 69.7372 69.7487 69.7592 69.7714 69.7863 69.7986
 69.8104 69.8238 69.8354 69.8486 69.8629 69.8749 69.8861 69.8985 69.9145
 69.9279 69.9429 69.9573 69.9689 69.9816 69.9932

