11.7127 11.9932 12.0846 12.1122 12.1397 12.2115 12.2643 12.3234 12.3997
 12.4298 12.4461 12.5096 12.5404 12.5969 12.6841 12.7224 12.7679 12.7898
 12.8153 12.8731 12.9158 12.9601 12.9912 13.0136 13.0352 13.056  13.0818
 13.1035 13.1363 13.1524 13.1765 13.1966 13.2215 13.2434 13.2574 13.2724
 13.2938 13.3398 13.3622 13.3779 13.3986 13.4195 13.4503 13.4663 13.483
 13.497  13.5135 13.5288 13.5474 13.5626 13.5777 13.6009 13.6209 13.6483
 13.6627 13.6764 13.6967 13.7131 13.7343 13.7567 13.7737 13.7913 13.8065
 13.8199 13.8366 13.8538 13.8691 13.8892 13.9108 13.9307 13.9485 13.9776
 14.0085 14.0264 14.0512 14.0874 14.1388 14.1615 14.1868 14.2498 19.0969
 19.4497 19.9519
20.0618 20.373  20.3987 20.4638 20.5267 20.5759 20.6208 20.6388 20.6556
 20.6985 20.7194 20.7397 20.7569 20.773  20.7875 20.8103 20.8411 20.8775
 20.8983 20.9181 20.9298 20.9505 20.9796 21.0028 21.0194 21.0319 21.0565
 21.0714 21.0882 21.103  21.1262 21.1424 21.1578 21.1708 21.2007 21.2148
 21.2307 21.2572 21.2742 21.293  21.3086 21.3242 21.3412 21.3549 21.3727
 21.3857 21.4018 21.417  21.4335 21.4484 21.4626 21.4792 21.4946 21.5054
 21.5188 21.5362 21.5497 21.563  21.583  21.5998 21.6137 21.6331 21.6491
 21.6627 21.6738 21.6877 21.7039 21.7196 21.751  21.7688 21.7869 21.8072
 21.8244 21.8581 21.887  21.9067 21.9372 21.9629 22.0128 22.0605 22.1225
 22.1654 22.1954 22.416  22.5359 27.5174 27.5488 28.1354 28.1829 28.3381
 28.4393 28.5518 28.582  28.6968 28.7538 28.7863 28.8996 28.9155 28.9368
 28.961  29.0178 29.0369 29.0646 29.0903 29.1297 29.1432 29.1713 29.1873
 29.2074 29.2256 29.2418 29.2673 29.2892 29.3084 29.3207 29.3565 29.3685
 29.3855 29.4034 29.4213 29.4443 29.4823 29.5027 29.529  29.5423 29.5679
 29.5821 29.5941 29.6082 29.6416 29.6573 29.6801 29.6971 29.7225 29.7508
 29.7673 29.7805 29.7955 29.8109 29.8421 29.865  29.8874 29.9145 29.9381
 29.9607 29.9873
30.0289 30.0559 30.0748 30.0937 30.1092 30.1329 30.1935 30.2707 30.3479
 35.2646 35.3268 35.4932 35.6954 35.7226 35.7516 35.7786 35.8507 35.8894
 35.9607 35.9817 36.0063 36.0667 36.1054 36.1453 36.1598 36.2    36.2233
 36.2795 36.3058 36.3382 36.3739 36.3994 36.4225 36.4392 36.4574 36.4728
 36.4913 36.5184 36.5493 36.5857 36.6034 36.6294 36.6482 36.6625 36.6773
 36.6908 36.7227 36.7384 36.7539 36.7836 36.8074 36.8257 36.8443 36.8597
 36.8727 36.8897 36.9089 36.9227 36.9349 36.9503 36.9631 36.9747 36.9879
 36.9998 37.0167 37.0332 37.0457 37.0605 37.0747 37.0844 37.1154 37.1318
 37.1462 37.1605 37.1724 37.1843 37.198  37.2095 37.223  37.2349 37.2459
 37.2585 37.2697 37.2879 37.3093 37.3207 37.3335 37.3441 37.3555 37.3671
 37.3816 37.4032 37.4172 37.4339 37.4507 37.467  37.4832 37.4973 37.5118
 37.5289 37.5427 37.5556 37.5708 37.5845 37.598  37.6217 37.6455 37.6721
 37.6903 37.7032 37.7217 37.7623 37.8228 37.8593 37.8926 37.9376
41.0189 42.4288 43.3424 44.5171 44.7551 44.9237 45.0102 45.062  45.0861
 45.1346 45.18   45.2143 45.2742 45.2997 45.3187 45.3524 45.3775 45.3976
 45.4172 45.4348 45.4479 45.4682 45.4904 45.5052 45.5201 45.5392 45.5652
 45.5811 45.5942 45.6088 45.6258 45.642  45.6547 45.6707 45.6842 45.6989
 45.7126 45.7294 45.7444 45.7617 45.7788 45.7932 45.8049 45.825  45.84
 45.8557 45.8707 45.8895 45.9008 45.9195 45.9359 45.947  45.9657 45.9797
 45.9928 46.0086 46.0208 46.0401 46.0538 46.0744 46.0915 46.1056 46.1179
 46.1332 46.1551 46.1671 46.1768 46.1984 46.2144 46.2321 46.2532 46.2696
 46.2852 46.3186 46.3323 46.3464 46.3596 46.3737 46.3908 46.4087 46.4261
 46.4563 46.4811 46.5044 46.5232 46.54   46.5697 46.6028 46.6421 46.6552
 46.6759 46.701  46.7351 46.7909 46.9898
50.5559 51.2997 52.1389 52.202  52.4901 52.5205 52.5587 52.5861 52.6382
 52.6645 52.6944 52.709  52.7472 52.7949 52.8178 52.8614 52.892  52.9226
 52.9688 52.9841 53.003  53.02   53.0381 53.0557 53.0725 53.1095 53.1281
 53.1552 53.1729 53.191  53.2131 53.2337 53.2895 53.3025 53.3217 53.3349
 53.3523 53.3794 53.3956 53.4237 53.4431 53.4564 53.4678 53.4809 53.5026
 53.521  53.5378 53.5666 53.5899 53.6064 53.617  53.6311 53.6473 53.6636
 53.6858 53.7012 53.715  53.7307 53.7542 53.7711 53.7871 53.8373 53.8632
 53.8986 53.9216 53.9505 53.9679 53.9921 54.007  54.033  54.0674 54.1549
 54.1733 54.1966 54.2469 54.3259 54.5832 54.9377
60.04   60.1603 60.1827 60.28   60.3101 60.3483 60.3737 60.4274 60.5347
 60.5757 60.6115 60.6524 60.6712 60.6932 60.7371 60.7612 60.7805 60.7959
 60.8106 60.8253 60.8421 60.8677 60.8855 60.9218 60.9397 60.9602 60.9755
 60.9861 61.0033 61.0169 61.0292 61.0431 61.06   61.0769 61.0973 61.1122
 61.1273 61.1404 61.1555 61.168  61.1856 61.1977 61.2149 61.2278 61.2419
 61.2538 61.2649 61.2805 61.2936 61.3074 61.3207 61.3368 61.3528 61.3651
 61.3791 61.3915 61.4039 61.416  61.428  61.4404 61.4537 61.4676 61.4784
 61.4896 61.5002 61.51   61.52   61.5307 61.5446 61.5564 61.5688 61.5788
 61.5899 61.6056 61.6187 61.633  61.6449 61.6557 61.6691 61.6919 61.7064
 61.7161 61.7269 61.7415 61.7544 61.7654 61.7772 61.7915 61.804  61.8173
 61.8281 61.841  61.8528 61.8644 61.8814 61.8928 61.9054 61.9205 61.9359
 61.9488 61.9643 61.9807 61.9985 62.015  62.036  62.0656 62.0816 62.0994
 62.1171 62.1356 62.1495 62.1866 62.2469 62.2752 62.3149 62.3495 62.3788
 62.4808 67.0576 67.1596 68.314  68.4418 68.5337 68.5629 68.644  68.6628
 68.7212 68.7413 68.7608 68.7925 68.815  68.8466 68.8739 68.8874 68.9064
 68.9256 68.9432 68.9692 68.9842 69.0008 69.0213 69.0489 69.0654 69.0861
 69.0997 69.1162 69.1304 69.1423 69.1569 69.1741 69.1871 69.2038 69.2209
 69.2355 69.2475 69.2635 69.2822 69.2963 69.3083 69.3232 69.3384 69.3505
 69.3596 69.3721 69.3836 69.3961 69.4092 69.4202 69.4301 69.4418 69.4538
 69.4651 69.4752 69.4861 69.4959 69.5094 69.5207 69.5308 69.5474 69.5575
 69.5698 69.5822 69.5949 69.6064 69.6184 69.6322 69.6425 69.6519 69.6611
 69.6709 69.6827 69.6958 69.7081 69.7187 69.7275 69.7382 69.7495 69.7592
 69.769  69.7804 69.7914 69.8017 69.8107 69.8218 69.8321 69.8431 69.8543
 69.8658 69.8791 69.8951 69.9064 69.9165 69.9304 69.9404 69.9513 69.9619
 69.9734 69.9858 69.9983

