12.2283 12.3687 12.4094 12.5345 12.6071 12.7485 12.7898 12.8208 12.8539
 12.8865 12.9095 12.9268 12.9464 12.9832 13.0106 13.0407 13.0571 13.0704
 13.0883 13.1134 13.1306 13.1494 13.1712 13.1935 13.2158 13.2378 13.2523
 13.2669 13.2834 13.2983 13.3119 13.3274 13.3421 13.3575 13.3683 13.3818
 13.3976 13.419  13.447  13.4624 13.4782 13.4975 13.5161 13.5306 13.5484
 13.5608 13.5733 13.6082 13.6247 13.6407 13.6582 13.6795 13.6932 13.7138
 13.7287 13.7574 13.7711 13.7943 13.8103 13.8275 13.8408 13.8548 13.8806
 13.9012 13.9219 13.9401 13.9586 13.9733 13.9913 14.007  14.0217 14.0467
 14.0723 14.0979 14.1165 14.1417 14.1565 14.1818 14.2261 14.3228 14.3946
 17.8218
20.1518 20.2183 20.3799 20.5813 20.6236 20.6864 21.0067 21.2661 21.3214
 21.4168 21.4689 21.5038 21.5421 21.5714 21.6616 21.7124 21.8117 21.8454
 21.9774 22.0191 22.0463 22.0656 22.0947 22.1866 22.2625 22.4643 25.0294
 28.4803 28.5314 28.5937 28.7378 28.7885 28.8649 28.9207 28.9417 28.9699
 28.9934 29.0176 29.0502 29.0626 29.0819 29.1009 29.116  29.1328 29.1563
 29.1684 29.1799 29.1938 29.2135 29.2365 29.2686 29.2819 29.3028 29.3168
 29.3301 29.3446 29.364  29.383  29.3984 29.4172 29.4317 29.4479 29.4705
 29.4856 29.5056 29.5192 29.534  29.5458 29.5605 29.5807 29.6067 29.6229
 29.6379 29.6559 29.6702 29.6822 29.6966 29.7159 29.73   29.7505 29.764
 29.7767 29.7956 29.8115 29.8261 29.8409 29.8572 29.8943 29.9104 29.9352
 29.9511 29.9665 29.979
30.0008 30.0128 30.0457 30.0814 30.111  30.134  30.1638 30.1969 30.221
 30.2978 30.3356 30.3786 30.4168 30.5233 30.71   35.5324 36.3569 36.4295
 36.6469 36.7291 36.767  36.8257 36.8474 36.8956 36.9215 36.962  37.0639
 37.0991 37.1309 37.183  37.2017 37.2144 37.2397 37.269  37.2972 37.3099
 37.3322 37.3496 37.3719 37.3916 37.419  37.4383 37.453  37.4811 37.4969
 37.512  37.538  37.5627 37.5815 37.5957 37.615  37.6346 37.6578 37.6816
 37.7124 37.7351 37.7494 37.7648 37.7871 37.8157 37.8368 37.878  37.8955
 37.9146 37.9528 37.971  37.9842 38.0016 38.0187 38.0443 38.0808 38.1195
 38.1694 38.2317 38.2642 38.3068 38.5773
44.0364 44.2467 44.6524 44.7391 44.7976 44.8112 44.8564 44.8755 44.9278
 44.9665 44.9864 45.0129 45.0391 45.0694 45.0895 45.112  45.1408 45.1745
 45.1968 45.2134 45.2299 45.2466 45.2797 45.2972 45.3089 45.3363 45.3503
 45.3713 45.3887 45.4024 45.4189 45.4343 45.4516 45.4633 45.4755 45.4864
 45.4985 45.5115 45.5255 45.539  45.5533 45.5697 45.5849 45.5971 45.6126
 45.6286 45.6398 45.6519 45.6664 45.6816 45.6942 45.7068 45.7202 45.7363
 45.7482 45.7602 45.7759 45.7888 45.8001 45.8139 45.8297 45.8408 45.8507
 45.8646 45.8749 45.8847 45.8948 45.9078 45.9182 45.9314 45.9474 45.97
 45.9828 45.9991 46.0109 46.0225 46.0368 46.0531 46.0642 46.0781 46.0926
 46.1102 46.1277 46.1475 46.1638 46.1796 46.1909 46.2167 46.2406 46.2576
 46.2812 46.3    46.3238 46.3367 46.353  46.3748 46.3987 46.4161 46.4278
 46.4434 46.4576 46.4762 46.4933 46.5128 46.5399 46.584  46.6129 46.6401
 46.6619 46.6886 46.9083
50.905  51.8515 51.9358 52.3701 52.4613 52.5077 52.5908 52.6119 52.6958
 52.7235 52.7967 52.8178 52.8456 52.868  52.8987 52.9147 52.951  52.9743
 52.9972 53.0216 53.0373 53.0524 53.0691 53.0835 53.0988 53.1127 53.1324
 53.1471 53.1624 53.1773 53.195  53.2061 53.2208 53.2351 53.2468 53.2599
 53.2725 53.2916 53.3074 53.3233 53.3342 53.3525 53.3673 53.379  53.3987
 53.4176 53.4307 53.4428 53.4563 53.4709 53.4838 53.497  53.5093 53.5211
 53.5324 53.5443 53.5562 53.5674 53.5771 53.5858 53.599  53.6095 53.6217
 53.6333 53.6447 53.6553 53.6666 53.6792 53.6892 53.6993 53.7108 53.7222
 53.7329 53.7457 53.7585 53.7781 53.7903 53.8058 53.8206 53.8347 53.8471
 53.8596 53.8755 53.8922 53.9089 53.93   53.9467 53.9597 53.9735 53.9838
 53.9968 54.0075 54.0219 54.0366 54.0484 54.0588 54.0784 54.0935 54.1085
 54.1257 54.1429 54.1558 54.1678 54.1835 54.205  54.2336 54.2676 54.2909
 54.3229 54.3502 54.3724 54.4109 54.5686 59.2788 59.6553
60.1677 60.4167 60.4407 60.4777 60.5385 60.5998 60.6773 60.7168 60.7583
 60.8047 60.8308 60.8593 60.8763 60.9115 60.9476 60.9641 60.9797 61.0019
 61.031  61.0601 61.0787 61.129  61.1476 61.1637 61.1791 61.1959 61.2108
 61.2291 61.2489 61.2688 61.2897 61.311  61.3238 61.34   61.3571 61.376
 61.3896 61.4049 61.4158 61.4272 61.4429 61.4568 61.4707 61.4838 61.4982
 61.5109 61.5223 61.5339 61.5442 61.5641 61.5769 61.5916 61.614  61.6297
 61.6447 61.6643 61.6749 61.6863 61.6969 61.708  61.7242 61.739  61.7576
 61.7722 61.7889 61.8039 61.8154 61.8268 61.8402 61.856  61.8718 61.907
 61.9256 61.9364 61.9519 61.9638 61.9795 61.9898 62.0073 62.0296 62.0471
 62.0618 62.0797 62.1006 62.1152 62.1347 62.1547 62.1852 62.2048 62.2279
 62.2803 62.3015 62.3157 62.3602 62.3834 62.4596 68.1798 68.4309 68.5695
 68.6075 68.6615 68.7935 68.8334 68.8692 68.8972 68.9377 68.9656 68.9857
 69.0313 69.0918 69.1377 69.171  69.1879 69.2277 69.2546 69.2823 69.3013
 69.3232 69.3428 69.3576 69.3725 69.405  69.4237 69.4371 69.4522 69.4724
 69.5004 69.5145 69.5336 69.5627 69.5812 69.5933 69.6083 69.6221 69.6342
 69.6448 69.6612 69.6747 69.6864 69.7003 69.7173 69.7345 69.7482 69.766
 69.7813 69.7936 69.812  69.8322 69.8513 69.8631 69.877  69.8878 69.9053
 69.9263 69.9398 69.9498 69.9656 69.9783 69.9933

