10.3475 12.1583 12.3535 12.5266 12.5657 12.6858 12.7361 12.8227 12.8484
 12.9049 12.9183 12.9414 12.9799 12.9992 13.0321 13.0514 13.0802 13.1185
 13.1384 13.1553 13.1702 13.1872 13.2018 13.2267 13.2526 13.2706 13.2833
 13.3066 13.3258 13.3415 13.364  13.377  13.3977 13.4224 13.4478 13.4663
 13.4849 13.5019 13.5166 13.5366 13.5511 13.57   13.5833 13.6109 13.6249
 13.6455 13.6607 13.6743 13.6949 13.7131 13.7302 13.7445 13.7709 13.7902
 13.8037 13.8195 13.8367 13.8538 13.8991 13.9274 13.9531 13.9726 13.9876
 14.0258 14.0392 14.0545 14.0685 14.0816 14.098  14.1341 14.1492 14.1724
 14.1978 14.2099 14.2701 14.2951 14.3132 14.3429 14.3706 14.4149 14.4462
 14.5112 14.5278 14.5558 14.6382 14.6857 14.724  14.8019 14.8522
20.2469 20.8522 20.9303 20.9977 21.0823 21.1993 21.3039 21.3409 21.4002
 21.4253 21.4467 21.4696 21.4943 21.527  21.5527 21.6014 21.6267 21.6679
 21.7429 21.7839 21.8103 21.8466 21.8685 21.8897 21.926  21.9694 21.9918
 22.0267 22.0499 22.0808 22.1322 22.1563 22.2538 22.2831 22.4066 22.4514
 22.4841 22.7723 22.9122 27.1414 27.9194 28.4147 28.6338 28.6856 28.7157
 28.8535 28.9138 28.9367 28.9579 28.9837 29.0088 29.0251 29.0516 29.0727
 29.0888 29.1073 29.1351 29.1586 29.1909 29.212  29.2261 29.2431 29.2599
 29.274  29.3004 29.3269 29.3441 29.3634 29.3834 29.4042 29.4389 29.4585
 29.4783 29.5018 29.5183 29.5345 29.5527 29.5831 29.6038 29.6207 29.6431
 29.6809 29.7029 29.7321 29.7519 29.7657 29.7794 29.8057 29.8554 29.8731
 29.8935 29.9141 29.9418 29.9756 29.9943
30.0173 30.0358 30.0504 30.0688 30.0855 30.1009 30.1171 30.1401 30.1588
 30.1823 30.1988 30.2138 30.2326 30.256  30.2801 30.2983 30.3238 30.3434
 30.3596 30.3763 30.3934 30.4171 30.4566 30.4958 30.5338 30.5593 30.6224
 30.6504 30.7761 34.0325 35.4686 36.4721 36.5606 36.7695 36.8069 36.8887
 36.9243 36.9662 36.9876 37.043  37.0678 37.1108 37.1346 37.1507 37.2024
 37.2227 37.2506 37.2715 37.2904 37.3175 37.3323 37.3687 37.3927 37.418
 37.4376 37.4628 37.4981 37.5223 37.5356 37.5493 37.5678 37.5926 37.6163
 37.6364 37.6534 37.6721 37.6875 37.736  37.7729 37.791  37.8114 37.8311
 37.8556 37.8739 37.8885 37.9052 37.931  37.9637 37.9968 38.0148 38.0307
 38.0542 38.0797 38.1031 38.1277 38.1596 38.1897 38.2272 38.2741 38.2946
 38.3222 38.3449 38.3766 38.3983 38.4364 38.4779 38.5424 38.6246 38.6718
 38.7067 38.7548 38.9607
43.3539 44.8089 44.843  44.8644 44.899  44.9892 45.0175 45.0666 45.1052
 45.1505 45.2008 45.2202 45.25   45.2635 45.2847 45.3062 45.3233 45.3478
 45.379  45.402  45.4158 45.4459 45.47   45.4868 45.5038 45.5165 45.5298
 45.5413 45.5579 45.5703 45.5887 45.6047 45.6289 45.6454 45.6606 45.6759
 45.6949 45.7121 45.7274 45.7405 45.7559 45.7696 45.7828 45.7993 45.8127
 45.8294 45.8404 45.8504 45.8648 45.8798 45.8969 45.9097 45.922  45.9368
 45.95   45.9657 45.9775 45.9894 46.0065 46.0198 46.0343 46.0487 46.0634
 46.0759 46.0871 46.0974 46.1098 46.1269 46.1458 46.1615 46.1785 46.1923
 46.2039 46.2194 46.2366 46.2485 46.2611 46.2718 46.2872 46.3073 46.3241
 46.3361 46.3502 46.3669 46.3792 46.3927 46.4119 46.428  46.4494 46.4612
 46.4749 46.4902 46.5046 46.5203 46.5351 46.5539 46.58   46.5922 46.6075
 46.6268 46.6574 46.6776 46.6926 46.7096 46.7324 46.7586 46.7795 46.801
 46.8419 46.8604 46.9133 46.9339 47.0586 47.1174 47.1548 47.259
51.5148 51.9762 52.1565 52.2855 52.5561 52.6733 52.7699 52.8242 52.8438
 52.8978 52.9293 52.9489 52.9632 52.9772 52.9948 53.0213 53.0412 53.0585
 53.0723 53.0905 53.1187 53.1428 53.1592 53.1827 53.1964 53.2109 53.2282
 53.2472 53.2591 53.2703 53.2812 53.2946 53.3103 53.325  53.3433 53.3629
 53.3804 53.3955 53.4083 53.421  53.4404 53.4558 53.4685 53.4803 53.4948
 53.5105 53.5231 53.5368 53.5478 53.5603 53.5731 53.5914 53.6086 53.6224
 53.6373 53.6499 53.6605 53.6765 53.6914 53.7096 53.7212 53.7344 53.745
 53.7595 53.776  53.7895 53.8055 53.8174 53.8297 53.8404 53.8617 53.88
 53.8929 53.906  53.92   53.9348 53.9456 53.964  53.9767 53.9935 54.007
 54.0244 54.0377 54.0526 54.0647 54.0781 54.0891 54.1027 54.1165 54.1375
 54.1506 54.1619 54.1811 54.1928 54.207  54.2199 54.2381 54.2507 54.2675
 54.2805 54.2949 54.313  54.3281 54.3412 54.3681 54.3856 54.4008 54.4149
 54.4378 54.4545 54.4712 54.4938 54.5175 54.5407 54.5567 54.5789 54.6008
 54.6245 54.661  54.7    54.7257 54.76   54.794  54.8537 54.9272 54.9992
 55.0452
60.4916 60.5665 60.6304 60.6813 60.8218 60.8896 60.9184 60.9515 60.9794
 61.0063 61.081  61.0981 61.1418 61.1754 61.2085 61.2402 61.2658 61.2845
 61.341  61.3628 61.3793 61.3956 61.4132 61.4351 61.4577 61.473  61.491
 61.5067 61.5274 61.5436 61.5567 61.5753 61.5887 61.6076 61.619  61.636
 61.6626 61.6768 61.6897 61.7076 61.7294 61.7436 61.758  61.7722 61.7882
 61.8009 61.8186 61.8321 61.8488 61.8692 61.8864 61.901  61.9174 61.9403
 61.9605 61.9802 62.0019 62.0181 62.0348 62.0525 62.0649 62.0851 62.1071
 62.1253 62.1402 62.1591 62.1739 62.1874 62.2166 62.2402 62.2535 62.2666
 62.291  62.3097 62.3258 62.3416 62.3538 62.3716 62.3873 62.4062 62.4244
 62.4396 62.478  62.5018 62.5227 62.6065 62.6383 62.6805 62.7013 62.7316
 62.7764 62.8647 62.9737 67.3581 67.6489 68.5289 68.6771 68.8137 68.9905
 69.0358 69.0734 69.1291 69.1824 69.2178 69.2646 69.2804 69.3285 69.3591
 69.3739 69.3965 69.4127 69.4297 69.4471 69.4663 69.4855 69.5049 69.5277
 69.5447 69.5649 69.5874 69.6075 69.6245 69.6487 69.6657 69.6845 69.6981
 69.7111 69.7242 69.7349 69.7482 69.7695 69.791  69.8175 69.8314 69.8512
 69.8642 69.8822 69.8944 69.9079 69.9236 69.9409 69.9616 69.9774 69.9924

