12.0518 12.1221 13.0614 13.1262 13.2    13.4228 13.4497 13.4655 13.5354
20.5545 20.9558 21.0347 21.4184 21.617  22.1629 27.762  28.1712 28.2455
 28.9435 29.1594 29.3603 29.4241 29.5306
32.9639 33.2867 34.7449 36.4522 37.0958 37.3819 37.4267 37.4647 37.5896
 37.6165 37.7482
43.9501 44.6117 45.0653 45.2756 45.2961 45.3201 45.4466 45.4685 45.4941
 45.5626 45.5988 45.6298 45.6703 45.8309 45.8689
51.3556 51.9156 52.1595 52.5396 52.5916 52.6219 52.9195 52.9486 52.9667
 53.0469 53.0764 53.0917 53.1168 53.1497 53.2082 53.289  53.3437 53.3632
 53.3917 53.6685
60.8879 60.9962 61.3101 61.3639 61.3927 61.4475 61.4763 61.4951 61.5141
 61.6218 61.6568 67.9428 68.7088 68.7994 69.0495 69.08   69.1876 69.384
 69.5889 69.6149 69.6388 69.6963

