11.1559 11.5384 11.8996 12.2415 12.51   12.6922 12.8689 12.9895 13.0288
 13.1171 13.2313 13.2959 13.4428 18.6663
21.5937 27.1819 27.3294 27.9856 28.3218 29.1177 29.1808 29.1975 29.2298
 29.2699 29.3057 29.525
33.7868 34.8974 36.1486 36.3116 36.775  36.8935 36.9314 37.1123 37.1607
 37.2775 37.3976 37.4839 37.6288
44.2656 44.7124 44.7498 44.8689 44.9695 45.0134 45.0384 45.1359 45.175
 45.2437 45.2808 45.3099 45.3709 45.3873 45.4379 45.4634 45.4888 45.5176
 45.5797 45.7353 45.8401
51.2566 52.3261 52.4958 52.7063 52.799  52.8362 52.8597 52.9374 52.9897
 53.0399 53.0649 53.0941 53.178  53.2054 53.232  53.3439 53.4266 53.4511
 53.4741
60.158  60.4407 60.9494 61.0285 61.1446 61.1926 61.2243 61.3227 61.3946
 61.5097 61.6801 66.2176 66.6862 68.8803 68.9115 69.0589 69.1747 69.211
 69.3223 69.3434 69.4022 69.4302 69.4627 69.4878 69.6175 69.7072

