10.7917 11.3268 12.1616 12.3596 12.5805 12.6242 12.6406 12.7289 12.7802
 12.988  13.0767 13.2025 13.264  17.7444 19.5481 19.7869 19.9331
20.0189 20.0599 20.2054 20.2998 20.3415 20.4233 20.5779 20.6965 20.7388
 20.7838 20.8203 21.0908 21.1342 28.3379 28.4929 28.6211 28.6536 28.8122
 28.9099 29.1426 29.2607
35.3848 36.4441 37.3684
43.4415 44.7129 45.0871 45.1538 45.5084 45.5729
52.4604 52.6926 53.1886 53.3717 53.7479
60.2767 60.47   60.5707 60.6958 60.7479 61.0515 61.3538 61.3819 61.4334
 61.5036 61.5275 61.7051 67.3823 67.6795 68.5706 68.6616 68.8982 69.0567
 69.1159 69.1379 69.1655 69.3106 69.5372

