11.3306 11.5027 11.6779 11.7875 12.1088 12.1989 12.2838 12.4594 12.5826
 12.6139 12.6315 12.6549 12.6859 12.7259 12.7416 12.7633 12.7782 12.795
 12.8237 12.8524 12.8881 12.91   12.9415 12.9706 12.9919 13.0045 13.0215
 13.0507 13.0668 13.0824 13.0988 13.1138 13.1327 13.1497 13.1635 13.1787
 13.1966 13.2115 13.2265 13.2432 13.2561 13.2671 13.2819 13.2951 13.3145
 13.3362 13.3554 13.3691 13.3839 13.3978 13.4187 13.4389 13.4505 13.4622
 13.4734 13.4845 13.5032 13.5167 13.5287 13.5459 13.5608 13.5742 13.5854
 13.5966 13.609  13.6206 13.6327 13.6446 13.6594 13.6705 13.6834 13.6969
 13.7103 13.7228 13.7355 13.7475 13.7588 13.7709 13.7838 13.7933 13.8045
 13.8152 13.827  13.8396 13.8565 13.8745 13.8878 13.8976 13.908  13.9195
 13.9353 13.9476 13.9595 13.9717 13.9843 13.9972 14.0127 14.0275 14.0387
 14.0572 14.0677 14.0845 14.101  14.1136 14.1317 14.1423 14.1567 14.172
 14.1905 14.2032 14.2223 14.2371 14.2728 14.3032 14.3409 14.3822 14.4115
 14.5063 14.5446 14.7582 14.7979 19.5188 19.6956 19.8774
20.0306 20.1513 20.2815 20.3007 20.3457 20.3914 20.4199 20.4879 20.5142
 20.5395 20.5639 20.6    20.6312 20.6551 20.6727 20.7097 20.7281 20.745
 20.7671 20.7913 20.8066 20.8215 20.8423 20.8675 20.8904 20.9057 20.9204
 20.9426 20.967  20.9867 21.0016 21.015  21.0365 21.0506 21.0834 21.0979
 21.1143 21.1397 21.1601 21.1798 21.1977 21.2198 21.2363 21.2565 21.2742
 21.2902 21.308  21.3203 21.3375 21.3554 21.3683 21.3857 21.4002 21.4133
 21.4304 21.4454 21.4586 21.4713 21.4864 21.5023 21.5161 21.5284 21.544
 21.5568 21.5704 21.5866 21.6011 21.6198 21.6441 21.6606 21.6767 21.6946
 21.7144 21.7318 21.7509 21.7674 21.7827 21.7981 21.8171 21.836  21.8546
 21.8739 21.8924 21.9101 21.9311 21.945  21.9576 21.9724 21.9874 22.0193
 22.0453 22.0607 22.0992 22.1188 22.1406 22.1608 22.1756 22.2026 22.2949
 22.4067 22.5392 24.0603 27.9614 28.376  28.4087 28.4616 28.5036 28.5437
 28.6017 28.6709 28.7035 28.7709 28.8029 28.8289 28.8507 28.8695 28.892
 28.9268 28.946  28.9685 28.986  29.0024 29.0161 29.0325 29.0513 29.0754
 29.0903 29.1278 29.1709 29.1884 29.2231 29.2471 29.2591 29.2722 29.285
 29.3055 29.3244 29.3426 29.3578 29.3722 29.3907 29.4063 29.4274 29.44
 29.4572 29.47   29.4843 29.5005 29.5148 29.5294 29.5437 29.5594 29.576
 29.5958 29.6075 29.6204 29.6337 29.6485 29.6637 29.6849 29.6978 29.7178
 29.7342 29.7466 29.7596 29.7786 29.791  29.8109 29.8281 29.8426 29.855
 29.871  29.8893 29.9012 29.9257 29.9394 29.9532 29.9669 29.9793 29.9948
30.0089 30.0235 30.0466 30.0588 30.0765 30.0945 30.1257 30.1722 30.1901
 30.2111 30.2425 30.2759 30.304  30.3237 30.3548 30.3747 30.3947 30.43
 30.4766 30.4985 30.558  35.3448 36.0226 36.6022 36.6711 36.7631 36.8348
 36.9896 37.0378 37.0652 37.0891 37.1267 37.1849 37.2292 37.257  37.2798
 37.2982 37.3328 37.3866 37.4092 37.4227 37.4691 37.4962 37.5153 37.5313
 37.5637 37.578  37.5939 37.6248 37.6389 37.6597 37.6788 37.6955 37.7122
 37.7303 37.7441 37.7607 37.7749 37.7887 37.8039 37.8168 37.8349 37.8484
 37.8633 37.8842 37.8983 37.911  37.9454 37.9581 37.9783 37.9987 38.0182
 38.0359 38.0583 38.0781 38.0944 38.1097 38.1317 38.1465 38.1643 38.1893
 38.2027 38.2234 38.2412 38.2654 38.288  38.3081 38.3667 38.3835 38.4065
 38.4271 38.5167 38.5835 38.6277 38.6622 38.7407 38.8472 38.9695
42.7138 44.3147 44.3857 44.826  44.8424 44.8906 44.9103 44.9345 44.9878
 45.0234 45.0608 45.0793 45.1015 45.1226 45.1577 45.1757 45.1911 45.2157
 45.2491 45.2647 45.2895 45.3059 45.323  45.3367 45.3531 45.3686 45.384
 45.4298 45.4414 45.4611 45.5072 45.5454 45.5678 45.5845 45.6026 45.6264
 45.6436 45.6647 45.682  45.6966 45.7127 45.7274 45.7434 45.7558 45.7811
 45.794  45.806  45.8176 45.8395 45.8556 45.869  45.884  45.9024 45.9204
 45.9382 45.9506 45.9629 45.9747 45.9855 46.0022 46.0143 46.0246 46.0417
 46.0567 46.0712 46.0846 46.0967 46.1091 46.1214 46.1373 46.1544 46.1715
 46.1865 46.2002 46.2128 46.2247 46.2375 46.2484 46.2592 46.2751 46.2943
 46.3085 46.3221 46.3373 46.3511 46.3676 46.3812 46.3982 46.4156 46.4338
 46.4507 46.4656 46.4846 46.5059 46.5237 46.5398 46.5605 46.5799 46.6024
 46.6251 46.6684 46.685  46.7099 46.7284 46.7533 46.7757 46.7996 46.877
 47.0228
50.3813 53.0441 53.1428 53.2225 53.2766 53.3229 53.5118 53.5619 53.6166
 53.8324 53.9246 53.9708 53.9939 54.1734 54.1997 54.2374 54.3349 54.3484
 54.4017 54.4293 54.4872 54.5191 54.5456 54.5726 54.7079 59.9912
60.4675 60.5089 60.6005 60.6357 60.6912 60.7113 60.765  60.7859 60.807
 60.8379 60.9165 60.9688 61.0316 61.0796 61.1269 61.1538 61.1798 61.2031
 61.2205 61.2448 61.2806 61.3104 61.3471 61.3752 61.4196 61.4484 61.467
 61.507  61.5371 61.558  61.5903 61.6084 61.6231 61.6423 61.6575 61.6714
 61.6889 61.7042 61.7314 61.7474 61.7578 61.7705 61.7883 61.801  61.8133
 61.8257 61.8444 61.8596 61.8798 61.8925 61.9071 61.9264 61.9421 61.9665
 62.0036 62.0226 62.0362 62.0503 62.0644 62.0771 62.0932 62.1116 62.1305
 62.1412 62.1542 62.1687 62.1817 62.1971 62.2142 62.2293 62.2448 62.2635
 62.2791 62.2935 62.3083 62.3317 62.3479 62.365  62.3772 62.4011 62.4226
 62.4433 62.4639 62.4808 62.5228 62.5393 62.5578 62.5764 62.6009 62.6188
 62.6409 62.6975 62.7249 62.7538 62.8109 62.8686 63.0588 67.4383 68.1811
 68.8887 68.9408 68.9643 69.0248 69.0492 69.0726 69.1108 69.1333 69.1466
 69.1689 69.1979 69.2237 69.2507 69.2755 69.2996 69.3208 69.3341 69.356
 69.3747 69.3879 69.4188 69.4379 69.4718 69.4973 69.5133 69.527  69.5396
 69.5547 69.5709 69.5916 69.6128 69.6406 69.6616 69.6819 69.7015 69.7159
 69.7338 69.7494 69.7627 69.774  69.7881 69.805  69.8186 69.8333 69.8488
 69.8615 69.8782 69.8895 69.9036 69.9171 69.9345 69.9483 69.9621 69.9804
 69.9972

