11.5376 11.9619 12.3215 12.4204 12.5019 12.5917 12.6416 12.6727 12.7133
 12.7408 12.7603 12.7798 12.8157 12.8382 12.8726 12.8989 12.9179 12.9455
 12.9678 13.0106 13.0257 13.0418 13.0557 13.0692 13.0881 13.1067 13.1221
 13.1363 13.151  13.1649 13.1871 13.2047 13.226  13.2433 13.2636 13.2754
 13.2883 13.3053 13.3197 13.3352 13.3498 13.3639 13.3772 13.3898 13.4011
 13.4131 13.427  13.442  13.4583 13.4721 13.4848 13.4978 13.508  13.519
 13.5298 13.5402 13.5549 13.5679 13.5788 13.5881 13.6026 13.6161 13.631
 13.6465 13.6586 13.6708 13.681  13.6943 13.7097 13.7218 13.737  13.7503
 13.7655 13.7804 13.7967 13.8083 13.8245 13.844  13.8564 13.8666 13.878
 13.892  13.9046 13.917  13.9285 13.9406 13.9573 13.9769 13.9909 14.0074
 14.0243 14.0367 14.0495 14.0666 14.0806 14.0981 14.1121 14.1266 14.1449
 14.1633 14.1815 14.1965 14.2171 14.2326 14.2665 14.2933 14.3199 14.3365
 14.3519 14.3701 14.3891 14.4104 14.4862 17.2251 18.8799 19.8637
20.2796 20.3152 20.3546 20.3805 20.4227 20.4541 20.4905 20.5921 20.6064
 20.6391 20.6681 20.6915 20.7134 20.7336 20.7529 20.7897 20.8319 20.8483
 20.8705 20.9105 20.9495 20.9665 20.9878 21.0082 21.025  21.04   21.0551
 21.0708 21.0855 21.0996 21.1158 21.1307 21.1551 21.1778 21.2017 21.2163
 21.2285 21.2409 21.2571 21.2705 21.2835 21.3033 21.3173 21.3348 21.3511
 21.3715 21.3854 21.4031 21.4166 21.4282 21.4406 21.4537 21.4674 21.4823
 21.5004 21.5146 21.5261 21.5479 21.5647 21.5809 21.5944 21.6048 21.6169
 21.6304 21.6437 21.6553 21.668  21.6862 21.7013 21.7144 21.7374 21.7516
 21.7626 21.775  21.7889 21.8061 21.8248 21.8349 21.8469 21.8587 21.8763
 21.892  21.9066 21.9198 21.9393 21.9543 21.9715 21.9827 22.0175 22.0421
 22.0651 22.0912 22.1127 22.1458 22.1835 22.2188 22.2958 28.5058 28.5362
 28.5603 28.6727 28.7153 28.7426 28.7616 28.8109 28.8476 28.9282 28.9552
 28.9786 29.0026 29.0202 29.0407 29.0659 29.0859 29.1073 29.1236 29.1373
 29.1539 29.1897 29.2075 29.2271 29.2415 29.2601 29.2829 29.3038 29.3166
 29.3353 29.3538 29.3689 29.3887 29.4038 29.4183 29.4367 29.4651 29.4873
 29.5084 29.5268 29.5407 29.5542 29.5686 29.5901 29.6047 29.6178 29.6311
 29.6405 29.6533 29.6649 29.6957 29.7114 29.7236 29.7358 29.7568 29.7727
 29.7882 29.8068 29.8249 29.8372 29.8517 29.8627 29.8764 29.8896 29.9091
 29.9264 29.9416 29.9541 29.9745 29.9908
30.0038 30.0276 30.0773 30.1    30.1165 30.1364 30.1609 30.1887 30.2038
 30.2211 30.2388 30.2676 30.3202 30.3382 30.3696 30.4105 30.5151 30.5683
 30.6012 34.0904 36.3207 36.5633 36.5974 36.6339 36.741  36.77   36.8954
 36.9284 36.9621 36.9889 37.0081 37.0275 37.0453 37.0895 37.108  37.1317
 37.1469 37.161  37.2154 37.2595 37.2929 37.306  37.359  37.3876 37.4058
 37.4881 37.5182 37.5375 37.5533 37.5718 37.6061 37.6297 37.6476 37.6632
 37.6754 37.6954 37.7144 37.7338 37.7476 37.7609 37.7854 37.8042 37.8413
 37.8573 37.8756 37.901  37.9218 37.941  37.9584 37.9705 37.9822 37.9974
 38.0118 38.0275 38.0468 38.0623 38.0915 38.1074 38.1275 38.144  38.1644
 38.1793 38.1918 38.2344 38.2652 38.3005 38.3174 38.3581 38.3854 38.4176
 38.4625 38.5099 38.5494 38.5952 38.6481
43.5434 44.7809 44.9103 44.9418 45.068  45.1066 45.2038 45.2299 45.2528
 45.2762 45.2952 45.3242 45.3413 45.3659 45.4018 45.4268 45.4476 45.4628
 45.4816 45.5042 45.5281 45.5793 45.5981 45.6212 45.6375 45.6522 45.6643
 45.6775 45.6904 45.7074 45.7207 45.7334 45.7469 45.7606 45.7726 45.7916
 45.8061 45.8201 45.8339 45.8436 45.8557 45.8692 45.8811 45.898  45.9119
 45.9256 45.9419 45.9573 45.9707 45.9843 45.9944 46.0082 46.0224 46.0332
 46.0448 46.0598 46.0751 46.0909 46.1073 46.1217 46.1446 46.1583 46.1728
 46.1864 46.2016 46.2138 46.2289 46.2427 46.254  46.2652 46.2794 46.2983
 46.313  46.3296 46.352  46.3714 46.3871 46.4035 46.4225 46.4367 46.452
 46.4689 46.4922 46.5132 46.533  46.5478 46.5616 46.5775 46.5937 46.6204
 46.6459 46.6653 46.7117 46.7395 46.7626 46.8567 46.9032 49.895
51.311  53.0085 53.0357 53.3491 53.4079 53.5087 53.7729 53.8267 53.8786
 53.9146 53.9434 54.0164 54.0838 54.1368 54.2111 54.2589 54.2824 54.3032
 54.3989 54.4363 54.4655 54.5028 54.5358 54.6678 54.7365 54.7728 54.7954
 54.8855 55.0575 59.7103 59.8038
60.5448 60.5805 60.7186 60.837  60.865  60.9279 60.9707 61.0405 61.1033
 61.1277 61.1599 61.1824 61.2304 61.2583 61.3445 61.3583 61.385  61.4001
 61.4255 61.4704 61.4971 61.5296 61.5501 61.572  61.5871 61.5995 61.6118
 61.6242 61.6397 61.6547 61.6715 61.6911 61.7099 61.7256 61.7498 61.7659
 61.7784 61.7928 61.8059 61.8206 61.8402 61.8698 61.8854 61.8993 61.9139
 61.9266 61.9399 61.9755 61.9931 62.0119 62.0281 62.0397 62.0538 62.0707
 62.0838 62.1009 62.1146 62.1273 62.1416 62.1545 62.1685 62.1807 62.1951
 62.216  62.2292 62.2458 62.2618 62.2797 62.2939 62.3227 62.3434 62.3623
 62.3802 62.3965 62.4206 62.4331 62.4504 62.4675 62.4837 62.5033 62.5275
 62.5602 62.6026 62.6258 62.6719 62.6972 62.7489 62.7831 68.2306 68.3317
 68.4967 68.6688 68.7311 68.8102 68.8597 68.9203 68.9804 69.032  69.0719
 69.1036 69.1408 69.1539 69.1821 69.2164 69.2336 69.2495 69.2729 69.3046
 69.3349 69.3881 69.4063 69.4245 69.4574 69.4829 69.5098 69.5434 69.5652
 69.5888 69.6219 69.6367 69.6545 69.6701 69.6834 69.6956 69.7106 69.7264
 69.743  69.7546 69.771  69.7859 69.805  69.8199 69.8329 69.8456 69.8621
 69.8753 69.8895 69.9043 69.9206 69.9338 69.9477 69.9617 69.9769 69.9869
 69.9979

