10.7885 12.9366 12.9998 13.0381 13.1225 13.1409 13.2144 13.2452 13.3183
 13.3588 13.3811 13.4059 13.4254 13.4518 13.4764 13.4923 13.5137 13.5284
 13.5521 13.5708 13.5888 13.6062 13.6285 13.6479 13.66   13.6741 13.6861
 13.6973 13.7095 13.7229 13.7399 13.7544 13.7706 13.783  13.7947 13.808
 13.8199 13.8349 13.8446 13.8568 13.868  13.8806 13.8974 13.9116 13.924
 13.936  13.9479 13.9598 13.9697 13.9813 13.9928 14.0053 14.0192 14.0325
 14.0432 14.0558 14.0672 14.0825 14.093  14.103  14.1147 14.1239 14.1338
 14.1495 14.1605 14.1697 14.1817 14.1915 14.2007 14.2098 14.2201 14.2307
 14.2424 14.2521 14.2635 14.274  14.2865 14.2972 14.3085 14.3207 14.3318
 14.3411 14.3511 14.3622 14.3736 14.3886 14.398  14.4091 14.4195 14.4321
 14.4418 14.4521 14.4645 14.4762 14.4874 14.4982 14.5089 14.5223 14.5342
 14.5474 14.5597 14.5731 14.5855 14.5958 14.609  14.6217 14.6371 14.6516
 14.6644 14.6789 14.6962 14.7115 14.7257 14.7371 14.7493 14.7683 14.78
 14.7958 14.8173 14.8318 14.8487 14.8625 14.8797 14.8918 14.9079 14.9223
 14.9424 14.9567 14.9713 14.987  15.0043 15.0209 15.0455 15.0636 15.0797
 15.1059 15.1357 15.1566 15.1832 15.2133 15.2543 15.2806 15.3022 15.3501
 15.3881 15.5826
21.3191 21.5403 21.6289 21.6929 21.7198 21.7894 21.8475 21.8885 21.909
 21.9592 21.9758 22.0028 22.0221 22.0417 22.0533 22.0711 22.1026 22.1226
 22.1412 22.1574 22.1766 22.1903 22.2113 22.2264 22.2412 22.2559 22.2712
 22.2877 22.3062 22.3217 22.3375 22.3584 22.3712 22.3993 22.4113 22.4266
 22.4374 22.4586 22.4697 22.4813 22.4944 22.5072 22.518  22.533  22.5464
 22.5614 22.5747 22.5897 22.6042 22.622  22.637  22.6542 22.6668 22.6828
 22.6927 22.703  22.7127 22.724  22.7344 22.7459 22.7558 22.7687 22.7815
 22.7958 22.8105 22.8281 22.8407 22.8605 22.8749 22.8942 22.9075 22.9264
 22.9403 22.9547 22.9657 22.9833 22.9979 23.0246 23.039  23.0506 23.0641
 23.0897 23.1122 23.1321 23.1463 23.1666 23.1837 23.2062 23.2295 23.2439
 23.2639 23.2759 23.3066 23.3273 23.3435 23.3562 23.3711 23.3951 23.4135
 23.4473 23.4656 23.4864 23.5041 23.5255 23.5754 23.595  23.6138 23.6316
 23.6996 23.7192 23.7396 23.7648 23.8684 23.9355 23.9739 29.7248 29.8768
 29.9957
30.1935 30.2113 30.2809 30.3217 30.3511 30.3829 30.4128 30.4326 30.4536
 30.4792 30.5082 30.5232 30.5445 30.5659 30.5954 30.6203 30.6402 30.6541
 30.6726 30.6973 30.7122 30.7244 30.7358 30.7481 30.759  30.772  30.7876
 30.8014 30.8151 30.8257 30.8376 30.8481 30.8577 30.8717 30.8842 30.8968
 30.9105 30.9226 30.936  30.9491 30.9617 30.9733 30.9852 30.9969 31.0102
 31.023  31.0357 31.0466 31.0579 31.0688 31.0807 31.0925 31.1047 31.1145
 31.1238 31.1339 31.143  31.1537 31.1649 31.1774 31.1898 31.2004 31.2128
 31.2252 31.2361 31.2467 31.258  31.2715 31.2834 31.2953 31.3068 31.322
 31.336  31.3477 31.3599 31.3724 31.3854 31.3978 31.4111 31.4223 31.4332
 31.4425 31.4543 31.4654 31.4777 31.4945 31.5062 31.5212 31.5323 31.5462
 31.5599 31.5747 31.5877 31.6016 31.6143 31.6333 31.6486 31.6656 31.6778
 31.6913 31.7106 31.725  31.7433 31.7702 31.7861 31.8001 31.8134 31.8334
 31.8469 31.8639 31.8757 31.8885 31.9131 31.9365 31.9575 31.9751 31.9931
 32.0098 32.0262 32.0461 32.065  32.0882 32.1108 32.1285 32.1476 32.1851
 32.2156 32.2378 32.2708 32.3058 32.4957 38.224  38.3432 38.5868 38.6227
 38.818  38.8493 38.9373 38.9656 39.0278 39.0599 39.1213 39.1573 39.1744
 39.2047 39.2201 39.2747 39.2986 39.3189 39.3334 39.3562 39.3906 39.4055
 39.4185 39.4353 39.4587 39.483  39.5021 39.5205 39.5429 39.5584 39.5775
 39.6057 39.6195 39.6438 39.6613 39.6788 39.6946 39.719  39.7364 39.7551
 39.7728 39.7857 39.8    39.8156 39.8291 39.8447 39.8639 39.8773 39.8937
 39.9095 39.9216 39.9363 39.9481 39.9616 39.9775 39.9878
40.0024 40.016  40.0296 40.0463 40.0653 40.0806 40.0938 40.1143 40.1363
 40.1543 40.1655 40.1784 40.1932 40.204  40.2177 40.2321 40.2467 40.2614
 40.2746 40.2863 40.2999 40.3148 40.3275 40.3424 40.3564 40.3706 40.3866
 40.4018 40.419  40.4312 40.4454 40.458  40.4745 40.4875 40.4985 40.5129
 40.5289 40.5406 40.5597 40.5732 40.5963 40.615  40.6317 40.6486 40.6672
 40.6846 40.7033 40.7179 40.7357 40.7521 40.7737 40.8029 40.8234 40.8426
 40.8564 40.8698 40.8871 40.8988 40.9159 40.9334 40.9612 40.9735 40.9981
 41.0284 41.0537 41.0856 41.1064 41.1506 41.1793 41.2122 41.2701 41.3154
 41.4308 47.1609 47.1944 47.2652 47.3236 47.3946 47.4156 47.4528 47.4825
 47.5073 47.5254 47.5455 47.5668 47.589  47.6049 47.6228 47.6549 47.7007
 47.7249 47.7445 47.7733 47.7894 47.8001 47.8132 47.8256 47.8416 47.8573
 47.8708 47.8818 47.8932 47.9072 47.9224 47.9343 47.946  47.9574 47.9694
 47.982  47.9951 48.0061 48.0194 48.0305 48.0433 48.0559 48.0678 48.0814
 48.0936 48.1054 48.118  48.1268 48.1391 48.1494 48.1599 48.1711 48.1836
 48.1978 48.2098 48.2225 48.2324 48.2435 48.2546 48.2665 48.2747 48.2848
 48.294  48.3028 48.3137 48.3233 48.3326 48.3418 48.3507 48.3609 48.3709
 48.3802 48.3923 48.4047 48.4159 48.4266 48.4395 48.4497 48.4585 48.4678
 48.4777 48.4869 48.4957 48.5067 48.5198 48.5297 48.5405 48.5495 48.5609
 48.573  48.584  48.596  48.6076 48.618  48.6316 48.6409 48.6508 48.661
 48.6739 48.6834 48.6959 48.7063 48.7163 48.7288 48.7411 48.7536 48.7684
 48.7829 48.7947 48.807  48.8182 48.8318 48.8453 48.8598 48.872  48.8855
 48.8957 48.9078 48.9186 48.932  48.9428 48.9564 48.9707 48.9835 48.9951
 49.0112 49.0254 49.0376 49.0515 49.0656 49.0784 49.0945 49.1069 49.1197
 49.135  49.1494 49.1617 49.1757 49.1925 49.2073 49.2214 49.2402 49.2542
 49.2701 49.296  49.3117 49.3276 49.3662 49.3846 49.4197 49.4392 49.459
 49.5068 49.5339 49.5656 49.6306 49.6484 49.7305 49.7854
50.0184 54.5    55.0031 55.1206 55.3157 55.4203 55.4582 55.587  55.6741
 55.7191 55.7355 55.8045 55.8331 55.8565 55.8715 55.8985 55.9197 55.939
 55.9761 55.9946 56.0325 56.0676 56.0979 56.1272 56.142  56.1516 56.1662
 56.1818 56.1948 56.2102 56.2262 56.2434 56.2566 56.269  56.2807 56.2995
 56.3122 56.3263 56.3396 56.3511 56.366  56.3768 56.3889 56.4009 56.4127
 56.4311 56.4427 56.4556 56.4685 56.4785 56.489  56.4993 56.5119 56.5228
 56.5332 56.5453 56.5554 56.5673 56.5777 56.5881 56.5981 56.6094 56.624
 56.6351 56.6471 56.6559 56.6661 56.6765 56.6889 56.6999 56.7109 56.722
 56.7314 56.7428 56.7529 56.7618 56.7705 56.7813 56.7914 56.8004 56.8096
 56.8221 56.832  56.8422 56.8522 56.8612 56.8715 56.8801 56.89   56.8998
 56.9089 56.9171 56.9276 56.9367 56.9467 56.9561 56.967  56.9767 56.9886
 56.9982 57.0084 57.0169 57.0276 57.0377 57.0469 57.0561 57.067  57.079
 57.0904 57.1005 57.11   57.1196 57.1298 57.1404 57.1519 57.1618 57.1763
 57.1883 57.1997 57.2119 57.2265 57.2397 57.25   57.2607 57.2733 57.2883
 57.3016 57.315  57.3311 57.3415 57.3527 57.3626 57.3732 57.3924 57.4055
 57.4219 57.435  57.4476 57.4651 57.4782 57.4907 57.5041 57.5162 57.5329
 57.5466 57.5571 57.5697 57.583  57.599  57.6117 57.6269 57.6412 57.6611
 57.674  57.6869 57.702  57.7182 57.7353 57.7515 57.7667 57.7824 57.8017
 57.8188 57.8343 57.8507 57.8674 57.8848 57.9028 57.9199 57.9627 57.9946
 58.0153 58.0873 58.1207
61.9788 64.3278 64.6615 64.7467 64.841  64.9345 64.9932 65.0277 65.0595
 65.095  65.1244 65.1402 65.184  65.2121 65.2403 65.2628 65.3058 65.3385
 65.3605 65.3817 65.4113 65.432  65.4468 65.4722 65.5098 65.5378 65.5568
 65.5827 65.6046 65.6239 65.6403 65.667  65.6963 65.7205 65.7366 65.7549
 65.7726 65.7884 65.7981 65.8124 65.8279 65.8432 65.8554 65.8681 65.8798
 65.8938 65.9058 65.9208 65.9379 65.9523 65.9661 65.9801 65.9931 66.0109
 66.0232 66.0347 66.0466 66.0579 66.0805 66.0985 66.1106 66.123  66.1398
 66.1569 66.1751 66.1914 66.2071 66.2206 66.2402 66.2532 66.2685 66.2813
 66.3009 66.3216 66.3357 66.3487 66.3603 66.3721 66.3873 66.4062 66.4232
 66.4415 66.4579 66.4721 66.4852 66.4977 66.5221 66.5469 66.5608 66.5737
 66.5933 66.6161 66.6381 66.6589 66.6811 66.7078 66.7229 66.7466 66.7674
 66.7919 66.8143 66.8455 66.8637 66.8852 66.9055 66.9387 66.966  66.9862
 67.0125 67.0443 67.0906 67.1181 67.2324 67.2857 67.3149 67.4788

