10.5687 12.2628 12.7468 12.7938 12.8674 13.0712 13.1325 13.3088 13.3572
 13.4818 13.5314 13.5858 13.7286 13.7902 13.8169 13.9111 13.9532
20.6301 20.6564 20.8375 21.0708 21.2537 21.3119 21.5792 21.6919 21.8136
 21.8839 22.0007 22.0389 28.337  29.6485 29.7227 29.795  29.9801
30.1626 30.2293 30.2762 30.4083 30.4326 30.5212 31.0538 37.0604 38.0068
 38.4789 38.5388 38.6427 38.7719 38.8518 38.9148 38.9635 39.0647 39.1986
 39.2793 39.3799 39.4278
45.9275 46.8173 47.0499 47.1558 47.3847 47.4403 47.5076 47.5602 47.6989
 47.8305 47.9486 48.0696 48.1063
54.0368 55.3357 55.4859 55.6851 55.7568 55.8339 55.9912 56.011  56.0763
 56.1966 56.3478
64.0171 64.1879 64.6326 64.6891 64.9089 65.0106 65.1432 65.1737 65.2552
 65.2793 65.3284

