12.6676 12.7409 12.8479 12.9221 13.0213 13.0488 13.1125 13.1759 13.2243
 13.2512 13.2714 13.2903 13.3052 13.3256 13.3524 13.3711 13.4042 13.4274
 13.4505 13.4659 13.4816 13.5086 13.5234 13.5373 13.5497 13.5644 13.5808
 13.5969 13.6255 13.6392 13.6553 13.6689 13.6843 13.6946 13.7065 13.7184
 13.7315 13.744  13.7541 13.7646 13.7746 13.7877 13.7998 13.8113 13.8224
 13.8347 13.8445 13.857  13.8679 13.8788 13.8893 13.9005 13.9105 13.9203
 13.9299 13.941  13.9565 13.9682 13.9805 13.9925 14.0036 14.0177 14.0287
 14.0412 14.0532 14.0648 14.0755 14.087  14.0975 14.1079 14.1189 14.1316
 14.1417 14.1517 14.1604 14.1705 14.1815 14.1961 14.2088 14.2184 14.2288
 14.2393 14.2499 14.2603 14.2713 14.2822 14.2921 14.3026 14.3125 14.3235
 14.3325 14.3423 14.3509 14.3631 14.3791 14.3896 14.3996 14.409  14.4193
 14.4296 14.4441 14.455  14.466  14.478  14.4885 14.5007 14.5116 14.5276
 14.5416 14.5543 14.5672 14.5797 14.5925 14.6063 14.6195 14.6324 14.647
 14.6604 14.6765 14.6866 14.7014 14.7145 14.7251 14.7372 14.7495 14.7614
 14.7745 14.7896 14.8093 14.8334 14.8516 14.8761 14.897  14.9205 14.9424
 14.9734 14.9907 15.0147 15.0363 15.0677 15.1168 15.1829
20.0219 20.3306 20.6708 21.0016 21.1339 21.2399 21.3512 21.3772 21.4174
 21.4446 21.484  21.5499 21.602  21.6225 21.6637 21.7089 21.7351 21.7602
 21.7829 21.8127 21.8342 21.8618 21.8798 21.8984 21.9162 21.9454 21.9868
 22.0082 22.0273 22.0433 22.0549 22.0721 22.0908 22.1047 22.1204 22.1356
 22.1511 22.1643 22.179  22.1907 22.2112 22.2315 22.2446 22.2616 22.2777
 22.2915 22.3076 22.3217 22.3387 22.3526 22.3642 22.3789 22.3906 22.402
 22.4164 22.4287 22.4394 22.4557 22.468  22.4817 22.4927 22.5025 22.5147
 22.527  22.5419 22.5536 22.5655 22.5795 22.5898 22.6067 22.6194 22.6316
 22.6435 22.6623 22.6764 22.6897 22.7017 22.7134 22.7254 22.7401 22.7559
 22.7663 22.7774 22.7874 22.8009 22.8119 22.828  22.847  22.8622 22.8754
 22.8901 22.9044 22.9139 22.9257 22.9397 22.9536 22.9738 22.9925 23.0068
 23.0181 23.0318 23.0468 23.0665 23.0873 23.1001 23.1164 23.1335 23.1485
 23.1629 23.1746 23.1893 23.2041 23.2169 23.2363 23.2534 23.2719 23.2921
 23.3159 23.3472 23.3959 23.4208 23.4404 23.4824 23.5569 23.5913 23.6371
 23.6801 23.7746 23.9128 25.0795 29.0933 29.1288 29.5909 29.8176 29.9755
 29.998
30.0284 30.0793 30.1016 30.1584 30.183  30.2121 30.2312 30.2629 30.2921
 30.3472 30.3619 30.3836 30.3995 30.4145 30.4315 30.4519 30.4676 30.4854
 30.4993 30.5179 30.5392 30.5536 30.5822 30.5976 30.612  30.6295 30.6468
 30.6591 30.6809 30.6958 30.7087 30.7244 30.7384 30.7568 30.773  30.7838
 30.7964 30.8076 30.8209 30.8333 30.8441 30.8581 30.8697 30.8811 30.8909
 30.9039 30.9165 30.9296 30.9442 30.9553 30.9654 30.9765 30.9879 31.0005
 31.0095 31.0205 31.0315 31.0412 31.0522 31.0666 31.0771 31.0902 31.1025
 31.1157 31.127  31.14   31.1516 31.1618 31.1721 31.1824 31.1936 31.2071
 31.2183 31.2289 31.2396 31.251  31.2615 31.2726 31.2842 31.2949 31.308
 31.3186 31.3331 31.3448 31.359  31.3717 31.3843 31.3977 31.4095 31.4202
 31.4343 31.4461 31.4594 31.4686 31.4786 31.4937 31.5071 31.5193 31.5343
 31.549  31.5635 31.5767 31.5896 31.6012 31.6154 31.6304 31.6459 31.6665
 31.6896 31.7056 31.7192 31.7334 31.7513 31.7698 31.786  31.81   31.8306
 31.8634 31.8825 31.9139 31.935  31.9559 32.0006 32.0466 32.0679 32.0948
 32.14   32.2226 32.258  35.4752 35.9773 37.3073 38.3771 38.6003 38.6754
 38.7593 38.83   38.9429 38.9936 39.033  39.0562 39.0934 39.1137 39.172
 39.2493 39.2691 39.286  39.3202 39.3425 39.3781 39.4074 39.4249 39.4408
 39.4596 39.4786 39.4977 39.5118 39.5285 39.5463 39.564  39.5806 39.5917
 39.6063 39.6214 39.6352 39.6489 39.6608 39.6743 39.6904 39.7039 39.7178
 39.7311 39.7446 39.7558 39.7674 39.7781 39.7886 39.8005 39.8162 39.8278
 39.8384 39.8498 39.8628 39.8764 39.8915 39.9061 39.9166 39.929  39.9411
 39.9549 39.9695 39.9853 39.9957
40.0079 40.0234 40.0354 40.0486 40.0611 40.0741 40.0871 40.0969 40.1071
 40.1243 40.1424 40.1567 40.1696 40.1828 40.196  40.2072 40.2222 40.2382
 40.251  40.2641 40.279  40.2957 40.3088 40.3205 40.3347 40.3485 40.3695
 40.3837 40.3973 40.4108 40.4246 40.4353 40.4506 40.4722 40.4967 40.5146
 40.5301 40.5444 40.5626 40.5876 40.6113 40.64   40.6545 40.6683 40.6871
 40.7093 40.7355 40.7592 40.7749 40.8071 40.8271 40.8647 40.8845 40.9087
 40.9507 40.9696 40.9891 41.0087 41.0763 41.1098 46.3235 46.3794 46.6174
 46.7727 46.9439 47.1066 47.1415 47.173  47.2479 47.2751 47.3086 47.3425
 47.3701 47.3888 47.4011 47.4225 47.4405 47.4601 47.4848 47.5023 47.5234
 47.5443 47.5631 47.5874 47.6106 47.629  47.6462 47.6731 47.6915 47.7104
 47.7242 47.7518 47.7645 47.7777 47.7946 47.8095 47.8214 47.8447 47.8601
 47.8758 47.889  47.8992 47.91   47.9221 47.9373 47.9515 47.964  47.9782
 47.9887 48.     48.0112 48.0223 48.0323 48.0412 48.052  48.0629 48.0724
 48.0826 48.0922 48.1037 48.1146 48.1259 48.1354 48.1445 48.1577 48.1669
 48.1777 48.1862 48.196  48.2066 48.2168 48.2252 48.2346 48.2437 48.2523
 48.2647 48.2734 48.283  48.2933 48.3025 48.3121 48.3222 48.3322 48.3455
 48.3568 48.368  48.3775 48.3872 48.3964 48.4062 48.4157 48.4258 48.4368
 48.4472 48.4622 48.4756 48.4858 48.4951 48.5044 48.5187 48.5289 48.5391
 48.5516 48.563  48.5729 48.5837 48.602  48.6124 48.6256 48.6356 48.6456
 48.6551 48.6637 48.6732 48.6833 48.6968 48.7083 48.7202 48.7337 48.7469
 48.7594 48.7748 48.7906 48.8038 48.817  48.831  48.8423 48.8558 48.8673
 48.8819 48.8943 48.907  48.9194 48.932  48.9434 48.9565 48.9673 48.984
 48.9986 49.0121 49.0235 49.0359 49.0463 49.0622 49.081  49.0957 49.1124
 49.1293 49.1535 49.1743 49.1939 49.2175 49.2399 49.271  49.2893 49.3173
 49.3436 49.3954 49.5136
53.9276 54.1139 55.127  55.569  55.6023 55.6684 55.7518 55.7751 55.796
 55.828  55.8504 55.8706 55.9397 55.9584 55.9843 55.9975 56.0106 56.0222
 56.0399 56.0512 56.0678 56.0825 56.0944 56.1102 56.1259 56.1375 56.1562
 56.1733 56.19   56.2099 56.2226 56.2351 56.2457 56.2585 56.2756 56.2887
 56.3031 56.3159 56.3277 56.3405 56.3526 56.3644 56.3748 56.3846 56.3959
 56.4081 56.4176 56.4279 56.438  56.449  56.4593 56.4718 56.4816 56.491
 56.5024 56.515  56.5255 56.5365 56.5465 56.5589 56.5698 56.5803 56.5896
 56.5989 56.6083 56.6192 56.6297 56.6398 56.6509 56.6598 56.6704 56.6793
 56.6885 56.6987 56.7092 56.7201 56.729  56.7378 56.7463 56.7571 56.7662
 56.7766 56.788  56.7975 56.8071 56.8167 56.8261 56.8361 56.8446 56.8545
 56.8648 56.8742 56.8834 56.8958 56.9058 56.9162 56.9259 56.9353 56.9448
 56.9547 56.966  56.9752 56.9857 56.9963 57.0076 57.0168 57.0265 57.0358
 57.0461 57.0561 57.0652 57.0738 57.0829 57.0926 57.1027 57.1116 57.1228
 57.1337 57.1448 57.1547 57.1662 57.1765 57.1896 57.2029 57.2144 57.225
 57.2353 57.2471 57.2627 57.2759 57.2883 57.2985 57.3111 57.3258 57.3355
 57.3464 57.3567 57.3673 57.381  57.3941 57.405  57.4185 57.4308 57.4455
 57.4612 57.4801 57.4913 57.504  57.5141 57.5266 57.5387 57.5532 57.5783
 57.5935 57.6064 57.6217 57.6369 57.6516 57.6639 57.6806 57.7008 57.723
 57.7677 57.7997 57.8232 58.0026
63.0456 63.4127 63.8707 64.3766 64.7615 64.8207 64.8761 64.911  64.9917
 65.0393 65.0797 65.1059 65.1815 65.2084 65.2384 65.2522 65.2686 65.2945
 65.3259 65.3429 65.3596 65.3776 65.4034 65.4231 65.436  65.4508 65.4639
 65.4823 65.4971 65.5124 65.528  65.5426 65.5649 65.5813 65.6016 65.6146
 65.6302 65.651  65.6682 65.6876 65.7167 65.7258 65.7442 65.7624 65.7752
 65.787  65.8001 65.8149 65.8436 65.859  65.8751 65.8867 65.8997 65.9147
 65.9307 65.9471 65.9591 65.9715 65.9877 66.0061 66.0203 66.0331 66.044
 66.0551 66.0689 66.0801 66.0948 66.1069 66.1213 66.1325 66.1483 66.1627
 66.1772 66.1898 66.206  66.2172 66.2298 66.2447 66.2588 66.2723 66.2873
 66.3026 66.3154 66.3306 66.3458 66.3607 66.3827 66.3965 66.4085 66.4217
 66.4372 66.4516 66.4693 66.489  66.5173 66.533  66.5504 66.5676 66.5884
 66.6081 66.6238 66.6727 66.7001 66.7218 66.7387 66.7839 66.8264 66.8466
 66.8642 66.9004 66.9312 66.9554 66.9932

