12.5429 13.4267 13.4956 13.5546 13.6417 13.7822 13.8497 13.9964 14.112
 14.1405 14.1737 14.3093 14.331  14.3616 14.3851 14.4246 14.4445 14.4704
 14.5445 14.5811 14.6136 14.8387
22.2982 22.5896 22.7214 22.8547 23.0781 23.0977 23.1916 23.2764 23.3389
 23.3707 23.3966 23.4799 23.523  23.5716 23.6528 23.673  23.6999 23.7686
 23.8628 23.9311 23.9555 23.9904 24.0055 24.0197 24.0393 24.0589 24.0936
 24.1141 24.1287 24.1471 24.2104 24.3091 24.3232
30.9536 31.8616 32.1427 32.3207 32.3605 32.5809 32.6442 32.7613 32.8151
 32.8669 32.8843 32.8984 32.9159 32.9381 32.9526 33.0251 33.0606 33.1198
 33.1716 33.2199 33.2344 33.2522 33.2684 33.3147 33.3404 33.354  33.444
 33.4967 33.5612 33.5984
41.3498 41.5124 41.5706 41.6158 41.662  41.8448 41.92   42.0792 42.0923
 42.1197 42.1596 42.1943 42.2123 42.2879 42.3339 42.3643 42.4074 42.4794
 42.5038 42.5297 42.6994 42.7706 49.717  49.7545
50.4327 50.5548 50.6252 50.7874 50.9006 50.9383 51.0862 51.2228 51.2628
 51.3914 51.4372 51.4701 51.531  51.5471 51.5656 51.5782 51.6291 51.6894
 51.7111 51.7317 51.7466 51.7893 51.8255 51.9499 52.042  52.0996 52.2416
 59.2748
60.035  60.2785 60.3134 60.4189 60.505  60.6026 60.626  60.6416 60.7153
 60.7735 60.788  60.8102 61.0563 61.0964 61.1212 61.1647 61.196  61.2397
 61.2672 61.3242 61.3847 61.4221 67.3825 69.2733 69.4774 69.5226 69.6269
 69.6625 69.7741 69.8437 69.8727 69.9755

