13.1807 13.7573 13.783  13.8159 13.8993 13.9293 13.9708 14.0064 14.0274
 14.0809 14.0947 14.1151 14.1484 14.1978 14.2174 14.2541 14.2978 14.3169
 14.3361 14.361  14.38   14.3937 14.4073 14.4209 14.4366 14.4571 14.4708
 14.4827 14.4931 14.5146 14.5349 14.554  14.5707 14.5872 14.6001 14.6131
 14.6286 14.6466 14.6576 14.6707 14.6948 14.7127 14.7302 14.7458 14.7722
 14.7898 14.8091 14.8358 14.8562 14.8959 14.9137 15.0747 15.099
21.3135 22.1946 22.5617 22.6686 22.8089 22.9631 23.0246 23.1336 23.1707
 23.2003 23.2237 23.2466 23.4318 23.4469 23.4719 23.5035 23.5263 23.5427
 23.5689 23.6005 23.6141 23.6407 23.6649 23.6781 23.6917 23.7173 23.7305
 23.7434 23.76   23.7718 23.7918 23.8027 23.8188 23.8335 23.8588 23.8842
 23.9077 23.9219 23.9327 23.943  23.9608 23.9761 24.007  24.0176 24.03
 24.0424 24.0536 24.0649 24.0794 24.0907 24.1073 24.1179 24.1266 24.1402
 24.1497 24.1631 24.1839 24.1949 24.2064 24.2175 24.2308 24.2465 24.2598
 24.2724 24.2843 24.2991 24.3152 24.3288 24.3456 24.3578 24.3717 24.3853
 24.3987 24.4139 24.4254 24.44   24.459  24.4751 24.4901 24.5128 24.5245
 24.5476 24.5783 24.6028
31.8321 31.9237 32.3215 32.4197 32.5303 32.617  32.6314 32.6699 32.7231
 32.7631 32.7882 32.8093 32.8249 32.8438 32.8616 32.8905 32.9084 32.9508
 32.967  32.9826 33.0041 33.0219 33.0463 33.0695 33.0906 33.103  33.1192
 33.1441 33.1588 33.1743 33.1901 33.2026 33.2149 33.2321 33.2436 33.2568
 33.2711 33.2881 33.3031 33.3122 33.3234 33.3343 33.3497 33.3635 33.3723
 33.3857 33.399  33.408  33.4252 33.4357 33.4476 33.4606 33.4722 33.4866
 33.4985 33.5111 33.5241 33.5417 33.5533 33.566  33.5791 33.5888 33.601
 33.613  33.638  33.65   33.6598 33.6801 33.7034 33.7173 33.7331 33.7504
 33.7926 33.8099 33.8386 33.8636 33.8859
40.5708 41.3835 41.5869 41.6732 41.7035 41.7999 41.8492 41.9089 41.9358
 41.9734 42.0263 42.0724 42.0992 42.1228 42.1388 42.1599 42.1999 42.2739
 42.2956 42.314  42.337  42.3618 42.3849 42.4035 42.4219 42.4375 42.459
 42.4742 42.5018 42.5507 42.5737 42.6041 42.6205 42.6495 42.6623 42.7049
 42.7196 42.7442 42.7723 42.7937 42.814  42.8426 42.8696 42.9196 42.9535
 48.3744 49.1231
50.3533 50.4534 50.7157 50.8536 50.8864 50.9341 51.0868 51.1578 51.1875
 51.2077 51.2879 51.3028 51.3608 51.3897 51.4189 51.4589 51.4974 51.5147
 51.5304 51.5503 51.5781 51.603  51.622  51.64   51.6783 51.696  51.7159
 51.7412 51.764  51.7759 51.7882 51.8123 51.8252 51.8575 51.8695 51.8836
 51.9214 51.9446 51.9636 51.9806 51.9968 52.0301 52.0438 52.0559 52.0715
 52.0937 52.1135 52.1462 52.1714 52.1882 52.2127 52.2279 52.2675 52.2859
 52.2973 52.322  59.6312
60.0181 60.0758 60.2868 60.3313 60.3793 60.5036 60.5612 60.6369 60.6561
 60.6712 60.7101 60.7605 60.785  60.8097 60.8378 60.8543 60.8691 60.8923
 60.9392 60.9556 60.971  60.9902 61.0063 61.0201 61.037  61.052  61.0681
 61.1134 61.1273 61.1418 61.1542 61.1672 61.1893 61.2029 61.214  61.2278
 61.2385 61.259  61.2767 61.2889 61.3025 61.3165 61.3362 61.3484 61.3605
 61.3729 61.3838 61.3991 61.4139 61.4258 61.4509 61.4624 61.4723 61.4848
 61.4957 61.5113 61.523  61.5356 61.5474 61.5656 61.5844 61.5985 61.6087
 61.6302 61.6496 61.6632 61.6779 61.6928 61.7067 61.7293 61.7778 61.803
 61.8263 69.1024 69.5227 69.6077 69.6309 69.7827 69.8874

