10.0404 12.644  13.1147 13.4194 13.5947 13.7458 13.7766 13.8749 13.9095
 13.9316 13.9572 13.9751 13.9982 14.0187 14.0406 14.0691 14.0862 14.1064
 14.1205 14.1426 14.1598 14.1855 14.2045 14.2408 14.2549 14.2691 14.2831
 14.298  14.3197 14.3345 14.35   14.3615 14.3762 14.3864 14.4008 14.4121
 14.4268 14.4399 14.4535 14.471  14.4826 14.4952 14.5087 14.5231 14.5417
 14.5592 14.5717 14.5851 14.6002 14.6106 14.6221 14.6321 14.643  14.6557
 14.668  14.6794 14.6888 14.6989 14.7098 14.7218 14.7381 14.7527 14.7677
 14.7812 14.798  14.8192 14.8329 14.8477 14.862  14.8731 14.882  14.8985
 14.9102 14.9238 14.9347 14.9519 14.97   14.9833 14.9967 15.0073 15.0186
 15.0522 15.1034
22.6851 22.9114 22.9413 23.0428 23.1329 23.2242 23.2689 23.3245 23.3571
 23.421  23.4434 23.4586 23.5199 23.5351 23.5487 23.5788 23.5923 23.6075
 23.6319 23.6548 23.6702 23.685  23.6982 23.7136 23.7392 23.7537 23.7687
 23.7799 23.7941 23.806  23.8189 23.8312 23.8471 23.8602 23.8748 23.8876
 23.9089 23.9225 23.9353 23.9537 23.9684 23.9833 23.9946 24.0046 24.0174
 24.0276 24.041  24.051  24.061  24.074  24.0838 24.093  24.1085 24.1198
 24.1351 24.1471 24.1606 24.169  24.1792 24.1898 24.2026 24.2182 24.2302
 24.2402 24.2516 24.2633 24.2807 24.2922 24.3045 24.3202 24.3335 24.3431
 24.3543 24.3664 24.3827 24.395  24.4079 24.4239 24.4349 24.446  24.456
 24.4688 24.4788 24.4933 24.5054 24.5192 24.5331 24.5487 24.562  24.5816
 24.6045 24.6232 24.6798 24.7234 24.7552
32.4097 32.4312 32.4543 32.4897 32.5386 32.5649 32.6569 32.7025 32.7217
 32.7429 32.7605 32.7814 32.8091 32.8214 32.8487 32.9066 32.9235 32.9646
 32.9841 32.9985 33.012  33.026  33.036  33.0481 33.0622 33.073  33.0824
 33.0947 33.107  33.1325 33.1467 33.1577 33.1684 33.1833 33.1982 33.2137
 33.227  33.2383 33.2494 33.2577 33.2686 33.2783 33.2883 33.302  33.3141
 33.3249 33.3356 33.3451 33.3553 33.3676 33.3784 33.3889 33.3984 33.407
 33.4161 33.4283 33.4385 33.45   33.4615 33.4737 33.4855 33.4944 33.5089
 33.5194 33.5293 33.5393 33.551  33.5638 33.5753 33.5858 33.5995 33.6102
 33.6233 33.6455 33.6551 33.6692 33.6804 33.6962 33.7074 33.7198 33.7331
 33.7452 33.7552 33.7661 33.7826 33.7977 33.8151 33.8306 33.8424 33.8537
 33.8831 33.897  33.9191 33.9309 33.9444
40.9792 41.2019 41.3276 41.5237 41.6669 41.7886 41.8578 41.8805 41.9097
 41.9374 41.9527 42.0071 42.0406 42.0692 42.0944 42.171  42.1857 42.2
 42.2193 42.2437 42.2853 42.2992 42.3194 42.3412 42.3572 42.3669 42.3795
 42.3918 42.404  42.4196 42.4407 42.4579 42.4737 42.4874 42.5015 42.5143
 42.5275 42.5408 42.5605 42.5779 42.5925 42.6155 42.6266 42.6475 42.659
 42.6741 42.686  42.7009 42.7145 42.7285 42.7406 42.7532 42.7678 42.7865
 42.8023 42.8263 42.8386 42.8524 42.8697 42.8841 42.9005 42.9164 42.9332
 42.9571 42.9735 42.9936 43.0132 43.0682
50.7311 50.8738 50.951  51.0726 51.0993 51.1173 51.1319 51.1671 51.2234
 51.3157 51.3523 51.3752 51.397  51.4107 51.4402 51.4554 51.469  51.5009
 51.5164 51.5342 51.5541 51.5758 51.589  51.6136 51.6471 51.664  51.6958
 51.7078 51.7185 51.7327 51.7471 51.7618 51.7732 51.7866 51.7974 51.8107
 51.8222 51.8369 51.8495 51.862  51.8726 51.8885 51.8981 51.911  51.9276
 51.9391 51.9516 51.9613 51.9741 51.9879 51.9993 52.0115 52.0208 52.0356
 52.0513 52.064  52.0743 52.0882 52.1004 52.1124 52.1251 52.136  52.1597
 52.1743 52.1871 52.2003 52.2118 52.2258 52.2452 52.2603 52.2797 52.2983
 52.3101 52.3244 52.3547 52.3712 52.4009 52.4255 52.4637 59.8369
60.1942 60.2437 60.3853 60.4168 60.4396 60.5037 60.5746 60.5969 60.6184
 60.6683 60.6963 60.7641 60.775  60.8041 60.8215 60.8391 60.8573 60.8765
 60.9027 60.9203 60.9337 60.9679 60.9948 61.0264 61.0413 61.0611 61.0755
 61.0908 61.1044 61.1227 61.1426 61.1545 61.167  61.1803 61.1909 61.2005
 61.2105 61.2215 61.2388 61.2535 61.2638 61.2742 61.284  61.2982 61.3134
 61.3272 61.3398 61.3505 61.3603 61.3719 61.3846 61.3976 61.4066 61.4174
 61.4297 61.442  61.4509 61.4624 61.4708 61.4809 61.4909 61.5024 61.5145
 61.5247 61.5363 61.5448 61.5552 61.5674 61.5789 61.5911 61.6021 61.6136
 61.627  61.6381 61.6537 61.6654 61.6806 61.6938 61.706  61.7271 61.7434
 61.756  61.7659 61.7832 61.7957 61.8087 61.8311 61.8635 61.8837 61.9024
 61.9254 68.7817 68.8405 68.9557 69.2459 69.3893 69.4866 69.5441 69.8589
 69.8817 69.9133 69.9638 69.9813

