13.6444 13.8913 13.9584 14.0219 14.083  14.2521 14.3076 14.3389 14.3613
 14.4429 14.494  14.5593 14.6573 14.785  14.8416 15.0207 15.0452
20.8146 22.9469 23.2159 23.3394 23.3669 23.3959 23.4199 23.4473 23.5193
 23.5776 23.6082 23.6299 23.6577 23.6772 23.7014 23.7678 23.7973 23.8247
 23.854  23.8885 23.9322 23.9553 23.9946 24.0478 24.0731 24.1042 24.1355
 24.1588 24.1816 24.2129 24.2313 24.248  24.2645 24.2967 24.3143 24.3489
 24.3705 24.4058 24.4291 24.4854 24.5721
32.4662 32.4969 33.0413 33.0551 33.2319 33.2597 33.2788 33.3085 33.3489
 33.3681 33.3813 33.4135 33.4868 33.5066 33.5518 33.5698
41.088  41.293  41.8379 42.0099 42.071  42.1084 42.2325 42.2661 42.3309
 42.3756 42.5676 42.5881 42.6847 42.8052 42.8342 42.8718 42.9347
50.6609 51.3568 51.5947 51.719  51.7646 51.8017 51.823  51.9441 51.9732
 51.9948 52.0119 52.0397 52.0573 52.0828 52.1117 52.135  52.2032 52.2233
 58.6637 59.7593 59.9909
60.1685 60.3072 60.4066 60.5866 60.6809 60.7492 60.7717 60.8095 60.846
 60.9595 60.9891 61.0524 61.0852 61.1196 61.1603 61.1902 61.2244 61.28
 61.4511 61.471  61.4858 61.5037 61.5226 61.5519 61.5797 61.6363 61.6844

