12.7985 12.8328 13.0378 13.1129 13.1394 13.1608 13.1826 13.2049 13.2369
 13.2889 13.3386 13.3529 13.3796 13.4036 13.4312 13.4523 13.4718 13.4939
 13.5138 13.5431 13.5631 13.5823 13.6008 13.6243 13.6509 13.6688 13.6867
 13.7129 13.731  13.7494 13.7635 13.7791 13.7902 13.8007 13.8136 13.8261
 13.8383 13.8516 13.8652 13.8828 13.8948 13.9047 13.9165 13.9365 13.9519
 13.9648 13.9758 13.9883 14.0027 14.0146 14.0255 14.0359 14.0479 14.0618
 14.0762 14.0899 14.1011 14.1124 14.1231 14.1371 14.1506 14.1614 14.1718
 14.1827 14.1921 14.2035 14.2122 14.2219 14.2312 14.2405 14.253  14.2636
 14.2748 14.2887 14.3003 14.3101 14.3195 14.3324 14.3417 14.3527 14.3622
 14.3763 14.3899 14.4016 14.4133 14.4232 14.4333 14.4432 14.4527 14.4628
 14.4743 14.4841 14.4939 14.5039 14.5154 14.5277 14.5399 14.5522 14.5649
 14.5778 14.5962 14.6142 14.6253 14.6371 14.6505 14.6644 14.677  14.6879
 14.7105 14.7228 14.739  14.7531 14.7634 14.7772 14.7921 14.8029 14.8121
 14.8233 14.8355 14.8477 14.8613 14.876  14.8919 14.9066 14.9224 14.9357
 14.9547 14.9716 14.9932 15.0226 15.0398 15.0573 15.0736 15.1034 15.1237
 15.1398 15.1607 15.1843 15.2433 15.2998 15.3419 15.3733 15.402  15.5569
 15.7136 16.4552
22.0568 22.1189 22.3539 22.4095 22.4475 22.4692 22.4854 22.5109 22.5364
 22.5678 22.615  22.6303 22.6804 22.6991 22.7196 22.7388 22.7567 22.7841
 22.799  22.8166 22.8334 22.8464 22.8573 22.8676 22.88   22.894  22.9054
 22.9196 22.9336 22.9511 22.9608 22.9733 22.9908 23.0027 23.0177 23.0289
 23.0412 23.0554 23.0665 23.0798 23.0905 23.1049 23.1194 23.1322 23.1459
 23.1563 23.1678 23.1845 23.2013 23.2113 23.2225 23.2327 23.2435 23.2564
 23.2668 23.2779 23.2902 23.2993 23.3091 23.3187 23.3286 23.3385 23.3478
 23.358  23.3705 23.3839 23.3956 23.4086 23.4183 23.4292 23.4403 23.4507
 23.46   23.4694 23.4804 23.4905 23.5016 23.5112 23.521  23.5326 23.5415
 23.5518 23.5628 23.5748 23.5856 23.5961 23.6073 23.621  23.6354 23.6491
 23.6604 23.6723 23.6841 23.6988 23.7126 23.7274 23.7378 23.7509 23.7611
 23.7743 23.785  23.7996 23.8121 23.8238 23.837  23.8551 23.8692 23.8821
 23.8924 23.9037 23.917  23.9294 23.9416 23.959  23.975  23.9878 24.0045
 24.0183 24.0315 24.0432 24.0561 24.0676 24.0807 24.096  24.1079 24.1248
 24.1431 24.1551 24.171  24.1843 24.1994 24.2137 24.2329 24.249  24.2648
 24.2835 24.3127 24.334  24.3524 24.3739 24.4042 24.4245 24.4675 24.4967
 24.5174 24.5377 24.5803 24.6232 24.6708 24.8497 24.9736
30.7223 31.2575 31.3487 31.38   31.4528 31.4799 31.5615 31.6415 31.6683
 31.6966 31.7241 31.7649 31.8113 31.8446 31.8888 31.9184 31.9592 31.9785
 31.9965 32.0204 32.0474 32.0638 32.0777 32.0922 32.1188 32.1468 32.1691
 32.1857 32.199  32.2125 32.2244 32.2354 32.2453 32.2577 32.2683 32.2815
 32.2932 32.3108 32.3223 32.3352 32.3482 32.3615 32.3744 32.3869 32.3981
 32.4098 32.4216 32.4322 32.4465 32.4578 32.4717 32.4883 32.5058 32.519
 32.5369 32.5476 32.5605 32.5741 32.5874 32.6004 32.6133 32.624  32.6368
 32.6475 32.6589 32.6694 32.6801 32.6906 32.702  32.7124 32.7248 32.7366
 32.7484 32.7586 32.7691 32.781  32.7916 32.8023 32.818  32.8328 32.843
 32.8536 32.8644 32.8752 32.8896 32.9001 32.91   32.9208 32.9331 32.9444
 32.9559 32.9671 32.9793 32.99   33.0011 33.0116 33.0233 33.0346 33.0465
 33.0597 33.0735 33.0848 33.0985 33.114  33.1273 33.1397 33.161  33.1739
 33.1884 33.2012 33.215  33.2251 33.2357 33.2469 33.2605 33.2766 33.2896
 33.3044 33.3167 33.3283 33.3397 33.3515 33.3627 33.3753 33.3896 33.4035
 33.4246 33.4499 33.4656 33.4788 33.4981 33.5269 33.5436 33.5608 33.5836
 33.6074 33.6315 33.6525 33.7064 33.7335 33.7549 33.7861 33.8468 34.1359
40.183  40.2473 40.2752 40.4609 40.5226 40.5715 40.6217 40.7999 40.8681
 40.9128 40.9616 40.9909 41.0484 41.0615 41.0904 41.1225 41.1379 41.1852
 41.2067 41.2265 41.2421 41.265  41.2802 41.3021 41.3198 41.3425 41.3634
 41.3835 41.3948 41.4158 41.4309 41.4483 41.4649 41.4821 41.4971 41.5113
 41.5268 41.543  41.5599 41.5769 41.5978 41.6187 41.642  41.6611 41.6767
 41.6902 41.7077 41.7217 41.7359 41.7567 41.7694 41.7805 41.7905 41.8038
 41.8173 41.8304 41.8488 41.8626 41.8725 41.8877 41.8993 41.912  41.9263
 41.9528 41.9711 41.986  42.0017 42.0159 42.0323 42.0503 42.066  42.083
 42.0971 42.1093 42.1236 42.1382 42.1548 42.1706 42.1835 42.1963 42.2084
 42.2231 42.2376 42.2626 42.2779 42.2905 42.3114 42.3249 42.3368 42.3488
 42.3676 42.3896 42.4052 42.4228 42.4356 42.4633 42.4835 42.5032 42.5216
 42.5509 42.572  42.6076 42.6293 42.649  42.6687 42.6958 42.7602 42.7959
 42.8756 42.9518 43.0949 43.2114 47.0637 49.3564 49.4037 49.5082 49.6024
 49.6741 49.7278 49.7809 49.8117 49.8368 49.8527 49.8709 49.9149 49.9337
 49.9608 49.9966
50.0236 50.0455 50.0678 50.0833 50.1006 50.1207 50.1333 50.1456 50.1577
 50.1933 50.214  50.2283 50.2442 50.2719 50.2966 50.3118 50.3444 50.3554
 50.3681 50.3802 50.3973 50.4117 50.4296 50.456  50.4701 50.488  50.4994
 50.5131 50.5271 50.5381 50.5556 50.5731 50.585  50.5971 50.6087 50.6241
 50.6378 50.6498 50.6616 50.6735 50.6849 50.6973 50.7093 50.7202 50.7325
 50.7486 50.7616 50.774  50.7934 50.8079 50.8196 50.8303 50.8427 50.8516
 50.8663 50.8803 50.8972 50.9072 50.9223 50.9355 50.9456 50.9584 50.9719
 50.9865 50.9983 51.0111 51.0237 51.0359 51.0491 51.0604 51.0745 51.0854
 51.0975 51.1116 51.1286 51.1418 51.156  51.1695 51.1839 51.1956 51.2122
 51.2263 51.2422 51.2585 51.2737 51.2862 51.3051 51.3165 51.3306 51.3476
 51.3618 51.3778 51.3944 51.4071 51.4195 51.437  51.4632 51.4828 51.4972
 51.5147 51.5397 51.5584 51.5789 51.5959 51.6143 51.6309 51.6568 51.6721
 51.7188 51.7466 51.7754 51.8025 51.8486 52.1297 57.5309 58.0978 58.1702
 58.2126 58.3751 58.4782 58.5572 58.6114 58.6398 58.6634 58.6842 58.7101
 58.7346 58.7615 58.7823 58.8235 58.8472 58.8672 58.8957 58.9255 58.9676
 58.9866 59.0089 59.0273 59.0436 59.0572 59.08   59.0938 59.1081 59.1264
 59.1446 59.157  59.1716 59.1909 59.2076 59.2189 59.2332 59.2463 59.2603
 59.2722 59.2886 59.3019 59.3156 59.3279 59.3419 59.353  59.3701 59.389
 59.4034 59.4145 59.4246 59.4376 59.4521 59.4662 59.4761 59.4874 59.5006
 59.5128 59.53   59.5419 59.5534 59.5645 59.5747 59.586  59.597  59.6098
 59.6227 59.6363 59.6495 59.6625 59.6737 59.6844 59.6977 59.7109 59.7252
 59.7394 59.7531 59.7644 59.7791 59.7913 59.8029 59.8161 59.8284 59.8407
 59.854  59.8692 59.8823 59.894  59.9049 59.9166 59.9275 59.9367 59.9474
 59.9596 59.9728 59.9863 59.9993
60.0102 60.0234 60.0365 60.0491 60.0627 60.0751 60.088  60.1002 60.1126
 60.124  60.1359 60.1473 60.1622 60.1783 60.1907 60.2048 60.2161 60.2315
 60.2451 60.2587 60.2719 60.2872 60.2996 60.3148 60.3323 60.3562 60.3803
 60.4026 60.4251 60.4395 60.4546 60.4724 60.4918 60.5069 60.5214 60.5508
 60.5737 60.5987 60.6161 60.7054 60.7383 60.7668 60.8036 67.7069 67.7871
 67.9205 67.9495 67.9998 68.0202 68.0542 68.0827 68.1323 68.1691 68.1951
 68.2183 68.2402 68.2545 68.2816 68.3136 68.3443 68.3632 68.3826 68.4067
 68.4254 68.4502 68.4714 68.4948 68.5122 68.528  68.5464 68.5591 68.5768
 68.598  68.6244 68.6346 68.6459 68.6565 68.6724 68.6904 68.7092 68.7241
 68.7393 68.753  68.7651 68.78   68.7995 68.8124 68.8234 68.8357 68.8464
 68.8589 68.87   68.8822 68.8925 68.9051 68.9182 68.9293 68.9407 68.9515
 68.9613 68.9716 68.9819 68.9927 69.0021 69.0108 69.0209 69.0322 69.0414
 69.052  69.0613 69.0707 69.0841 69.0947 69.1052 69.1167 69.1283 69.1415
 69.1518 69.1664 69.1766 69.186  69.1981 69.212  69.2246 69.2357 69.251
 69.2674 69.2792 69.291  69.3028 69.3148 69.3293 69.3399 69.3514 69.3641
 69.3784 69.3921 69.4025 69.4136 69.4248 69.4374 69.4512 69.4643 69.4782
 69.4904 69.5018 69.5121 69.5246 69.5366 69.5511 69.5655 69.5809 69.5963
 69.6109 69.626  69.6459 69.6583 69.6723 69.6879 69.7033 69.7204 69.7347
 69.7572 69.7943 69.8075 69.8244 69.8448 69.8647 69.8885 69.907  69.9268
 69.9439 69.9735

