12.3685 13.0028 13.1319 13.1769 13.2341 13.2972 13.3382 13.4299 13.4783
 13.5905 13.6362 13.6642 13.8373 13.8886
21.5738 21.6098 21.896  22.1757 22.314  22.4459 22.4818 22.6358 22.7913
 22.8278 22.8817 22.9848 23.0479 23.0845
31.1902 31.5918 31.6778 31.7847 31.8951 31.9207 32.1126 32.197  32.2216
 32.2785
40.4813 40.5867 41.1305 41.1808 41.3911 48.2513 48.8968 49.2156 49.5032
 49.5986 49.6242 49.8017
50.0954 58.2665 58.4483 58.5706 58.6126 58.7941 58.8366 58.8964 58.9568
 58.9693 59.2601 59.2746 59.3166
65.4237 67.6319 67.6781 67.833  67.905  67.9612 68.0151 68.0926 68.1789
 68.2724 68.3417 68.5085 68.5837

