13.0397 13.1515 13.2059 13.2858 13.4729 13.4891 13.538  13.648  13.6987
 13.7557 13.7889 13.8736 13.8924 13.9457 13.9739 14.0045 14.0608 14.117
 14.2206
22.3607 22.4665 22.5505 22.5774 22.6119 22.6704 22.6893 22.7628 22.9736
 23.0298 23.0626 23.1338 23.1539 23.2145 23.2293 23.3226 23.363  23.4537
 23.5006
31.748  31.7942 31.8619 31.9588 32.0049 32.0815 32.1385 32.1727 32.1883
 32.2142 32.2795 32.3308 32.3532 32.4077 32.4269 32.5246 32.5444 32.5632
40.7176 40.8318 40.8593 40.9059 41.0928 41.1445 41.1788 41.3392 41.3922
 41.4094 41.4437 41.4776 41.5358 41.5839 49.0681 49.4065 49.8609 49.9364
50.2711 50.3324 50.3689 50.4084 50.5143 50.5479 50.5986 50.7462 50.8078
 56.5023 58.0467 58.5414 58.7626 58.8386 58.8638 58.9949 59.0329 59.0609
 59.2095 59.3095 59.3544 59.3837 59.4631 59.6251 59.7898
64.4817 67.4818 67.9315 67.974  68.0013 68.0215 68.1096 68.1586 68.2128
 68.2469 68.2777 68.3967 68.5219 68.5757 68.6398 68.6908 68.721  68.7357
 68.7794 68.8599

