10.0679 13.0681 13.1519 13.1855 13.2048 13.3327 13.4135 13.4283 13.4877
 13.5858 13.6135 13.6818 13.7586 13.8199 13.9009 13.9357 13.9635 13.9774
 13.9937 14.0312 14.0686 14.1412
20.6286 22.0745 22.2356 22.2759 22.3134 22.6544 22.6765 22.7261 22.7611
 22.796  22.8193 22.8768 22.8906 22.9098 22.9547 22.9846 23.007  23.0495
 23.0757 23.1557 23.2247 23.2497 23.2781 23.2955 23.34
31.2376 31.5393 31.5842 31.677  31.7789 31.8624 31.9026 31.9258 32.0332
 32.0717 32.1175 32.1788 32.2264 32.2873 32.3256 32.3415 32.4328 32.4924
 32.5236 32.545  32.5637 32.5902 32.6168 32.6686 32.6883 32.7335
40.1723 40.2759 40.3565 40.7711 40.9538 40.9947 41.0345 41.0986 41.1219
 41.1659 41.2058 41.2989 41.3536 41.3869 41.4768 41.6225 41.6598 41.7228
 48.6559 48.7243 48.8909 49.3485 49.46   49.6504 49.7841 49.8486 49.8713
 49.888  49.9184
50.0799 50.1966 50.2481 50.2944 50.3661 50.4243 50.4535 50.4761 50.5346
 50.5805 56.1489 57.1756 57.3382 57.5766 57.8659 58.3973 58.5177 58.615
 58.815  58.9032 58.9309 58.9597 58.9855 59.0119 59.0888 59.1067 59.1397
 59.1652 59.2267 59.2897 59.3076 59.3279 59.3481 59.3659 59.3797 59.4184
 59.6351
65.8602 67.9208 68.0048 68.0635 68.0958 68.1602 68.2424 68.3406 68.3742
 68.4625 68.5348 68.5654 68.5949 68.6661 68.6997 68.7555 68.8309 68.8462
 68.915  68.97

