11.9756 13.0687 13.2366 13.3703 13.5001 13.7806 13.8275 13.9148 13.9428
 13.9599 14.0398 14.0649 14.0888 14.1124 14.1318 14.2341 14.2688 14.2874
 14.3358 14.3535 14.3886 14.4985 14.5288 14.7027 14.7286 14.7508 14.8512
22.3064 22.3662 22.3989 22.4518 22.4967 22.5395 22.6194 22.6588 22.7335
 22.8242 22.8504 22.9026 22.9293 22.9766 23.0547 23.085  23.1341 23.2459
 23.2636 23.2842 23.3069 23.3585 23.3784 23.4192 23.4695 29.2189
31.1448 31.4821 31.5938 31.6309 31.792  31.8421 31.8967 31.924  32.0378
 32.1943 32.2225 32.2383 32.2753 32.3377 32.354  32.3879 32.4695 32.4986
 39.1218 39.5646 39.969
40.4319 40.7015 40.7772 40.9331 40.9916 41.1338 41.1834 41.2356 41.3237
 41.3737 41.5356 41.6338 48.8905 49.4267 49.6735 49.7717 49.8299 49.9193
50.018  50.0427 50.1073 56.7718 57.7059 58.1429 58.5384 58.6578 58.7204
 58.8151 58.8724 58.8925 58.9717 58.9864 59.0564 59.1477 59.2384
66.3796 66.8598 66.8899 66.9838 67.0098 67.0899 67.2878 67.4583 67.4727
 67.491  67.542  67.6018 67.6346 67.7295 67.7441 67.7928 67.9096

