11.4599 12.5233 13.2967 13.3228 13.7558 14.0074 14.2477 14.4183 14.8125
 14.8973 14.928  15.0729 15.0915 15.2072 15.2747 15.2964 15.3188 15.3327
 15.3609 15.6072
23.4175 23.8872 24.0082 24.1166 24.1518 24.3362 24.3824 24.4823 24.5482
 24.5789 24.701  24.733  25.1684
32.7718 33.1758 33.4561 33.6512 33.7427 33.785  33.8196 33.8454 33.9309
 34.0209 34.1378 34.1552 34.186  34.2346 34.2747 34.3221 34.3798
41.3968 42.0778 42.2045 42.2775 42.7244 42.7717 42.7956 42.8336 42.8865
 42.9408 43.0267 43.0967 43.1441 43.1909 43.3341 43.3534 43.4353 43.4539
 43.5208 43.5445 43.5577
51.0007 52.1816 52.3079 52.5166 52.6023 52.7565 52.8239 52.8767 52.9019
 52.9268 53.1513 53.2088 53.3135 53.3632 53.4638
61.3859 62.0223 62.146  62.3292 62.4057 62.4893 62.6636 62.6978 62.7428
 62.7913 62.8537 62.9228 62.9447 62.9591 63.0558 63.1782 63.2231 63.2389
 63.2561 63.2826 63.6207 67.2541

