10.5629 11.0383 12.7232 14.0497 14.1057 14.2649 14.4169 14.5868 14.6058
 14.6344 14.7864 14.8299 14.8659 14.8828 14.9219 14.9706 14.9864 15.0233
 15.0667 15.1045 15.3182 15.3779
23.2757 23.3767 23.552  23.6804 23.7662 23.8567 23.8834 23.9649 24.1174
 24.1295 24.1507 24.1838 24.197  24.2313 24.2517 24.2992 24.3255 24.3639
 24.3932 24.4586 24.5237 24.5391 24.5576
32.3716 33.213  33.2617 33.2917 33.3287 33.3717 33.5083 33.6111 33.7289
 33.7437 33.8247 33.8726 33.8865 33.9182 33.9532 34.0255
41.7043 41.8956 41.9463 42.0291 42.3621 42.3971 42.4326 42.4718 42.6117
 42.7939 42.8106 42.8804 42.8936 42.9115 42.9442 43.0291 43.0795 43.203
 43.3015 43.3764 48.2718 49.3898 49.4477
51.5509 52.017  52.0707 52.179  52.2532 52.2933 52.3106 52.485  52.521
 52.6534 52.7004 52.7418 52.7556 52.8004 52.8204 52.8443 52.8631 52.8952
 52.9289 52.9688 53.0405 53.0981 53.1154 53.1319 53.2788
61.7878 61.8114 61.8945 61.9419 62.0735 62.1281 62.1994 62.241  62.2917
 62.3437 62.3782 62.4428 62.473  62.4916 62.5167 62.5595 62.5928 62.6876
 62.7111 62.7454 62.7747 62.8504 62.866  62.8996 62.9282 62.9556 62.9935
 63.0609 69.3022

