11.993  14.2838 14.373  14.4388 14.4673 14.5471 14.6969 14.7126 14.7371
 14.7539 14.8808 14.9305 15.0057 15.1059 15.1426 15.1987 15.2387 15.5006
 15.5467 15.5799
21.6945 22.7854 23.2015 23.3606 23.7026 23.9812 24.0114 24.0598 24.0983
 24.117  24.2077 24.2223 24.3238 24.4332 24.5021 24.6437 24.6589 24.6887
 24.7152 24.7346 24.9632
31.8289 31.9567 32.1308 32.6337 32.7919 32.9676 33.0467 33.0707 33.1073
 33.1365 33.3105 33.3298 33.3715 33.3912 33.4121 33.4276 33.4489 33.4982
 33.5247 33.5599 33.6179 33.6429 33.6917 33.782  33.8054 33.8261 33.8772
 34.0179 34.0969
41.7984 42.147  42.2389 42.4342 42.5634 42.6157 42.6669 42.7009 42.7484
 42.7888 42.8339 42.9864 43.0334 43.1107 43.1453 43.1618 43.2305 43.5123
51.5838 51.9869 52.1567 52.1983 52.2904 52.3635 52.4815 52.5152 52.554
 52.6751 52.7367 52.7663 52.8118 52.8703 52.9599 53.1198
60.2809 61.5908 61.6797 61.9618 62.2828 62.3269 62.3952 62.4294 62.5273
 62.5993 62.6369 62.6775 62.6964 62.7408 62.7744 62.7921 62.874  62.9336
 62.9473 62.963  62.9806 63.0237 63.0557 63.1198 63.3075

