12.3484 14.1276 14.6088 14.7096 14.8636 15.0331 15.0622 15.2049 15.2767
 15.3699 15.3939 15.4774 15.5014 15.6027 15.6515 15.7174 15.7429 15.8621
24.2226 24.8689 24.9055 24.9972 25.0446 25.0716 25.0907 25.1412 25.2481
 25.2701 25.3315 25.3524 25.387  25.4423 25.4947 25.6176 25.6376 25.7663
32.3309 32.9009 33.0172 33.0798 33.4787 33.5049 33.5518 33.6057 33.6484
 33.7024 33.7459 33.8007 33.8389 33.8999 33.9418 33.9744 34.0231 34.0368
 34.0899 34.1242 34.1509 34.27   34.306  34.3935 34.4383 34.5038 34.5704
 34.6038
42.6834 43.0965 43.2221 43.2737 43.3359 43.4049 43.4465 43.5325 43.6158
 43.7131 43.7614 43.805  43.8503 43.8753 43.8942 44.0333 44.1705 44.2452
 44.2762
52.4736 52.6588 52.6929 53.0468 53.3658 53.4934 53.7627 53.8218 53.8438
 53.8968 53.9551 53.9935 54.0853 54.1341 54.1685 54.2196 54.3426 59.5919
62.1109 63.2133 63.6448 63.7654 63.9349

