15.0738 15.2226 15.5372 15.587  15.6113 15.6488 15.6729 15.7023 15.7437
 15.9212 15.9445 16.1439
24.7287 24.9582 24.9843 25.0347 25.2076 25.5005 25.533  25.5869 25.6258
 25.6655 25.7152 25.7586 25.8234 25.8636 25.8816 25.9127 25.9357 25.9864
32.581  32.912  33.7059 33.8049 33.8655 33.9924 34.0526 34.1666 34.2708
 34.3468 34.5383 34.5943 34.6452 34.6601 34.6821 34.7209 34.7687 34.9079
41.4501 43.7452 43.7946 43.9206 43.9559 43.9902 44.0227 44.046  44.0756
 44.1149 44.2244 44.2551 44.3674 44.4078 44.4359 44.5317 44.5705 44.6162
 44.6284
53.4113 53.6478 53.8363 53.866  53.8895 53.9412 53.9618 53.9842 54.0418
 54.1005 54.1367 54.1678 54.1939 54.2183 54.3707 54.4695 54.4931 54.6533
62.5831 62.8564 63.4159 63.4697 63.4903 63.7924 63.8976 63.9194 63.9978
 64.0786 64.1117 64.2307 64.2581 64.5496

