14.4032 14.5727 14.6432 14.6786 14.7919 14.8162 14.8514 14.964  14.9832
 15.0414 15.0661 15.1323 15.2531 15.3163 15.5645 15.6256 15.6443 15.6586
 15.6859 15.7052 15.7284 15.7874 15.8139 15.8486 15.8749 15.9116 15.9325
 15.9689 16.081  16.1391 16.1829 16.1964
23.3343 23.9326 24.0456 24.1003 24.1899 24.7932 24.8979 24.9992 25.0886
 25.3077 25.3448 25.5865 25.7112 25.7299 25.8041 25.9482 26.0157 26.1009
 26.1255
31.1299 33.0215 34.5732 34.9542 35.0212 35.1214 35.2782 35.6435 35.7005
 35.8025 35.8636 35.9277 36.1293 36.1738 36.2091 36.3065
44.1292 44.2743 44.5665 44.6438 44.7382 44.7852 44.8227 44.9523 45.0229
 45.3203 45.3436 45.4195 45.4442 45.6123
52.4852 52.9483 53.0126 53.6332 53.6748 53.7394 53.7721 53.8289
61.3315 61.7976 61.8457 62.0893 62.339  62.4963 62.7705 62.8912 62.9756
 63.1694 63.2072 63.3    63.3258 63.3542 63.4486 63.8176 67.6519

