14.3209 14.4918 14.5613 14.6676 14.6878 14.7095 14.7303 14.8024 14.8436
 14.8902 14.9115 14.942  14.9593 14.9948 15.0271 15.0474 15.0661 15.0865
 15.1082 15.1248 15.1499 15.1689 15.1828 15.2    15.2148 15.2292 15.246
 15.2596 15.2748 15.2889 15.3055 15.3225 15.3408 15.3558 15.3805 15.3938
 15.4082 15.4273 15.4377 15.4493 15.4593 15.4701 15.4821 15.4951 15.5052
 15.5171 15.5284 15.5393 15.5487 15.5585 15.5686 15.5777 15.5891 15.5997
 15.6109 15.6201 15.6301 15.6401 15.6493 15.6593 15.6698 15.683  15.6928
 15.7047 15.7194 15.7314 15.7414 15.7512 15.7609 15.7694 15.7787 15.7907
 15.8007 15.8096 15.8198 15.8299 15.8392 15.8498 15.8594 15.8687 15.878
 15.8883 15.8994 15.9094 15.9191 15.9289 15.939  15.9485 15.9571 15.9671
 15.9756 15.9841 15.9924 16.0013 16.0108 16.0195 16.028  16.0372 16.0458
 16.0552 16.0646 16.0739 16.0816 16.09   16.0979 16.106  16.115  16.1232
 16.1317 16.1401 16.1491 16.1581 16.1671 16.1758 16.1841 16.1925 16.201
 16.2084 16.2171 16.2259 16.235  16.2432 16.2526 16.2605 16.2701 16.2788
 16.2881 16.2962 16.3069 16.317  16.3268 16.3347 16.343  16.3517 16.36
 16.3684 16.377  16.387  16.3961 16.4064 16.4152 16.4255 16.4345 16.4438
 16.4535 16.4636 16.4739 16.483  16.4932 16.5028 16.5124 16.5215 16.5306
 16.5412 16.5507 16.5617 16.5723 16.582  16.5907 16.5993 16.6096 16.6185
 16.6281 16.6369 16.6473 16.6561 16.6667 16.6761 16.6874 16.6968 16.7092
 16.7193 16.7289 16.7401 16.7517 16.7622 16.7731 16.7846 16.7957 16.8081
 16.822  16.8326 16.8432 16.8561 16.8683 16.8796 16.8939 16.9071 16.9206
 16.9356 16.9485 16.9612 16.9776 17.0006 17.0148 17.0348 17.0557 17.084
 17.1126 17.1292 17.1599 17.1755 17.1985 17.2211 17.2563 17.2784 17.3012
 17.3205 17.3999
22.2699 23.1878 23.3332 23.8219 23.9604 24.4525 24.6168 24.6803 24.8329
 24.9598 25.0322 25.106  25.1329 25.1568 25.1816 25.2128 25.2309 25.2493
 25.2812 25.3041 25.3225 25.3361 25.3685 25.4058 25.427  25.4423 25.4575
 25.4748 25.4886 25.5106 25.5236 25.5397 25.5556 25.5734 25.5901 25.6054
 25.6196 25.6363 25.6581 25.6756 25.6897 25.7055 25.7185 25.7345 25.7452
 25.7594 25.7747 25.7888 25.8125 25.8243 25.8375 25.8556 25.8704 25.8842
 25.8991 25.914  25.9251 25.9368 25.9519 25.965  25.9764 25.9879 26.0001
 26.0127 26.026  26.0358 26.0482 26.0607 26.074  26.0841 26.0941 26.1054
 26.1147 26.1261 26.1387 26.1508 26.1672 26.1781 26.1884 26.2001 26.2125
 26.2254 26.2373 26.2474 26.2585 26.2693 26.2811 26.2925 26.3062 26.3169
 26.3271 26.3377 26.3484 26.361  26.3746 26.3866 26.398  26.4092 26.4219
 26.4331 26.4506 26.4656 26.4765 26.4892 26.5093 26.5223 26.5369 26.5483
 26.5614 26.5781 26.5892 26.6014 26.615  26.633  26.6471 26.667  26.6819
 26.6953 26.7099 26.7238 26.7458 26.7585 26.7765 26.7912 26.8026 26.8244
 26.8375 26.8502 26.8648 26.8848 26.9073 26.9322 26.9496 26.9769 27.0038
 27.0277 27.0633 27.1207 27.2502 27.3476 27.8139
31.1957 34.9237 35.0762 35.3138 35.3427 35.4174 35.4496 35.5517 35.5675
 35.5995 35.6435 35.6685 35.6997 35.7432 35.779  35.8095 35.8396 35.857
 35.8825 35.9115 35.9318 35.9481 35.9653 35.9872 35.9997 36.0249 36.049
 36.0673 36.0809 36.0945 36.1117 36.1342 36.1461 36.1595 36.1711 36.1834
 36.1999 36.2208 36.241  36.2576 36.2707 36.288  36.305  36.3214 36.3379
 36.3516 36.3687 36.3917 36.4064 36.4228 36.4432 36.4593 36.4734 36.4899
 36.5108 36.5264 36.5403 36.558  36.5728 36.5868 36.601  36.6155 36.6345
 36.6525 36.6731 36.6838 36.6951 36.7074 36.7214 36.7383 36.7492 36.7632
 36.7814 36.7953 36.8129 36.8368 36.8545 36.8896 36.9063 36.9199 36.9307
 36.949  36.9652 36.9827 37.0014 37.0278 37.0611 37.0808 37.1019 37.1244
 37.1648 37.1866 37.2077 37.2281 37.2501 37.2855 37.3076 37.4264 37.6028
43.9071 43.9504 44.2695 44.2955 44.3893 44.4858 44.5056 44.563  44.6352
 44.662  44.7    44.7194 44.744  44.7673 44.7845 44.8031 44.8206 44.84
 44.858  44.8754 44.8922 44.9184 44.9334 44.9524 44.974  44.9931 45.0067
 45.0193 45.0315 45.0446 45.0607 45.0742 45.0908 45.1083 45.1214 45.137
 45.1513 45.1642 45.1781 45.19   45.2048 45.2206 45.2364 45.2483 45.2588
 45.2688 45.2794 45.2916 45.303  45.314  45.3243 45.337  45.349  45.3597
 45.3719 45.3866 45.3992 45.4103 45.4237 45.4351 45.4459 45.4582 45.4724
 45.4809 45.4916 45.5011 45.5123 45.5216 45.5312 45.5409 45.5506 45.5609
 45.5713 45.5831 45.5924 45.6043 45.6129 45.6218 45.6325 45.6428 45.6523
 45.6612 45.6723 45.6832 45.6949 45.7083 45.7194 45.7302 45.7406 45.7529
 45.7629 45.7741 45.7853 45.8007 45.8111 45.821  45.8327 45.8433 45.8555
 45.8661 45.8787 45.8897 45.9004 45.9122 45.9261 45.9366 45.9477 45.9584
 45.9696 45.9829 45.993  46.0033 46.0121 46.0229 46.0338 46.0436 46.0548
 46.0691 46.0837 46.0966 46.1091 46.1209 46.1369 46.1497 46.166  46.181
 46.1938 46.2077 46.2222 46.2339 46.2462 46.2573 46.2727 46.2862 46.3006
 46.3137 46.3356 46.3476 46.3667 46.3847 46.3998 46.4145 46.4314 46.4461
 46.4632 46.484  46.5082 46.5279 46.5448 46.565  46.5956 46.6274 46.6504
 46.6719 46.7055 46.8233 46.8497
52.3124 52.3603 53.0859 53.1414 53.1912 53.2569 53.4795 53.5081 53.5434
 53.6066 53.7706 53.8075 53.8548 53.8833 53.9533 53.974  54.0072 54.0224
 54.0364 54.0649 54.0846 54.1064 54.1213 54.1373 54.1562 54.1795 54.2013
 54.2175 54.2327 54.2477 54.2599 54.272  54.2871 54.3042 54.3212 54.3371
 54.355  54.3699 54.3909 54.4094 54.4236 54.4375 54.4616 54.4821 54.494
 54.5055 54.5196 54.5416 54.5582 54.5727 54.585  54.5993 54.6106 54.6257
 54.6441 54.6604 54.6735 54.6892 54.701  54.7158 54.7294 54.7418 54.7549
 54.7676 54.7835 54.7954 54.8065 54.8173 54.8315 54.844  54.8578 54.8744
 54.8951 54.9096 54.9203 54.9312 54.9431 54.9547 54.9688 54.984  54.995
 55.0113 55.027  55.0487 55.0646 55.0763 55.091  55.1109 55.127  55.143
 55.1668 55.1867 55.2    55.2123 55.2278 55.2446 55.259  55.2749 55.2973
 55.3174 55.3325 55.3535 55.3665 55.3781 55.3962 55.417  55.4418 55.4697
 55.4849 55.4992 55.5191 55.5583 55.5845 55.6082 55.6361 55.6695 55.6936
 55.7362 55.8036 55.8866 55.9349 55.9897 59.4413
62.0654 62.1912 62.4959 62.6007 62.7025 62.781  62.8211 62.8659 62.885
 62.9212 62.9478 62.9996 63.0282 63.0583 63.0774 63.1039 63.1307 63.1457
 63.1597 63.1767 63.1998 63.2144 63.2311 63.2501 63.267  63.2823 63.2973
 63.3103 63.3243 63.3374 63.3513 63.366  63.3802 63.3914 63.4084 63.4212
 63.4387 63.452  63.4639 63.4784 63.4919 63.502  63.5155 63.5261 63.5402
 63.5554 63.5753 63.5876 63.5997 63.6119 63.6245 63.6346 63.6444 63.6561
 63.667  63.6805 63.6906 63.7051 63.7173 63.7301 63.7422 63.7521 63.7617
 63.7723 63.7825 63.7956 63.8143 63.8303 63.8428 63.8519 63.8625 63.8727
 63.8886 63.8992 63.9115 63.9261 63.9405 63.9514 63.9619 63.9741 63.9851
 63.9967 64.0084 64.0194 64.035  64.0482 64.0604 64.0701 64.081  64.093
 64.1058 64.119  64.1288 64.1393 64.1522 64.1692 64.1839 64.1965 64.2082
 64.2205 64.2312 64.2457 64.2571 64.2701 64.2852 64.2963 64.3094 64.3241
 64.3374 64.3481 64.3613 64.3726 64.3848 64.3952 64.4084 64.4195 64.4353
 64.4532 64.469  64.4855 64.5005 64.5154 64.5305 64.5451 64.5577 64.5858
 64.6008 64.6224 64.6437 64.6643 64.6789 64.7052 64.7198 64.7424 64.7699
 64.7963 64.9295 64.9727

