14.0743 14.4147 14.4953 14.578  14.7088 14.7879 14.9394 14.9918 15.1342
 15.1608 15.2222 15.2432 15.2707 15.3333 15.3594 15.3881 15.4163 15.443
 15.4689 15.5508 15.5912 15.6156 15.6311 15.656  15.76
23.8851 23.9672 24.6893 24.7494 24.8346 24.9514 25.0941 25.2116 25.3783
 25.4468 25.4919 25.5845 25.6385 25.7889
34.1416 35.0809 35.1633 35.2329 35.3877 35.7232 35.9284 35.9538
41.6087 44.3239 44.4199 44.5648 44.6009 44.6257 44.645  44.7177 44.7493
 44.7671 44.8118 45.0009 45.0979 45.2105 45.2256 45.3097
52.4367 52.9989 53.4726 53.5482 53.6064 53.7107 53.8717 53.9679 54.0899
 54.1969 54.2319 54.3836
61.5806 62.0512 62.1152 62.2668 62.5313 62.7591 62.8349 62.9325 62.9851
 63.0298 63.0801 63.1188 63.2129 63.3103 63.3299 63.3434

