13.2967 14.6202 14.7718 14.8454 14.9477 14.9844 15.0203 15.0368 15.0828
 15.1156 15.182  15.2237 15.2471 15.2772 15.2996 15.3457 15.4322 15.4474
 15.5353 15.5548 15.5827 15.5998 15.6279 15.6849 15.7659 15.8038 15.8479
 15.8676 15.8899 15.9043 15.9496 15.9934 16.1379
24.0392 24.0683 24.5574 24.6678 24.7086 24.7806 24.894  25.0918 25.16
 25.2337 25.2957 25.3296 25.359  25.592  25.6119 25.6296 25.6804 25.8199
 25.8441 25.9357
35.0465 35.141  35.1707 35.2526 35.3289 35.4161 35.4498 35.4924 35.57
 35.6107 35.6399 35.6754 35.8901 35.9504 35.9862 36.0049 36.2106 36.254
 39.7805
44.1201 44.1878 44.4076 44.4568 44.4797 44.5186 44.5679 44.5973 44.6358
 44.6594 44.6862 44.7151 44.8068 44.8388 44.8698 44.8999 44.9339 44.9721
 45.0034 45.0245 45.0581 45.1181 45.1441 45.2004 45.2644 45.2908
52.2866 53.0096 53.5155 53.6476 53.8354 53.9053 53.9326 53.9675 54.0493
 54.2186 54.2401 54.2767 54.332  54.3755 54.4015 54.4617 54.5208 59.3307
 59.6229
61.882  62.3978 62.4437 62.4938 62.5892 62.6503 62.7018 62.813  62.8361
 63.018  63.0404 63.1346 63.2569 63.2882 63.3063 63.4323 63.5207 63.5375
 63.5799 63.769

