10.9692 13.0248 13.9708 14.0945 14.1622 14.2144 14.4373 14.6658 14.7257
 14.7528 14.7802 14.8259 14.8501 14.8882 14.93   14.9978 15.1521 15.1749
 15.2059 15.2506 15.3073 15.3791 15.5531
22.5953 23.3266 23.5655 23.8663 23.9717 24.102  24.234  24.3978 24.5407
 24.5961 24.707
31.3653 31.9675 32.2088 32.8705 34.1523 34.3208 34.3365 34.368  34.4596
 34.574  34.7299 34.9466
40.6024 42.4999 42.6738 42.7196 42.7518 42.9798 43.1014 43.2047 43.2266
 43.2958 43.3288 43.3615 43.3792 43.4037 43.4208 43.4372 43.4555 43.5616
 43.5771 43.6635 43.7032 43.8359 43.8525 43.8735
50.6856 52.9621 53.3789 53.4205 53.5713 53.6509 53.8471 53.8806 53.9851
 54.0142 54.1894 54.2652 54.3487 54.4025 54.4807
60.9282 63.2257 63.3148 63.3473 63.5165 63.5789 63.6141 63.6895 63.8127

