11.428  14.7335 14.8047 14.8499 14.8741 14.9141 14.9942 15.061  15.1321
 15.1666 15.1865 15.2193 15.2329 15.2599 15.2884 15.3473 15.3698 15.3911
 15.4165 15.4298 15.4443 15.4636 15.4778 15.493  15.5104 15.5355 15.5647
 15.5758 15.5972 15.6126 15.6348 15.6469 15.6632 15.6961 15.7202 15.7424
 15.7561 15.7725 15.812  15.8837 15.9244 15.9682 15.9934
21.1696 22.7557 23.4979 23.907  24.0937 24.1345 24.1616 24.2609 24.2849
 24.4328 24.4557 24.5037 24.5316 24.5981 24.6189 24.6943 24.8087 24.8336
 24.8582 24.8986 24.9314 24.9487 24.989  25.0043 25.0194 25.0678 25.0846
 25.1218 25.1464 25.1691 25.2153 25.2644
33.2475 34.2373 34.4078 34.459  34.4882 34.5229 34.5586 34.5855 34.6227
 34.7405 34.7606 34.7866 34.8151 34.8393 34.8824 34.9053 34.9257 34.9765
 34.9976 35.016  35.0446 35.0666 35.1345 35.1791 35.203  35.2375 35.3093
 35.5791
41.2608 42.9038 43.0481 43.1253 43.2457 43.2994 43.3393 43.4662 43.5027
 43.5304 43.5676 43.6075 43.6771 43.7113 43.7293 43.7467 43.7661 43.7822
 43.8021 43.8273 43.8468 43.8602 43.8881 43.9019 43.9176 43.9301 43.9428
 43.9656 43.9821 44.0159 44.034  44.0454 44.0578 44.0699 44.0917 44.1165
 44.1424 44.1649 44.1767 44.1982 44.2186 44.2387 44.2558 44.2914 44.3048
 44.3219 44.3349 44.3548 44.3718 44.3953 44.4189 44.4513 44.4751 44.5154
 44.5757 44.5992
53.1434 53.5767 53.6198 53.9042 53.972  53.9895 54.0236 54.1167 54.1345
 54.1616 54.1749 54.1993 54.2667 54.2821 54.2994 54.3189 54.3315 54.3708
 54.3869 54.4036 54.4379 54.4813 54.5259 54.5725 54.6026 54.6335 54.6451
 54.6684 54.6957 54.7145 54.7391 54.7634 54.8003 54.8274 54.8655 54.8886
 54.9229 54.9342 54.9653 54.9814 55.0047 55.0514 55.0794 55.2319
60.0942 61.9326 62.1427 62.5141 62.7258 63.1244 63.1744 63.2098 63.3822
 63.4321 63.5822 63.7734 63.7979 63.8859 63.9337 63.9524 64.0555 64.07
 64.0902 64.1117 64.1492 64.1716 64.2161 64.2444 64.2712 64.2976 64.3596
 64.4585 64.5237 64.6246 64.6796

