13.9451 14.1629 14.2129 14.4842 14.7861 14.8262 14.8847 14.9288 14.9607
 14.9798 15.006  15.0671 15.0915 15.1274 15.1459 15.1898 15.2387 15.2604
 15.2822 15.3187 15.3416 15.403  15.4302 15.4467 15.4581 15.479  15.5145
 15.5421 15.5626 15.6022 15.6502 15.6782 15.7683 15.8016 15.9372
22.9469 23.4179 23.5074 23.9855 24.0745 24.1463 24.353  24.3713 24.4174
 24.4401 24.4606 24.4859 24.4995 24.5227 24.5649 24.589  24.6087 24.6333
 24.6599 24.6782 24.7006 24.7321 24.7519 24.8095 24.8369 24.8619 24.9141
 24.9395 24.9784 25.0145 25.1173 25.1365 25.1563 25.1796 25.195  25.2166
 25.279  25.3023 25.4028
33.8076 33.9508 33.9999 34.0925 34.2594 34.3176 34.3529 34.4522 34.5297
 34.5686 34.6024 34.6673 34.6837 34.7444 34.8035 34.8233 34.8378 34.8648
 34.8761 34.9419 34.9593 35.0166 35.0342 35.0986 35.1461 35.1918 35.2193
 35.2703 35.2885 35.4084 35.4662 35.4853
41.6124 42.4333 42.5006 42.6244 43.0602 43.0857 43.1125 43.1407 43.194
 43.2152 43.2437 43.2615 43.2869 43.3046 43.3322 43.3589 43.4048 43.4396
 43.4616 43.5057 43.5275 43.584  43.6033 43.6399 43.6573 43.6775 43.6907
 43.7049 43.737  43.7484 43.7711 43.7851 43.7964 43.8096 43.8335 43.8556
 43.879  43.898  43.9135 43.9313 43.9471 43.9624 44.0048 44.0427 44.0556
 44.0721 44.0851 44.1077 44.1232 44.149  44.1635 44.1766 44.201  44.215
 44.2331 44.2525 44.2788 44.3032 44.3203 44.337  44.3577 44.3919 44.4622
 44.5979
51.5685 52.7089 53.0557 53.3267 53.4154 53.6169 53.6519 53.7365 53.8297
 53.8658 53.8885 53.9395 53.9596 54.0838 54.1047 54.1275 54.194  54.2172
 54.2408 54.2767 54.2943 54.3106 54.3544 54.3754 54.4378 54.4769 54.5004
 54.5339 54.5512 54.583  54.5985 54.6469 54.6765 54.7002 54.7202 54.8133
 54.8537 54.8974 54.9196 54.9487 55.0097 55.0288 55.0448 55.0755 59.9614
61.4987 62.3008 62.5509 63.1475 63.2177 63.2852 63.3534 63.3929 63.4807
 63.5166 63.5804 63.6359 63.6934 63.7409 63.7739 63.8206 63.8603 63.8847
 63.9481 63.9635 63.9804 64.0164 64.0358 64.0921 64.1158 64.1443 64.1645
 64.2401 64.2898 64.337  64.6035

