12.0145 14.4108 14.4654 14.7126 14.753  14.8274 14.8998 14.9366 14.9977
 15.0607 15.0957 15.1087 15.1405 15.1688 15.2085 15.2509 15.273  15.3028
 15.323  15.3374 15.3541 15.3823 15.3967 15.4143 15.4313 15.4563 15.4714
 15.4952 15.5199 15.5309 15.5466 15.5957 15.676  15.7211 15.7507
22.2845 23.6012 24.0418 24.0796 24.1058 24.1403 24.1708 24.2182 24.3198
 24.3584 24.3785 24.4315 24.5405 24.5723 24.6443 24.6667 24.6925 24.7781
 24.7947 24.8138 24.8313 24.8836 24.9257 24.9658 25.0049 25.0207 25.1935
32.7457 33.7319 33.9992 34.0273 34.0539 34.0878 34.2942 34.3202 34.3428
 34.4084 34.4965 34.5555 34.5855 34.6205 34.6747 34.7018 34.767  34.8155
 34.8383 34.947  34.9802 35.0529 35.135  35.3687
42.1248 42.202  42.3512 42.5089 42.9228 42.967  42.9991 43.0683 43.1469
 43.2254 43.2861 43.3012 43.3188 43.3364 43.3958 43.4193 43.4351 43.4546
 43.4687 43.4882 43.5188 43.5505 43.5655 43.5822 43.6413 43.6629 43.6918
 43.7108 43.7244 43.7357 43.7491 43.7763 43.7911 43.8082 43.8277 43.8444
 43.863  43.8775 43.8949 43.9313 43.953  43.9705 43.9843 44.0071 44.0302
 44.0512 44.0611 44.0788 44.0914 44.118  44.1331 44.1703 44.2007 44.2321
 44.2841 44.3197 44.3447
52.2488 53.6414 53.7039 53.7714 53.8019 53.8585 53.9123 53.9492 54.0261
 54.0572 54.1428 54.1692 54.219  54.2396 54.2783 54.3267 54.343  54.3841
 54.4217 54.4347 54.4608 54.4924 54.506  54.526  54.5411 54.5632 54.5817
 54.6701 54.7234 54.7579 54.7727 54.8097 54.8432 54.9008 54.9313 54.9734
 54.9999
62.5888 62.6598 62.6948 62.9309 63.1659 63.1906 63.6128 63.6374 63.6602
 63.7032 63.7529 63.7972 63.8158 63.8384 63.8585 63.8879 63.9254 63.9492
 63.9635 63.9787 63.9921 64.0556 64.1208 64.1688 64.2655 64.3566 64.389
 64.4622 64.5473

