14.6555 14.7451 14.7706 14.8548 15.0407 15.062  15.0934 15.1259 15.1935
 15.2563 15.3468 15.4178 15.4583 15.4946 15.5702 15.597  15.6192 15.722
 15.8178
23.0838 23.8533 24.1071 24.1429 24.3298 24.3869 24.4473 24.5515 24.6048
 24.6686 24.7003 24.777  24.7965 24.9479 24.9792 25.0293 25.1398 25.1877
 25.2082 25.2386
32.7418 34.1189 34.3733 34.4752 34.4952 34.5339 34.5789 34.6343 34.8259
 34.8495 34.8795 35.1531 35.1694 35.3353 35.3798
42.2219 42.9909 43.0399 43.1735 43.2396 43.3049 43.3746 43.4149 43.4942
 43.5588 43.5928 43.7246 43.7575 43.7754 43.8058 43.8196 43.8406 43.8691
 43.898  43.9369 43.9532 43.9773 44.0069 44.0282 44.0562 44.1392 44.1609
 44.1822 44.2187 44.2441 44.2813 44.3283 44.4191 44.4538 44.4678 44.5829
52.7594 53.495  53.7237 53.7605 53.9773 54.0906 54.1136 54.1421 54.2153
 54.3949 54.4319 54.6965 54.751  54.8168 54.8607 54.8846 55.0146
62.0218 62.3623 62.8961 63.1394 63.5265 63.5999 63.7281 63.8351 63.9306
 63.971  64.1359 64.279  64.3465 64.4063 64.5198 68.9919

