14.6479 14.7199 14.7976 14.859  14.9172 14.9379 14.989  15.0052 15.0336
 15.0558 15.0767 15.1019 15.1207 15.1433 15.1638 15.1854 15.2051 15.2249
 15.2449 15.2629 15.2867 15.3049 15.3231 15.3419 15.3558 15.3683 15.3828
 15.4111 15.4279 15.4444 15.4625 15.4806 15.4952 15.5082 15.5183 15.5337
 15.5446 15.5572 15.5684 15.5802 15.5936 15.6066 15.6273 15.6386 15.6508
 15.6617 15.6726 15.6833 15.6958 15.707  15.7182 15.7338 15.744  15.7537
 15.7642 15.775  15.7866 15.801  15.8156 15.8265 15.8417 15.8561 15.8719
 15.8833 15.8955 15.9099 15.9225 15.9393 15.9517 15.969  15.9814 15.9943
 16.0067 16.027  16.0409 16.0589 16.0775 16.0902 16.1028 16.1158 16.1279
 16.1462 16.1591 16.1711 16.182  16.1936 16.2087 16.2224 16.2348 16.2495
 16.2631 16.2857 16.3034 16.3149 16.3275 16.3413 16.3548 16.368  16.3807
 16.3913 16.4045 16.417  16.4392 16.4692 16.4889 16.5063 16.5261 16.5459
 16.563  16.5818 16.611  16.6315 16.6486 16.7021 16.72   16.7432 16.8236
 16.854  16.8924 16.943  17.0213 17.1076
22.2927 22.9247 22.9668 23.09   23.2779 23.5052 23.6467 23.8577 23.8935
 23.9286 23.9452 23.9755 24.0282 24.1754 24.2161 24.2451 24.2799 24.3126
 24.3654 24.4686 24.4991 24.5136 24.5543 24.5797 24.6069 24.6238 24.6425
 24.6571 24.6768 24.704  24.7193 24.7348 24.7527 24.7679 24.7893 24.8128
 24.833  24.8466 24.8583 24.8771 24.8897 24.9037 24.9178 24.9359 24.9495
 24.9621 24.9784 24.9917 25.0026 25.0167 25.0369 25.054  25.0655 25.0825
 25.095  25.1089 25.1238 25.1382 25.1529 25.1659 25.1767 25.1897 25.1983
 25.2086 25.2216 25.2316 25.2431 25.2538 25.2677 25.2812 25.2946 25.3052
 25.3212 25.3381 25.3474 25.3598 25.3763 25.3916 25.4103 25.4224 25.4358
 25.4456 25.4579 25.4713 25.4858 25.4996 25.5136 25.5305 25.5433 25.556
 25.5689 25.5822 25.5959 25.6095 25.6223 25.6377 25.6572 25.6713 25.6878
 25.7123 25.7279 25.7631 25.7835 25.8022 25.8183 25.833  25.8497 25.8795
 25.8995 25.9461 25.9676 25.9903 26.0103 26.0415 26.061  26.0799 26.1067
 26.1436 26.1723 26.2254 26.2766 26.4349
33.4163 33.8177 34.1251 34.2258 34.3235 34.3805 34.4373 34.4779 34.5055
 34.5279 34.5977 34.6233 34.6479 34.6628 34.6876 34.7102 34.728  34.7409
 34.7572 34.77   34.7995 34.8336 34.8565 34.8765 34.8958 34.9119 34.9303
 34.9526 34.971  35.0222 35.0381 35.0541 35.0706 35.0856 35.1033 35.1253
 35.1385 35.1485 35.1578 35.1691 35.1849 35.2016 35.2167 35.2299 35.2461
 35.2616 35.2738 35.285  35.3001 35.3124 35.326  35.3362 35.3489 35.3647
 35.3757 35.3915 35.4127 35.4374 35.4493 35.4621 35.4747 35.4852 35.4987
 35.5111 35.5248 35.5359 35.5475 35.5601 35.5733 35.5863 35.6032 35.6173
 35.6305 35.6486 35.6676 35.6816 35.6932 35.7057 35.7212 35.7375 35.7505
 35.766  35.78   35.8018 35.8171 35.8346 35.8495 35.862  35.8833 35.9059
 35.9276 35.9455 35.963  35.9857 36.0082 36.0369 36.0559 36.0775 36.1094
 36.1297 36.1689 36.1884 36.3562 36.3886 36.4148 36.4505 36.4979 36.5485
43.0997 43.1499 43.2013 43.2454 43.2678 43.298  43.3293 43.3603 43.3788
 43.3999 43.4189 43.4388 43.4614 43.4794 43.5026 43.5178 43.5354 43.5521
 43.5732 43.5915 43.6098 43.6269 43.6454 43.6619 43.6786 43.6947 43.7101
 43.7256 43.742  43.7557 43.7701 43.783  43.7967 43.8095 43.8216 43.8375
 43.8505 43.8651 43.8767 43.8877 43.9001 43.9103 43.9228 43.9348 43.9475
 43.9608 43.9725 43.9869 43.9984 44.0126 44.023  44.0359 44.0499 44.0639
 44.0751 44.088  44.1032 44.1141 44.1241 44.1341 44.1443 44.1543 44.1661
 44.1755 44.1849 44.1974 44.2076 44.2185 44.2281 44.2373 44.2458 44.2552
 44.2651 44.2746 44.2834 44.2929 44.3035 44.3134 44.3233 44.3325 44.3407
 44.3509 44.3604 44.3687 44.3777 44.3871 44.3974 44.4061 44.4162 44.4268
 44.4364 44.4454 44.457  44.465  44.4757 44.4879 44.5008 44.5105 44.5195
 44.5292 44.5379 44.5475 44.5582 44.5675 44.5776 44.5866 44.5961 44.6048
 44.6139 44.623  44.6338 44.6439 44.6532 44.6632 44.6732 44.6838 44.6941
 44.7042 44.7147 44.7259 44.7374 44.7481 44.7595 44.775  44.7856 44.7961
 44.8071 44.8185 44.8303 44.8407 44.8557 44.8674 44.8788 44.8912 44.902
 44.9133 44.9263 44.9412 44.9532 44.9666 44.9772 44.9907 45.0041 45.0171
 45.03   45.0471 45.061  45.0756 45.0893 45.1084 45.1224 45.1355 45.1549
 45.1724 45.189  45.2131 45.2338 45.2544 45.2735 45.296  45.3338 45.3616
 45.4293 45.4544 45.5159 45.5858 45.6184 49.6561
52.7483 53.5505 53.5884 53.6671 53.7015 53.7302 53.8958 53.9509 53.9999
 54.0182 54.0598 54.0887 54.1232 54.1518 54.1705 54.1884 54.209  54.23
 54.2463 54.2718 54.2876 54.3037 54.3195 54.3445 54.3581 54.3727 54.3922
 54.4054 54.4246 54.447  54.4634 54.4811 54.4995 54.5151 54.5366 54.5526
 54.571  54.5852 54.5985 54.6139 54.6297 54.6404 54.6575 54.6693 54.6831
 54.6978 54.7106 54.7235 54.7381 54.7544 54.7702 54.7887 54.8022 54.816
 54.8316 54.8463 54.8611 54.8741 54.8864 54.9007 54.9122 54.9255 54.9364
 54.9508 54.9624 54.9764 54.9913 55.0012 55.0111 55.0211 55.0316 55.0425
 55.0532 55.0637 55.0755 55.0886 55.1047 55.1166 55.1326 55.1476 55.1632
 55.175  55.1858 55.1988 55.2128 55.2252 55.2385 55.2533 55.2674 55.2788
 55.2946 55.308  55.3195 55.3335 55.3484 55.3635 55.3755 55.3985 55.4108
 55.4255 55.4398 55.4522 55.4768 55.4986 55.5144 55.527  55.5415 55.5567
 55.5679 55.583  55.6053 55.6205 55.6456 55.6627 55.6857 55.7027 55.7466
 55.8081 55.8393 55.8621 55.9297 55.992  56.065  56.1359 56.2821 56.3542
62.0543 62.5177 62.6673 62.9391 63.1862 63.2478 63.2705 63.3558 63.4235
 63.4986 63.5751 63.6218 63.6469 63.6644 63.6779 63.6977 63.7345 63.7512
 63.7737 63.804  63.8177 63.8495 63.8831 63.9123 63.9394 63.9632 63.9783
 63.9995 64.0196 64.0414 64.0577 64.0741 64.0926 64.1244 64.1484 64.1622
 64.175  64.1927 64.2052 64.2169 64.2302 64.2449 64.259  64.2709 64.2851
 64.3059 64.3246 64.3404 64.3547 64.3678 64.3863 64.3975 64.4084 64.4199
 64.4328 64.4466 64.4609 64.474  64.4841 64.4971 64.5152 64.5296 64.5432
 64.5605 64.5784 64.5942 64.6064 64.6193 64.634  64.648  64.6688 64.6807
 64.6935 64.7117 64.7268 64.7393 64.7694 64.7809 64.8014 64.8169 64.8318
 64.8469 64.8648 64.8827 64.8993 64.924  64.9398 64.9847 65.0121 65.0294
 65.0469 65.074  65.1017 65.1268 65.1773 65.2295 65.2546 65.2839 65.3107
 65.3675 65.3853 65.4168 65.4626 65.5308

