13.2219 13.4261 13.5439 13.6928 13.9175 14.0037 14.0428 14.0861 14.1285
 14.241  14.2586 14.3499 14.4039 14.4975 14.5199 14.5481 14.5656 14.5813
 14.6321 14.7579 14.772  14.965
22.0462 23.6445 23.9963 24.0626 24.2116 24.2494 24.439  24.521  24.6774
34.1396
40.7938 42.185  42.4007 42.4781 42.6106 42.7109 42.8539 42.8895 42.947
 42.9915 43.0799 43.1586 43.2164 43.2568 43.285  43.3388 43.3727 43.3945
51.5068 51.5577 51.839  51.9043 52.1414 52.1968 52.2407 52.3833 52.4968
 52.5225 52.7302 52.7466 52.9163 52.9468 52.9999
61.635  61.718  61.867  61.8901 62.4065 67.3199 67.5792 69.5301 69.8337
 69.8623

