12.7428 13.2799 13.6877 13.8502 13.8807 13.898  13.9262 13.9656 14.0087
 14.1135 14.1339 14.1623 14.1929 14.227  14.2461 14.2839 14.3024 14.3263
 14.344  14.3579 14.3741 14.3936 14.4071 14.4225 14.4378 14.45   14.4665
 14.4764 14.4891 14.5034 14.5159 14.5257 14.5384 14.5529 14.5671 14.5792
 14.593  14.6055 14.6157 14.6281 14.6431 14.6546 14.6657 14.6764 14.6871
 14.6994 14.7107 14.7239 14.7349 14.7455 14.7574 14.7685 14.7777 14.7879
 14.7973 14.8073 14.8166 14.827  14.8381 14.8478 14.8565 14.8667 14.8754
 14.8863 14.896  14.905  14.9137 14.9226 14.9322 14.941  14.9499 14.9603
 14.9704 14.9798 14.9881 14.9973 15.0064 15.0147 15.0242 15.0325 15.0429
 15.0521 15.0624 15.0714 15.0807 15.0905 15.0993 15.1097 15.1191 15.1306
 15.1409 15.1496 15.1589 15.168  15.1776 15.1872 15.1974 15.2074 15.2167
 15.2255 15.2342 15.2434 15.253  15.2617 15.2718 15.2816 15.2914 15.3016
 15.3122 15.3233 15.3321 15.3415 15.3507 15.3596 15.3703 15.3797 15.3899
 15.3986 15.4085 15.4174 15.4267 15.4356 15.4445 15.4525 15.4619 15.4714
 15.4798 15.4887 15.4984 15.5073 15.5165 15.5263 15.5355 15.5454 15.5542
 15.5644 15.5741 15.5826 15.5923 15.6012 15.6109 15.6206 15.6294 15.6379
 15.6469 15.6573 15.6675 15.6768 15.6864 15.6958 15.7063 15.718  15.7281
 15.7399 15.7504 15.7614 15.7702 15.7797 15.7891 15.7985 15.8079 15.8192
 15.8279 15.838  15.8504 15.8614 15.8744 15.8863 15.8981 15.9096 15.9215
 15.9374 15.9514 15.9647 15.9768 15.9904 16.0039 16.0176 16.0307 16.0435
 16.0558 16.0707 16.0831 16.0958 16.1065 16.1209 16.1387 16.1528 16.1725
 16.1858 16.1983 16.215  16.2327 16.2494 16.2676 16.2874 16.306  16.32
 16.3454 16.3625 16.3778 16.395  16.4193 16.4402 16.4657 16.6006 16.6266
 16.673  16.6969 16.7288 16.7828 16.8996
23.228  23.2698 23.4315 23.5884 23.6167 23.6547 23.6944 23.7817 23.8241
 23.9174 23.9736 23.9994 24.019  24.0369 24.1003 24.1693 24.1833 24.2127
 24.2411 24.2711 24.2957 24.314  24.329  24.3407 24.3608 24.3889 24.4101
 24.4248 24.4476 24.4626 24.4744 24.4901 24.5029 24.5175 24.5316 24.5487
 24.5657 24.5791 24.5914 24.6044 24.6167 24.6311 24.644  24.659  24.672
 24.6845 24.6989 24.7093 24.7251 24.7355 24.7459 24.7582 24.775  24.7877
 24.8034 24.8167 24.836  24.8531 24.867  24.8776 24.889  24.9012 24.9136
 24.9288 24.9409 24.953  24.9661 24.9763 24.987  24.9968 25.0067 25.0193
 25.0286 25.0423 25.0549 25.0668 25.0819 25.0957 25.1065 25.1168 25.1262
 25.1379 25.1498 25.1598 25.1718 25.183  25.1928 25.2026 25.2127 25.222
 25.2322 25.2424 25.2539 25.2661 25.2766 25.2869 25.2971 25.3091 25.3201
 25.331  25.344  25.3587 25.3695 25.3809 25.3918 25.4031 25.4143 25.4255
 25.435  25.444  25.455  25.4656 25.4779 25.491  25.5051 25.5154 25.5284
 25.5422 25.5548 25.564  25.5763 25.5894 25.6057 25.617  25.6274 25.6415
 25.6561 25.6713 25.6836 25.7049 25.7183 25.7351 25.7528 25.765  25.7793
 25.7979 25.8138 25.8301 25.847  25.8601 25.8728 25.8979 25.9153 25.9346
 25.9481 25.9674 25.9837 26.013  26.0333 26.0556 26.0873 26.1129 26.1485
 26.1778 26.2205 26.2626 26.2819 26.3341 26.4243 26.4553 27.8015
32.9272 33.0517 33.2178 33.5101 33.6003 33.6925 33.7319 33.8155 33.8435
 33.8795 33.9007 33.9472 33.9754 34.0011 34.0647 34.0929 34.1199 34.1454
 34.1712 34.1938 34.2149 34.2339 34.2569 34.2843 34.3012 34.32   34.3348
 34.3482 34.364  34.3765 34.3997 34.4162 34.4346 34.4551 34.4688 34.4834
 34.5002 34.5164 34.5301 34.5463 34.5577 34.5715 34.5868 34.6026 34.6216
 34.6372 34.6553 34.6695 34.6886 34.7044 34.7252 34.7445 34.7595 34.7782
 34.7967 34.8189 34.8355 34.8526 34.8774 34.8963 34.9188 34.9399 34.9557
 34.9689 34.9839 35.     35.0125 35.0321 35.0564 35.0872 35.1091 35.1274
 35.1445 35.1657 35.1812 35.2073 35.2259 35.2499 35.2703 35.3018 35.3164
 35.3388 35.3641 35.3914 35.4145 35.4439 35.4696 35.4915 35.5426 35.5915
 35.6717 35.6964 35.7266 35.8803
40.3134 41.4579 41.7732 41.9335 42.1916 42.3753 42.4175 42.4541 42.4916
 42.5573 42.5787 42.5985 42.6278 42.6523 42.6879 42.705  42.7484 42.7675
 42.8034 42.8268 42.8454 42.8709 42.8855 42.9114 42.9305 42.9463 42.9581
 42.9718 42.9945 43.0158 43.0304 43.0461 43.0599 43.0769 43.0912 43.1027
 43.1148 43.1303 43.1397 43.1516 43.1642 43.1779 43.1904 43.2008 43.2116
 43.2277 43.2446 43.259  43.2747 43.2913 43.3021 43.3132 43.3238 43.3344
 43.3455 43.3561 43.3681 43.3794 43.3932 43.4023 43.4117 43.4222 43.4319
 43.4447 43.4557 43.4672 43.4776 43.4879 43.4979 43.5067 43.5171 43.5278
 43.5364 43.5453 43.5548 43.567  43.5763 43.5846 43.595  43.6048 43.6148
 43.6248 43.6353 43.645  43.6548 43.6641 43.6745 43.6839 43.6947 43.7037
 43.7127 43.7222 43.7314 43.7405 43.7497 43.7593 43.7679 43.7766 43.7852
 43.7951 43.804  43.814  43.8232 43.8319 43.8405 43.8501 43.8589 43.8685
 43.877  43.8864 43.8949 43.9039 43.9131 43.9229 43.9328 43.942  43.9508
 43.962  43.9714 43.981  43.9893 43.999  44.0079 44.0181 44.0274 44.0357
 44.0443 44.0533 44.0619 44.0715 44.0816 44.091  44.1003 44.1102 44.1202
 44.1291 44.1394 44.1493 44.1584 44.1678 44.1774 44.1866 44.1956 44.2053
 44.2185 44.2281 44.2381 44.2496 44.259  44.2683 44.2781 44.2886 44.2994
 44.3128 44.3282 44.3421 44.3531 44.3637 44.3738 44.3845 44.3985 44.4116
 44.4242 44.4394 44.4507 44.4617 44.4732 44.4843 44.4963 44.5084 44.5237
 44.5375 44.5507 44.565  44.5769 44.589  44.6042 44.6168 44.6292 44.6441
 44.6573 44.6729 44.6858 44.7008 44.7202 44.7335 44.7453 44.7641 44.7843
 44.8072 44.822  44.8401 44.8568 44.881  44.9156 44.9336 44.949  44.9748
 45.0056 45.0335 45.0658 45.0853 45.1128 45.194  45.2148 45.2819 45.3914
 45.4191
51.4337 51.5555 51.6342 51.7107 51.8832 52.0916 52.1782 52.2368 52.3154
 52.3946 52.4251 52.4456 52.4692 52.5032 52.5247 52.5516 52.5806 52.6125
 52.6376 52.6936 52.7155 52.7501 52.7689 52.7853 52.8071 52.8234 52.8434
 52.8619 52.8835 52.9002 52.9158 52.933  52.9492 52.9672 52.9863 53.0008
 53.0133 53.0257 53.039  53.0535 53.064  53.0741 53.0865 53.1021 53.1161
 53.1277 53.1375 53.1483 53.1587 53.171  53.1836 53.1939 53.2058 53.2178
 53.2308 53.2432 53.2587 53.2704 53.2814 53.2912 53.3021 53.313  53.3228
 53.3332 53.3432 53.3533 53.3618 53.3707 53.3798 53.3899 53.4    53.4102
 53.4201 53.4305 53.4422 53.4528 53.4641 53.4763 53.486  53.4948 53.5043
 53.5138 53.5249 53.5335 53.5435 53.5578 53.5676 53.5778 53.592  53.6035
 53.6154 53.6256 53.6365 53.6463 53.657  53.6681 53.6786 53.6893 53.6989
 53.7099 53.721  53.7309 53.7423 53.7532 53.764  53.7749 53.7859 53.7978
 53.8092 53.823  53.8332 53.8443 53.8551 53.8644 53.8758 53.8845 53.8933
 53.9033 53.9142 53.9237 53.9352 53.9489 53.9621 53.9727 53.984  53.9975
 54.0098 54.0219 54.0321 54.0424 54.0552 54.0689 54.0839 54.0956 54.1065
 54.1167 54.1283 54.1392 54.1567 54.1701 54.1829 54.2003 54.2132 54.2269
 54.244  54.2602 54.2748 54.2941 54.3086 54.3219 54.3342 54.3467 54.3618
 54.3832 54.4013 54.4233 54.4451 54.4777 54.5116 54.5315 54.5612 54.5876
 54.6082 54.6371 54.6613 54.6929 54.7178 54.8097 54.8535 54.9357 55.0354
61.0976 61.428  61.4574 61.7333 61.7914 61.8162 61.8425 61.9116 61.9617
 62.001  62.0239 62.0634 62.1152 62.1465 62.1829 62.2081 62.2464 62.2933
 62.3267 62.3608 62.3774 62.4026 62.4237 62.4448 62.4586 62.4718 62.4886
 62.5115 62.5334 62.5505 62.5639 62.5842 62.6039 62.6224 62.6455 62.6632
 62.6972 62.7141 62.7352 62.7513 62.7682 62.7851 62.7979 62.8224 62.8347
 62.8485 62.8698 62.8856 62.9062 62.927  62.9434 62.9599 62.9716 62.9889
 63.0026 63.0274 63.0452 63.0636 63.0796 63.1043 63.1255 63.1384 63.1548
 63.1672 63.1856 63.2051 63.2487 63.2678 63.2896 63.3093 63.3237 63.3505
 63.384  63.4043 63.4236 63.4531 63.4834 63.5158 63.5392 63.5953 63.6192
 63.6585 63.6865 63.7603 64.1015 69.2748 69.4798 69.5609 69.9144

