12.9514 13.1509 13.2549 13.5218 13.6699 13.7239 13.7577 13.795  13.8338
 13.8994 13.9364 13.9599 14.044  14.0745 14.1078 14.1506 14.1676 14.1951
 14.2228 14.2577 14.2886 14.3152 14.338  14.3669 14.3803 14.3949 14.4203
 14.4313 14.4484 14.4706 14.5045 14.5232 14.5409 14.5567 14.5692 14.5872
 14.6044 14.6277 14.6458 14.6759 14.6889 14.7067 14.7224 14.7517 14.7683
 14.7804 14.7956 14.8177 14.8303 14.8431 14.8602 14.8759 14.8907 14.9094
 14.9301 14.9473 14.9817 15.0456
22.2131 22.9474 23.3959 23.6622 23.7259 23.8557 23.8748 23.9042 23.9293
 23.9573 23.9858 24.022  24.1076 24.1664 24.1888 24.2138 24.2397 24.3015
 24.322  24.3666 24.3967 24.4244 24.4529 24.4849 24.505  24.5404 24.5521
 24.5694 24.5889 24.6146 24.6702 24.6832 24.7292 24.7529 24.7793 24.7917
 24.8332 24.8503
32.1096 32.3807 33.1949 33.4475 33.4981 33.5414 33.6957 33.768  33.7978
 33.8615 33.8796 33.9829 34.0151 34.2399 34.2903 34.4048 34.4948
41.6273 41.7017 41.9677 42.0298 42.2504 42.3116 42.3729 42.4185 42.4428
 42.532  42.5547 42.6099 42.7025 42.7339 42.7669 42.8266 42.8438 42.8748
 42.8964 42.9116 42.9359 42.948  42.9716 42.9884 43.0041 43.0252 43.0392
 43.0581 43.0819 43.0967 43.1135 43.1444 43.168  43.1804 43.1941 43.2037
 43.2186 43.2332 43.2493 43.2703 43.2915 43.3014 43.316  43.3328 43.3514
 43.3667 43.38   43.3916 43.406  43.5237 43.5802 43.6199 43.6381
52.2237 52.3285 52.3818 52.4408 52.4682 52.4979 52.5166 52.5758 52.6555
 52.6992 52.7232 52.7739 52.8226 52.8466 52.8697 52.9058 52.9721 52.9879
 53.0047 53.0336 53.0521 53.0988 53.1324 53.1628 53.2879 53.4186
61.2689 61.7008 61.8467 61.9185 61.9455 61.9807 62.0449 62.0824 62.1354
 62.1745 62.2425 62.2603 62.2834 62.3107 62.3859 62.4446 62.4664 68.7778
 69.7427 69.8998 69.9869

