11.3529 13.1469 14.1549 14.1877 14.2413 14.2918 14.3184 14.3492 14.4118
 14.4445 14.4803 14.51   14.5297 14.5676 14.5922 14.6319 14.655  14.6803
 14.7037 14.7287 14.7459 14.7703 14.7907 14.8093 14.8338 14.8539 14.8694
 14.8942 14.9206 14.9447 14.9614 14.9815 15.0002 15.0147 15.0308 15.0466
 15.069  15.0858 15.1043 15.1186 15.1396 15.1605 15.1775 15.1923 15.2086
 15.2253 15.241  15.2591 15.2754 15.299  15.3156 15.3375 15.3635 15.3874
 15.4067 15.429  15.4523 15.4974 15.5163 15.5443 15.57   15.5887 15.6262
 15.6419 15.6593 15.676  15.7039 15.7211 15.7409 15.7648 15.7965 15.8119
 15.8354 15.8716 15.9148 15.941  15.966  15.9894 16.0294 16.0796 16.0996
 16.1188 16.1469 16.1686 16.1853 16.2014 16.2902 16.3137 16.3475 16.3847
 16.4127 16.4475 16.554  16.7048 16.9554
22.2509 22.6162 22.8691 23.3948 23.612  23.6426 23.7756 23.8706 23.9026
 23.9433 23.9733 24.01   24.0379 24.0628 24.1029 24.1533 24.1715 24.1839
 24.2105 24.2334 24.2584 24.3067 24.3291 24.3452 24.3612 24.3849 24.4145
 24.4297 24.4438 24.4598 24.4802 24.493  24.5104 24.524  24.5393 24.5537
 24.5719 24.588  24.6073 24.6478 24.6647 24.6812 24.7093 24.7291 24.7419
 24.7571 24.7749 24.8023 24.8212 24.8376 24.8541 24.8697 24.9094 24.9265
 24.9439 24.9677 24.9872 25.0023 25.0221 25.0452 25.076  25.1023 25.1197
 25.1318 25.1596 25.1837 25.2064 25.2486 25.2678 25.2936 25.3099 25.3305
 25.3601 25.3906 25.4423 25.4601 25.4819 25.5219 25.5547 25.5826 25.6264
 25.6543 25.6838 25.7368 25.764  25.7909 25.8319 25.9079 25.9452 25.9737
 26.004  26.0796 26.1448
32.8294 33.0626 33.2581 33.3116 33.3449 33.3882 33.4081 33.4421 33.4694
 33.5107 33.5344 33.5758 33.6085 33.6285 33.6798 33.7076 33.7514 33.8145
 33.8355 33.8604 33.8766 33.9067 33.9291 33.9551 33.9706 33.9938 34.0115
 34.0397 34.0633 34.0882 34.1086 34.1261 34.1467 34.1625 34.1915 34.2036
 34.2277 34.2448 34.2608 34.2825 34.309  34.3276 34.3527 34.3709 34.3894
 34.4051 34.4194 34.4425 34.4644 34.4829 34.4996 34.5409 34.5577 34.5848
 34.6097 34.6273 34.6577 34.6759 34.6981 34.7136 34.7338 34.7581 34.7857
 34.8094 34.8338 34.8512 34.8708 34.8865 34.9073 34.9549 34.9816 35.0032
 35.0456 35.0655 35.1225 35.1499 35.1976 35.2251 35.2865 35.3191 35.3556
 35.3831 35.4006 35.4397 35.4586 35.4877 35.5533 35.6052 36.0557
42.9052 43.0483 43.0944 43.1384 43.2425 43.2919 43.3492 43.4213 43.4764
 43.5079 43.5209 43.5424 43.5676 43.5873 43.6083 43.634  43.6478 43.6618
 43.6779 43.6923 43.7139 43.733  43.748  43.7645 43.7785 43.7922 43.8031
 43.8213 43.836  43.858  43.8724 43.8882 43.9072 43.9318 43.9529 43.9678
 43.9919 44.0057 44.0247 44.051  44.0654 44.0873 44.1078 44.1408 44.1652
 44.182  44.2114 44.2284 44.2559 44.2743 44.288  44.3027 44.3184 44.3392
 44.3739 44.392  44.4274 44.4462 44.4647 44.482  44.5005 44.5209 44.5491
 44.5739 44.5947 44.6122 44.6267 44.6481 44.6641 44.6807 44.7027 44.7208
 44.7361 44.7608 44.7804 44.8056 44.8276 44.8549 44.896  44.9209 44.9475
 44.9747 45.0083 45.038  45.0687 45.1067 45.1372 45.2345 45.2665 45.3029
51.6269 52.195  52.2872 52.3744 52.4489 52.4722 52.4983 52.5235 52.5656
 52.6265 52.6464 52.6632 52.6872 52.7116 52.7582 52.7856 52.8177 52.8447
 52.8738 52.9013 52.9298 52.9452 52.9643 52.9886 53.0036 53.019  53.0469
 53.0686 53.0916 53.1048 53.1204 53.1424 53.1556 53.1715 53.1895 53.205
 53.2197 53.2352 53.2509 53.265  53.2817 53.298  53.3131 53.3308 53.3493
 53.3615 53.3753 53.389  53.4038 53.4208 53.4355 53.4488 53.4666 53.4886
 53.516  53.5298 53.5489 53.5667 53.5874 53.6054 53.6364 53.6514 53.6755
 53.6969 53.7242 53.7435 53.771  53.788  53.8094 53.8299 53.845  53.869
 53.8866 53.914  53.9345 53.9642 53.9949 54.0319 54.0625 54.0817 54.0966
 54.115  54.1598 54.2188 54.2898 54.3147 54.3318 54.3585 54.4227 54.4715
 54.5099 54.5504 54.5975
60.8142 61.2998 61.3656 61.4478 61.7485 61.8533 61.8779 61.9089 61.9419
 61.9992 62.0699 62.1334 62.1679 62.1887 62.2274 62.2749 62.306  62.3209
 62.3596 62.3975 62.4222 62.4441 62.4766 62.4948 62.5157 62.5328 62.5521
 62.5797 62.6029 62.6196 62.6376 62.6655 62.6829 62.7    62.7193 62.7484
 62.7838 62.8127 62.8309 62.8493 62.8765 62.9028 62.9346 62.9559 62.9829
 63.0092 63.0445 63.0775 63.1084 63.131  63.159  63.1769 63.2005 63.2296
 63.2523 63.2715 63.2891 63.3259 63.3755 63.3959 63.4408 63.4928 63.5435
 63.6013 63.6505 63.6901 63.7267 63.7773 63.8508 63.9878 64.1449 64.2292
 69.9434

