10.0114 13.3878 13.6086 13.6738 13.6973 13.8285 13.8775 13.924  13.9469
 13.9912 14.0344 14.0577 14.1206 14.1526 14.1786 14.1968 14.2256 14.2672
 14.2882 14.3147 14.3386 14.3657 14.3854 14.4079 14.4358 14.4514 14.4668
 14.4835 14.5018 14.5255 14.5445 14.5633 14.5798 14.5972 14.6186 14.6402
 14.6559 14.6804 14.6968 14.7234 14.7402 14.755  14.7688 14.7903 14.8064
 14.8239 14.8453 14.8577 14.8694 14.882  14.8992 14.9146 14.9339 14.9538
 14.9682 14.9842 15.0003 15.0215 15.0371 15.0496 15.0614 15.0769 15.1043
 15.1177 15.1326 15.1535 15.166  15.1796 15.1945 15.2098 15.225  15.2408
 15.2595 15.2753 15.2912 15.3035 15.3184 15.3341 15.3473 15.3605 15.3738
 15.3997 15.4312 15.4452 15.4572 15.4847 15.5002 15.5211 15.536  15.5527
 15.5662 15.5767 15.5963 15.6131 15.628  15.6525 15.6715 15.687  15.702
 15.7298 15.7467 15.7636 15.7812 15.8128 15.8304 15.8484 15.8768 15.8898
 15.9216 15.9527 15.979  16.0169 16.0719 16.1074 16.1657 16.1954 16.2257
 16.2631 16.4581
22.1356 22.4979 22.6218 22.7875 23.0457 23.1414 23.2003 23.2206 23.3109
 23.5134 23.5778 23.6139 23.6291 23.6929 23.742  23.7692 23.7929 23.8324
 23.8724 23.8972 23.9198 23.9489 23.9878 24.0191 24.0369 24.052  24.0714
 24.0894 24.1083 24.1256 24.1453 24.1616 24.1797 24.1955 24.2138 24.2394
 24.253  24.2744 24.2922 24.3133 24.3457 24.3606 24.3758 24.3925 24.4149
 24.4329 24.4491 24.4618 24.4757 24.4902 24.5032 24.518  24.5352 24.5526
 24.5649 24.5771 24.5903 24.608  24.6285 24.6453 24.6598 24.675  24.6931
 24.708  24.7219 24.7363 24.7517 24.7658 24.7818 24.7944 24.82   24.8404
 24.8599 24.8773 24.8943 24.9081 24.9244 24.9392 24.9541 24.9749 24.9861
 24.9996 25.0207 25.0429 25.058  25.0766 25.0929 25.1064 25.1191 25.1339
 25.1543 25.1736 25.1912 25.2048 25.2241 25.2364 25.2524 25.2752 25.2926
 25.3111 25.3306 25.3484 25.3681 25.3947 25.4321 25.4601 25.487  25.5169
 25.5442 25.5674 25.5954 25.6187 25.6458 25.686  25.7248 25.8139 25.8682
 26.0033 26.0739 26.1063
31.5824 31.6373 32.1204 32.2285 32.3426 32.512  32.5858 32.7917 32.8888
 32.9158 32.9639 32.9853 33.0218 33.0449 33.0859 33.1027 33.1214 33.1401
 33.1775 33.1967 33.2266 33.2596 33.2862 33.3078 33.3598 33.3939 33.4223
 33.4626 33.4889 33.5145 33.55   33.5734 33.5928 33.6094 33.6237 33.6404
 33.6587 33.6872 33.7039 33.7186 33.7354 33.7564 33.7776 33.7966 33.8144
 33.8329 33.8455 33.8623 33.8811 33.9008 33.9171 33.9314 33.9502 33.9685
 33.9949 34.0141 34.0303 34.0432 34.0557 34.0831 34.1018 34.1188 34.1314
 34.1499 34.166  34.1787 34.1949 34.2068 34.2176 34.2289 34.2434 34.2598
 34.2724 34.2861 34.2995 34.3159 34.3318 34.3433 34.3608 34.3763 34.3912
 34.4051 34.4234 34.4416 34.4579 34.472  34.4855 34.5008 34.519  34.5328
 34.5501 34.5782 34.5929 34.6079 34.6239 34.6411 34.6549 34.6719 34.6888
 34.7124 34.739  34.7552 34.7834 34.8047 34.8178 34.8327 34.8515 34.8653
 34.8826 34.901  34.9284 34.943  34.9564 34.9719 34.9957 35.0364 35.0672
 35.0866 35.1262 35.1711 35.1912 35.2138 35.2637 35.3074 35.3483 35.4009
 35.4635 35.5088 35.6311 35.9948 39.4749
42.0229 42.4197 42.6606 42.6905 42.7186 42.749  42.7943 42.8548 42.8823
 42.9003 42.9631 43.0847 43.1181 43.1817 43.2042 43.2201 43.2323 43.2479
 43.2628 43.2845 43.2992 43.3251 43.3449 43.3684 43.3894 43.4238 43.4478
 43.4647 43.4847 43.4968 43.5128 43.5275 43.5443 43.5587 43.5785 43.5938
 43.6069 43.6225 43.6441 43.6595 43.6807 43.703  43.7242 43.7407 43.7538
 43.7697 43.7812 43.8008 43.8165 43.8331 43.846  43.8616 43.8759 43.8908
 43.9034 43.9156 43.9281 43.9443 43.9697 43.9818 43.9959 44.0093 44.0247
 44.0522 44.0673 44.0853 44.1026 44.1282 44.1459 44.1635 44.1813 44.2013
 44.2203 44.2438 44.2552 44.2672 44.2811 44.2938 44.309  44.3271 44.3473
 44.3643 44.3887 44.4057 44.4207 44.4436 44.4559 44.4753 44.4916 44.5088
 44.5327 44.5487 44.5678 44.5846 44.6015 44.6252 44.6394 44.6535 44.6754
 44.702  44.7229 44.7348 44.7551 44.7747 44.8    44.8132 44.8452 44.8795
 44.9152 44.9715 45.0522 45.0886 45.1187 45.1479 45.3089 45.3684 45.4728
50.6496 51.2139 51.794  51.8699 51.8986 51.9981 52.0544 52.0893 52.1098
 52.1384 52.1748 52.1969 52.2471 52.2656 52.3387 52.359  52.3895 52.4339
 52.472  52.4887 52.5031 52.5314 52.5572 52.5761 52.6005 52.6184 52.6322
 52.6557 52.6765 52.7121 52.7322 52.7468 52.7646 52.7832 52.7987 52.8259
 52.8403 52.8584 52.8748 52.8967 52.9124 52.9361 52.959  52.9746 52.9916
 53.0091 53.023  53.038  53.0507 53.066  53.0812 53.0951 53.1101 53.1248
 53.1372 53.1491 53.1608 53.1773 53.1918 53.2071 53.2266 53.2382 53.2529
 53.2684 53.2942 53.3067 53.3187 53.3296 53.3423 53.3568 53.3797 53.3941
 53.4118 53.4317 53.4589 53.4736 53.4898 53.5037 53.5189 53.5337 53.5541
 53.5718 53.5892 53.6088 53.6263 53.6525 53.6658 53.6935 53.708  53.7318
 53.7509 53.7647 53.7812 53.8046 53.8224 53.8464 53.8635 53.8818 53.8958
 53.9139 53.9336 53.9599 53.9788 54.001  54.0227 54.0374 54.0544 54.0787
 54.0942 54.1237 54.1514 54.1807 54.2041 54.2265 54.2597 54.299  54.3395
 54.3987 54.4633 54.4878 54.5188 54.5688 54.6059 54.7659
60.6246 61.1631 61.2506 61.5218 61.6153 61.7016 61.7297 61.7573 61.8052
 61.8208 61.8408 61.8717 61.9528 61.9736 62.017  62.0362 62.0511 62.0694
 62.0928 62.1158 62.1623 62.1798 62.2001 62.2297 62.2495 62.2818 62.3078
 62.3363 62.3578 62.3751 62.3947 62.4157 62.4408 62.4566 62.4712 62.4905
 62.5189 62.5405 62.5584 62.5716 62.5873 62.6095 62.6241 62.6475 62.6723
 62.6928 62.716  62.7334 62.751  62.765  62.7828 62.8169 62.8563 62.8703
 62.9025 62.921  62.9463 62.9626 62.9839 63.0201 63.0346 63.0524 63.0736
 63.1021 63.1233 63.1497 63.22   63.2432 63.2815 63.299  63.3174 63.3372
 63.3616 63.3872 63.4341 63.4679 63.5385 63.6077 63.653  63.6869 63.7962
 65.7321 68.6928 69.9838

