13.2408 13.6807 13.84   13.8848 13.9833 14.0862 14.8183 18.7081
22.3929 22.6313 22.7379 22.9473 23.4518 23.6017 23.6742 23.6984 23.7915
 24.0043
32.0935 32.5194 32.6049 32.7228 32.9809 33.0173 33.0549 33.2149 33.2788
 33.5451
40.8648 41.9472 42.0578 42.2078 42.4153 42.5557 42.9542 43.0271 43.2418
50.9534 51.4247 51.7592 51.8278 51.9697 52.0016 52.0458 52.1082 52.2812
 52.3131 52.4879 52.6176 58.7321 59.9803
60.5229 61.1866 61.2217 61.5822 61.6668 61.7152 61.7637 61.8451 61.8988
 61.9396 69.5291 69.7599 69.8263 69.9714

