13.3639 13.6966 13.7689 14.2692 14.3599 14.3853 14.4187 14.4431 14.6072
 14.6363 14.6715 14.7499 14.7911 14.8572 14.9091 14.9484 15.0006 15.0634
 15.1026 15.1359 15.1564 15.1808 15.2132 15.2439 15.2621 15.2934 15.323
 15.3477 15.4099 15.4421 15.4644 15.4923 15.5294 15.5911 15.617  15.6369
 15.6512 15.6755 15.6977 15.7275 15.7548 15.7824 15.8141 15.8425 15.862
 15.8856 15.9018 15.921  15.9347 15.9473 15.9667 15.9826 16.0011 16.0231
 16.0479 16.0684 16.0855 16.1058 16.1369 16.1588 16.1972 16.2164 16.2417
 16.2801 16.3098 16.3325 16.3491 16.3658 16.3919 16.4177 16.4336 16.4554
 16.4836 16.5087 16.5418 16.5731 16.5923 16.6162 16.6436 16.6641 16.7122
 16.7524 16.7898 16.8104 16.8295 16.8699 16.9849
23.5875 23.6496 23.8345 23.9919 24.0469 24.1285 24.1796 24.2468 24.2688
 24.3021 24.3253 24.3649 24.3991 24.4237 24.4757 24.5118 24.5417 24.5668
 24.5965 24.6162 24.653  24.6685 24.7078 24.7375 24.7742 24.7978 24.8286
 24.8697 24.8932 24.9238 24.9414 24.9617 24.9834 25.0024 25.0287 25.0778
 25.1069 25.14   25.1605 25.1989 25.2187 25.2333 25.2513 25.2749 25.2995
 25.3269 25.3478 25.3705 25.3971 25.4236 25.4438 25.4639 25.4797 25.496
 25.5239 25.5486 25.5796 25.6079 25.6287 25.6566 25.687  25.7067 25.7315
 25.7487 25.7695 25.7988 25.8237 25.8519 25.8717 25.8987 25.9153 25.9334
 25.9535 25.9719 25.9918 26.0059 26.0293 26.0614 26.0943 26.1134 26.1317
 26.1478 26.1733 26.2083 26.2577 26.2922 26.325  26.3699 26.412  26.4762
 26.5364 26.5883 26.6162
31.9161 32.8694 32.9641 33.0569 33.0947 33.1288 33.2979 33.3326 33.3627
 33.6114 33.6327 33.6865 33.7778 33.8182 33.8451 33.9004 33.9226 34.008
 34.0477 34.1031 34.1279 34.1827 34.2617 34.2996 34.3159 34.3353 34.3576
 34.3738 34.3979 34.4172 34.4352 34.4533 34.4888 34.5182 34.5595 34.6121
 34.6339 34.6548 34.6902 34.7087 34.7405 34.7567 34.7797 34.8016 34.8174
 34.8457 34.8683 34.8903 34.9056 34.9269 34.9441 34.9607 34.9879 35.0065
 35.0312 35.0506 35.0648 35.0895 35.1104 35.1349 35.1602 35.179  35.1983
 35.22   35.2368 35.276  35.2978 35.3187 35.3429 35.3625 35.3875 35.4098
 35.4354 35.4518 35.4784 35.5061 35.5266 35.5431 35.5616 35.5993 35.6352
 35.6616 35.6917 35.7083 35.7406 35.7602 35.783  35.8397 35.8659 35.8899
 35.9246 35.967  36.0503 36.1007 36.1646
42.2079 42.5695 43.0576 43.1447 43.1809 43.265  43.319  43.4011 43.4249
 43.4851 43.5253 43.5935 43.6148 43.6384 43.7385 43.7676 43.8067 43.8782
 43.9003 43.9339 43.9794 44.0681 44.1039 44.1645 44.1875 44.2076 44.2282
 44.2541 44.2797 44.3193 44.3475 44.3695 44.3833 44.4155 44.4469 44.4744
 44.5111 44.5384 44.5555 44.6008 44.6419 44.6596 44.677  44.7    44.7288
 44.7509 44.776  44.7924 44.8163 44.8493 44.8777 44.9036 44.9274 44.9648
 45.0017 45.0245 45.0413 45.0731 45.0974 45.1188 45.1381 45.1567 45.172
 45.1873 45.2028 45.2243 45.2453 45.2741 45.293  45.3164 45.336  45.351
 45.3676 45.3869 45.4149 45.4312 45.452  45.4791 45.4967 45.5214 45.5467
 45.5705 45.5993 45.6199 45.6386 45.6553 45.7207 45.7528 45.7728 45.8156
 45.8448 45.8919 45.9538 46.0132 46.0919
52.3229 52.4256 52.4789 52.5763 52.5986 52.706  52.7496 52.8455 52.8762
 52.9069 52.9412 52.9904 53.0538 53.0818 53.1022 53.1862 53.2319 53.2528
 53.2909 53.3219 53.3432 53.3921 53.4407 53.4811 53.5021 53.5272 53.5591
 53.5983 53.6388 53.6625 53.6986 53.7272 53.7476 53.7649 53.7803 53.8044
 53.8262 53.8524 53.8777 53.8989 53.918  53.9391 53.9567 53.9789 53.9995
 54.0239 54.0396 54.0618 54.0902 54.1106 54.1381 54.1656 54.1906 54.2138
 54.2474 54.2708 54.2908 54.3159 54.3467 54.3626 54.3822 54.3969 54.4228
 54.4475 54.4716 54.4875 54.514  54.5469 54.5649 54.6017 54.621  54.6373
 54.6594 54.6793 54.7004 54.7208 54.7386 54.7605 54.7828 54.8298 54.8582
 54.8959 54.9247 54.9521 54.9818 55.0056 55.0347 55.0808 55.1209 55.1559
 55.1825 55.2179 55.313  55.3555
61.2879 61.4861 61.5593 61.6663 62.0614 62.1169 62.158  62.2002 62.255
 62.3055 62.3537 62.4518 62.48   62.5285 62.5624 62.5894 62.6459 62.6729
 62.7    62.7493 62.7691 62.8493 62.9165 62.9852 63.0486 63.0984 63.1284
 63.1455 63.1689 63.2038 63.2297 63.2502 63.2773 63.2967 63.3444 63.3739
 63.398  63.4309 63.458  63.4995 63.5265 63.5584 63.5805 63.6043 63.6568
 63.6808 63.7212 63.7406 63.8088 63.8878 63.9161 63.9378 63.9699 64.0216
 64.0984 64.153  64.1718 64.2628 64.314  64.3527 64.3919 64.4934 64.9649
 66.828  68.5752

