11.4359 12.804  13.5199 13.5689 13.623  13.8256 14.0324 14.1495 14.2808
 14.36   14.4578 14.5089 14.5372 14.583  14.6316 14.6453 14.6727 14.6846
 14.6988 14.735  14.7551 14.7778 14.8091 14.8301 14.8515 14.8776 14.9027
 14.9204 14.9363 14.9517 14.9799 14.9958 15.0139 15.0303 15.0477 15.0843
 15.128  15.1393 15.1544 15.1669 15.1827 15.1969 15.2139 15.2346 15.2539
 15.2669 15.2815 15.3013 15.3164 15.3271 15.3437 15.366  15.3838 15.4018
 15.4191 15.4329 15.4428 15.4601 15.4793 15.4943 15.5221 15.5435 15.5678
 15.5854 15.6054 15.6273 15.6411 15.6565 15.6725 15.6911 15.7126 15.7305
 15.7658 15.7969 15.825  15.8488 15.8729 15.8962 15.9165 15.939  15.9587
 15.9787 16.0018 16.0376 16.0881 16.1551 16.2239 16.6293
21.1938 23.1055 23.5962 23.7507 23.8344 23.8657 23.8953 23.9857 23.9999
 24.0674 24.1375 24.1534 24.1749 24.1988 24.2512 24.2785 24.3004 24.3196
 24.3335 24.362  24.4053 24.4234 24.4444 24.4686 24.4833 24.5156 24.5343
 24.5544 24.5713 24.5986 24.627  24.6472 24.6605 24.6758 24.6909 24.7126
 24.7312 24.7438 24.7552 24.7714 24.7895 24.8058 24.8185 24.8365 24.869
 24.8847 24.8974 24.9137 24.9302 24.9425 24.9589 24.9767 24.9936 25.0056
 25.0196 25.0305 25.0437 25.058  25.075  25.0902 25.1039 25.1165 25.1305
 25.1459 25.1605 25.1843 25.2004 25.2192 25.2318 25.2449 25.2598 25.2726
 25.2882 25.301  25.3148 25.3297 25.342  25.3547 25.369  25.383  25.3979
 25.4153 25.4329 25.4534 25.4705 25.4872 25.5035 25.5257 25.5383 25.5524
 25.5656 25.5806 25.6052 25.6199 25.6392 25.6683 25.6999 25.7269 25.7579
 25.7756 25.8476 25.8707 25.9447 25.9667 26.0162 26.0505 26.1115 26.2569
32.3977 32.5803 32.6157 32.7724 32.814  32.8726 32.8951 32.9843 33.1421
 33.1595 33.1883 33.2423 33.3138 33.3455 33.3695 33.4013 33.4258 33.4738
 33.4974 33.5185 33.5372 33.5569 33.5755 33.5955 33.6162 33.6371 33.6562
 33.6858 33.7047 33.7205 33.7382 33.7614 33.7758 33.7896 33.8068 33.8212
 33.8354 33.8525 33.8673 33.8803 33.8942 33.9143 33.9253 33.9375 33.9505
 33.9659 33.9776 33.9894 34.001  34.0143 34.0298 34.0457 34.0589 34.0703
 34.0875 34.1006 34.1145 34.1281 34.1403 34.1625 34.1835 34.1999 34.2155
 34.2293 34.2463 34.2642 34.2867 34.3012 34.3222 34.3345 34.3454 34.3577
 34.3733 34.3967 34.4168 34.4303 34.4445 34.4569 34.4724 34.4862 34.4975
 34.5108 34.5312 34.5514 34.5657 34.5852 34.5991 34.6167 34.6349 34.648
 34.6668 34.6879 34.7104 34.7256 34.743  34.7662 34.7879 34.8089 34.833
 34.8604 34.8897 34.9076 34.9278 34.9494 34.9843 35.0017 35.021  35.0652
 35.0908 35.1787 35.2109 35.2813
40.4141 41.6918 41.8915 42.2769 42.3284 42.4339 42.4592 42.4796 42.5549
 42.6269 42.6475 42.6824 42.7014 42.7219 42.7831 42.807  42.8209 42.8374
 42.8574 42.8892 42.9077 42.9327 42.9488 42.9686 42.9832 42.9968 43.0137
 43.0292 43.0551 43.0705 43.084  43.1024 43.119  43.1338 43.1526 43.1663
 43.1846 43.1999 43.2266 43.2412 43.2556 43.2708 43.2827 43.3006 43.3177
 43.3359 43.3573 43.3781 43.3889 43.4017 43.4201 43.4344 43.4516 43.467
 43.4858 43.4978 43.5126 43.5232 43.536  43.5468 43.5574 43.5705 43.5805
 43.5923 43.6056 43.6175 43.6311 43.6439 43.6623 43.677  43.6895 43.7027
 43.7165 43.7281 43.7419 43.7546 43.7668 43.779  43.7913 43.8063 43.8156
 43.8288 43.8381 43.8499 43.8599 43.8731 43.885  43.9008 43.9145 43.9255
 43.9356 43.9484 43.9611 43.975  43.9875 44.0012 44.0131 44.0271 44.0441
 44.0599 44.073  44.0919 44.1053 44.1183 44.1315 44.1462 44.1647 44.1801
 44.1921 44.2029 44.2161 44.2302 44.2429 44.2589 44.2768 44.2915 44.3086
 44.3278 44.3432 44.3645 44.3782 44.3979 44.4111 44.4314 44.4482 44.4692
 44.4895 44.5127 44.5372 44.5542 44.5734 44.6104 44.6486 44.7007 44.7306
 44.7593 44.7944 44.9106 45.0467 45.1066 45.3495
51.2499 51.4046 51.5792 51.6839 51.7402 51.7625 51.7856 51.8158 51.8412
 51.8759 51.9261 51.9486 51.9804 51.9994 52.0131 52.0338 52.0506 52.0803
 52.0953 52.1178 52.1379 52.1732 52.1913 52.2208 52.2374 52.2525 52.2639
 52.2759 52.2896 52.3097 52.327  52.348  52.3673 52.3831 52.4022 52.4173
 52.4344 52.4494 52.4629 52.4753 52.4913 52.5065 52.5208 52.5364 52.5508
 52.5657 52.5787 52.595  52.6064 52.623  52.6354 52.647  52.6606 52.6768
 52.6894 52.7017 52.714  52.7246 52.7356 52.7463 52.7586 52.7705 52.7844
 52.8004 52.8116 52.8232 52.8325 52.8439 52.8542 52.8643 52.8783 52.8874
 52.9014 52.9128 52.9226 52.934  52.9493 52.9605 52.9723 52.9823 52.9939
 53.009  53.0205 53.0334 53.0448 53.0585 53.0714 53.0823 53.095  53.1077
 53.1237 53.1385 53.1533 53.1683 53.1813 53.1958 53.208  53.2204 53.2336
 53.2483 53.2635 53.2757 53.2873 53.2994 53.3117 53.3256 53.3436 53.3595
 53.3763 53.3893 53.4104 53.4235 53.4417 53.4601 53.4787 53.4938 53.5115
 53.5299 53.5544 53.5739 53.5884 53.611  53.6314 53.6518 53.6666 53.7285
 53.7557 53.7854 53.803  53.8233 53.8617 53.8995 53.9401 53.9884 54.0518
 54.2638 54.2992
60.3513 60.7637 60.8996 60.9586 61.0602 61.1147 61.1299 61.1463 61.1912
 61.2366 61.2609 61.2874 61.3111 61.3497 61.3784 61.405  61.4263 61.4438
 61.4679 61.4868 61.5077 61.5256 61.5426 61.5647 61.5771 61.6006 61.6143
 61.6352 61.6537 61.6683 61.6806 61.6975 61.7095 61.7205 61.7316 61.7457
 61.7577 61.7718 61.7856 61.7972 61.8095 61.8279 61.841  61.8518 61.868
 61.8798 61.8968 61.9094 61.9217 61.934  61.946  61.9576 61.9681 61.9805
 61.9911 62.0043 62.0145 62.0248 62.0356 62.0502 62.0652 62.0824 62.0947
 62.105  62.1185 62.1296 62.1393 62.1494 62.1602 62.1721 62.1816 62.194
 62.2047 62.2189 62.2284 62.2389 62.2498 62.2649 62.2758 62.2882 62.3004
 62.3118 62.3228 62.3354 62.3475 62.3586 62.3702 62.3805 62.3916 62.4023
 62.4125 62.4244 62.4338 62.4434 62.4567 62.468  62.4783 62.4896 62.4988
 62.5089 62.5204 62.5316 62.5464 62.5612 62.5737 62.5865 62.5976 62.6084
 62.6194 62.6284 62.6398 62.6505 62.6604 62.6709 62.6828 62.6936 62.7059
 62.7204 62.7338 62.7459 62.7611 62.7748 62.7877 62.7988 62.8088 62.8229
 62.8347 62.846  62.861  62.8794 62.8942 62.914  62.9289 62.9436 62.9631
 62.9819 62.9965 63.0153 63.0317 63.0513 63.0697 63.0947 63.11   63.1264
 63.1496 63.1789 63.2002 63.2206 63.2374 63.2597 63.2821 63.3078 63.3254
 63.3502 63.3748 63.4126 63.4765 63.5037 63.576  63.6219 63.6544 63.683
 63.7869 66.1128 68.8943

