11.2569 13.1517 13.2161 13.3758 13.6759 13.7334 13.8242 13.9177 13.99
 14.0768 14.1179 14.2055 14.321  14.4978 14.6292
23.485  23.5045 23.9692 29.2937
30.0867 32.8769 32.9115 33.1208 33.2213 33.3419 33.3692 33.5275 33.5511
40.3154 40.8209 41.2497 41.4104 42.6748 42.7246 42.9327 42.9909 43.0165
 43.0419 49.3498 49.3937
50.0689 51.2649 51.4847 51.7879 51.8735 52.2222 52.3007 52.411  52.5661
 52.6093 52.6489 52.7759
60.5768 60.8228 61.0629 61.2126 61.2529 61.502  61.8066 65.7966 68.8069
 69.6327 69.9297

