12.8097 13.0445 13.1178 13.4274 13.636  13.7667 13.8158 13.889  13.9928
 14.1462 14.1705 14.3268 14.4096
22.5828 23.2867 23.3298 23.4346 23.6819 23.8293 23.9993 29.9558
31.8286 32.0344 32.1838 32.4476 32.5337 32.6347 32.6559 32.9119 32.9816
 33.043  33.1388 33.229  33.4118 38.2506 39.1929
42.4689 42.5323 42.6403 42.6622 42.6829 42.7145 42.8269 42.9992 43.2338
50.5035 51.1424 51.4874 51.5697 51.7906 51.9897 52.097  52.6158 58.7763
 59.6637
60.3428 60.6398 61.2863 61.3307 61.3899 61.4143 61.4437 61.6332 61.6498
 61.6979 61.8456 69.1565

