10.4738 13.4558 13.8958 13.9824 14.0324 14.2793 14.3032 14.4146 14.4913
 14.5128 14.5371 14.5617 14.5897 14.6228 14.6463 14.6709 14.7048 14.7436
 14.7684 14.7908 14.8071 14.8214 14.8362 14.8569 14.8746 14.8922 14.9093
 14.9378 14.9542 14.9763 14.9901 15.0298 15.0613 15.0787 15.1004 15.1247
 15.1454 15.1623 15.1779 15.1915 15.2076 15.2252 15.2373 15.251  15.268
 15.2819 15.2968 15.3118 15.3274 15.3463 15.3622 15.3738 15.3969 15.4198
 15.4434 15.4671 15.5019 15.5211 15.5353 15.5516 15.5657 15.5784 15.5928
 15.6146 15.6381 15.6541 15.6705 15.6889 15.7036 15.7239 15.7369 15.7577
 15.7754 15.7953 15.8128 15.8386 15.8649 15.8781 15.9004 15.9154 15.961
 15.9773 15.9966 16.0245 16.0551 16.0802 16.1026 16.1261 16.1567 16.1812
 16.2117 16.2413 16.2673 16.3025 16.3847 16.4163 16.4587 16.5097 16.6369
 16.6879 16.7328 16.8737 17.2427
23.4439 23.5079 23.6133 23.6532 23.6889 23.7778 23.8033 23.8387 23.9031
 23.9776 24.0706 24.1781 24.2226 24.2843 24.3056 24.3428 24.3829 24.4083
 24.4274 24.4429 24.4896 24.5196 24.5415 24.5587 24.5767 24.6029 24.6172
 24.6315 24.6486 24.6763 24.7007 24.723  24.7364 24.7518 24.7808 24.7955
 24.8202 24.8385 24.8562 24.869  24.8883 24.9052 24.9196 24.9355 24.9555
 24.9807 25.0115 25.0315 25.047  25.0621 25.0818 25.0958 25.1108 25.1327
 25.1568 25.1819 25.2125 25.2317 25.2476 25.2657 25.2815 25.3    25.3164
 25.3315 25.3497 25.3877 25.4061 25.4318 25.4766 25.4899 25.5173 25.5354
 25.5484 25.5638 25.5855 25.6127 25.6281 25.647  25.6703 25.6938 25.7206
 25.7461 25.7648 25.7846 25.8019 25.8251 25.872  25.9098 25.9298 25.9809
 26.0029 26.052  26.0754 26.1104 26.1929 26.2357 26.2617 26.2992 26.3286
 26.3614
30.5306 32.7878 32.9808 33.0907 33.1106 33.1788 33.2562 33.5509 33.569
 33.5999 33.627  33.6786 33.7302 33.7738 33.8088 33.8305 33.8559 33.8856
 33.9048 33.9242 33.9628 33.9766 33.9902 34.0161 34.0463 34.0615 34.0751
 34.0978 34.1143 34.1289 34.149  34.167  34.1884 34.2073 34.2239 34.2399
 34.2587 34.2819 34.2962 34.3165 34.3354 34.354  34.3956 34.4162 34.4285
 34.4475 34.4628 34.4821 34.4966 34.5097 34.5225 34.545  34.5699 34.5856
 34.597  34.6139 34.6273 34.6389 34.6577 34.6731 34.6908 34.707  34.7217
 34.7358 34.7493 34.7599 34.7763 34.7956 34.813  34.8355 34.8526 34.8702
 34.8851 34.9026 34.9176 34.9439 34.9591 34.9785 34.9988 35.0151 35.0335
 35.0528 35.0798 35.1031 35.1256 35.1413 35.1582 35.1789 35.2079 35.2594
 35.2857 35.3209 35.3394 35.3645 35.3904 35.4324 35.4659 35.4928 35.5419
 35.569  35.6449 35.6785 35.7297 35.758  35.7888 37.5634
40.9648 42.2594 42.3883 42.4873 42.5133 42.62   42.6966 42.7245 42.8102
 42.8818 42.9063 42.9369 42.9551 42.9774 42.9912 43.0141 43.0329 43.0655
 43.0849 43.1046 43.1354 43.1507 43.1751 43.1875 43.2101 43.2293 43.2527
 43.2676 43.2873 43.3044 43.3221 43.336  43.3513 43.3683 43.3841 43.3974
 43.4121 43.4338 43.4458 43.4605 43.4745 43.4894 43.5137 43.5272 43.5433
 43.5565 43.5692 43.585  43.6018 43.6132 43.6272 43.6399 43.653  43.6657
 43.6783 43.6918 43.7041 43.7177 43.7362 43.7496 43.7646 43.7769 43.7901
 43.801  43.8152 43.8279 43.8395 43.8539 43.8699 43.8841 43.8988 43.9148
 43.93   43.9404 43.956  43.9705 43.9817 43.9991 44.0117 44.0237 44.0485
 44.0635 44.0808 44.0953 44.116  44.1446 44.1679 44.1843 44.2082 44.2266
 44.2414 44.2614 44.2812 44.2968 44.3146 44.3297 44.3539 44.3674 44.3859
 44.4132 44.4297 44.449  44.4966 44.5175 44.544  44.5734 44.5952 44.6208
 44.6434 44.6687 44.7157 44.7625 44.8075 44.8621 44.8973 44.9846 45.0219
 45.0766 45.1503 45.4294
51.4352 51.6356 51.7244 51.7567 51.9039 51.94   52.008  52.0417 52.1227
 52.1432 52.18   52.2038 52.2403 52.2618 52.2949 52.3302 52.3554 52.3797
 52.3967 52.4112 52.4235 52.4476 52.4655 52.4863 52.4987 52.5153 52.5425
 52.5574 52.5726 52.5854 52.598  52.6108 52.6279 52.6396 52.6514 52.6643
 52.6736 52.686  52.7055 52.7158 52.7283 52.7416 52.7533 52.7713 52.7851
 52.8022 52.8169 52.8335 52.8476 52.8622 52.8768 52.8902 52.9007 52.9136
 52.9277 52.941  52.9595 52.9737 52.9889 53.0018 53.0136 53.0263 53.0391
 53.0489 53.0605 53.0806 53.0928 53.1054 53.1179 53.1312 53.1432 53.1532
 53.1658 53.1814 53.1969 53.2096 53.2264 53.2387 53.2521 53.2633 53.2779
 53.2893 53.3026 53.3155 53.3285 53.3406 53.3511 53.3645 53.3765 53.389
 53.4038 53.4174 53.4314 53.4429 53.4576 53.4709 53.4833 53.497  53.5123
 53.5233 53.5365 53.548  53.562  53.5753 53.5882 53.6008 53.6161 53.6295
 53.6461 53.6638 53.6781 53.6896 53.7035 53.7196 53.7356 53.7476 53.763
 53.7751 53.7904 53.8023 53.8191 53.8312 53.8436 53.8652 53.8881 53.9026
 53.9239 53.9438 53.9703 53.9831 53.9991 54.0156 54.0448 54.0623 54.0811
 54.1006 54.1317 54.1506 54.1756 54.2129 54.3173 54.3424 54.3833 54.4145
 54.4549 54.5733 54.6443
60.8035 60.8679 61.0543 61.199  61.2287 61.3924 61.4088 61.4377 61.5086
 61.5308 61.5617 61.5906 61.6491 61.6668 61.6918 61.7123 61.7406 61.7674
 61.8035 61.8182 61.8331 61.8489 61.8644 61.8796 61.8951 61.9105 61.9275
 61.9411 61.9529 61.9664 61.9802 62.0003 62.0148 62.0357 62.058  62.0694
 62.0807 62.0936 62.1043 62.1192 62.1314 62.1432 62.1558 62.1686 62.1846
 62.2024 62.2208 62.2349 62.2484 62.2594 62.2758 62.2873 62.2989 62.3121
 62.325  62.3392 62.3624 62.3762 62.3966 62.4128 62.4282 62.4454 62.4629
 62.4766 62.4897 62.5043 62.5186 62.5349 62.5517 62.564  62.5833 62.5989
 62.6158 62.6334 62.6478 62.6645 62.6808 62.6968 62.7104 62.7252 62.7397
 62.7516 62.767  62.7779 62.7985 62.8162 62.8334 62.8482 62.8651 62.8816
 62.8973 62.9112 62.9225 62.9352 62.9522 62.97   62.9818 62.9955 63.0091
 63.0215 63.0353 63.0543 63.0664 63.0935 63.1053 63.1213 63.1427 63.1566
 63.1729 63.1979 63.2276 63.2649 63.2999 63.3237 63.3649 63.4152 63.4422
 63.4648 63.5027 63.5223 63.5726 63.592  63.6215 63.6418 63.675  63.7659
 63.7849 63.8424 64.1979

