10.6578 12.9997 13.7419 13.8768 14.1721 14.3394 14.3663 14.4161 14.494
 14.5277 14.5656 14.6083 14.6558 14.7525 14.79   14.9556 15.0073
23.7211 23.8369 23.9831 24.045  24.1249 24.243  24.3311 24.4078 24.5895
32.4709 33.0038 33.0305 33.0648 33.5362 33.5735 33.6151 33.6899 33.7695
 33.7869 33.8707
41.7497 41.7803 41.8608 42.0726 42.1572 42.3861 42.6645 42.6948 42.7301
 42.7905 42.8159 42.9628 43.1017 43.1538
50.5159 51.9041 52.0573 52.0748 52.1117 52.1417 52.2058 52.2241 52.2372
 52.2701 52.5209
60.2784 60.4948 60.7979 60.8469 60.9267 61.055  61.1387 61.2167 61.2481
 61.317  61.3519 61.3661 61.3894 61.4506 61.537  61.5862 61.633  61.7438
 61.8324 61.8553 65.9955 68.9818 69.1219 69.4853 69.7124 69.9329

