13.2899 13.6426 13.7302 13.7878 14.0079 14.0935 14.3168 14.4072 14.5175
 14.5994 14.6303 14.7928 14.9954 15.1833
21.8799 23.4939 23.5695 23.6349 23.7666 23.8232 23.9414 24.0199 24.1214
 24.1774 24.2347
32.8548 32.932  33.0279 33.0467 33.25   33.2809 33.3422 33.4223 33.7012
 33.8403 33.8952 33.9846
41.1678 41.8679 42.2944 42.323  42.3748 42.5151 42.6841 42.737  42.7605
 42.8048 42.8667 42.886  42.9085 42.9281 42.9446 43.0239 43.1791
50.4818 50.7717 51.0053 51.2815 51.4841 51.5758 51.6881 51.7187 51.8884
 51.909  51.9317 52.0282 52.058  52.0829 52.1372 52.2633 52.2967 52.3232
 52.3496 52.4238 52.4676 52.4873 52.572  57.9909 59.7187 59.9401
60.0738 60.2276 60.4057 60.6878 60.8774 60.9374 61.0818 61.1012 61.1379
 61.1537 61.4599 61.5392 61.5638 61.6077 61.6349 61.684  61.7114 61.8648
 69.2845 69.6567 69.7237

