10.923  12.2207 12.6344 12.7589 12.7858 12.8759 12.925  12.9567 12.9972
 13.0318 13.0592 13.0842 13.1036 13.1217 13.1571 13.1806 13.2045 13.2266
 13.2481 13.2859 13.3059 13.3329 13.3754 13.3887 13.4054 13.4229 13.4336
 13.4521 13.4744 13.4912 13.5022 13.5158 13.5334 13.5455 13.5617 13.5707
 13.5801 13.5921 13.6041 13.6171 13.6291 13.6425 13.6534 13.6681 13.6824
 13.6925 13.7035 13.7158 13.7286 13.7393 13.7491 13.7629 13.7775 13.7926
 13.8064 13.8241 13.8393 13.8514 13.8643 13.875  13.8896 13.9004 13.9142
 13.9284 13.9381 13.9478 13.9568 13.9672 13.9774 13.9887 14.0017 14.0136
 14.0263 14.0377 14.0483 14.0588 14.0698 14.084  14.0978 14.1089 14.1213
 14.135  14.1464 14.1574 14.1666 14.1767 14.1867 14.197  14.2088 14.2177
 14.2278 14.2383 14.2484 14.2585 14.2712 14.2834 14.2937 14.3083 14.3208
 14.333  14.344  14.3562 14.3681 14.3793 14.3892 14.4002 14.4099 14.4199
 14.4303 14.4436 14.4595 14.4722 14.4831 14.4982 14.5104 14.5256 14.5409
 14.5565 14.5692 14.5824 14.5971 14.614  14.6294 14.6418 14.6546 14.6671
 14.6796 14.6937 14.7111 14.7258 14.7437 14.7609 14.7792 14.7968 14.8113
 14.8276 14.8445 14.8606 14.8737 14.8895 14.913  14.9309 14.9606 14.9878
 15.0558 15.0826 15.1247 15.2016 16.9796
20.1298 20.3619 20.7462 20.8989 20.9624 20.9976 21.1176 21.1692 21.2686
 21.364  21.3806 21.3949 21.4406 21.488  21.5116 21.5242 21.5442 21.5589
 21.5738 21.5958 21.615  21.6335 21.648  21.6638 21.6804 21.6946 21.711
 21.7369 21.7569 21.7691 21.7809 21.7931 21.8049 21.818  21.8292 21.8449
 21.86   21.8746 21.8867 21.8997 21.9153 21.9365 21.9482 21.9616 21.9742
 21.9865 22.     22.0126 22.0286 22.0379 22.0487 22.0647 22.0768 22.087
 22.0994 22.1092 22.1201 22.132  22.148  22.1597 22.1712 22.1835 22.1933
 22.203  22.2151 22.2272 22.2394 22.2541 22.2653 22.2767 22.287  22.2971
 22.3084 22.3201 22.3314 22.3439 22.3546 22.3676 22.3778 22.3893 22.3992
 22.4116 22.4238 22.4345 22.4442 22.4548 22.465  22.4751 22.4862 22.4989
 22.5091 22.519  22.5298 22.5418 22.5548 22.5656 22.5785 22.5903 22.6002
 22.6113 22.6217 22.6356 22.6485 22.6592 22.6699 22.6808 22.6926 22.7047
 22.7171 22.7307 22.7454 22.7578 22.7679 22.781  22.7923 22.8024 22.8156
 22.8277 22.8393 22.8516 22.8647 22.8817 22.8948 22.9126 22.9279 22.9409
 22.9551 22.9709 22.9947 23.011  23.0326 23.0537 23.0763 23.0949 23.1134
 23.1346 23.1498 23.1745 23.1979 23.2455 23.2808 23.3325 23.4348 23.5043
 27.4158 29.3721 29.5645 29.623  29.7238 29.7973 29.8448 29.8958 29.9276
 29.9499 29.9724 29.9899
30.0189 30.0337 30.0458 30.0619 30.0802 30.1131 30.128  30.1429 30.1574
 30.1755 30.1919 30.2091 30.2282 30.2428 30.258  30.2764 30.29   30.3108
 30.3232 30.339  30.3518 30.3665 30.3795 30.3899 30.4045 30.419  30.4306
 30.4426 30.4559 30.4689 30.4841 30.4965 30.5109 30.5227 30.5346 30.5454
 30.5594 30.5705 30.5814 30.5923 30.6028 30.6161 30.627  30.641  30.6502
 30.6614 30.6737 30.6902 30.6993 30.7097 30.722  30.7325 30.7432 30.7535
 30.7662 30.7797 30.7907 30.8008 30.8126 30.8268 30.8421 30.8557 30.8675
 30.8793 30.8904 30.8988 30.9081 30.9207 30.931  30.9418 30.9526 30.9653
 30.9752 30.9855 30.9949 31.0076 31.0202 31.0308 31.0422 31.0554 31.0679
 31.0783 31.0896 31.1017 31.1109 31.1224 31.1321 31.1426 31.1522 31.1632
 31.1729 31.184  31.193  31.2038 31.2153 31.2247 31.2358 31.2483 31.2591
 31.2697 31.2802 31.2913 31.3025 31.3134 31.324  31.3362 31.3486 31.3594
 31.3701 31.3796 31.3892 31.4017 31.4129 31.424  31.4358 31.4483 31.4615
 31.4798 31.4907 31.5113 31.5233 31.5347 31.5496 31.562  31.5802 31.5932
 31.6072 31.6231 31.6438 31.6607 31.6781 31.691  31.7104 31.7288 31.7512
 31.7663 31.7873 31.8041 31.8385 31.8943 31.9214 31.9528 31.9827 34.5461
 37.8319 38.4295 38.4874 38.5294 38.5984 38.6244 38.6644 38.7082 38.7742
 38.7982 38.8439 38.8678 38.8992 38.9357 38.9554 38.9907 39.0247 39.0418
 39.0559 39.0686 39.0813 39.099  39.1262 39.1412 39.1665 39.182  39.2028
 39.2256 39.245  39.257  39.27   39.2844 39.2982 39.3103 39.3244 39.3381
 39.3501 39.364  39.3763 39.3868 39.3977 39.4085 39.4242 39.4362 39.4483
 39.4594 39.4736 39.4894 39.5056 39.5233 39.54   39.552  39.5645 39.5755
 39.586  39.6011 39.6192 39.6382 39.6547 39.6664 39.6776 39.6905 39.7008
 39.7143 39.7248 39.7357 39.7462 39.7565 39.7702 39.7823 39.7937 39.8047
 39.8175 39.8292 39.8442 39.8581 39.8694 39.8786 39.8891 39.8995 39.9121
 39.9244 39.935  39.9467 39.9618 39.9723 39.9827 39.9944
40.0052 40.0163 40.0288 40.0389 40.0487 40.0607 40.0723 40.0831 40.0943
 40.1064 40.1191 40.1323 40.1472 40.158  40.1694 40.1806 40.1936 40.2049
 40.2178 40.23   40.2411 40.2543 40.2657 40.279  40.29   40.3054 40.3224
 40.3376 40.3511 40.3717 40.3856 40.3994 40.4185 40.4391 40.4567 40.4748
 40.4966 40.5147 40.5291 40.5485 40.5617 40.5766 40.5924 40.6349 40.6535
 40.6805 40.6992 40.7696 40.9546 46.0569 46.3268 46.4017 46.5385 46.5644
 46.5946 46.6216 46.654  46.6908 46.7145 46.764  46.7906 46.8211 46.8456
 46.8641 46.8841 46.9011 46.946  46.9779 47.0238 47.0481 47.0631 47.0758
 47.0952 47.108  47.1187 47.1308 47.1451 47.1632 47.1744 47.1895 47.2039
 47.2192 47.2331 47.2463 47.2594 47.2718 47.2849 47.2972 47.3117 47.3277
 47.3408 47.3546 47.3677 47.3783 47.3875 47.4    47.412  47.4214 47.4317
 47.4423 47.4524 47.4632 47.4733 47.4842 47.4975 47.509  47.5205 47.5329
 47.546  47.558  47.5682 47.578  47.5896 47.6015 47.6106 47.6197 47.6302
 47.6436 47.6574 47.6686 47.6789 47.6894 47.6991 47.7094 47.7195 47.7298
 47.7401 47.7522 47.7635 47.7729 47.7841 47.7959 47.8072 47.8172 47.8281
 47.8369 47.8454 47.8559 47.8671 47.8773 47.8871 47.8986 47.9084 47.9178
 47.9284 47.9401 47.9501 47.9615 47.9708 47.9818 47.9935 48.0041 48.0156
 48.0255 48.0349 48.0473 48.0578 48.0692 48.0803 48.0903 48.1014 48.1121
 48.1229 48.1335 48.146  48.1574 48.1669 48.1771 48.187  48.1968 48.2085
 48.2188 48.2321 48.2431 48.2526 48.2632 48.2754 48.2885 48.2998 48.3133
 48.3256 48.3378 48.3522 48.3643 48.3816 48.394  48.4066 48.4187 48.4316
 48.4475 48.4626 48.4766 48.4959 48.5102 48.5211 48.547  48.565  48.5872
 48.6068 48.627  48.6413 48.6589 48.682  48.7084 48.7304 48.7592 48.8328
 49.0678 49.1081
50.1302 54.7468 54.826  54.9249 54.9524 55.0279 55.0552 55.1249 55.2796
 55.3069 55.3394 55.3629 55.4015 55.4243 55.4453 55.4659 55.4835 55.5074
 55.5285 55.5578 55.5759 55.5956 55.6086 55.634  55.6507 55.6771 55.6956
 55.7182 55.7456 55.7634 55.7848 55.8003 55.8175 55.8329 55.8489 55.8644
 55.874  55.8849 55.8976 55.9118 55.9262 55.9375 55.9513 55.9613 55.9734
 55.987  55.9999 56.0125 56.0263 56.0382 56.0476 56.0609 56.0736 56.0896
 56.1025 56.1157 56.1284 56.1389 56.1498 56.1608 56.1735 56.1883 56.201
 56.2134 56.2241 56.2384 56.2474 56.257  56.2664 56.278  56.2885 56.2983
 56.3084 56.3216 56.3351 56.3454 56.3558 56.3657 56.3781 56.3883 56.3992
 56.4104 56.4227 56.4326 56.4428 56.4525 56.4644 56.4749 56.4847 56.4946
 56.5046 56.5141 56.5267 56.5379 56.5484 56.5578 56.5671 56.5775 56.5887
 56.5998 56.6099 56.6202 56.631  56.6434 56.6578 56.6695 56.68   56.6903
 56.6991 56.71   56.7211 56.7336 56.7433 56.7554 56.7652 56.7756 56.7861
 56.7958 56.8058 56.8168 56.8284 56.8401 56.8511 56.8641 56.8747 56.8835
 56.8965 56.9078 56.9197 56.9335 56.9469 56.9592 56.9742 56.9853 57.0011
 57.0157 57.0282 57.0438 57.0576 57.0712 57.086  57.1001 57.1144 57.1273
 57.1415 57.1539 57.1696 57.1906 57.2062 57.2235 57.264  57.2899 57.3105
 57.3339 57.3628 57.3831 57.4104 57.4592 57.4777 57.5035 57.5971 57.6486
 57.6823
61.147  62.1824 62.4489 63.0516 63.294  63.4416 63.4828 63.5766 63.6676
 63.7159 63.7428 63.7651 63.7883 63.807  63.8232 63.8358 63.8515 63.8676
 63.8924 63.9107 63.9217 63.9425 63.9588 63.9798 64.0011 64.0231 64.036
 64.0545 64.0685 64.0848 64.0954 64.1092 64.127  64.1404 64.1527 64.1634
 64.1777 64.1909 64.2056 64.2192 64.2305 64.2416 64.2545 64.2663 64.281
 64.3023 64.3129 64.3268 64.3384 64.3489 64.3584 64.3692 64.3844 64.3951
 64.4055 64.4173 64.4283 64.4373 64.4472 64.4629 64.4777 64.4878 64.4982
 64.5082 64.5169 64.5266 64.5354 64.545  64.5549 64.5662 64.5763 64.5862
 64.5968 64.6075 64.6175 64.6269 64.6362 64.6453 64.6546 64.6632 64.6733
 64.6824 64.691  64.7005 64.7098 64.7195 64.7278 64.7363 64.7447 64.7524
 64.7615 64.7703 64.7792 64.7886 64.7976 64.8079 64.8185 64.8284 64.8376
 64.8472 64.8563 64.8653 64.8746 64.8837 64.8946 64.9049 64.9138 64.9231
 64.9317 64.9408 64.9484 64.9577 64.966  64.9743 64.9839 64.9926 65.0024
 65.0122 65.0221 65.0315 65.0407 65.0494 65.0589 65.0682 65.0782 65.089
 65.0978 65.1069 65.1164 65.1249 65.1347 65.1447 65.1538 65.1635 65.1717
 65.1801 65.1895 65.198  65.2068 65.2156 65.2241 65.2338 65.2432 65.2521
 65.2613 65.2698 65.2806 65.2898 65.2995 65.3093 65.3184 65.3284 65.3381
 65.3474 65.3576 65.3675 65.3781 65.3881 65.3987 65.4078 65.4193 65.4292
 65.4399 65.4501 65.4606 65.4707 65.4827 65.4927 65.5035 65.5134 65.5234
 65.5353 65.5458 65.5563 65.5686 65.5801 65.5953 65.6088 65.6193 65.6348
 65.6537 65.6716 65.6846 65.6977 65.7116 65.7282 65.7414 65.7566 65.7814
 65.8059 65.8233 65.8399 65.8639 65.8925 65.9179 65.9567 66.0024 66.0552
 66.0899 66.1888

