12.4209 12.7175 12.8049 13.0355 13.0715 13.09   13.1121 13.226  13.2475
 13.2944 13.3248 13.3523 13.4871 13.5908 13.7558
20.6117 20.7342 20.9031 21.1499 21.1678 21.2134 21.2895 21.3143 21.365
 21.5315 21.6883 21.7665 21.9089 21.9342 21.9902 22.1391 29.0496 29.2668
 29.6191 29.8831
30.0863 30.1761 30.286  30.3386 30.3527 30.3744 30.4198 38.4024 38.5187
 38.6363 38.7801 38.8285 38.9321 38.9557 39.0098 39.0459 39.1524 39.1772
 39.2739 39.4126
46.4626 46.6962 46.822  46.8559 46.8971 46.9431 46.9633 47.024  47.048
 47.1455 47.1836 47.2773 47.3067 47.3727 47.4144 47.4696
51.9276 53.7125 54.5925 55.1146 55.1689 55.4974 55.6094 55.6273 55.6504
 55.7819 55.8664 56.0705
61.7889 61.8381 62.7818 63.1295 63.6507 63.7509 63.7729 63.8015 63.8249
 63.8483 63.8768 63.9015 63.9233 63.9729 64.0263 64.0756 64.1001 64.245
 64.3226 64.4212 64.4656

