10.6984 12.7405 12.8703 12.8994 12.9343 12.9872 13.0216 13.0616 13.0919
 13.1181 13.1346 13.1696 13.2118 13.2438 13.2725 13.3099 13.3362 13.3666
 13.4509 13.4692 13.5418 13.6339 13.7039
20.0128 20.6932 20.9228 21.2683 21.3097 21.3287 21.3887 21.4095 21.4318
 21.4993 21.5386 21.6823 21.7033 21.7422 21.7783 21.8029 21.8962 21.9831
 27.0317 27.3392 29.2923 29.4264 29.6076 29.6299 29.7454 29.7717 29.8724
 29.9622 29.9852
30.0214 30.0488 30.1329 30.1787 30.2745 30.3085 30.3839 30.5053 30.5512
 37.6728 37.7703 38.096  38.4103 38.5846 38.7043 38.7208 38.7657 38.8022
 38.8199 38.9687 38.9848 39.0637 39.1109 39.1848 39.2315 39.3219 39.375
45.5445 45.8238 46.2027 46.4861 46.5441 46.6448 46.7066 46.7367 46.7673
 46.8117 46.9151 46.9422 46.9882 47.0055 47.0506 47.0654 47.1597 47.1893
 47.2252 47.4565
54.7767 54.8809 55.0793 55.2335 55.2964 55.337  55.354  55.3795 55.4185
 55.4487 55.6229 55.6467 55.7007 55.7272 55.7456 55.7918 55.8174 55.9094
 55.9649 55.9842 56.0158
62.5994 63.005  63.1826 63.2945 63.3557 63.4161 63.4978 63.5247 63.5845
 63.6838 63.7175 63.7696 63.8095 63.8394 63.8822 63.9213 63.9496 63.9952
 64.0738 64.0988 64.1168 64.1406 64.1565 64.2164 64.2318 64.2676 64.2914
 64.3178 64.3425 64.4259 64.4603

