11.8408 12.3826 12.9376 12.999  13.0338 13.0995 13.1324 13.2203 13.31
 13.3754 13.4214 13.4599 13.5037 13.5185 13.5397 13.5552 13.5826 13.5976
 13.6122 13.6263 13.6474 13.6738 13.6928 13.7413 13.7571 13.7725 13.8085
 13.8215 13.837  13.855  13.8854 13.9019
20.6249 20.8958 21.0694 21.1178 21.1533 21.2393 21.3003 21.3208 21.3467
 21.3669 21.393  21.426  21.463  21.4887 21.5271 21.5461 21.5967 21.6146
 21.6307 21.6451 21.7026 21.7143 21.7849 21.8039 21.8214 21.8404 21.8554
 21.8747 21.8944 21.9219 21.9594 22.0057 22.0168 22.0392 22.0719 22.1264
 22.1563 28.7053 29.3668 29.5079 29.7029 29.8718 29.9384 29.9734
30.0466 30.0713 30.0994 30.126  30.1428 30.1696 30.1925 30.2452 30.2626
 30.2764 30.3034 30.324  30.3396 30.3579 30.386  30.4206 30.436  30.4542
 30.4765 30.5475 30.5594 30.5804 30.5911 30.604  30.6221 30.6393 30.6631
 30.7074 30.7397 30.8924 30.9538 38.3728 38.5964 38.6631 38.7753 38.8339
 38.8689 38.8968 38.928  39.0111 39.0346 39.0945 39.1129 39.1266 39.1466
 39.1835 39.2054 39.2425 39.2618 39.3078 39.3284 39.3489 39.4138 39.4254
 39.4487 39.4824 39.4977 39.6345 39.7956
45.6677 45.9111 46.0289 46.1592 46.3799 46.4642 46.5195 46.6122 46.6666
 46.7463 46.7839 46.8044 46.8335 46.8554 46.8886 46.9114 46.9356 46.9583
 47.0132 47.0507 47.0756 47.0953 47.1344 47.1828 47.1981 47.2441 47.2593
 47.2738 47.2878 47.306  47.328  47.3485 47.364  47.3787 47.4019 47.4166
 47.4296 47.4647 47.4918 47.5216 47.5384 47.5569 47.5748 47.6405 47.7136
54.3156 54.8767 54.9797 55.0929 55.1845 55.2048 55.2642 55.2946 55.3206
 55.3962 55.4292 55.4712 55.4894 55.5405 55.5664 55.586  55.6195 55.6531
 55.669  55.6916 55.7103 55.7265 55.7399 55.7575 55.7843 55.8064 55.8298
 55.8416 55.8641 55.8788 55.9067 55.9415 55.9575 56.0037 56.0299 56.0587
 56.0871 56.1326 56.1769 56.1988
60.8841 60.9331 62.2694 62.8521 63.2889 63.4383 63.5327 63.6626 63.7007
 63.7649 63.8133 63.8386 63.8852 63.9105 63.9449 63.9594 63.9774 63.9924
 64.0297 64.048  64.0635 64.0817 64.0993 64.1187 64.1355 64.1486 64.1633
 64.1992 64.2163 64.2514 64.2666 64.2851 64.3041 64.3316 64.3435 64.3574
 64.3736 64.3908 64.4053 64.4199 64.4481 64.4643 64.4967 64.5287 64.5686
 64.5925 64.6059 64.6195 64.6392 64.6537 64.6782 64.8448

