11.6958 11.7742 12.1718 12.2409 12.34   12.3682 12.4186 12.5148 12.5899
 12.6226 12.6715 12.7123 12.7302 12.7783 12.8077 12.8228 12.8426 12.8608
 12.8822 12.9059 12.9617 12.9756 12.9902 13.0178 13.033  13.0449 13.0579
 13.077  13.0904 13.1095 13.126  13.1547 13.1703 13.1827 13.1957 13.2134
 13.2251 13.235  13.2454 13.258  13.2742 13.2925 13.3044 13.3166 13.3338
 13.3461 13.3643 13.3766 13.3889 13.4003 13.4096 13.4316 13.447  13.4597
 13.4741 13.4898 13.4998 13.5152 13.529  13.5475 13.5576 13.569  13.5812
 13.5996 13.6165 13.6293 13.6471 13.661  13.7099 13.7628
20.2491 20.5539 20.6677 20.7842 20.8075 20.8462 20.8776 20.9009 20.935
 20.9526 20.9714 21.012  21.0722 21.0999 21.1249 21.1504 21.1781 21.2032
 21.2194 21.2398 21.2532 21.2679 21.2798 21.2921 21.3211 21.3375 21.3693
 21.3811 21.3989 21.4271 21.4648 21.4828 21.496  21.5133 21.5304 21.5479
 21.566  21.5777 21.594  21.6095 21.6302 21.6492 21.6689 21.6847 21.696
 21.7198 21.7311 21.7477 21.7616 21.7814 21.7927 21.8093 21.8244 21.8386
 21.8646 21.8764 21.8907 21.9059 21.9216 21.9561 21.9675 21.983  22.0416
 29.1778 29.2122 29.5068 29.5477 29.6346 29.6657 29.6857 29.7195 29.7976
 29.8496 29.8677 29.9079 29.928  29.9541 29.9789 29.9902
30.0121 30.0371 30.0487 30.0621 30.0839 30.0984 30.1221 30.1446 30.1582
 30.1735 30.1977 30.2121 30.2223 30.2349 30.2465 30.2602 30.2817 30.3107
 30.3274 30.3435 30.3656 30.3842 30.3988 30.4114 30.434  30.4477 30.4593
 30.473  30.4838 30.5006 30.5143 30.5311 30.543  30.5534 30.5663 30.5792
 30.5886 30.6002 30.6109 30.625  30.6342 30.6474 30.6581 30.6833 30.6942
 30.7066 30.7208 30.7373 30.751  30.7623 30.7806 30.7975 30.8091 30.8251
 30.8642 30.892  30.9136 37.318  37.5215 37.5988 37.7996 37.8687 37.9664
 38.0168 38.0335 38.0495 38.0671 38.0844 38.099  38.1102 38.1261 38.1394
 38.168  38.1848 38.2125 38.2312 38.2524 38.2949 38.31   38.3286 38.3394
 38.3506 38.3674 38.3778 38.3916 38.4048 38.4168 38.43   38.4491 38.4596
 38.4715 38.483  38.4938 38.5031 38.5171 38.5255 38.5387 38.5482 38.5574
 38.5687 38.5812 38.596  38.6064 38.6169 38.629  38.6398 38.6528 38.6683
 38.6799 38.6904 38.7013 38.7151 38.7261 38.7372 38.7534 38.7649 38.777
 38.7866 38.7979 38.8083 38.8265 38.8379 38.847  38.8564 38.8681 38.8783
 38.8894 38.9018 38.9125 38.9235 38.9393 38.9517 38.9619 38.9773 38.9886
 39.0019 39.017  39.0306 39.0462 39.0588 39.0716 39.0839 39.0989 39.1229
 39.1336 39.1427 39.158  39.1743 39.1952 39.2682
45.5046 46.4236 46.4658 46.5131 46.6249 47.093  47.1794 47.2805 47.2974
 47.3176 47.3394 47.3726 47.4069 47.4552 47.4711 47.5015 47.5156 47.5345
 47.5505 47.569  47.5889 47.613  47.6289 47.6482 47.6807 47.6944 47.7058
 47.7196 47.7335 47.7468 47.7592 47.7748 47.7897 47.8027 47.8127 47.8252
 47.8406 47.8582 47.8711 47.8907 47.9055 47.9245 47.9365 47.9511 47.9636
 47.9748 47.9952 48.0051 48.0174 48.0295 48.0414 48.0563 48.0676 48.0799
 48.0903 48.0998 48.1163 48.1266 48.1368 48.1493 48.1621 48.1756 48.1896
 48.2079 48.2213 48.2338 48.2448 48.2565 48.2689 48.2802 48.2896 48.2996
 48.3112 48.3232 48.3337 48.3481 48.3611 48.3837 48.3977 48.4155 48.4279
 48.459  48.4789 48.4937 48.5213 48.5401 48.5576 48.5739 48.5896
54.6714 54.9408 55.0709 55.1587 55.2988 55.3992 55.5143 55.5682 55.5954
 55.6656 55.6891 55.7073 55.7897 55.8119 55.8533 55.8742 55.8888 55.908
 55.9203 55.9401 55.9546 55.9747 56.008  56.02   56.0414 56.0545 56.0657
 56.0791 56.0944 56.1084 56.1305 56.1505 56.1625 56.1831 56.1993 56.2145
 56.2246 56.2344 56.2476 56.2644 56.278  56.2943 56.3085 56.3361 56.3502
 56.363  56.3753 56.3893 56.4014 56.4131 56.4243 56.4332 56.4434 56.4536
 56.4644 56.4769 56.4876 56.4994 56.5085 56.5199 56.5328 56.5467 56.5588
 56.5705 56.5808 56.59   56.6089 56.6237 56.6369 56.6582 56.6689 56.6793
 56.6896 56.7023 56.7232 56.7329 56.7492 56.7719 56.787  56.8062 56.8251
 56.8389 56.8534 56.8659 56.8835 56.8955 56.9086 56.9237 56.9742 56.9953
62.9589 63.0664 63.5677 63.8778 64.0645 64.0842 64.1236 64.1636 64.1991
 64.2207 64.2368 64.2622 64.3311 64.3555 64.3907 64.4113 64.4548 64.4746
 64.5249 64.5778 64.5949 64.6126 64.6568 64.6748 64.6874 64.7065 64.7184
 64.7435 64.7655 64.7842 64.8001 64.8172 64.8275 64.8408 64.8542 64.8688
 64.8811 64.8974 64.9124 64.9351 64.9522 64.9682 64.9789 64.9929 65.0054
 65.0179 65.0315 65.0422 65.0567 65.0696 65.0859 65.0964 65.1077 65.1211
 65.1312 65.1472 65.1581 65.1678 65.1827 65.1952 65.2079 65.2177 65.2384
 65.2527 65.2628 65.2765 65.2892 65.2997 65.3109 65.3206 65.3333 65.3442
 65.3563 65.3702 65.3874 65.3974 65.4084 65.4246 65.4345 65.4457 65.4679
 65.4857 65.4963 65.5161 65.5391 65.5628

