11.6972 11.7712 12.2865 12.4914 12.6689 12.6968 12.7254 12.8518 13.0958
 13.1163 13.4237 13.4594 13.4936 18.0745
20.4581 20.5469 20.6289 20.8037 20.9049 21.1796 21.6305 21.8978 29.7413
30.1047 30.1853 30.2589 30.3824 30.5161 37.2031 37.7144 37.8256 37.8504
 37.9331 38.2919 38.3363 38.4176 38.4347 38.5131 38.6092 38.7555 38.7915
 38.8926
43.7946 46.6356 46.7978 46.8907 46.9454 47.1288 47.1537 47.3319 47.4551
 47.5818 47.7124 47.7934 47.9167 47.9978 48.0314 48.1874 48.2173 48.2848
 48.4193 48.4691
55.2684 55.49   56.0073 56.4034 56.5059
63.7388 64.2659 64.5878 64.632  64.6695 64.9439 64.9904 65.2291 65.2655
 65.4836

