10.5004 12.1265 12.1523 12.2282 12.2689 12.3846 12.4307 12.449  12.4946
 12.5342 12.5666 12.6023 12.6445 12.7153 12.7846 12.8043 12.8225 12.846
 12.8706 12.8936 12.9095 12.9284 12.9553 12.9753 13.0064 13.0377 13.0521
 13.0681 13.0795 13.0984 13.1099 13.1396 13.1524 13.167  13.1822 13.204
 13.2245 13.2406 13.254  13.2754 13.289  13.3027 13.3145 13.3318 13.3449
 13.3573 13.3702 13.3822 13.3938 13.4046 13.4189 13.4375 13.4579 13.4698
 13.4844 13.4983 13.512  13.5271 13.5386 13.5706 13.5907 13.6076 13.6346
 13.6524 13.6765 13.7091 13.8376 17.1329 19.8617
20.3071 20.4267 20.5448 20.6888 20.8184 20.9638 20.9816 20.9942 21.0169
 21.0623 21.1584 21.1857 21.2159 21.2473 21.2864 21.3114 21.3255 21.3496
 21.361  21.3792 21.4014 21.4234 21.4385 21.4722 21.4888 21.506  21.5228
 21.5413 21.5607 21.5746 21.5906 21.6006 21.6163 21.6295 21.6435 21.6566
 21.6708 21.6913 21.7063 21.7182 21.7308 21.7446 21.7556 21.7704 21.7958
 21.8146 21.833  21.8459 21.8587 21.8746 21.8839 21.8947 21.9185 21.9548
 21.9734 22.0265 22.0397 22.067  22.1018 29.2748 29.3147 29.4178 29.4764
 29.4972 29.5308 29.6785 29.7436 29.7704 29.8514 29.8808 29.9152 29.9652
30.0004 30.0264 30.0482 30.0998 30.1173 30.1375 30.151  30.1915 30.2063
 30.2451 30.2614 30.2777 30.2971 30.3492 30.3698 30.3833 30.4009 30.4254
 30.4427 30.4543 30.4692 30.4809 30.493  30.5075 30.521  30.5342 30.5453
 30.5569 30.5726 30.5881 30.6027 30.6134 30.6325 30.6471 30.6731 30.6927
 30.7126 30.7292 30.7437 30.7666 30.8356 30.8533 30.8966 30.9434 31.0165
 31.1264 35.7738 37.5414 37.6141 37.6559 37.763  37.843  37.8666 37.8948
 37.9531 37.9958 38.0186 38.0772 38.1044 38.1262 38.1728 38.1859 38.1986
 38.231  38.2492 38.2724 38.2891 38.3095 38.3235 38.3338 38.346  38.3609
 38.3716 38.3904 38.4206 38.4352 38.4453 38.4614 38.4751 38.4893 38.5023
 38.5174 38.5299 38.5403 38.5509 38.563  38.5742 38.5866 38.5961 38.6047
 38.6147 38.628  38.6395 38.6505 38.6618 38.6703 38.6792 38.6885 38.6975
 38.708  38.7185 38.7285 38.7376 38.7483 38.764  38.7776 38.7889 38.8022
 38.8122 38.8288 38.8388 38.8501 38.8613 38.8715 38.8817 38.8927 38.9098
 38.9212 38.9337 38.9463 38.9579 38.9702 38.9799 38.9895 39.0022 39.0138
 39.0266 39.0389 39.0508 39.0634 39.0746 39.0855 39.0981 39.1086 39.1206
 39.1345 39.147  39.1617 39.1778 39.2041 39.2171 39.2337 39.2535 39.264
 39.2749 39.3149
45.1812 45.7247 46.8211 46.8848 46.9204 46.9697 47.2644 47.3368 47.3854
 47.4052 47.4327 47.5279 47.5557 47.5793 47.6081 47.6321 47.6475 47.6572
 47.7115 47.7289 47.7466 47.7668 47.7799 47.8017 47.8196 47.837  47.8484
 47.863  47.8846 47.9007 47.9225 47.9388 47.952  47.9659 47.9792 47.9962
 48.0066 48.0197 48.0368 48.0492 48.0626 48.0742 48.0916 48.103  48.1126
 48.1255 48.1367 48.1476 48.1664 48.1761 48.1912 48.201  48.2151 48.2246
 48.2378 48.249  48.2606 48.2715 48.282  48.2945 48.3084 48.3271 48.3389
 48.3502 48.3647 48.377  48.3875 48.4021 48.4145 48.4332 48.444  48.458
 48.467  48.4759 48.4911 48.5113 48.5223 48.5459 48.6098
52.0829 54.6967 55.0214 55.23   55.2538 55.3684 55.485  55.52   55.6759
 55.7726 55.7979 55.8426 55.8621 55.9105 55.9372 55.9544 55.9747 55.993
 56.0151 56.0394 56.0545 56.0702 56.0841 56.0946 56.1092 56.1245 56.1503
 56.1657 56.1823 56.2069 56.2227 56.2365 56.2471 56.259  56.2723 56.2989
 56.3131 56.3272 56.3431 56.3542 56.3666 56.381  56.3975 56.4118 56.4319
 56.4424 56.4552 56.4662 56.4788 56.4933 56.5064 56.523  56.5363 56.5492
 56.5614 56.5736 56.5844 56.6043 56.6186 56.6322 56.6451 56.6595 56.6719
 56.6902 56.7028 56.7147 56.7339 56.7471 56.7603 56.7761 56.793  56.8171
 56.838  56.8523 56.8736 56.8844 56.8971 56.9144 56.9248 56.936  56.9481
 56.9649 56.9806 57.001  57.0714
64.0418 64.1634 64.2726 64.3081 64.3624 64.3766 64.3923 64.4217 64.4622
 64.4889 64.5052 64.5192 64.5387 64.5809 64.5996 64.6139 64.6339 64.6896
 64.7064 64.7178 64.7296 64.7494 64.7625 64.7727 64.7907 64.8066 64.8211
 64.8356 64.8465 64.8594 64.8716 64.8855 64.8952 64.9158 64.9301 64.9483
 64.9591 64.9722 64.9846 64.9983 65.008  65.0187 65.0297 65.05   65.0601
 65.0772 65.0878 65.0986 65.1085 65.1202 65.1389 65.1553 65.1692 65.1836
 65.2021 65.2151 65.2252 65.2358 65.2444 65.2548 65.267  65.2774 65.291
 65.3045 65.3216 65.3353 65.348  65.3618 65.3778 65.3896 65.4044 65.4155
 65.4295 65.4501 65.4819 65.4981 65.5112 65.5254 65.5593 65.5728 65.5883
 65.6539

