11.3462 12.3048 12.3818 12.4121 12.5831 12.9433 12.9894 13.0094 16.8574
20.5336 20.8439 20.8886 20.9637 21.0668 21.0974 21.1442 21.1602 28.7343
 29.3145 29.3534 29.4502 29.5104 29.6129 29.6699 29.8829 29.9816
30.0938 30.3731 30.438  38.0596 38.0824 38.1905 38.2698 38.4399
45.5743 46.4348 46.7866 46.9446 47.1449 47.4801 47.546  47.649  47.8655
 47.9378
55.3    55.5365 55.6227 55.6725 55.734  56.1576
61.7473 63.6745 64.195  64.2687 64.2982 64.3913 64.451  64.6515 64.7103
 64.7839 64.8794 65.0017 65.0176

