10.9968 11.8935 12.0218 12.0593 12.1089 12.1723 12.2483 12.2752 12.2968
 12.3241 12.3394 12.3642 12.3927 12.4267 12.4601 12.5075 12.5272 12.543
 12.5569 12.5782 12.6052 12.629  12.6439 12.6542 12.677  12.6915 12.7078
 12.7244 12.7405 12.7611 12.7863 12.8058 12.8196 12.8337 12.8458 12.8569
 12.8775 12.8938 12.9059 12.9227 12.9374 12.9489 12.9613 12.9728 12.9826
 12.9994 13.0101 13.0226 13.0379 13.0528 13.0643 13.0741 13.0835 13.0932
 13.1026 13.1153 13.1265 13.1387 13.15   13.163  13.1778 13.1921 13.2023
 13.2135 13.2257 13.2412 13.2556 13.269  13.2849 13.299  13.3138 13.3248
 13.3397 13.3509 13.3599 13.3703 13.3844 13.3969 13.4108 13.423  13.4339
 13.4455 13.4575 13.4682 13.4836 13.4951 13.5076 13.5216 13.5357 13.5469
 13.5654 13.5832 13.6068 13.623  13.6406 13.6524 13.6658 13.6813 13.6985
 13.7154 13.73   13.7468 13.7684 13.7968 13.8225 13.8529 13.8939 13.9071
 13.9426 13.9623 13.9801 14.0018 14.0242 14.0554 14.0868 14.1784 14.2764
 18.6719 19.6737 19.7328 19.7769 19.9478
20.0329 20.0544 20.0816 20.1026 20.1263 20.1861 20.2387 20.2593 20.2773
 20.2972 20.3114 20.3397 20.357  20.3728 20.3936 20.4173 20.4376 20.4695
 20.4911 20.516  20.5341 20.5479 20.5639 20.5849 20.6022 20.6178 20.6361
 20.6493 20.6634 20.6753 20.6875 20.6983 20.7211 20.7346 20.7504 20.7639
 20.7769 20.7952 20.8109 20.8214 20.8337 20.8455 20.858  20.8783 20.8929
 20.9062 20.919  20.931  20.9463 20.9626 20.9777 20.9931 21.0064 21.0192
 21.0353 21.0459 21.0576 21.0673 21.0787 21.0902 21.1021 21.117  21.1286
 21.1446 21.1593 21.1719 21.1836 21.1928 21.2032 21.2141 21.2253 21.2385
 21.2512 21.2648 21.2759 21.2898 21.3021 21.3126 21.3244 21.3365 21.3478
 21.3623 21.3769 21.3899 21.4059 21.4171 21.431  21.4483 21.4628 21.4754
 21.4895 21.5056 21.518  21.5295 21.5419 21.5586 21.5752 21.5889 21.607
 21.6254 21.6434 21.6603 21.6807 21.6943 21.7089 21.7234 21.7356 21.7554
 21.7691 21.7892 21.8019 21.8196 21.8452 21.8614 21.8843 21.9133 21.9415
 21.9646 21.9958 22.0796 22.1175 24.7583 27.6203 27.6872 27.8893 28.0208
 28.1202 28.1757 28.2667 28.2856 28.3383 28.3565 28.3952 28.4178 28.4483
 28.4743 28.4921 28.5613 28.5769 28.5978 28.617  28.6289 28.6476 28.6657
 28.6838 28.7042 28.7313 28.7493 28.7659 28.7782 28.7923 28.8052 28.8164
 28.827  28.8387 28.8545 28.8687 28.8802 28.8958 28.9082 28.9184 28.9305
 28.9409 28.9522 28.9622 28.9731 28.9872 29.0034 29.0147 29.0259 29.0359
 29.0489 29.0605 29.0711 29.084  29.0984 29.11   29.1222 29.1355 29.1483
 29.1609 29.1736 29.1852 29.1962 29.2088 29.2233 29.2353 29.2467 29.2589
 29.2698 29.2811 29.2931 29.3081 29.3226 29.3364 29.3475 29.357  29.3668
 29.3765 29.3891 29.406  29.4195 29.4295 29.443  29.4548 29.4646 29.4755
 29.4875 29.4989 29.5107 29.5206 29.5323 29.5439 29.5562 29.5698 29.5829
 29.5951 29.6112 29.6262 29.6429 29.6594 29.6705 29.6831 29.6977 29.7093
 29.7233 29.7352 29.7454 29.7576 29.7697 29.783  29.7946 29.8106 29.8266
 29.8425 29.8665 29.8843 29.8996 29.9164 29.9342 29.9497 29.9616 29.9732
 29.9913
30.0079 30.0205 30.0411 30.0756 30.1001 30.1222 30.1609 30.1987 30.2417
 30.2703 30.361  30.3911 36.0455 36.2945 36.4925 36.5808 36.6821 36.7177
 36.7628 36.8135 36.8395 36.87   36.924  36.9908 37.0061 37.0278 37.0475
 37.0792 37.1038 37.122  37.1326 37.1503 37.1679 37.1837 37.2026 37.2211
 37.2381 37.2567 37.2705 37.2824 37.2945 37.3067 37.3175 37.3281 37.3402
 37.3524 37.3631 37.3759 37.3898 37.4033 37.4199 37.4378 37.4501 37.4619
 37.4778 37.4998 37.5121 37.5286 37.5451 37.5586 37.5699 37.5808 37.5927
 37.6045 37.6152 37.627  37.6433 37.6551 37.6647 37.6757 37.6878 37.6993
 37.7142 37.7263 37.738  37.7493 37.7638 37.7747 37.7883 37.8    37.8133
 37.8255 37.8364 37.8488 37.8593 37.8706 37.8827 37.8942 37.9049 37.9189
 37.9317 37.9435 37.9546 37.9668 37.9776 37.9892 38.0033 38.0189 38.0337
 38.0525 38.0668 38.0796 38.0977 38.1075 38.1213 38.1331 38.1492 38.1635
 38.1746 38.1873 38.2171 38.2338 38.2516 38.271  38.2863 38.3039 38.3183
 38.3333 38.3502 38.3748 38.389  38.4042 38.4177 38.4344 38.449  38.4674
 38.4817 38.4955 38.5114 38.5311 38.5599 38.5831 38.6054 38.6287 38.6491
 38.6809 38.7037 38.7311 38.7836 38.8345 38.9056
42.4529 43.9005 44.1318 44.6982 44.8959 44.9646 45.0855 45.1347 45.1636
 45.2269 45.2582 45.2909 45.3123 45.3623 45.4018 45.4606 45.4812 45.5176
 45.5313 45.5514 45.5735 45.6329 45.6529 45.6699 45.6902 45.7135 45.7321
 45.7496 45.7645 45.7811 45.7941 45.8077 45.8231 45.8489 45.8624 45.877
 45.8903 45.9119 45.9288 45.9449 45.959  45.9786 45.9955 46.0223 46.0356
 46.0523 46.0651 46.0767 46.0875 46.1026 46.1191 46.1318 46.1475 46.1612
 46.1759 46.1921 46.2062 46.2303 46.2506 46.2736 46.2923 46.3224 46.3393
 46.3568 46.385  46.4054 46.4228 46.4388 46.4643 46.4758 46.4898 46.5219
 46.5439 46.5592 46.5712 46.5914 46.6076 46.6324 46.6508 46.6714 46.6927
 46.7154 46.774  46.7955 46.8164 46.8716 46.9047 47.0171 47.0634 47.1056
 47.2029 47.4197 47.5868
52.3964 52.5168 52.6676 52.8773 52.9515 52.9773 53.0345 53.0546 53.0831
 53.1159 53.1439 53.1646 53.1801 53.2214 53.2899 53.3296 53.3504 53.3708
 53.3886 53.4058 53.4223 53.4353 53.4477 53.4687 53.4877 53.5004 53.5125
 53.5304 53.5435 53.561  53.5781 53.592  53.6074 53.6192 53.6305 53.6419
 53.6561 53.6689 53.6876 53.7132 53.7261 53.742  53.7573 53.7676 53.7798
 53.7926 53.8052 53.8172 53.8284 53.8389 53.8514 53.866  53.8785 53.897
 53.9102 53.9259 53.9402 53.9519 53.9624 53.9722 53.9834 53.9939 54.004
 54.0145 54.0242 54.0385 54.0498 54.0645 54.0796 54.092  54.1053 54.1196
 54.1331 54.1477 54.1611 54.1723 54.1832 54.1984 54.2076 54.2184 54.2325
 54.2464 54.2585 54.2688 54.2803 54.2893 54.2994 54.3098 54.3232 54.3327
 54.3437 54.3559 54.3732 54.3884 54.3994 54.4101 54.4211 54.4302 54.4416
 54.4559 54.4668 54.4801 54.4906 54.5028 54.5169 54.5292 54.544  54.5567
 54.57   54.5835 54.5967 54.6074 54.6215 54.6343 54.6462 54.6626 54.6788
 54.6941 54.706  54.7349 54.7501 54.7719 54.7859 54.8071 54.822  54.8349
 54.8623 54.8801 54.8957 54.9124 54.9314 54.9498 54.9778 55.004  55.0811
 55.2099
60.056  60.2309 61.1439 61.2956 61.3146 61.3839 61.4521 61.4706 61.5968
 61.6276 61.7229 61.7633 61.8051 61.8423 61.8576 61.8928 61.9082 61.9244
 61.9389 61.9507 61.9664 61.9893 62.009  62.0366 62.0518 62.0695 62.0859
 62.0968 62.1142 62.1281 62.1434 62.1618 62.1739 62.1868 62.2013 62.2148
 62.2357 62.2507 62.2624 62.2767 62.2886 62.2995 62.3135 62.3266 62.3428
 62.3572 62.3686 62.3792 62.3916 62.4029 62.4155 62.4273 62.4387 62.451
 62.4612 62.4722 62.4857 62.4963 62.5086 62.52   62.5323 62.5451 62.5565
 62.5664 62.5787 62.5904 62.601  62.6131 62.624  62.6339 62.6447 62.6567
 62.6679 62.6781 62.6922 62.7014 62.7118 62.7226 62.7329 62.7449 62.756
 62.7676 62.7791 62.79   62.7996 62.811  62.8254 62.8364 62.848  62.8631
 62.8759 62.8896 62.8993 62.91   62.9203 62.932  62.9437 62.9554 62.9675
 62.9803 62.9949 63.012  63.0255 63.0416 63.0545 63.0651 63.0767 63.0915
 63.1066 63.1177 63.129  63.1406 63.1545 63.168  63.188  63.2006 63.2158
 63.2336 63.2513 63.2706 63.2877 63.3048 63.32   63.334  63.3497 63.3643
 63.3859 63.4009 63.4178 63.4344 63.4499 63.4671 63.4899 63.5551 63.5883
 63.6718 63.7698 68.7587 69.1449 69.1775 69.4457 69.4876 69.5307 69.5797
 69.6063 69.7258 69.758  69.7923 69.8103 69.8287 69.879  69.901  69.9234
 69.9502 69.9727 69.994

