10.2131 11.4089 11.758  11.8133 11.9301 11.9526 12.0601 12.1979 12.2268
 12.2869 12.3106 12.3477 12.3998 12.4418 12.4739 12.5509 12.5728 12.6338
 12.6687 12.7702 12.9432 13.0042 18.0432 18.8974 19.6586 19.7743 19.8527
20.0508 20.2248 20.3224 20.3646 20.3782 20.3927 20.4686 20.4917 20.5699
 20.5863 20.6423 20.8777 20.9094 27.0108 27.0947 28.0036 28.1108 28.2307
 28.3653 28.4056 28.4835 28.5092 28.5506 28.5644 28.604  28.6326 28.6961
 28.7974 28.8662 28.8878 28.9267 28.9517 29.0869 29.1332 29.2158
35.8017 36.1312 36.4616 36.4927 36.5719 36.8227 36.8919 37.0283 37.0591
 37.0928 37.1386 37.2065 37.2704 37.3241 37.3772 37.3946 37.4095 37.4811
 37.5329 37.5497
41.2197 44.6079 44.9028 45.0898 45.1807 45.2899 45.3852 45.4786 45.5747
 45.6245 45.741  45.8074 46.1565
53.0613 53.1405 53.2303 53.2506 53.3093 53.4174 53.4347 53.5041 53.5486
 53.6043 53.6486 53.6712 53.6941 53.712  53.7698 53.8258 53.9394 53.9613
 59.5694
60.0117 61.3589 61.4441 61.5448 61.6008 61.7784 61.8151 61.8803 61.9858
 62.0485 62.0989 62.1441 62.3204 62.3727 67.9285 68.0665 68.7713 69.3425
 69.4222 69.5826 69.8239 69.9149

