11.8029 12.2017 12.3211 12.3469 12.4288 12.4552 12.4827 12.5005 12.5157
 12.5648 12.599  12.6134 12.6392 12.6666 12.7115 12.7356 12.7496 12.7682
 12.7839 12.8003 12.8219 12.8381 12.8628 12.8781 12.8935 12.9128 12.9274
 12.9443 12.9629 12.9783 12.999  13.0105 13.0238 13.041  13.0567 13.072
 13.0855 13.1007 13.1131 13.1274 13.1423 13.159  13.1762 13.1937 13.2099
 13.2239 13.2378 13.2538 13.2644 13.2804 13.2916 13.3119 13.3252 13.3353
 13.347  13.3625 13.3772 13.3922 13.4057 13.4169 13.4318 13.4423 13.4554
 13.4672 13.4801 13.4953 13.5084 13.5224 13.5367 13.5473 13.5636 13.5747
 13.5877 13.6033 13.6159 13.631  13.6439 13.6579 13.6755 13.6903 13.7095
 13.7245 13.744  13.7589 13.7794 13.7994 13.8174 13.8349 13.863  13.8883
 13.9873 14.0398 14.0678 14.1356 14.224  14.2839 14.3169 14.3528 14.4758
 18.0355 19.4651 19.7255 19.9507
20.0258 20.2782 20.3304 20.3556 20.3753 20.3939 20.4217 20.4443 20.4615
 20.4869 20.5092 20.5368 20.5591 20.5888 20.6031 20.6158 20.6281 20.6452
 20.6617 20.6768 20.6931 20.7147 20.7455 20.7631 20.7753 20.7923 20.8175
 20.8322 20.8472 20.8755 20.8904 20.9043 20.9181 20.9287 20.9411 20.9566
 20.9674 20.9788 20.9902 21.0028 21.0153 21.0268 21.0387 21.0509 21.0637
 21.0766 21.0903 21.1121 21.1242 21.1359 21.1475 21.1591 21.1741 21.1867
 21.2003 21.2115 21.2245 21.2358 21.2484 21.2587 21.2717 21.2885 21.3024
 21.3178 21.3323 21.347  21.3595 21.3723 21.3854 21.3983 21.4146 21.429
 21.4409 21.4544 21.4689 21.4824 21.4942 21.5072 21.5257 21.5417 21.5585
 21.5743 21.5918 21.6048 21.6167 21.6361 21.6515 21.6671 21.6867 21.7027
 21.7208 21.7392 21.7626 21.7825 21.8015 21.821  21.8472 21.8875 21.921
 21.9656 22.0253 22.0654 22.0826 22.1181 22.1686 22.1928 22.2147 22.259
 22.3018 22.3529 27.2279 27.3403 28.15   28.2069 28.2984 28.3169 28.3673
 28.4185 28.4553 28.4699 28.4925 28.5149 28.5407 28.5758 28.6171 28.6498
 28.7066 28.7346 28.7578 28.7816 28.8116 28.8296 28.8456 28.8648 28.8833
 28.8988 28.915  28.9335 28.9535 28.9749 28.9878 28.9988 29.014  29.0317
 29.0425 29.0598 29.0734 29.0894 29.1066 29.1186 29.1325 29.1443 29.1567
 29.1674 29.1813 29.1923 29.2042 29.2195 29.2317 29.2429 29.2527 29.2634
 29.275  29.2872 29.2977 29.3089 29.3198 29.3297 29.3409 29.3537 29.3653
 29.3778 29.3885 29.4003 29.413  29.4255 29.4382 29.4511 29.4613 29.4714
 29.486  29.4976 29.5099 29.525  29.5341 29.5449 29.5547 29.5665 29.579
 29.5891 29.6012 29.6135 29.6258 29.6371 29.6489 29.6623 29.6724 29.6887
 29.7015 29.7127 29.7246 29.7355 29.7491 29.7594 29.7714 29.7851 29.8022
 29.8188 29.8379 29.8577 29.8717 29.8926 29.9096 29.9393 29.9592 29.9794
 29.9977
30.0107 30.0424 30.0676 30.0902 30.1226 30.1542 30.1788 30.2049 30.2447
 30.3107 30.3402 30.3785 30.4929 30.516  30.6188 35.6642 36.1273 36.4858
 36.5312 36.6193 36.7242 36.9676 36.9875 37.0167 37.0396 37.0938 37.1407
 37.1993 37.2239 37.2659 37.2959 37.3251 37.3525 37.3695 37.405  37.4344
 37.4488 37.4676 37.4894 37.5077 37.5249 37.5374 37.5518 37.5666 37.5821
 37.6    37.6123 37.6246 37.6359 37.6494 37.6683 37.681  37.6958 37.7151
 37.7282 37.7432 37.7596 37.7796 37.7913 37.8014 37.8095 37.82   37.8322
 37.8424 37.854  37.8648 37.8791 37.8934 37.9067 37.9225 37.9345 37.9454
 37.9609 37.9776 37.989  38.0027 38.0152 38.0289 38.0393 38.0519 38.0627
 38.0744 38.0843 38.1023 38.1146 38.1283 38.1399 38.1672 38.1798 38.1943
 38.2115 38.2244 38.2457 38.2593 38.274  38.2921 38.3083 38.3223 38.3371
 38.3541 38.3707 38.3892 38.4028 38.4176 38.4336 38.4467 38.4671 38.4909
 38.5141 38.5339 38.5536 38.5841 38.687  38.7226 38.8332
43.5199 44.1026 45.0849 45.1963 45.2603 45.3727 45.3977 45.506  45.554
 45.5792 45.6032 45.627  45.6728 45.6899 45.7119 45.752  45.7674 45.7864
 45.8101 45.8313 45.8529 45.8745 45.8892 45.9075 45.9229 45.9437 45.9627
 45.9758 45.9904 46.0093 46.027  46.0486 46.069  46.0925 46.1054 46.1313
 46.154  46.1636 46.1734 46.1915 46.2133 46.2332 46.2508 46.2666 46.282
 46.294  46.3099 46.3238 46.3433 46.3602 46.3746 46.3919 46.4132 46.4258
 46.4466 46.472  46.4894 46.5186 46.5373 46.5577 46.6164 46.6292 46.6548
 46.676  46.7092 46.7251 46.7563 46.8123 46.8489 46.8909 46.93   46.9638
 46.9844 47.0033 47.0496 47.0722 47.1386 47.1919
51.8146 51.9208 52.4916 52.6637 52.9432 53.0158 53.1038 53.1361 53.156
 53.2149 53.2361 53.2593 53.2925 53.3092 53.366  53.3837 53.4056 53.4414
 53.4741 53.497  53.5096 53.5234 53.5563 53.5725 53.5865 53.606  53.6225
 53.6356 53.6556 53.6748 53.6936 53.7095 53.7275 53.7435 53.7689 53.7815
 53.7948 53.8141 53.8329 53.8531 53.8703 53.8884 53.908  53.923  53.9379
 53.9555 53.9671 53.981  53.9965 54.0118 54.0265 54.038  54.0498 54.0614
 54.0762 54.0898 54.1023 54.1126 54.1234 54.1373 54.1491 54.1628 54.176
 54.1928 54.2149 54.2249 54.2368 54.2492 54.2602 54.2749 54.2877 54.3038
 54.3176 54.3287 54.3415 54.3528 54.364  54.3762 54.3868 54.3966 54.4111
 54.4224 54.4324 54.448  54.4585 54.4712 54.4838 54.4971 54.5096 54.5231
 54.5398 54.5533 54.5649 54.5811 54.5927 54.6066 54.6206 54.6404 54.6565
 54.6825 54.706  54.7279 54.7467 54.7698 54.7926 54.8168 54.8356 54.8526
 54.8652 54.902  54.9633 54.9884 55.0138 55.0675 55.0954 55.1642 55.2218
 55.303  55.3298 55.428  59.4912
60.4777 60.8057 61.4098 61.6196 61.6839 61.7068 61.7414 61.7688 61.803
 61.8332 61.8877 61.9012 61.9262 61.9549 61.9876 62.0013 62.0186 62.033
 62.0554 62.0699 62.0944 62.1178 62.1325 62.1547 62.1795 62.1994 62.2151
 62.2424 62.2588 62.2772 62.2901 62.3079 62.3254 62.3489 62.3665 62.3791
 62.391  62.4036 62.4149 62.4288 62.4438 62.454  62.4667 62.4842 62.4995
 62.5164 62.531  62.5515 62.5651 62.5774 62.5885 62.6021 62.6159 62.6277
 62.6394 62.6523 62.6648 62.6773 62.691  62.7049 62.7208 62.735  62.7478
 62.7581 62.7721 62.7876 62.8005 62.8132 62.8295 62.8427 62.8551 62.8671
 62.8825 62.8982 62.9104 62.9229 62.9376 62.9519 62.9666 62.9855 62.9974
 63.0102 63.0254 63.0407 63.0511 63.063  63.0757 63.0903 63.1001 63.1143
 63.1313 63.156  63.1746 63.1898 63.2031 63.2268 63.2466 63.265  63.2791
 63.2926 63.3077 63.3279 63.3423 63.3724 63.4034 63.4407 63.4692 63.4934
 63.5448 63.5908 63.6189 63.6373 63.7117 63.7622 63.9995 68.7479 69.3478
 69.4201 69.5132 69.5526 69.6326 69.6631 69.7378 69.784  69.8308 69.9297
 69.969

