10.9868 12.1366 12.1731 12.436  12.5476 12.5811 12.6101 12.737  12.767
 12.9209 12.958  12.9763 13.0007 13.0342 13.0619 13.0849 13.1139 13.1341
 13.1569 13.1813 13.2087 13.2302 13.2655 13.3011 13.3238 13.3444 13.3636
 13.3818 13.4108 13.4319 13.4482 13.4652 13.4792 13.4992 13.5239 13.5511
 13.5781 13.5973 13.6179 13.6369 13.6532 13.6754 13.7029 13.7548 13.7734
 13.7949 13.8115 13.8319 13.8551 13.9016 13.9341 13.9571 13.9757 14.0045
 14.0465 14.0796 14.0993 14.1449 14.1729 14.2023 14.2286 14.2589 14.3017
 14.3212 14.3477 14.4138 14.5109 14.5584 14.6621 14.6884 17.7877 19.8516
20.4064 20.7684 20.8822 20.9183 20.9555 20.9988 21.0256 21.0528 21.0784
 21.1199 21.1385 21.2237 21.2498 21.2827 21.2983 21.3456 21.3686 21.4037
 21.4334 21.4478 21.4672 21.5022 21.5317 21.554  21.5752 21.5944 21.6465
 21.674  21.6989 21.7206 21.7566 21.7729 21.8028 21.8259 21.8635 21.8858
 21.9259 21.9476 21.9708 22.0242 22.0418 22.0855 22.1236 22.1487 22.2057
 22.2253 22.2435 22.2696 22.2913 22.3095 22.3311 22.3747 22.4192 22.4453
 22.4787 22.4952 22.5143 22.5337 22.5564 22.5898 22.6797 22.7207 22.7628
 23.1677 27.9946 28.3627 28.9375 29.031  29.0561 29.1097 29.1322 29.2365
 29.3052 29.3744 29.4549 29.4996 29.556  29.5867 29.6066 29.6367 29.708
 29.7599 29.782  29.8101 29.8484 29.8757 29.8884 29.917  29.9428 29.9599
 29.9739 29.9906
30.0045 30.0282 30.0644 30.0938 30.1195 30.1709 30.2024 30.2329 30.2975
 30.3214 30.3637 30.3827 30.3988 30.4221 30.4544 30.4771 30.4978 30.5405
 30.5689 30.5983 30.6307 30.6726 30.7322 30.8023 30.8353 30.8752 31.0677
 31.2637 37.6193 37.834  37.8977 37.9438 37.9704 38.0434 38.113  38.2435
 38.2819 38.3521 38.3855 38.4212 38.4487 38.4683 38.505  38.5329 38.5738
 38.5951 38.6262 38.6523 38.6789 38.7142 38.7427 38.7611 38.7831 38.8049
 38.8207 38.8404 38.8607 38.8926 38.9162 38.9339 38.9506 38.9709 38.9891
 39.0216 39.0402 39.0889 39.1105 39.1288 39.168  39.2251 39.2499 39.2814
 39.3078 39.331  39.4551 39.4822 39.5382 39.5834 39.6218 39.8627
43.7638 45.7889 46.0906 46.213  46.2416 46.2648 46.2919 46.3333 46.3533
 46.3983 46.495  46.5293 46.5476 46.5752 46.601  46.6328 46.676  46.7073
 46.7256 46.7514 46.7909 46.8308 46.8459 46.8774 46.8988 46.9596 46.9751
 47.0163 47.0297 47.0498 47.0719 47.0867 47.1152 47.1308 47.1456 47.1624
 47.1805 47.2072 47.2329 47.2538 47.2766 47.2918 47.3128 47.3276 47.3445
 47.3629 47.3756 47.3949 47.4114 47.4269 47.4487 47.469  47.5017 47.5263
 47.5426 47.5674 47.5837 47.6272 47.6648 47.6899 47.7219 47.7492 47.7794
 47.8464 47.8645 47.9226 47.9738 48.0045 48.0354 48.1485
53.3818 53.5298 53.6375 53.9006 53.9551 53.9842 54.0301 54.1631 54.2198
 54.257  54.2979 54.3113 54.3359 54.3734 54.4033 54.4165 54.4379 54.4911
 54.5147 54.5327 54.5546 54.5882 54.6361 54.6551 54.6769 54.7619 54.7881
 54.8097 54.8262 54.8563 54.8699 54.8899 54.9116 54.9244 54.9584 54.9869
 55.0092 55.0322 55.0742 55.1034 55.1229 55.1426 55.1612 55.2163 55.2496
 55.2739 55.3121 55.3329 55.3553 55.3984 55.455  55.4732 55.4985 55.5679
 55.625  55.6494 55.675  55.697  55.7164 55.7373 55.9029 56.0098 56.0521
60.5076 61.7142 62.0016 62.1068 62.1558 62.1822 62.2045 62.2417 62.3168
 62.4078 62.5011 62.5202 62.552  62.5965 62.6264 62.6625 62.6826 62.6982
 62.7219 62.7403 62.7534 62.7714 62.7888 62.8081 62.8246 62.8461 62.8642
 62.8858 62.9119 62.9308 62.9439 62.9609 62.979  62.9956 63.009  63.0268
 63.047  63.0659 63.0943 63.1141 63.1289 63.1487 63.1768 63.1935 63.2112
 63.2267 63.2439 63.2593 63.2786 63.2945 63.3131 63.3324 63.3434 63.3594
 63.3757 63.3958 63.4277 63.4487 63.4676 63.4836 63.5032 63.5185 63.5387
 63.5551 63.5727 63.5913 63.6177 63.6383 63.6554 63.6705 63.7109 63.7413
 63.7599 63.7746 63.7905 63.8196 63.8529 63.9093 63.9407 63.9796 64.005
 64.0498 64.0733 64.1295 64.1586 64.2156 65.4966 69.5308 69.6968

