13.9058 14.2827 14.3638 14.6268 14.8991 14.9315 15.     15.0559 15.0855
 15.1274 15.2712 15.3222 15.3564 15.4001 15.4205 15.4446 15.4861 15.5486
 15.6509 15.6855 15.7284 15.7522 15.7752 15.7997 15.8497 15.8788 15.907
 15.9287 15.956  15.9726 15.9884 16.0295 16.0551 16.0792 16.105  16.125
 16.1463 16.1653 16.1897 16.2085 16.2331 16.2618 16.2897 16.303  16.3211
 16.3437 16.3704 16.39   16.4087 16.4312 16.4894 16.5274 16.5465 16.576
 16.6043 16.6335 16.6553 16.6891 16.7235 16.7515 16.7736 16.7994 16.8251
 16.8451 16.8824 16.9027 16.9803 17.0043 17.0845 17.1257 17.1706 17.2316
 17.2907 17.3382 17.4568
23.1868 23.8118 24.1545 24.2267 24.4318 24.4756 24.548  24.5787 24.6399
 24.6706 24.7151 24.7697 24.7846 24.8006 24.8332 24.8524 24.8764 24.9039
 24.9336 24.9671 24.9874 25.0069 25.0356 25.0964 25.1263 25.1424 25.1707
 25.1903 25.2054 25.2297 25.2658 25.291  25.3161 25.3369 25.3584 25.3748
 25.3972 25.4198 25.4434 25.4725 25.4976 25.5134 25.531  25.5585 25.585
 25.6135 25.6354 25.6492 25.6644 25.6877 25.7045 25.7224 25.7571 25.7725
 25.8221 25.8399 25.8579 25.8777 25.8939 25.925  25.9645 25.989  26.0107
 26.0407 26.0787 26.0941 26.1359 26.1663 26.1925 26.2127 26.2339 26.2588
 26.2778 26.3074 26.3287 26.3566 26.3819 26.4537 26.4725 26.5043 26.5264
 26.5599 26.5958 26.6273 26.655  26.6809 26.7613 26.812  26.8468 26.8865
 26.9416 26.9989 27.1063 27.1667
33.625  33.8149 34.2824 34.3119 34.3887 34.5407 34.6043 34.6698 34.7077
 34.7289 34.7469 34.7687 34.8107 34.8978 34.9556 34.98   35.0006 35.0246
 35.0698 35.1243 35.1421 35.1694 35.1887 35.2055 35.2266 35.2472 35.2647
 35.2846 35.3227 35.3451 35.4007 35.4228 35.4419 35.4581 35.4752 35.4917
 35.5205 35.5449 35.5686 35.591  35.6084 35.6256 35.6533 35.6766 35.7495
 35.7742 35.8035 35.8278 35.8641 35.8958 35.9433 35.9593 35.9778 35.9976
 36.0267 36.0551 36.0871 36.1424 36.1837 36.252  36.2719 36.305  36.3659
 36.3848 36.4572 36.5367 36.6326 36.6692 36.9357
43.4829 43.5903 43.6244 43.7096 43.7928 43.9651 44.0842 44.103  44.1498
 44.1887 44.2133 44.2466 44.2705 44.3185 44.3575 44.3884 44.4232 44.44
 44.4585 44.4817 44.5079 44.5301 44.5443 44.5724 44.5881 44.6092 44.6286
 44.6472 44.6616 44.6781 44.6963 44.7745 44.7941 44.8091 44.8252 44.8539
 44.8926 44.9152 44.931  44.9528 44.9729 44.991  45.0159 45.0485 45.0955
 45.1111 45.1307 45.1479 45.164  45.1995 45.218  45.2306 45.2467 45.2674
 45.2888 45.3087 45.3337 45.3512 45.3667 45.396  45.4369 45.4657 45.4911
 45.5216 45.544  45.5658 45.5864 45.6432 45.6767 45.7162 45.7456 45.7626
 45.7873 45.8098 45.8442 45.8635 45.8833 45.9086 45.9357 45.9527 45.9823
 46.0566 46.1049 46.1274 46.1584 46.2043 46.2437 46.3152 46.3555 46.3951
 46.4297
52.2947 52.7142 52.8679 52.9716 53.0032 53.0541 53.1894 53.2542 53.32
 53.3722 53.4356 53.4904 53.5196 53.5399 53.5581 53.5814 53.6787 53.7728
 53.8224 53.8418 53.8573 53.8988 53.9325 53.9554 53.9769 54.005  54.0295
 54.0577 54.0817 54.1111 54.1328 54.1491 54.2126 54.2417 54.2603 54.2905
 54.3123 54.3346 54.3509 54.3944 54.4563 54.4887 54.5246 54.547  54.5727
 54.6495 54.672  54.7138 54.7378 54.7798 54.8084 54.854  54.8767 54.9147
 54.9544 54.9819 55.0192 55.1685 55.1928 55.2234 55.2452 55.3074 55.405
 55.5294 55.5742 55.7447 57.7118 57.8813
61.7708 62.0808 62.1341 62.1817 62.3247 62.4359 62.5548 62.5828 62.6417
 62.6768 62.7286 62.7472 62.7733 62.8658 62.8933 62.9187 62.9513 62.9708
 62.9916 63.0105 63.0603 63.0818 63.1009 63.1153 63.1367 63.1543 63.1678
 63.2084 63.2287 63.2477 63.2743 63.2997 63.3147 63.3319 63.3471 63.3659
 63.385  63.4042 63.4234 63.4518 63.4671 63.4814 63.5045 63.5278 63.5471
 63.5679 63.5877 63.61   63.6289 63.644  63.6638 63.6761 63.6918 63.72
 63.7418 63.757  63.7891 63.8177 63.833  63.8521 63.8672 63.8818 63.8991
 63.9181 63.9377 63.9625 63.9786 63.9941 64.0118 64.0283 64.0481 64.0726
 64.0935 64.1109 64.1311 64.1496 64.1754 64.2079 64.2259 64.2491 64.2649
 64.2786 64.2934 64.3132 64.3332 64.3621 64.3837 64.4047 64.4241 64.4416
 64.4617 64.4806 64.5027 64.5234 64.5456 64.5644 64.5786 64.5975 64.6345
 64.6553 64.6762 64.696  64.7231 64.746  64.78   64.812  64.8384 64.8602
 64.8856 64.9214 64.9553 64.9881 65.0285 65.0622 65.1103 65.1556

