14.2986 14.6211 14.7976 14.8243 15.3139 15.3751 15.4869 15.5322 15.6665
22.8416 23.6151 23.6405 23.7399 24.0787 24.2194 24.2504 24.3536 24.4972
 24.6077 24.7146 24.7669 24.8189 24.8462 24.9468
33.2155 34.254  34.4012 34.5288 34.5657 34.6396 34.6912 34.7899 34.8207
 35.063  35.39   35.4279
43.8911 44.2056 44.2593 44.6969 44.8344 45.0112 45.2002 45.3232
51.8249 52.4157 52.6365 53.223  53.5717 53.7641 54.1008 54.2065
61.9681 62.1089 62.2039 62.3124 62.5359 62.6445 62.9032 63.0077 63.044
 63.1177 63.2127 63.2314 63.3548 68.5554

