14.6798 14.949  15.0979 15.3246 15.3916 15.5067 15.5314 15.5698 15.5989
 15.6367 15.6567 15.6771 15.6978 15.7139 15.7359 15.7497 15.7693 15.7855
 15.8037 15.8232 15.8399 15.8565 15.8711 15.8909 15.9037 15.9173 15.9328
 15.9452 15.9603 15.9744 15.9864 15.9971 16.0093 16.0214 16.0329 16.0461
 16.0578 16.0742 16.094  16.108  16.1183 16.1311 16.1435 16.1566 16.1713
 16.1865 16.2002 16.2126 16.2254 16.2379 16.2493 16.2619 16.2757 16.2863
 16.2995 16.3111 16.3232 16.3373 16.3488 16.3628 16.3747 16.3853 16.3967
 16.4077 16.4183 16.4292 16.4431 16.4537 16.4638 16.4763 16.4896 16.5014
 16.5131 16.5238 16.5343 16.547  16.5586 16.5709 16.5817 16.5934 16.6044
 16.6143 16.6238 16.6351 16.645  16.6546 16.6652 16.6755 16.685  16.696
 16.7056 16.7192 16.7303 16.742  16.7526 16.762  16.7725 16.7826 16.7936
 16.8044 16.8161 16.8269 16.8375 16.8491 16.8618 16.8756 16.8906 16.9074
 16.9205 16.9331 16.9434 16.9555 16.9674 16.9807 16.9923 17.0037 17.0169
 17.0337 17.0465 17.0631 17.0801 17.0986 17.1124 17.1266 17.1407 17.1559
 17.1696 17.1827 17.1999 17.2129 17.2245 17.2365 17.2518 17.2985 17.3308
 17.3608 17.3846 17.4263 17.4744 17.5288 17.7563
24.0946 24.1779 24.2545 24.2958 24.3239 24.3529 24.3705 24.3953 24.477
 24.5059 24.548  24.5674 24.6134 24.627  24.6616 24.6855 24.709  24.7311
 24.7463 24.7752 24.7928 24.806  24.8235 24.8355 24.8516 24.8649 24.8786
 24.8898 24.9025 24.9136 24.9266 24.9375 24.9493 24.9627 24.9739 24.9856
 24.9951 25.0054 25.0163 25.0263 25.0383 25.0505 25.0632 25.0732 25.0834
 25.0953 25.1061 25.1173 25.128  25.1379 25.1506 25.1601 25.1702 25.1808
 25.1911 25.2003 25.2088 25.2195 25.2328 25.2452 25.2553 25.2645 25.2728
 25.2833 25.2962 25.3093 25.3207 25.3293 25.3379 25.3461 25.3548 25.3645
 25.3746 25.3839 25.3926 25.4014 25.4106 25.4197 25.4277 25.436  25.4458
 25.4545 25.4634 25.4722 25.4809 25.4892 25.4982 25.5074 25.5165 25.526
 25.5372 25.5455 25.5543 25.5628 25.5721 25.5804 25.5884 25.5971 25.606
 25.6153 25.6235 25.6316 25.6414 25.6505 25.6585 25.6674 25.676  25.6854
 25.6965 25.7055 25.7132 25.7222 25.7315 25.7401 25.7492 25.7577 25.766
 25.7748 25.7837 25.7921 25.7994 25.8077 25.8158 25.8249 25.8343 25.8428
 25.851  25.8593 25.8682 25.8768 25.8857 25.8938 25.9019 25.9107 25.9183
 25.9259 25.9353 25.9459 25.956  25.9654 25.9743 25.983  25.992  26.0025
 26.0126 26.0246 26.0338 26.0425 26.0518 26.0606 26.0692 26.0781 26.0888
 26.099  26.1088 26.1178 26.127  26.136  26.1467 26.1559 26.1652 26.1756
 26.1843 26.1939 26.2038 26.2133 26.223  26.2334 26.2432 26.2543 26.2667
 26.2771 26.2876 26.3001 26.3109 26.3231 26.3361 26.3488 26.3601 26.3714
 26.3833 26.3945 26.407  26.4245 26.4374 26.4508 26.463  26.4799 26.4965
 26.5131 26.5533 26.5745 26.6379 26.6686 26.6959 26.7439 26.8066
32.2403 34.1395 34.7982 34.8519 34.8871 34.9404 34.9921 35.0569 35.0881
 35.123  35.1697 35.1852 35.2067 35.2237 35.2397 35.2583 35.3027 35.3166
 35.3301 35.3504 35.3737 35.3948 35.4094 35.423  35.4368 35.4515 35.467
 35.4802 35.497  35.51   35.5222 35.5333 35.5503 35.5645 35.5768 35.5938
 35.6056 35.6208 35.6381 35.6524 35.6658 35.6778 35.6918 35.7027 35.7138
 35.7263 35.7387 35.7506 35.7623 35.7729 35.7907 35.8037 35.8148 35.8265
 35.8375 35.8487 35.8589 35.8745 35.884  35.8951 35.9057 35.9174 35.9272
 35.9367 35.9475 35.9615 35.9735 35.9904 36.0023 36.0132 36.0224 36.032
 36.0413 36.0529 36.0637 36.0733 36.0829 36.0959 36.107  36.1171 36.1272
 36.1364 36.1464 36.1574 36.1685 36.1811 36.1935 36.2073 36.2193 36.2353
 36.2482 36.2652 36.2757 36.2866 36.2998 36.3125 36.3235 36.3336 36.3453
 36.3575 36.3681 36.3782 36.392  36.4051 36.416  36.4257 36.4426 36.4543
 36.4657 36.4772 36.489  36.4998 36.5108 36.5222 36.5372 36.5501 36.5645
 36.5781 36.5984 36.6121 36.6249 36.6378 36.6507 36.6635 36.6768 36.6927
 36.7135 36.7353 36.755  36.7683 36.7885 36.8105 36.8347 36.8544 36.9171
 36.9689 37.1628 37.4888
41.3316 41.4988 42.1286 44.0078 44.2549 44.3133 44.4309 44.5162 44.5425
 44.5868 44.6582 44.6803 44.7117 44.7912 44.8389 44.8573 44.8781 44.8983
 44.9216 44.943  44.957  44.975  45.001  45.0138 45.0295 45.0534 45.0773
 45.0988 45.1122 45.1288 45.1445 45.1635 45.1978 45.213  45.2279 45.2518
 45.2738 45.2906 45.3051 45.3176 45.3315 45.3454 45.3612 45.3799 45.395
 45.4059 45.4202 45.4348 45.4472 45.4608 45.4752 45.4926 45.5049 45.517
 45.5289 45.5404 45.5565 45.571  45.5827 45.5957 45.613  45.627  45.6385
 45.653  45.6653 45.6825 45.6966 45.71   45.7236 45.7378 45.7474 45.759
 45.768  45.7792 45.7894 45.8009 45.8148 45.8252 45.8357 45.8498 45.8612
 45.876  45.89   45.904  45.9199 45.9342 45.9503 45.9611 45.9753 45.9881
 46.0023 46.027  46.0432 46.0606 46.0764 46.0898 46.1033 46.12   46.1337
 46.1497 46.1642 46.1794 46.1965 46.2148 46.2341 46.248  46.2635 46.2825
 46.2998 46.3313 46.3722 46.3953 46.4177 46.4462 46.5024 46.5376 46.5661
 46.6813 47.3084
51.3097 53.442  53.6311 53.6988 53.8589 53.8899 53.9535 53.9789 54.0061
 54.0596 54.1257 54.1538 54.1724 54.1964 54.22   54.241  54.259  54.2863
 54.3211 54.3359 54.3512 54.3661 54.3839 54.397  54.4087 54.4242 54.4416
 54.4593 54.4749 54.4862 54.4985 54.513  54.5267 54.5417 54.5547 54.5725
 54.5886 54.6038 54.6229 54.6426 54.6601 54.6776 54.6916 54.7067 54.7239
 54.7391 54.7545 54.7705 54.7859 54.8009 54.815  54.8354 54.8484 54.8612
 54.8751 54.8861 54.8977 54.9159 54.9265 54.9382 54.9505 54.9645 54.9775
 54.9911 55.004  55.0153 55.0291 55.0421 55.0667 55.0812 55.0946 55.1062
 55.1231 55.1405 55.1538 55.1692 55.1819 55.1931 55.2143 55.2333 55.2508
 55.2669 55.281  55.3028 55.322  55.3419 55.3616 55.3815 55.398  55.4204
 55.4396 55.4565 55.4915 55.5062 55.5229 55.5389 55.5598 55.5828 55.6045
 55.622  55.6425 55.677  55.7138 55.743  55.7835 55.8118 56.1565
60.9985 62.1422 62.2755 62.4826 62.5873 62.6577 62.747  62.8175 62.8582
 62.9337 62.9758 62.9979 63.0134 63.0491 63.0674 63.0816 63.1125 63.1288
 63.1758 63.1912 63.2311 63.2596 63.2778 63.2939 63.3096 63.334  63.3459
 63.3581 63.3733 63.3856 63.4038 63.4177 63.4293 63.4443 63.4606 63.4741
 63.4871 63.4996 63.5153 63.526  63.5362 63.5498 63.5597 63.5707 63.5837
 63.5937 63.6056 63.6193 63.6379 63.6493 63.6634 63.6784 63.6909 63.7041
 63.7137 63.726  63.7362 63.7466 63.7575 63.7683 63.7782 63.7866 63.7967
 63.8077 63.822  63.8339 63.847  63.8581 63.8678 63.8797 63.891  63.9038
 63.9129 63.9227 63.9346 63.9443 63.9555 63.9687 63.9793 63.9887 63.9996
 64.0094 64.0198 64.0324 64.0437 64.0546 64.0661 64.0781 64.0912 64.1038
 64.1154 64.1264 64.1371 64.1515 64.164  64.1759 64.1866 64.1984 64.2083
 64.2201 64.2314 64.2425 64.2562 64.2681 64.2782 64.2892 64.3012 64.312
 64.3228 64.3332 64.3443 64.3587 64.3701 64.3843 64.3979 64.4136 64.4237
 64.4349 64.4457 64.4589 64.4749 64.4892 64.5058 64.5238 64.5384 64.5506
 64.5665 64.5819 64.5989 64.6144 64.6463 64.6682 64.6891 64.7112 64.7369
 64.7633 64.7895 64.8588 65.0869 65.1117 66.1152

