13.6054 13.9069 14.0369 14.0947 14.1716 14.2618 14.2792 14.3553 14.4097
 14.4347 14.4885 14.5254 14.6044 14.6207 14.6982 14.7306 14.7505 14.7696
 14.7959 14.8223 14.8567 14.8815 14.9    14.9446 14.97   14.9935 15.0144
 15.0286 15.0473 15.061  15.0752 15.092  15.1103 15.1264 15.1372 15.1495
 15.1662 15.18   15.1962 15.2131 15.2255 15.2422 15.2548 15.267  15.2841
 15.2969 15.3181 15.3294 15.3412 15.3545 15.3651 15.3781 15.3895 15.403
 15.4241 15.4356 15.446  15.4563 15.4664 15.4783 15.4887 15.4996 15.5113
 15.5224 15.5359 15.5477 15.5625 15.5746 15.5864 15.602  15.6145 15.6255
 15.6376 15.6514 15.663  15.6752 15.686  15.6959 15.7097 15.7206 15.7317
 15.7427 15.7532 15.7627 15.7741 15.7845 15.7984 15.8092 15.8223 15.8317
 15.8409 15.8514 15.8626 15.8725 15.8843 15.894  15.9044 15.9156 15.926
 15.9376 15.9502 15.9599 15.9718 15.9834 15.9941 16.0061 16.0173 16.0283
 16.0399 16.0515 16.0625 16.0748 16.0863 16.0966 16.1079 16.1185 16.1293
 16.143  16.1555 16.1739 16.1865 16.1982 16.2082 16.2188 16.235  16.2482
 16.259  16.2723 16.2854 16.2983 16.3115 16.3243 16.3348 16.3446 16.3566
 16.3686 16.3803 16.3905 16.4047 16.4171 16.4319 16.4468 16.4568 16.4661
 16.4811 16.4926 16.5077 16.5243 16.5377 16.5517 16.5648 16.5791 16.5923
 16.6071 16.6246 16.6445 16.6614 16.6805 16.698  16.7119 16.7335 16.7474
 16.7698 16.7878 16.8047 16.82   16.8387 16.8549 16.8756 16.9324 16.9534
 16.968  16.9959 17.021  17.0884 17.1246
22.773  22.8665 22.9161 23.1056 23.4538 23.592  23.6602 23.8087 23.8828
 23.9033 23.9263 23.9428 23.9677 24.0143 24.0392 24.0893 24.1112 24.1355
 24.1509 24.1646 24.207  24.2281 24.2446 24.2632 24.2925 24.3219 24.3351
 24.3529 24.3668 24.3826 24.3956 24.4189 24.4319 24.448  24.4607 24.4759
 24.4869 24.5036 24.515  24.5256 24.5351 24.5478 24.5675 24.5849 24.6
 24.6129 24.6296 24.642  24.6594 24.6709 24.6855 24.7011 24.717  24.7294
 24.7424 24.7531 24.7625 24.7719 24.7815 24.7911 24.804  24.813  24.8237
 24.8325 24.8427 24.853  24.8627 24.8724 24.8814 24.8918 24.9019 24.9142
 24.9235 24.9358 24.9468 24.9575 24.9672 24.977  24.9857 24.9956 25.0066
 25.0162 25.0262 25.0361 25.0457 25.056  25.0664 25.0784 25.0884 25.0971
 25.1059 25.1165 25.1265 25.1357 25.1464 25.1601 25.1731 25.1835 25.1933
 25.2041 25.2158 25.2274 25.2377 25.2474 25.2586 25.2694 25.2799 25.2908
 25.3017 25.3134 25.3265 25.3362 25.3456 25.3559 25.367  25.3764 25.3874
 25.4003 25.4136 25.4271 25.4369 25.4478 25.4577 25.4681 25.4782 25.4889
 25.5002 25.5099 25.5198 25.529  25.5393 25.5476 25.5585 25.5684 25.5793
 25.5903 25.6002 25.6127 25.6221 25.6307 25.6407 25.6509 25.6602 25.6725
 25.6835 25.6944 25.7033 25.7138 25.7236 25.7341 25.7451 25.7563 25.7663
 25.7771 25.7872 25.7979 25.813  25.8246 25.8343 25.8448 25.8559 25.8653
 25.8764 25.887  25.8989 25.9111 25.9254 25.9373 25.9474 25.9623 25.9737
 25.9855 25.9965 26.0091 26.0223 26.0329 26.0438 26.0555 26.0673 26.0789
 26.0961 26.1121 26.1313 26.1507 26.1631 26.1769 26.1961 26.2109 26.2265
 26.2392 26.2574 26.2723 26.2879 26.3022 26.3239 26.3431 26.394  26.4157
 26.4415 26.5253 26.5421 26.5602 26.5957 26.6339 26.69
31.0911 31.6769 32.6738 33.1445 33.6977 33.9358 33.9648 34.1268 34.1532
 34.2175 34.2498 34.3462 34.3625 34.3794 34.4107 34.4346 34.459  34.4782
 34.4945 34.5343 34.5615 34.5975 34.6217 34.6463 34.6665 34.6899 34.7104
 34.7244 34.7391 34.758  34.7744 34.7897 34.8037 34.817  34.8272 34.8447
 34.8583 34.88   34.8998 34.9146 34.9253 34.9387 34.9521 34.9659 34.9814
 35.0011 35.0138 35.0236 35.0354 35.0477 35.0578 35.0676 35.0778 35.0917
 35.1018 35.1109 35.1227 35.1331 35.1442 35.1541 35.166  35.1757 35.1847
 35.1949 35.2065 35.2187 35.2304 35.2416 35.2516 35.2605 35.2709 35.2826
 35.2922 35.3022 35.3133 35.3235 35.3338 35.3427 35.3526 35.3643 35.3749
 35.3884 35.398  35.4084 35.4193 35.429  35.4409 35.4501 35.4594 35.4699
 35.4808 35.4906 35.501  35.5124 35.5226 35.5324 35.5429 35.5535 35.5672
 35.582  35.5927 35.6028 35.6143 35.6281 35.6394 35.6499 35.6597 35.6696
 35.6793 35.6885 35.7005 35.7098 35.7201 35.731  35.7442 35.7545 35.7643
 35.7747 35.7852 35.7958 35.806  35.8172 35.8277 35.8366 35.8464 35.8587
 35.8704 35.8816 35.8921 35.9024 35.9131 35.9265 35.9365 35.9488 35.9595
 35.97   35.9803 35.9908 36.0028 36.0137 36.0264 36.0391 36.0492 36.0604
 36.0722 36.0856 36.0967 36.1086 36.1205 36.1313 36.1432 36.1545 36.1671
 36.1788 36.1924 36.2053 36.219  36.2355 36.2472 36.2655 36.2824 36.2938
 36.3062 36.3212 36.3342 36.3458 36.363  36.3758 36.3965 36.4129 36.4355
 36.4578 36.4803 36.498  36.5224 36.5486 36.5734 36.5947 36.6144 36.6449
 36.6695 36.7209 36.7687 36.83   36.9487 37.3384
40.7377 41.8878 42.8087 43.4343 43.4638 43.6504 43.7224 43.7985 43.8277
 43.8609 43.8775 43.9653 44.0107 44.0313 44.0507 44.1168 44.1449 44.1663
 44.1846 44.2213 44.2433 44.2621 44.2839 44.3014 44.3189 44.3428 44.3646
 44.3914 44.4109 44.4314 44.4498 44.4699 44.4823 44.5024 44.52   44.5389
 44.5599 44.5762 44.5945 44.6187 44.6339 44.6451 44.6608 44.6861 44.71
 44.7253 44.7449 44.7588 44.7695 44.7861 44.8007 44.8156 44.8282 44.8393
 44.856  44.8714 44.8903 44.9105 44.9206 44.9334 44.9477 44.9587 44.9729
 44.9863 44.9999 45.0229 45.0357 45.0537 45.0658 45.0788 45.0977 45.1132
 45.1241 45.1368 45.1493 45.1643 45.1765 45.1933 45.2057 45.2224 45.2404
 45.2535 45.2651 45.277  45.2891 45.3075 45.3276 45.3399 45.3557 45.3671
 45.3799 45.395  45.4078 45.4247 45.4397 45.458  45.4801 45.4992 45.5138
 45.5289 45.5482 45.5624 45.5837 45.6024 45.6165 45.6421 45.6594 45.6827
 45.6958 45.711  45.7298 45.7563 45.7749 45.7942 45.8107 45.8269 45.8445
 45.882  45.9506 45.9775 45.9992 46.0173 46.0387 46.0645 46.0859 46.1091
 46.132  46.153  46.1742 46.1982 46.2335 46.2672 46.3055 46.4859
51.6255 51.8764 52.5902 52.8309 52.9067 52.9363 53.0193 53.067  53.0995
 53.2502 53.2798 53.4449 53.4662 53.5066 53.523  53.5439 53.5648 53.5908
 53.6067 53.6374 53.6808 53.7105 53.7276 53.7496 53.7679 53.7848 53.8082
 53.8397 53.8629 53.8849 53.9014 53.921  53.9345 53.9519 53.9671 53.9809
 53.9986 54.0193 54.0362 54.0472 54.0617 54.0753 54.0899 54.1076 54.1215
 54.1348 54.1508 54.1634 54.1766 54.1858 54.1987 54.2087 54.2254 54.2402
 54.251  54.2643 54.2745 54.2867 54.298  54.3106 54.3225 54.336  54.3521
 54.3663 54.3787 54.3954 54.4059 54.4192 54.432  54.4474 54.4627 54.4744
 54.4857 54.4959 54.5085 54.5239 54.5345 54.545  54.5554 54.5684 54.5797
 54.5944 54.605  54.614  54.6272 54.639  54.6507 54.6639 54.676  54.6879
 54.6996 54.7109 54.7217 54.7356 54.7465 54.7584 54.7718 54.7835 54.7945
 54.8043 54.8162 54.8287 54.8392 54.8515 54.869  54.878  54.8889 54.9003
 54.9114 54.921  54.9352 54.9445 54.9549 54.9666 54.9799 54.9929 55.0032
 55.0164 55.0266 55.0375 55.051  55.0636 55.0754 55.0868 55.1033 55.1166
 55.1274 55.1464 55.1617 55.1731 55.1853 55.1967 55.2096 55.2195 55.2319
 55.2474 55.2588 55.2722 55.2849 55.2981 55.3117 55.3248 55.3383 55.3547
 55.3672 55.3825 55.3927 55.4045 55.419  55.4351 55.4556 55.4701 55.4855
 55.5039 55.5221 55.544  55.5576 55.5743 55.5884 55.6167 55.6407 55.6544
 55.6793 55.7067 55.7248 55.7472 55.7678 55.79   55.8221 55.8426 55.8842
 55.93   55.9616 56.0988
62.0908 62.2613 62.2883 62.3559 62.3989 62.4295 62.5871 62.6514 62.6887
 62.7359 62.7546 62.7735 62.7931 62.8101 62.8239 62.8533 62.8718 62.8921
 62.9094 62.9363 62.9499 62.9688 62.9831 62.9982 63.0117 63.0254 63.0382
 63.0558 63.0697 63.0838 63.101  63.1151 63.1255 63.1397 63.1635 63.1808
 63.2048 63.2198 63.2348 63.2498 63.2635 63.2777 63.2882 63.3005 63.3143
 63.325  63.3362 63.3474 63.3586 63.372  63.3822 63.3952 63.4066 63.4186
 63.4276 63.4384 63.449  63.462  63.4722 63.4819 63.4919 63.5032 63.5142
 63.5231 63.5337 63.5441 63.5554 63.5664 63.576  63.5862 63.596  63.6057
 63.6171 63.6286 63.6417 63.6562 63.6651 63.6751 63.6835 63.6935 63.7026
 63.712  63.7217 63.7317 63.741  63.7508 63.7612 63.7719 63.7836 63.7922
 63.8039 63.8139 63.8236 63.8331 63.8443 63.8539 63.8636 63.8735 63.8829
 63.8929 63.9035 63.9133 63.9228 63.9345 63.9432 63.9519 63.9616 63.9714
 63.9809 63.9897 64.0001 64.011  64.0237 64.0318 64.0437 64.0533 64.0632
 64.0731 64.0834 64.0925 64.103  64.1138 64.1243 64.1344 64.144  64.1538
 64.1627 64.173  64.1829 64.1938 64.2032 64.2143 64.224  64.2342 64.2443
 64.2538 64.2631 64.2735 64.2833 64.2944 64.3033 64.3131 64.3239 64.3338
 64.3451 64.3549 64.365  64.3764 64.3893 64.4045 64.4178 64.4305 64.4412
 64.451  64.4619 64.4731 64.4832 64.4972 64.5091 64.5219 64.5358 64.5486
 64.5642 64.5783 64.5932 64.606  64.618  64.6287 64.641  64.6526 64.6631
 64.6765 64.6869 64.6993 64.7122 64.7253 64.7384 64.7498 64.7633 64.7761
 64.7887 64.801  64.8165 64.8327 64.8455 64.8575 64.8728 64.8988 64.9168
 64.9349 64.9474 64.9596 64.9842 65.0038 65.0246 65.044  65.0631 65.0813
 65.1071 65.1449 65.1752 65.1997 65.2268 65.2535 65.2819

