14.206  14.2539 14.3687 14.4718 14.5287 14.5924 14.6107 14.633  14.6587
 14.6855 14.7432 14.7677 14.8237 14.8436 14.8696 14.8982 14.9352 14.9719
 14.9979 15.0166 15.033  15.061  15.0947 15.1295 15.1435 15.1602 15.2046
 15.2224 15.242  15.2589 15.2796 15.2963 15.3199 15.3489 15.3633 15.3777
 15.4017 15.4186 15.4289 15.4418 15.4616 15.4779 15.496  15.5097 15.5307
 15.5431 15.5616 15.5805 15.594  15.6091 15.6248 15.6362 15.6507 15.6649
 15.6769 15.6919 15.7082 15.7199 15.7324 15.7452 15.759  15.772  15.7838
 15.8002 15.8121 15.8264 15.8406 15.8563 15.8703 15.8838 15.8972 15.9082
 15.9203 15.9326 15.9435 15.9553 15.9664 15.9785 15.9911 16.0032 16.0164
 16.0284 16.0434 16.0556 16.0659 16.0773 16.0888 16.1041 16.1165 16.1315
 16.145  16.1583 16.1699 16.1831 16.1974 16.2091 16.2213 16.2338 16.2496
 16.2628 16.2777 16.2923 16.3088 16.3208 16.3314 16.3434 16.3615 16.3762
 16.3876 16.4045 16.4202 16.4325 16.4465 16.4589 16.4811 16.4946 16.5066
 16.5266 16.5427 16.5578 16.57   16.5824 16.5957 16.6124 16.6355 16.6549
 16.6783 16.7062 16.7403 16.7626 16.8008 16.8209 16.8397 16.8637 16.889
 16.9204 16.9481 16.9738 16.9983 17.0244 17.0571 17.0846 17.1596 17.2179
 17.4124
21.0889 22.6776 23.5659 23.8353 23.8805 23.9287 23.9476 24.1395 24.1735
 24.1927 24.2434 24.2648 24.2909 24.3289 24.3453 24.3651 24.392  24.4266
 24.4453 24.4848 24.5027 24.5389 24.5539 24.5849 24.6111 24.6278 24.6439
 24.6602 24.6846 24.7018 24.722  24.7403 24.7603 24.775  24.7941 24.8133
 24.8338 24.848  24.8674 24.8837 24.9007 24.9139 24.9313 24.9426 24.9563
 24.9673 24.9805 24.9945 25.0089 25.0209 25.0367 25.0498 25.061  25.0775
 25.091  25.1091 25.1218 25.1325 25.1457 25.1564 25.1706 25.1815 25.1975
 25.2097 25.2228 25.2396 25.2535 25.2686 25.282  25.2934 25.3044 25.3191
 25.3307 25.3438 25.3567 25.3689 25.3826 25.3968 25.4075 25.4191 25.4312
 25.4456 25.4564 25.4698 25.4818 25.4964 25.5088 25.5222 25.5341 25.5448
 25.5558 25.5694 25.5847 25.597  25.6068 25.6185 25.6286 25.6438 25.6548
 25.6659 25.6769 25.6902 25.7058 25.7181 25.728  25.7389 25.7512 25.7618
 25.777  25.7873 25.8001 25.815  25.8266 25.838  25.8484 25.861  25.8745
 25.8862 25.8981 25.9157 25.9287 25.9427 25.9575 25.9735 25.9873 26.0017
 26.0153 26.0308 26.0411 26.0565 26.073  26.0887 26.1023 26.1213 26.14
 26.1579 26.1802 26.2074 26.2246 26.2446 26.2641 26.282  26.3256 26.3508
 26.369  26.3887 26.4157 26.4398 26.4644 26.4871 26.5145 26.5309 26.5565
 26.6177 26.6652 26.7274 26.7739 28.7217
32.5249 33.0491 33.3345 33.7474 33.7981 33.9525 34.0347 34.0849 34.1748
 34.2279 34.2568 34.2894 34.398  34.467  34.4855 34.5099 34.5539 34.5855
 34.6123 34.6792 34.6939 34.7357 34.7568 34.7764 34.8061 34.8481 34.8703
 34.8854 34.9091 34.9385 34.9538 34.9722 34.9868 35.002  35.0191 35.035
 35.0499 35.0658 35.0971 35.1152 35.1268 35.1417 35.1558 35.1726 35.1836
 35.2116 35.2391 35.2565 35.271  35.2848 35.3009 35.3152 35.3287 35.3476
 35.3635 35.3758 35.3899 35.4042 35.4183 35.4424 35.4595 35.4771 35.4897
 35.504  35.5187 35.5363 35.5497 35.5657 35.5802 35.5928 35.6033 35.6153
 35.6263 35.6435 35.6553 35.6674 35.6805 35.6905 35.7019 35.7137 35.7292
 35.7421 35.758  35.7695 35.7819 35.7953 35.8094 35.8211 35.8366 35.8486
 35.8633 35.8747 35.8889 35.9037 35.9176 35.9289 35.9437 35.9555 35.9716
 35.9886 36.0031 36.0163 36.0305 36.0469 36.0579 36.0683 36.0832 36.0943
 36.1051 36.1202 36.134  36.1516 36.164  36.1829 36.1985 36.2142 36.2282
 36.2432 36.2635 36.2749 36.2874 36.3079 36.3231 36.3382 36.3547 36.3786
 36.3953 36.4103 36.4289 36.4519 36.4654 36.4822 36.4952 36.511  36.5263
 36.5463 36.5714 36.5994 36.6189 36.6384 36.6582 36.6786 36.7117 36.7405
 36.7602 36.7779 36.7948 36.8255 36.8578 36.8878 36.9099 36.9843 37.0569
 37.1383
42.0822 42.9759 43.1267 43.2442 43.3154 43.706  43.7666 43.8744 43.9601
 44.0185 44.0813 44.1379 44.2272 44.2808 44.3119 44.3343 44.3618 44.38
 44.4402 44.4791 44.4976 44.5143 44.5516 44.6039 44.6307 44.6533 44.6673
 44.6889 44.7025 44.7258 44.7377 44.7526 44.7713 44.7889 44.81   44.8235
 44.8461 44.8659 44.886  44.9044 44.9185 44.933  44.9524 44.9749 44.9938
 45.0129 45.0308 45.0497 45.0692 45.0831 45.0969 45.1191 45.1322 45.1458
 45.1591 45.1838 45.1962 45.2091 45.2221 45.2372 45.2531 45.2676 45.2861
 45.2996 45.3145 45.339  45.3515 45.3675 45.3791 45.3928 45.4053 45.4245
 45.4416 45.4556 45.4719 45.4956 45.5218 45.5354 45.5524 45.5664 45.5856
 45.6016 45.6169 45.6377 45.6656 45.6984 45.7179 45.7391 45.7586 45.7827
 45.7997 45.8227 45.8391 45.8682 45.8925 45.9182 45.9356 45.9732 46.0095
 46.0505 46.0777 46.1057 46.2114 46.2615 46.3298 46.4495
52.9343 53.1331 53.1848 53.2387 53.3167 53.4303 53.467  53.4871 53.5073
 53.5732 53.6307 53.6529 53.6985 53.7549 53.7795 53.8141 53.8304 53.8814
 53.9157 53.9411 53.9803 53.9987 54.0219 54.0423 54.0598 54.0798 54.1018
 54.1161 54.1373 54.1593 54.1963 54.214  54.2454 54.2652 54.2784 54.2924
 54.3096 54.3258 54.3433 54.3643 54.3782 54.3929 54.4099 54.422  54.44
 54.457  54.4829 54.4976 54.5154 54.5324 54.558  54.5804 54.5979 54.6208
 54.6356 54.6553 54.6712 54.6861 54.7059 54.7175 54.7276 54.7392 54.751
 54.7627 54.7746 54.7892 54.8018 54.8143 54.8289 54.8414 54.8546 54.8671
 54.883  54.898  54.9094 54.9199 54.9332 54.9427 54.9544 54.9705 54.9864
 54.9994 55.0097 55.025  55.0419 55.0572 55.0695 55.0821 55.095  55.1114
 55.1235 55.1526 55.167  55.1807 55.1986 55.2116 55.2225 55.2379 55.2584
 55.2871 55.3011 55.3198 55.3334 55.3517 55.3736 55.3895 55.4043 55.425
 55.4634 55.4829 55.5058 55.5217 55.554  55.576  55.6029 55.6503 55.6722
 55.6973 55.7249 55.7521 55.7734 55.8027 55.8259 55.8626 55.894  55.9329
 55.9833 56.1699 59.9386
62.0149 62.4098 62.5379 62.659  62.7059 62.803  62.8409 62.8644 62.9019
 62.9388 62.9678 63.006  63.0408 63.0608 63.0778 63.0962 63.1128 63.1341
 63.1693 63.2029 63.2225 63.2356 63.253  63.2724 63.2952 63.3113 63.3272
 63.3432 63.359  63.3768 63.3978 63.4178 63.4317 63.4457 63.4582 63.4722
 63.4845 63.5087 63.5212 63.5349 63.5488 63.5624 63.5791 63.6024 63.6193
 63.6295 63.6419 63.6553 63.6681 63.6817 63.6956 63.707  63.7241 63.7361
 63.7496 63.7658 63.7801 63.7953 63.808  63.8199 63.8323 63.8428 63.8533
 63.865  63.8749 63.8843 63.8972 63.9072 63.9238 63.9466 63.9617 63.9725
 63.9861 63.9974 64.0128 64.0243 64.038  64.0496 64.0599 64.0743 64.0848
 64.0987 64.1088 64.1195 64.1341 64.1472 64.1589 64.169  64.1815 64.1923
 64.2024 64.2145 64.2251 64.2362 64.246  64.2576 64.2686 64.285  64.2967
 64.3088 64.3225 64.3372 64.347  64.3594 64.3691 64.3797 64.3914 64.4039
 64.421  64.4333 64.4473 64.4579 64.4679 64.4786 64.4918 64.5049 64.5179
 64.5345 64.5503 64.5662 64.5786 64.5893 64.6042 64.6257 64.6426 64.6589
 64.673  64.688  64.6989 64.7157 64.7331 64.7505 64.7634 64.7868 64.8015
 64.8225 64.8383 64.8579 64.8761 64.8902 64.9081 64.9217 64.9348 64.9597
 64.9848 65.0097 65.0321 65.0589 65.0783 65.1004 65.125  65.1421 65.1654
 65.2233 65.2559 65.2863 65.3741 65.4038

