12.9486 13.6437 14.0868 14.1653 14.2155 14.3862 14.4575 14.5685 14.5881
 14.6399 14.6835 14.7407 14.7599 14.7899 14.8141 14.8293 14.8524 14.873
 14.8913 14.9195 14.9344 14.9504 14.9685 14.9897 15.0051 15.0196 15.0353
 15.0484 15.0593 15.0787 15.0915 15.1053 15.1209 15.1347 15.1496 15.1621
 15.1732 15.1837 15.1967 15.21   15.2242 15.2369 15.2478 15.2595 15.2709
 15.2862 15.2968 15.3086 15.3187 15.3326 15.3451 15.3551 15.3636 15.3738
 15.3896 15.4051 15.4165 15.4268 15.4381 15.4491 15.4594 15.4704 15.4821
 15.4923 15.5017 15.5108 15.5207 15.5314 15.5408 15.5496 15.5583 15.5677
 15.5785 15.5888 15.598  15.6079 15.6178 15.6276 15.6391 15.6496 15.6595
 15.6706 15.6822 15.6931 15.7043 15.7173 15.7274 15.7381 15.751  15.7606
 15.7699 15.7787 15.7876 15.7978 15.8071 15.8186 15.8284 15.8381 15.8479
 15.8583 15.8688 15.8788 15.8901 15.8992 15.9087 15.9208 15.9324 15.9407
 15.9497 15.9591 15.9695 15.9799 15.9937 16.006  16.0148 16.0229 16.0328
 16.0432 16.0527 16.0639 16.0774 16.087  16.0964 16.1118 16.1227 16.1328
 16.1471 16.1591 16.1706 16.1822 16.1942 16.2034 16.2139 16.2236 16.2338
 16.2459 16.2558 16.2659 16.2752 16.2849 16.2941 16.3042 16.3153 16.3282
 16.3398 16.3521 16.362  16.3744 16.3877 16.402  16.4141 16.4264 16.4384
 16.4529 16.4655 16.4811 16.4962 16.5113 16.5278 16.5408 16.5534 16.5661
 16.5834 16.5994 16.6154 16.6323 16.649  16.6658 16.6813 16.7057 16.726
 16.7444 16.7613 16.7892 16.8081 16.8258 16.8426 16.9133 16.9929 17.0977
 18.6307
21.5888 21.6577 22.9883 23.1203 23.5031 23.7579 23.9086 24.1683 24.1945
 24.2299 24.2514 24.2948 24.3187 24.3643 24.3852 24.4088 24.4533 24.4991
 24.5167 24.5426 24.5584 24.5752 24.5992 24.6197 24.6347 24.6479 24.6693
 24.6841 24.6984 24.7111 24.7259 24.7434 24.761  24.7808 24.798  24.8123
 24.8278 24.8391 24.8508 24.8625 24.9005 24.9125 24.9275 24.9432 24.9591
 24.971  24.9859 25.0038 25.0186 25.0353 25.0498 25.0608 25.0741 25.0912
 25.1025 25.1176 25.128  25.1384 25.1486 25.1602 25.1713 25.1828 25.1936
 25.2052 25.2187 25.2291 25.2414 25.2559 25.2674 25.2791 25.2917 25.3029
 25.3124 25.3225 25.3345 25.3472 25.3567 25.366  25.3766 25.3858 25.3956
 25.4044 25.4175 25.4294 25.4395 25.4519 25.4625 25.4713 25.481  25.4913
 25.5001 25.5089 25.5184 25.5312 25.5414 25.5521 25.5631 25.5743 25.5859
 25.5962 25.6072 25.6179 25.6341 25.6429 25.6527 25.6625 25.6749 25.684
 25.6949 25.7071 25.7216 25.7381 25.748  25.7585 25.7698 25.7863 25.8021
 25.8149 25.8282 25.841  25.8624 25.8783 25.8883 25.901  25.9114 25.9236
 25.9335 25.947  25.9581 25.9723 25.9829 25.9965 26.0109 26.0261 26.0373
 26.0525 26.0648 26.0756 26.089  26.1025 26.1141 26.1276 26.1398 26.154
 26.1639 26.178  26.1923 26.2134 26.2328 26.2489 26.2749 26.2918 26.3181
 26.3353 26.3537 26.3841 26.4008 26.415  26.4509 26.4879 26.5282 26.6359
33.3886 33.5442 34.2181 34.3702 34.4053 34.4919 34.528  34.6149 34.6527
 34.6926 34.7159 34.7298 34.7466 34.7826 34.8582 34.8719 34.8877 34.9094
 34.9299 34.9464 34.9614 34.9774 34.9957 35.0142 35.0394 35.0609 35.0736
 35.0903 35.1021 35.1168 35.1263 35.1367 35.148  35.1648 35.181  35.1937
 35.2062 35.2177 35.2359 35.2465 35.2579 35.273  35.2854 35.2993 35.3132
 35.3275 35.3395 35.3545 35.3679 35.38   35.3905 35.4025 35.413  35.4251
 35.4352 35.4467 35.4582 35.4683 35.4784 35.4894 35.5021 35.5143 35.5257
 35.539  35.5501 35.5599 35.5708 35.5822 35.592  35.6019 35.6138 35.6245
 35.6384 35.6483 35.6596 35.6712 35.6818 35.6922 35.703  35.7131 35.7233
 35.7341 35.7431 35.753  35.764  35.773  35.7826 35.792  35.8012 35.8093
 35.8189 35.8281 35.8382 35.8466 35.8556 35.8656 35.874  35.8844 35.8943
 35.9051 35.9138 35.9243 35.9363 35.9477 35.9593 35.9698 35.9795 35.9926
 36.0057 36.0158 36.027  36.0371 36.0465 36.0565 36.067  36.0767 36.0894
 36.0996 36.1119 36.1225 36.1366 36.1503 36.1632 36.175  36.1896 36.203
 36.2123 36.2242 36.2382 36.2498 36.2618 36.2721 36.2845 36.2957 36.3117
 36.3261 36.3409 36.3527 36.3677 36.3834 36.3978 36.4129 36.4258 36.4384
 36.4514 36.4636 36.4756 36.4884 36.5004 36.5134 36.5283 36.5657 36.5813
 36.6047 36.6195 36.6394 36.6569 36.6711 36.6904 36.7076 36.727  36.7451
 36.7576 36.8041 36.844  36.8859 37.1375
43.0324 43.3186 44.0277 44.0698 44.1407 44.2289 44.2499 44.2779 44.2982
 44.3446 44.3759 44.4003 44.4176 44.4579 44.4753 44.5056 44.5256 44.5456
 44.5638 44.5801 44.6004 44.6259 44.6425 44.6612 44.6849 44.6973 44.7121
 44.7304 44.7476 44.7595 44.7739 44.7903 44.8056 44.8241 44.8351 44.8496
 44.8607 44.8707 44.8837 44.8996 44.9091 44.9208 44.9324 44.9433 44.9578
 44.9705 44.986  44.9972 45.0089 45.0193 45.0285 45.0392 45.0484 45.0586
 45.0697 45.0805 45.0915 45.1035 45.115  45.1266 45.1377 45.1508 45.1607
 45.1713 45.1832 45.1961 45.2066 45.2181 45.2303 45.2392 45.2491 45.2582
 45.267  45.2759 45.285  45.2949 45.3038 45.3123 45.3228 45.3333 45.3444
 45.3563 45.3706 45.3794 45.3885 45.4008 45.4108 45.4211 45.4317 45.4464
 45.4568 45.4669 45.4765 45.4865 45.4961 45.5069 45.5173 45.5289 45.5399
 45.5484 45.5579 45.5679 45.5783 45.5881 45.5976 45.6073 45.6168 45.6271
 45.6387 45.6489 45.6593 45.6694 45.6784 45.6902 45.7009 45.7115 45.7218
 45.7321 45.7416 45.752  45.7615 45.7725 45.7832 45.7916 45.8023 45.8118
 45.8214 45.8303 45.8422 45.8537 45.8654 45.8761 45.8874 45.9    45.9123
 45.9221 45.934  45.9454 45.9564 45.9681 45.9788 45.989  45.9987 46.0105
 46.0206 46.0306 46.0428 46.0529 46.0641 46.0753 46.0867 46.1037 46.1161
 46.1277 46.1414 46.1556 46.1698 46.1897 46.2077 46.2222 46.2373 46.2494
 46.2634 46.2768 46.2929 46.3072 46.3238 46.3409 46.3565 46.3713 46.3857
 46.4088 46.4294 46.4482 46.4646 46.4815 46.4976 46.5226 46.5649 46.6071
 46.6428 46.6844 46.7603
51.6124 53.4328 53.6785 53.7225 53.8341 54.0632 54.0973 54.3062 54.3337
 54.3742 54.4073 54.4398 54.4705 54.4965 54.5168 54.5526 54.5709 54.5915
 54.6118 54.653  54.6795 54.7081 54.737  54.7553 54.7694 54.7847 54.8048
 54.8288 54.8465 54.8664 54.88   54.8953 54.9094 54.9328 54.9493 54.9635
 54.98   54.9918 55.0063 55.0197 55.0328 55.0447 55.0568 55.0757 55.0896
 55.1032 55.1152 55.1268 55.1438 55.1553 55.1648 55.1742 55.1895 55.2016
 55.2144 55.2244 55.2343 55.2444 55.2547 55.2684 55.2798 55.2945 55.3082
 55.3224 55.3321 55.3414 55.3509 55.3631 55.375  55.3888 55.4023 55.4184
 55.4304 55.4403 55.4503 55.4597 55.4692 55.479  55.4888 55.4996 55.5094
 55.521  55.531  55.5401 55.5499 55.5604 55.5718 55.5835 55.5932 55.603
 55.6163 55.6284 55.6414 55.6527 55.6652 55.6746 55.6842 55.6936 55.705
 55.7167 55.7332 55.7472 55.7588 55.7742 55.788  55.7982 55.8102 55.8212
 55.8349 55.8453 55.8555 55.8727 55.8839 55.898  55.9078 55.9191 55.9326
 55.943  55.9551 55.9654 55.9762 55.9872 55.9985 56.0107 56.024  56.0348
 56.0469 56.0579 56.0689 56.0791 56.0904 56.1012 56.1121 56.123  56.1352
 56.1463 56.1621 56.1766 56.1894 56.2042 56.2232 56.2343 56.2496 56.264
 56.2777 56.2924 56.3095 56.3251 56.3429 56.3551 56.3696 56.3797 56.3921
 56.4104 56.4259 56.4379 56.4525 56.467  56.4866 56.5031 56.5202 56.5345
 56.5753 56.5997 56.6183 56.6429 56.6595 56.6998 56.7207 56.7469 56.7888
 56.8095 56.8493 56.8985 56.9485
61.5189 63.9012 63.9344 63.9864 64.0102 64.0611 64.0956 64.1497 64.1756
 64.2425 64.2679 64.304  64.3286 64.3753 64.3956 64.4226 64.4566 64.4878
 64.5087 64.5318 64.5492 64.5703 64.5936 64.6218 64.6385 64.653  64.6746
 64.6924 64.709  64.7239 64.7388 64.7519 64.7646 64.7818 64.8083 64.8195
 64.8398 64.8538 64.8709 64.8857 64.8983 64.9094 64.9277 64.9433 64.9576
 64.973  64.9864 64.9993 65.012  65.0244 65.0378 65.0546 65.0672 65.0795
 65.0917 65.1059 65.1195 65.1327 65.1436 65.1533 65.1649 65.1749 65.186
 65.1976 65.2089 65.2226 65.2331 65.2441 65.2547 65.2667 65.2799 65.29
 65.3013 65.3136 65.3275 65.3396 65.3519 65.3631 65.3765 65.386  65.3988
 65.4106 65.4224 65.4358 65.4493 65.4611 65.4728 65.4832 65.4953 65.5073
 65.5207 65.5337 65.5492 65.5601 65.5755 65.589  65.6011 65.6113 65.623
 65.6326 65.6447 65.6586 65.6709 65.6856 65.6989 65.7142 65.73   65.7468
 65.7586 65.769  65.7805 65.7961 65.8165 65.833  65.8523 65.8648 65.8798
 65.8946 65.9061 65.9221 65.9346 65.9514 65.9651 65.9801 65.9961 66.0085
 66.0223 66.0463 66.0628 66.0797 66.1028 66.1171 66.1365 66.1689 66.1936
 66.2232 66.2622 66.2764 66.3044 66.3322 66.3715 66.4286 66.5294

