12.1208 14.2394 14.4218 14.5238 14.5493 14.6388 14.6694 14.713  14.8389
 14.872  14.9002 14.9417 14.9596 15.0384 15.0553 15.1239 15.1453 15.2915
 15.3675 15.4062 15.4305 15.4561
22.1109 22.7905 23.1884 23.3749 23.5126 23.9961 24.0552 24.1661 24.1965
 24.2595 24.3054 24.4331 24.4731 24.5245 24.5748 24.6606 24.7189 24.7487
 24.7912 24.8275 24.8879 24.9286 25.0234
33.3979 34.1597 34.4444 34.5159 34.5393 34.5791 34.6174 34.6385 34.6906
 34.7313 34.7915 34.8174 34.8436 34.8639 34.9209 34.9691 34.9896 35.1017
 35.1715 35.2592 35.2941 35.3654 35.4398 35.4618
43.4507 43.8652 43.9213 44.2528 44.2985 44.3919 44.4138 44.4477 44.4858
 44.5894 44.6097 44.6288 44.6653 44.6885 44.7243 44.7832 44.8153 44.8991
 44.9632 44.9842 45.0228 45.0446 45.1169 45.1705 45.2218 45.2523 45.3893
 45.4102
52.8488 53.9901 54.0349 54.1354 54.2619 54.3083 54.3526 54.4458 54.5547
 54.5923 54.6148 54.6297 54.6543 54.6999 54.7618 54.8084 54.8542 54.8839
 54.9018 54.9212 54.9327 54.9874 54.9994 55.0267 55.0503 55.076  55.115
 55.1879 55.2143
63.5749 63.8673 63.8983 63.9606 63.9957 64.0298 64.1082 64.2232 64.3629
 64.3815 64.5193 64.5403 64.5544 64.6062 64.6273 64.9192 65.0238 65.0481

