12.8009 13.5218 13.6408 13.7504 13.9865 14.1502 14.2671 14.3148 14.3703
 14.4937 14.5737 15.2849 15.3607
22.087  22.7058 23.0633 23.8981 23.9246 24.0673 24.0883 24.2565 24.2953
 24.3239 24.3579 24.3836 24.3977 24.5885 24.7001 24.8694 24.9713
33.8539 34.3035 34.4604 34.5017 34.6418 34.6761 34.8075 35.063  35.1328
 35.3682
41.4712 42.7803 43.4162 43.4868 43.5571 44.1549 44.2553 44.3454 44.4146
 44.4333 44.4975 44.5267 44.724  44.7662 44.8713
51.9532 52.1667 53.2459 53.3047 53.5169 53.912  53.9584 53.9892 54.151
 54.1732 54.24   54.2719 54.3501 54.5816 54.6727 54.7868 54.9442 55.0006
 59.6858
62.2703 62.6607 63.52   63.6299 63.6621 63.6926 63.7439 63.8933 63.9467
 63.9724 64.2212 64.3619 64.4603 64.5936 64.6337

