12.9611 13.1188 13.7178 14.3996 14.4229 14.4999 14.702  14.7567 14.8423
 14.9648 14.9846 15.5363
22.9443 23.6548 23.8339 23.9577 24.0559 24.1692 24.4077 24.4819 24.4997
 24.5143 24.5571 24.6174 24.8743 24.8959 24.9837
32.1203 32.1527 34.2699 34.3073 34.5069 34.5742 34.6294 34.7544 34.8053
 34.8902 34.9958 35.0191 35.044  35.1082 35.2386 35.2879 35.4142
42.6007 43.1529 43.8302 43.8965 43.9488 44.0736 44.1395 44.165  44.1959
 44.2519 44.3189 44.4893 44.5334 44.5988 44.6583 44.6945 44.7995 44.8236
 44.9465 45.1325
53.4025 54.2453 54.4394 54.4633 54.4827 54.5519 54.7589 55.0166 55.1121
 55.1578 55.2168 55.2574 55.2828
63.9493 64.3047 64.3821 64.5128 64.703

