13.5869 14.0437 14.3933 14.5342 14.6445 14.6627 14.6776 14.7046 14.7805
 14.8104 14.8321 14.8491 14.8682 14.884  14.9073 14.9239 14.9464 14.9688
 14.9838 15.0108 15.0257 15.0486 15.0665 15.083  15.0989 15.1183 15.1325
 15.1456 15.1649 15.1784 15.1956 15.2123 15.2304 15.2433 15.2568 15.27
 15.285  15.297  15.3121 15.3324 15.3437 15.3546 15.3654 15.3781 15.39
 15.4026 15.4134 15.4266 15.4389 15.4501 15.4663 15.4765 15.4891 15.502
 15.5173 15.5303 15.5452 15.5588 15.5743 15.5891 15.6026 15.6129 15.6255
 15.6373 15.648  15.6589 15.6732 15.6867 15.6978 15.7111 15.7213 15.7325
 15.7426 15.7558 15.7705 15.7826 15.7928 15.8052 15.8162 15.8283 15.8428
 15.8589 15.8739 15.893  15.9085 15.9193 15.9324 15.9479 15.9591 15.9698
 15.9823 15.9939 16.0071 16.02   16.0336 16.046  16.0582 16.0718 16.0832
 16.0987 16.1094 16.122  16.134  16.1457 16.1583 16.1719 16.1849 16.1982
 16.21   16.2291 16.2474 16.261  16.275  16.2906 16.3079 16.32   16.3377
 16.3511 16.3636 16.3761 16.3894 16.4046 16.4207 16.4397 16.4526 16.467
 16.4805 16.4969 16.5098 16.5215 16.5366 16.5505 16.5695 16.5929 16.6075
 16.625  16.6401 16.6527 16.6702 16.6907 16.7098 16.7354 16.7647 16.789
 16.8087 16.8275 16.8428 16.858  16.8898 16.9069 16.9302 16.9904 17.0065
 17.0271 17.0649
23.6263 23.8148 23.8385 23.9463 24.1045 24.1226 24.2215 24.2969 24.3159
 24.3517 24.3689 24.3901 24.4175 24.4598 24.487  24.5226 24.5444 24.5586
 24.5902 24.616  24.6324 24.6629 24.68   24.6962 24.7101 24.7334 24.7495
 24.7665 24.7805 24.7946 24.8104 24.8233 24.8379 24.8511 24.8635 24.8812
 24.8945 24.9058 24.9186 24.933  24.9455 24.9578 24.9744 24.9885 25.0018
 25.0146 25.0281 25.0394 25.0509 25.0616 25.0735 25.0846 25.0967 25.1108
 25.1218 25.1349 25.1491 25.1642 25.1766 25.195  25.2059 25.2209 25.2326
 25.2464 25.2632 25.279  25.292  25.3073 25.3225 25.3376 25.3481 25.3662
 25.3822 25.3945 25.4063 25.418  25.432  25.4432 25.4532 25.4646 25.483
 25.4938 25.5063 25.5187 25.5343 25.5455 25.557  25.5757 25.5873 25.5998
 25.6119 25.6219 25.6358 25.6497 25.6622 25.6753 25.6895 25.7038 25.7175
 25.7318 25.7429 25.7554 25.7677 25.7865 25.7996 25.8114 25.8233 25.8349
 25.8506 25.8627 25.8758 25.8935 25.9133 25.9292 25.9509 25.9644 25.9798
 25.9946 26.0119 26.0292 26.0465 26.0631 26.0757 26.0916 26.104  26.1169
 26.1298 26.15   26.1679 26.1844 26.2019 26.2175 26.2345 26.253  26.2773
 26.2918 26.3099 26.3295 26.3519 26.3741 26.3959 26.4154 26.4409 26.4558
 26.4857 26.5086 26.5267 26.5666 26.5951 26.6374 26.6582 26.6908 26.7146
 26.7992
31.9569 33.8301 34.1375 34.5482 34.5829 34.6293 34.6748 34.754  34.7837
 34.8105 34.8311 34.8605 34.8914 34.9136 34.9277 34.95   34.9653 34.9802
 34.9948 35.011  35.0272 35.0395 35.0536 35.0705 35.0948 35.1146 35.1299
 35.1448 35.161  35.1763 35.1967 35.2095 35.2229 35.2373 35.2555 35.2676
 35.2806 35.3023 35.3173 35.3321 35.3468 35.3584 35.3739 35.3896 35.4002
 35.4168 35.4343 35.4476 35.4614 35.4746 35.4872 35.5013 35.5133 35.5243
 35.5357 35.547  35.5592 35.5743 35.5886 35.5999 35.6147 35.6249 35.6377
 35.6531 35.6651 35.6782 35.6913 35.7019 35.7178 35.73   35.7403 35.7508
 35.7709 35.7863 35.7982 35.8107 35.8233 35.8399 35.8543 35.8669 35.8828
 35.8994 35.915  35.9265 35.9371 35.949  35.9614 35.9797 35.9916 36.0118
 36.0324 36.0431 36.0563 36.0703 36.0827 36.1025 36.1229 36.138  36.1532
 36.1727 36.1862 36.212  36.23   36.2442 36.2593 36.281  36.2975 36.3203
 36.3429 36.3552 36.3695 36.3845 36.3988 36.4139 36.4391 36.4543 36.4681
 36.4814 36.4949 36.5209 36.5419 36.5573 36.5753 36.5902 36.6048 36.6235
 36.646  36.6721 36.6903 36.707  36.7254 36.7579 36.7794 36.8013 36.8156
 36.849  36.8889 36.9107 36.9338 36.9535 36.9732 37.0037
40.4249 44.2917 44.3803 44.4432 44.4777 44.4953 44.5333 44.5502 44.5636
 44.5876 44.6097 44.6254 44.6405 44.6552 44.6727 44.6926 44.7191 44.7317
 44.7479 44.7662 44.7824 44.7988 44.8103 44.8259 44.8409 44.8539 44.8656
 44.879  44.8922 44.9082 44.9236 44.94   44.9519 44.965  44.9775 44.9906
 45.0033 45.0131 45.0253 45.038  45.0531 45.0658 45.0805 45.0914 45.1014
 45.1133 45.1303 45.144  45.1579 45.1743 45.1856 45.1967 45.2094 45.2245
 45.2378 45.2483 45.2607 45.2755 45.2887 45.2998 45.3125 45.3241 45.3339
 45.3439 45.3565 45.3711 45.3858 45.3996 45.4154 45.4283 45.4391 45.4534
 45.4684 45.4793 45.4917 45.5036 45.5184 45.532  45.5466 45.56   45.5728
 45.5884 45.6002 45.6155 45.6276 45.643  45.6548 45.6703 45.6816 45.6926
 45.7045 45.7144 45.726  45.7381 45.7551 45.7682 45.7803 45.7913 45.8038
 45.8145 45.8291 45.8428 45.8582 45.8748 45.8893 45.9035 45.9139 45.9265
 45.9412 45.9538 45.9664 45.9782 45.9934 46.009  46.0255 46.0409 46.0526
 46.0648 46.079  46.0896 46.1107 46.1262 46.1374 46.1504 46.1624 46.1741
 46.1913 46.2062 46.2203 46.2326 46.2451 46.2634 46.2786 46.2894 46.3026
 46.3173 46.3321 46.3472 46.3639 46.386  46.4059 46.4202 46.4398 46.4574
 46.4755 46.4907 46.5141 46.5347 46.552  46.5819 46.605  46.6315 46.6954
 46.7379 46.7949 46.8336
53.6096 54.0498 54.2973 54.3339 54.3837 54.5095 54.5339 54.5583 54.6038
 54.6238 54.657  54.6736 54.7036 54.7227 54.7573 54.7803 54.8038 54.8326
 54.8519 54.8662 54.8791 54.8983 54.9395 54.9527 54.9744 54.9931 55.0142
 55.0298 55.0419 55.055  55.0697 55.0831 55.0972 55.1105 55.1233 55.1397
 55.1509 55.1652 55.1812 55.1926 55.2082 55.2275 55.2399 55.2501 55.2614
 55.2736 55.2843 55.2982 55.3138 55.3343 55.3465 55.3632 55.3783 55.391
 55.4021 55.4146 55.4259 55.4385 55.4502 55.4653 55.4826 55.4954 55.5074
 55.5183 55.5292 55.5453 55.5573 55.5716 55.5809 55.5925 55.6023 55.6141
 55.6299 55.6447 55.6581 55.6695 55.6821 55.6946 55.7052 55.7166 55.7291
 55.7403 55.754  55.7659 55.7808 55.7928 55.8058 55.8193 55.8328 55.8486
 55.8645 55.8807 55.8947 55.9096 55.922  55.9339 55.9454 55.9598 55.9764
 55.989  56.0031 56.017  56.0347 56.0496 56.0669 56.085  56.1002 56.1133
 56.1302 56.1415 56.1545 56.1709 56.1862 56.201  56.2154 56.2276 56.2426
 56.2603 56.2761 56.292  56.3063 56.328  56.3408 56.3594 56.3881 56.4053
 56.4228 56.4391 56.4527 56.4716 56.4871 56.504  56.5185 56.5353 56.5489
 56.5637 56.5821 56.6315 56.6608 56.6855 56.7012 56.7298 56.7636 56.7859
 56.8083 56.8409 56.876  56.9075 56.9381 56.9732 57.0182
61.2347 63.6406 63.8517 64.0243 64.1075 64.1577 64.1817 64.2335 64.2691
 64.2907 64.3157 64.3467 64.3777 64.3979 64.4129 64.4329 64.4634 64.4837
 64.5436 64.6048 64.635  64.6533 64.6654 64.6868 64.7033 64.7219 64.7373
 64.7574 64.7728 64.7914 64.8053 64.8256 64.8424 64.8616 64.8818 64.8948
 64.9075 64.9186 64.9308 64.9492 64.9778 64.9975 65.0193 65.0337 65.0444
 65.0578 65.0744 65.0879 65.1093 65.1305 65.1464 65.1618 65.1759 65.1905
 65.204  65.2182 65.2331 65.2552 65.2686 65.2865 65.3088 65.3246 65.3489
 65.3836 65.4008 65.4234 65.436  65.4537 65.4787 65.5017 65.5238 65.5389
 65.559  65.5877 65.6054 65.6256 65.6378 65.6535 65.6722 65.6917 65.7065
 65.7282 65.7437 65.7666 65.7865 65.8018 65.819  65.8361 65.8522 65.8664
 65.8863 65.9097 65.9255 65.9414 65.9589 65.9771 65.9927 66.0085 66.024
 66.0393 66.0556 66.0744 66.0951 66.1104 66.1442 66.1663 66.1898 66.2167
 66.2361 66.2503 66.2677 66.3064 66.3237 66.3378 66.3645 66.3868 66.4258
 66.4804 66.7066

