14.1455 14.3    14.6572 14.7318 14.7874 14.8761 14.9518 14.9686 15.0078
 15.0947 15.1232 15.1596 15.1964 15.4546
22.6895 23.3122 23.6745 23.7968 23.8355 24.1065 24.2449 24.321  24.3781
 24.4288 24.4963 24.556  24.6205 24.6865 24.8199 24.8409 24.8634 24.8998
 24.9234 24.9695 25.0236 25.0451 25.0699
31.4028 33.1788 34.6305 34.9249 34.9983 35.0306 35.1375 35.1979 35.2566
 35.4693
43.4153 44.0746 44.1369 44.1815 44.5845 44.6547 44.6984 44.7301 44.8024
 44.8267 44.8866 44.9031 45.2309
51.4767 53.0768 53.1797 53.9791 54.0166 54.2335 54.5707 54.6304 54.8148
 54.8738 54.9097 54.9367 54.9739 55.0036 55.1517 55.2206
64.0857 64.3021 64.5025 64.5641 64.6217 64.7447 64.8328

