10.3054 13.5164 13.9118 14.4215 14.5221 14.5463 14.6872 14.7735 14.8037
 14.8486 14.8687 14.9109 14.9306 14.9497 15.008  15.0302 15.1163 15.2029
 15.3641 15.3986
23.1627 23.9846 24.5344 24.56   24.5908 24.6396 24.7338 24.7544 24.775
 24.8245 24.8415 24.8667 25.0402
32.7175 33.3043 33.5919 34.5386 34.9554 34.9988 35.0705 35.1536 35.2935
 35.3894
42.9394 43.5885 43.7403 43.9257 43.9856 44.0487 44.0997 44.2892 44.3203
 44.3398 44.4428 44.4624 44.5704 44.636  44.6803 44.8029 44.8658 44.897
 44.9688
51.0137 52.3063 53.5232 54.4715 54.5246 54.5783 54.7286 54.7539 54.7884
 54.8626 54.901  55.1237 55.1896
63.5247 63.6276 63.7617 63.877  63.9347 64.2284 64.286  64.3757 64.432
 64.5317 64.5915 64.7849 64.8239 64.9567 65.0353

