14.3186 14.5809 14.7957 15.0508 15.1782 15.2179 15.2506 15.2996 15.3665
 15.4961 15.5427 15.5727 15.786  15.8077 15.8985 16.0307
22.0145 24.3705 24.513  24.5789 24.7033 24.9283 25.0713 25.1635 25.239
 25.2573 25.2948 25.3544 25.3973 25.4276 25.4516 25.5229 25.5838 25.6049
 25.6221 25.6534 25.6845 25.7073 25.7799 25.8237 25.8982 25.9533
34.2089 34.2619 34.2913 34.3812 34.6861 34.7026 34.7478 34.7747 34.8573
 34.8809 34.9065 34.9318 34.9514 34.9909 35.0048 35.0272 35.0427 35.1548
 35.2007 35.2397 35.2606 35.2867 35.3599 35.3771 35.4451 35.6277
42.0642 43.348  43.7427 44.5805 44.6414 44.7018 44.7544 44.868  44.9078
 44.933  44.981  45.0064 45.0274 45.0629 45.0862 45.1287 45.1482 45.1876
 45.2383 45.3044 45.3218 45.3916 45.4559
53.7578 53.9674 54.1649 54.1849 54.2378 54.3971 54.4233 54.4683 54.4936
 54.5437 54.6203 54.6432 54.6724 54.707  54.7367 54.7646 54.8041 54.8475
 54.8846 54.9088 54.9451 54.9692 54.9983 55.0216 55.0513 55.0637 55.0746
 55.0933 55.1259 55.1859
63.1987 63.7665 63.8026 63.9182 63.9883 64.1898 64.2401 64.2947 64.3309
 64.3598 64.5244 64.5487 64.5807 64.5956 64.6182 64.6414 64.6694 64.6891
 64.7314 64.7544 64.813

