13.5136 14.5136 14.6093 14.7897 14.8526 14.8932 14.9372 14.9601 15.0883
 15.1019 15.1413 15.1762 15.2151 15.2494 15.2746 15.2943 15.3177 15.3413
 15.3693 15.4651 15.4794 15.5166 15.5414 15.566  15.6204 15.6888 15.7568
20.2497 23.3359 23.7549 23.8801 24.0936 24.3129 25.1981 25.2413 25.3007
 25.4692 25.4922 25.5939 25.6603 25.8048 25.8297 25.8817 25.8946 25.9375
 25.9554 26.0834 26.1893 26.2216
32.3216 33.2098 34.6827 35.1285 35.1749 35.1949 35.2318 35.3159 35.3463
 35.3727 35.451  35.4673 35.4834 35.5113 35.5331 35.5488 35.564  35.5859
 35.6131 35.6594 35.7174 35.7734 35.7976 35.8164 35.8639 35.8925 35.9188
 35.9417 35.9675 35.9851 36.0224 36.0433 36.0699 36.0925 36.1165
43.9575 44.7871 45.0306 45.3112 45.6169 45.7103 45.7653 45.8521 45.9239
 45.9874 46.1079 46.1261 46.1453 46.1777 46.1946 46.2184 46.2717 46.3019
 46.3807 46.4225 46.451  46.4884 46.5461 46.5897 46.6218 46.6457 46.6672
 46.7458 46.8757
55.5636 55.7327 56.1484 56.1947 56.2123 56.2538 56.2768 56.3166 56.3546
 56.4109 56.4529 56.5363 56.5518 56.5994 56.617  56.6379 56.6957 56.7084
 56.7614 56.8558 56.8839 56.9637 57.0905
64.9819 65.5737 65.685  65.7963 65.8619 66.1342 66.1706 66.2106 66.2442
 66.2867 66.3332 66.3515 66.4048 66.4689 66.5746 66.6035 66.6281 66.7048
 66.7205 66.764  66.8868

