13.0763 14.2066 14.4066 14.7749 14.9198 14.9859 15.0656 15.1517 15.2316
 15.2843 15.3032 15.5279 15.6983 15.8161 15.8656 16.0644
23.9515 23.9993 25.1117 25.2462 25.3126 25.3825 25.4187 25.5143 25.5969
 25.6144 25.6666 25.6848 25.9279 26.1045 26.2674 26.4502
33.6387 34.1621 34.7608 34.8357 35.0319 35.3167 35.3811 35.4226 35.4427
 35.534  35.6275 35.7508 35.7876 35.9381 35.9605 35.98   36.0407 36.0697
 36.1317 36.2532 36.3202 36.3762 36.4521 36.5107 36.5366 36.5822 36.6222
 36.6408
45.1063 45.418  45.5466 46.0179 46.2439 46.2795 46.3455 46.4166 46.4744
 46.5084 46.5713 46.5871 46.6127 46.6645 46.8815 46.9997 47.1015 47.2012
55.3617 55.6782 55.7747 55.8288 55.8566 55.887  55.9089 56.2245 56.3723
 56.4349 56.4777 56.4966 56.575  56.622  56.6374 56.6801 56.7399 56.8601
65.4258 65.5364 65.6215 66.0368 66.0624 66.1056 66.1362 66.1722 66.2925
 66.3306 66.3976 66.4428 66.4747 66.4908 66.5487 66.6072 66.7252 66.7559
 66.892

