13.9182 14.054  14.7242 14.7667 14.797  14.8329 14.8587 14.8884 14.9111
 14.9597 15.0124 15.0374 15.0645 15.0878 15.1122 15.1302 15.1502 15.1753
 15.1929 15.2238 15.2383 15.2503 15.2609 15.2754 15.293  15.3073 15.32
 15.3359 15.352  15.3664 15.3802 15.3978 15.4122 15.4257 15.4398 15.4589
 15.4717 15.4842 15.4965 15.5082 15.5199 15.5308 15.541  15.5526 15.5635
 15.578  15.5896 15.5996 15.6109 15.6209 15.6319 15.6429 15.6528 15.6626
 15.672  15.6824 15.6936 15.7024 15.7122 15.7222 15.7335 15.7434 15.7534
 15.7633 15.7721 15.7821 15.7939 15.8029 15.8108 15.819  15.8284 15.8377
 15.8459 15.8548 15.864  15.8739 15.8836 15.8922 15.9015 15.9109 15.9202
 15.9291 15.9382 15.9468 15.9569 15.9652 15.9742 15.9823 15.9903 15.9988
 16.0075 16.016  16.0255 16.0342 16.0427 16.0514 16.0598 16.0683 16.0771
 16.086  16.0938 16.103  16.1116 16.1202 16.1283 16.1358 16.1439 16.1526
 16.1612 16.1705 16.1792 16.1876 16.1961 16.2047 16.2125 16.2212 16.2288
 16.2368 16.2441 16.252  16.2594 16.2668 16.2745 16.282  16.2902 16.2977
 16.3054 16.3133 16.3211 16.3294 16.3375 16.3456 16.3536 16.3617 16.3695
 16.3772 16.3845 16.3923 16.3998 16.4073 16.4149 16.4221 16.4297 16.4376
 16.445  16.4531 16.4609 16.4687 16.4763 16.4841 16.4933 16.5015 16.509
 16.5167 16.5246 16.5322 16.5397 16.547  16.5548 16.5628 16.5701 16.5778
 16.5854 16.5936 16.6019 16.61   16.6187 16.6272 16.6354 16.6434 16.651
 16.6591 16.6668 16.6744 16.6823 16.6897 16.6973 16.7048 16.713  16.7212
 16.7288 16.7362 16.7433 16.751  16.7589 16.7667 16.7751 16.7833 16.7913
 16.7992 16.8071 16.815  16.8226 16.8313 16.8396 16.8484 16.8566 16.8654
 16.8742 16.8838 16.8931 16.901  16.9102 16.9189 16.927  16.9357 16.9437
 16.9516 16.9596 16.9685 16.9774 16.9859 16.9959 17.0044 17.0135 17.0221
 17.0312 17.0411 17.0502 17.0597 17.0698 17.0807 17.0904 17.1002 17.11
 17.121  17.132  17.1415 17.1518 17.1636 17.1738 17.1863 17.1994 17.2122
 17.2247 17.2369 17.2501 17.2628 17.2766 17.2897 17.3049 17.3171 17.3306
 17.3427 17.359  17.3752 17.3942 17.4163 17.4417 17.4619 17.4952 17.5332
 17.5583 17.5865 17.6395 17.7254
21.6737 24.8652 24.9435 25.0634 25.1629 25.2074 25.2793 25.3316 25.3669
 25.3896 25.4165 25.4326 25.4559 25.4874 25.5076 25.5278 25.5523 25.5799
 25.5992 25.6352 25.6636 25.6965 25.7173 25.7349 25.7476 25.7614 25.7842
 25.811  25.8242 25.8462 25.8591 25.8716 25.8955 25.909  25.9234 25.9395
 25.9554 25.9678 25.9811 25.9935 26.0037 26.0164 26.0345 26.0492 26.0676
 26.0809 26.0934 26.1059 26.1217 26.1321 26.1442 26.1588 26.1739 26.187
 26.2013 26.2141 26.2245 26.2349 26.2475 26.2588 26.2686 26.2791 26.2886
 26.2992 26.3085 26.3175 26.3298 26.3387 26.348  26.3571 26.3666 26.375
 26.3853 26.395  26.405  26.4154 26.4247 26.4351 26.444  26.4535 26.4624
 26.472  26.4828 26.4941 26.5037 26.5137 26.5228 26.5314 26.5408 26.5496
 26.5589 26.5672 26.5765 26.5845 26.5926 26.6011 26.6094 26.6179 26.6268
 26.6346 26.6427 26.6513 26.6607 26.6684 26.6765 26.6854 26.6935 26.7015
 26.7097 26.7178 26.7258 26.7342 26.7421 26.7506 26.76   26.7686 26.7768
 26.7856 26.7942 26.803  26.8115 26.82   26.828  26.8357 26.8435 26.8515
 26.8593 26.8676 26.876  26.8842 26.8926 26.9013 26.9097 26.9175 26.9251
 26.9332 26.9416 26.9497 26.9582 26.9665 26.9751 26.9833 26.9916 26.9995
 27.008  27.0167 27.0252 27.0339 27.0417 27.0498 27.0576 27.0672 27.0761
 27.0847 27.0928 27.1017 27.1101 27.1188 27.1276 27.1365 27.1457 27.1545
 27.1634 27.1719 27.1806 27.1901 27.1993 27.2078 27.217  27.2251 27.2351
 27.2453 27.2541 27.2643 27.2729 27.2819 27.2909 27.3019 27.3115 27.3224
 27.3327 27.3424 27.3517 27.3612 27.373  27.3852 27.3955 27.4063 27.4158
 27.4274 27.4376 27.4501 27.4615 27.4772 27.4947 27.5062 27.5192 27.53
 27.5432 27.5552 27.5693 27.5868 27.6039 27.6243 27.6422 27.66   27.6755
 27.6925 27.7037 27.7209 27.7429 27.7688 27.7903 27.8212 27.854  27.8921
 27.9266 27.9978 28.8039
34.8987 35.0274 35.0959 35.1295 35.1876 35.2102 35.2772 35.3075 35.3491
 35.3783 35.3962 35.4134 35.4303 35.4855 35.4995 35.5127 35.5302 35.5508
 35.5732 35.5889 35.6038 35.6166 35.6301 35.6448 35.6613 35.6808 35.6972
 35.7107 35.7213 35.7336 35.7443 35.7559 35.7664 35.7785 35.7907 35.8055
 35.8206 35.8315 35.8432 35.8576 35.8712 35.8815 35.8931 35.9046 35.9145
 35.9254 35.9382 35.9484 35.9586 35.968  35.9774 35.9877 35.9977 36.007
 36.0153 36.0252 36.035  36.0444 36.0534 36.0637 36.0742 36.0841 36.0934
 36.1019 36.1108 36.1204 36.1299 36.1403 36.1488 36.157  36.1657 36.1744
 36.1842 36.1926 36.2012 36.2092 36.2179 36.2259 36.236  36.246  36.2547
 36.2638 36.2725 36.2809 36.2893 36.2971 36.3063 36.3144 36.3225 36.3308
 36.3387 36.3475 36.3561 36.364  36.3727 36.3807 36.3884 36.3965 36.4047
 36.4131 36.421  36.4286 36.4359 36.4435 36.4511 36.4585 36.4662 36.4735
 36.4811 36.4894 36.4976 36.5052 36.5128 36.5204 36.5282 36.5362 36.5446
 36.5519 36.5595 36.5672 36.5754 36.5828 36.5906 36.598  36.6057 36.6134
 36.6208 36.6276 36.6354 36.6431 36.6506 36.6587 36.6662 36.6738 36.6812
 36.6886 36.6961 36.703  36.7104 36.7181 36.7253 36.7329 36.7404 36.7476
 36.7547 36.7621 36.7698 36.7771 36.7849 36.7924 36.8001 36.8075 36.8148
 36.8222 36.8299 36.8372 36.8444 36.8522 36.8597 36.867  36.8743 36.8818
 36.889  36.8961 36.9033 36.9108 36.9183 36.9253 36.9328 36.9398 36.947
 36.9544 36.9615 36.9687 36.9762 36.9836 36.9911 36.9988 37.0062 37.014
 37.0217 37.0297 37.0374 37.045  37.0525 37.0603 37.0682 37.0758 37.0834
 37.0911 37.0989 37.1066 37.1141 37.1216 37.1294 37.1371 37.1449 37.1527
 37.1608 37.1678 37.1757 37.1829 37.1909 37.1985 37.206  37.2139 37.222
 37.2299 37.2378 37.246  37.2543 37.2628 37.2711 37.279  37.2875 37.2953
 37.3034 37.3122 37.3209 37.3292 37.337  37.3456 37.354  37.3632 37.3713
 37.3806 37.3893 37.3981 37.4074 37.4172 37.4262 37.4354 37.4439 37.4534
 37.4627 37.4716 37.481  37.4907 37.5011 37.5107 37.5212 37.5335 37.5458
 37.5566 37.5676 37.5771 37.5884 37.5983 37.609  37.6228 37.6382 37.6504
 37.6625 37.6748 37.6911 37.7055 37.7214 37.7329 37.7502 37.7684 37.785
 37.8019 37.8181 37.8609 37.8818 37.9055 37.9398 37.9639 38.016  38.0747
 38.1344 38.3978
45.2216 45.4624 45.5268 45.5623 45.7878 45.8049 45.8381 45.8748 45.9339
 45.96   46.0079 46.0415 46.0738 46.1019 46.1369 46.1619 46.1769 46.193
 46.2055 46.2213 46.2392 46.2614 46.2802 46.2935 46.306  46.336  46.3496
 46.3615 46.3754 46.3891 46.401  46.4127 46.4294 46.4432 46.4543 46.471
 46.4805 46.4915 46.5045 46.5155 46.5263 46.5417 46.5544 46.5667 46.5785
 46.5919 46.6024 46.6142 46.6256 46.6383 46.6497 46.6628 46.6729 46.6836
 46.6936 46.7031 46.7136 46.7249 46.7347 46.7445 46.7541 46.7637 46.773
 46.7814 46.7911 46.8001 46.8108 46.8206 46.8314 46.8415 46.8505 46.8594
 46.868  46.8765 46.8862 46.8962 46.9065 46.9154 46.9242 46.9332 46.9414
 46.9496 46.9591 46.9676 46.9754 46.9831 46.9919 47.0003 47.009  47.0183
 47.0267 47.0348 47.0438 47.051  47.0595 47.0671 47.0753 47.0848 47.0925
 47.1007 47.1093 47.1181 47.1278 47.137  47.1446 47.1527 47.1601 47.1684
 47.1767 47.1841 47.1916 47.1993 47.2065 47.2148 47.2225 47.2304 47.2377
 47.2456 47.2529 47.2609 47.2684 47.2756 47.2834 47.2907 47.2983 47.3071
 47.3148 47.3221 47.3298 47.3378 47.3454 47.3526 47.3603 47.3683 47.3758
 47.3836 47.3911 47.3987 47.4065 47.4143 47.4227 47.4303 47.4381 47.4459
 47.4541 47.4618 47.4694 47.4775 47.4851 47.4931 47.5008 47.5088 47.5164
 47.5243 47.5326 47.5403 47.5481 47.5565 47.5653 47.5726 47.5804 47.5879
 47.5955 47.6031 47.6112 47.6186 47.6262 47.6341 47.6419 47.6494 47.657
 47.6652 47.6735 47.6812 47.6891 47.6968 47.7048 47.7125 47.7199 47.7278
 47.7356 47.7434 47.7513 47.7596 47.7673 47.7758 47.7842 47.7919 47.8
 47.8076 47.8158 47.824  47.8317 47.8404 47.8492 47.8577 47.8658 47.8739
 47.8821 47.8912 47.8996 47.9084 47.9178 47.9264 47.9356 47.9453 47.9544
 47.9641 47.9731 47.9846 47.9935 48.0044 48.0151 48.0252 48.0352 48.0454
 48.0566 48.0691 48.0805 48.0918 48.1033 48.1171 48.1312 48.1428 48.1537
 48.1657 48.1769 48.1887 48.2013 48.2127 48.2273 48.2399 48.2557 48.2717
 48.2854 48.3067 48.3375 48.3554 48.3784 48.4003 48.4315 48.449  48.468
 48.4877 48.5294 48.589  48.6728
55.337  55.5559 55.6746 55.7165 55.7994 55.8369 55.8904 55.9848 56.0077
 56.034  56.0638 56.0819 56.0992 56.116  56.1365 56.1593 56.1782 56.2152
 56.2497 56.2802 56.2954 56.3088 56.3223 56.3376 56.3525 56.3656 56.3799
 56.3944 56.4103 56.4246 56.4398 56.4562 56.4717 56.4926 56.5071 56.5199
 56.5334 56.5449 56.5598 56.5744 56.5866 56.6006 56.6139 56.6237 56.6329
 56.6448 56.6559 56.6677 56.6809 56.6901 56.6992 56.709  56.7192 56.7313
 56.741  56.7524 56.7642 56.7762 56.7868 56.7972 56.8066 56.8176 56.828
 56.8374 56.846  56.856  56.866  56.8752 56.8863 56.8967 56.9068 56.9166
 56.9245 56.9338 56.9427 56.9511 56.9599 56.971  56.9811 56.99   56.999
 57.0092 57.0177 57.0257 57.0344 57.0432 57.0512 57.0591 57.0675 57.0751
 57.0832 57.0924 57.1009 57.1092 57.1173 57.1252 57.1339 57.1422 57.1513
 57.1605 57.1686 57.1771 57.1848 57.1933 57.2025 57.2109 57.2194 57.2285
 57.2372 57.2458 57.2539 57.2618 57.2701 57.2784 57.2863 57.2939 57.3021
 57.31   57.3181 57.3259 57.3335 57.3418 57.3498 57.358  57.366  57.3739
 57.3818 57.3893 57.3972 57.405  57.413  57.4204 57.428  57.4355 57.444
 57.4519 57.4595 57.4679 57.4759 57.4838 57.4917 57.4992 57.508  57.5166
 57.5247 57.5322 57.5403 57.5478 57.5561 57.5641 57.5722 57.5801 57.5873
 57.5949 57.6026 57.6102 57.6179 57.6257 57.6337 57.6416 57.649  57.6572
 57.6657 57.6741 57.6824 57.6906 57.6988 57.7067 57.7147 57.7227 57.7304
 57.7379 57.7454 57.7533 57.7616 57.7702 57.7779 57.7859 57.7945 57.8033
 57.8119 57.8199 57.828  57.8355 57.8434 57.8516 57.8595 57.8672 57.8756
 57.8848 57.8932 57.9015 57.91   57.9191 57.9277 57.9358 57.9442 57.953
 57.9605 57.9689 57.9766 57.9855 57.9948 58.0032 58.0129 58.0235 58.0331
 58.0417 58.0506 58.0596 58.0693 58.0795 58.089  58.0998 58.1089 58.1189
 58.1306 58.1421 58.153  58.1628 58.1728 58.1829 58.1917 58.2013 58.2129
 58.2253 58.2364 58.2483 58.2634 58.2768 58.2923 58.3077 58.3219 58.337
 58.3539 58.3687 58.3861 58.4023 58.4185 58.4334 58.4508 58.4697 58.5024
 58.5223 58.5445 58.5745 58.811
63.1781 65.5576 65.6564 65.9088 65.9247 66.0282 66.0727 66.1004 66.1268
 66.142  66.176  66.2275 66.2504 66.3006 66.3175 66.3357 66.3512 66.37
 66.389  66.4037 66.4159 66.4282 66.4482 66.4628 66.4768 66.5011 66.5259
 66.5401 66.5529 66.565  66.5788 66.5923 66.6043 66.6175 66.6301 66.644
 66.6614 66.6715 66.683  66.6928 66.7036 66.7164 66.7314 66.7462 66.7565
 66.7662 66.7804 66.7909 66.8037 66.8147 66.8267 66.8363 66.8464 66.8569
 66.8665 66.8758 66.8865 66.8968 66.9068 66.9168 66.926  66.9365 66.9478
 66.958  66.968  66.9789 66.9876 66.9962 67.0054 67.0175 67.028  67.0376
 67.047  67.0566 67.0668 67.0754 67.0841 67.0931 67.1019 67.1108 67.1196
 67.1286 67.1381 67.1469 67.1562 67.1655 67.1748 67.1838 67.192  67.2008
 67.2103 67.2194 67.2278 67.2364 67.2448 67.2532 67.2623 67.2701 67.2779
 67.2867 67.2948 67.3034 67.3123 67.32   67.3281 67.3359 67.3435 67.3519
 67.3598 67.3684 67.3774 67.3862 67.3938 67.402  67.4102 67.4185 67.4268
 67.4351 67.4436 67.4534 67.4612 67.47   67.4777 67.4857 67.494  67.503
 67.511  67.5194 67.5276 67.5354 67.5434 67.5515 67.5596 67.568  67.5763
 67.5849 67.5928 67.6018 67.6096 67.6171 67.6249 67.6326 67.6406 67.6492
 67.6584 67.6675 67.6762 67.6843 67.693  67.7016 67.7112 67.7195 67.7283
 67.7363 67.744  67.752  67.7604 67.7684 67.7771 67.7854 67.794  67.8025
 67.8117 67.8205 67.8296 67.8385 67.8466 67.8554 67.864  67.8725 67.883
 67.8926 67.902  67.912  67.9211 67.9297 67.9389 67.9474 67.9561 67.9659
 67.9747 67.9843 67.9947 68.0041 68.0134 68.0228 68.0315 68.0409 68.0509
 68.0609 68.0716 68.0825 68.0951 68.1055 68.1169 68.1263 68.136  68.146
 68.1576 68.1686 68.1796 68.1912 68.2025 68.2172 68.229  68.2431 68.2572
 68.2707 68.2834 68.2967 68.3081 68.3224 68.3397 68.3623 68.3845 68.4031
 68.4276 68.4476 68.4675 68.5087 68.5331 68.5537 68.594  68.654  69.1064

