13.6005 14.0968 14.3478 14.3821 14.4705 14.5596 14.5937 14.6517 14.7301
 14.7931 14.8368 14.8803 14.9437 14.9908 15.0355 15.1015 15.1285 15.1521
 15.1707 15.2874 15.3481
22.3533 24.1785 24.6396 24.9439 24.9868 25.0806 25.2742 25.3388 25.3937
 25.4912 25.5955 25.6201 25.7937
33.9175 34.3278 34.5088 34.5801 34.6217 34.6831 34.7929 34.8399 34.9958
 35.0558 35.1257 35.1588 35.1774 35.2277 35.2803 35.2985 35.412  35.4845
 35.6603 35.7841
44.5345 45.0876 45.1846 45.3144 45.5852 45.6635 45.7023 45.7307 45.8164
 45.8861 45.9587 46.002  46.0738 46.1804 46.4719
55.0592 55.2629 55.3527 55.569  55.6687 55.7292 55.7942 55.8863 55.997
 56.021  56.1148 56.1505 56.1934 56.2146 56.2755 56.2923 56.3376
65.3063 65.3333 65.3683 65.4119 65.4412 65.7166 65.7459 65.7616 65.7821
 65.8089 65.8249 65.9014 65.9744 66.0135 66.0356 66.0787 66.2165 66.3018
 66.4149

