14.2666 14.4118 14.5019 14.5485 14.582  14.797  14.8241 14.8486 14.8935
 14.9977 15.0371 15.0819 15.1319 15.1878 15.2184 15.2398 15.2773 15.2996
 15.3328 15.3503 15.3823 15.4059 15.4257 15.4412 15.4746 15.4973 15.5271
 15.595  15.6347 15.6491 15.7449 15.8587
24.8843 25.0198 25.2172 25.2822 25.4499 25.4699 25.4839 25.6695 25.6913
 25.7299 25.7915 25.8197 25.848  25.8637 25.8903 25.9129 25.9396 25.9718
 26.1593 26.1928
34.2333 34.3967 34.5778 34.6362 34.8141 34.8349 34.886  35.0311 35.0511
 35.0752 35.1066 35.1389 35.2077 35.2391 35.3131 35.364  35.3965 35.422
 35.492  35.5412 35.5556 35.5745 35.5989 35.6355 35.6573 35.6955 35.7179
 35.7362 35.7604 35.7748 35.8112 35.8599 35.9076 35.9433 35.9607 35.9952
 36.0305 36.0581 36.1111 36.1496 36.172  36.3204
44.3128 45.5013 45.6289 45.6699 45.7235 45.7679 45.8014 45.8312 45.8647
 45.958  46.0317 46.0968 46.1532 46.2306 46.2571 46.2822 46.3085 46.3351
 46.3816 46.4048 46.4266 46.4427 46.4728 46.5068 46.5272 46.5548 46.5806
 46.6068 46.6258 46.6658 46.6852 46.7635 46.8793
55.3853 55.5132 55.5671 55.5982 55.6408 55.7329 55.7639 55.8694 55.9524
 55.9827 56.0262 56.0664 56.0889 56.1094 56.1485 56.1805 56.2741 56.2905
 56.3124 56.3417 56.4007 56.4188 56.4493 56.4839 56.5651 56.5887 56.6679
 56.6904 56.7213 56.8339 56.8712 56.9174 56.9626
62.6146 65.1448 65.2934 65.6346 65.6595 65.7323 65.9266 65.9839 66.0338
 66.0719 66.1819 66.2731 66.3847 66.4022 66.421  66.4536 66.4926 66.5839
 66.6172 66.6759 66.6924 66.7076 66.7634 66.9445

