10.8926 12.3958 12.8823 13.2345 13.2935 13.3606 13.3818 13.4283 13.4755
 13.5096 13.5437 13.5678 13.5897 13.6244 13.6442 13.6642 13.6852 13.7052
 13.7216 13.7387 13.7744 13.7874 13.8107 13.8329 13.8522 13.8741 13.8897
 13.9079 13.9232 13.9402 13.955  13.9702 13.9883 14.0036 14.0161 14.033
 14.0463 14.0702 14.0857 14.0985 14.1169 14.135  14.1514 14.1657 14.1861
 14.2034 14.2202 14.2351 14.2481 14.2655 14.2792 14.2911 14.3055 14.3199
 14.3347 14.3464 14.3594 14.372  14.3874 14.3984 14.4091 14.4265 14.4396
 14.4509 14.4619 14.4784 14.4948 14.5068 14.518  14.5284 14.5395 14.5502
 14.5604 14.574  14.5845 14.5974 14.6074 14.6174 14.6286 14.6436 14.6548
 14.6662 14.6771 14.6876 14.7018 14.7118 14.7259 14.7381 14.7515 14.764
 14.7744 14.7868 14.8015 14.8127 14.8264 14.837  14.847  14.8585 14.8705
 14.8828 14.8941 14.9075 14.9175 14.9292 14.94   14.9527 14.9628 14.974
 14.9878 14.999  15.0111 15.0232 15.0351 15.046  15.056  15.0706 15.0815
 15.094  15.107  15.1243 15.1368 15.1503 15.1634 15.175  15.1874 15.1982
 15.2101 15.2224 15.2349 15.2503 15.2628 15.2751 15.2892 15.3033 15.3152
 15.3323 15.3475 15.3689 15.3871 15.4023 15.4161 15.4334 15.4573 15.4777
 15.4945 15.5142 15.531  15.5547 15.5706 15.5868 15.6007 15.6168 15.6335
 15.6488 15.6688 15.7024 15.719  15.7362 15.7765 15.794  15.8132 15.8316
 15.8585 15.875  15.8935 15.9329 15.954  15.9801 16.0189 16.0756 16.1112
 16.135  16.1643 16.1995 16.2446 16.2776 16.3396
22.3153 22.54   22.6718 22.7372 22.7587 22.7777 22.8077 22.886  22.9237
 22.9678 22.9942 23.0193 23.0609 23.0831 23.0962 23.1105 23.1298 23.1594
 23.1751 23.1923 23.2083 23.2237 23.2509 23.2628 23.2801 23.3044 23.3172
 23.3308 23.3435 23.3594 23.3761 23.3892 23.4019 23.4133 23.4319 23.4439
 23.461  23.4758 23.4924 23.5043 23.5171 23.5296 23.543  23.5572 23.5721
 23.5861 23.6013 23.6143 23.6249 23.6362 23.6501 23.6637 23.6762 23.692
 23.7103 23.7239 23.7348 23.7478 23.759  23.7724 23.7847 23.803  23.8152
 23.8287 23.8419 23.8595 23.8705 23.8836 23.8933 23.9049 23.9175 23.9284
 23.9384 23.9492 23.9606 23.9725 23.9836 23.9929 24.0025 24.0121 24.0227
 24.0319 24.042  24.0534 24.0651 24.0768 24.0862 24.0998 24.1099 24.121
 24.1309 24.1424 24.1549 24.1677 24.1779 24.187  24.199  24.2114 24.2237
 24.2384 24.2538 24.2663 24.2771 24.2904 24.3005 24.316  24.3287 24.3401
 24.3523 24.3616 24.373  24.3837 24.3953 24.4095 24.4223 24.4342 24.4467
 24.4594 24.4709 24.481  24.4929 24.5057 24.5216 24.5342 24.5449 24.5565
 24.5673 24.5792 24.5922 24.6044 24.6162 24.6281 24.6409 24.6575 24.6723
 24.6879 24.7088 24.7212 24.7381 24.7534 24.7689 24.785  24.8078 24.8287
 24.8448 24.8657 24.8874 24.9055 24.9216 24.9333 24.9472 24.9719 24.9903
 25.0262 25.0427 25.061  25.0878 25.1106 25.1626 25.1901 25.2238 25.2729
 25.3045 25.3396 25.3772 25.4568 25.4944 26.4418
31.0925 31.1812 31.3682 31.4261 31.4862 31.6258 31.6554 31.6882 31.7335
 31.7665 31.7879 31.8281 31.8723 31.9023 31.9396 31.9535 31.974  31.9891
 32.0076 32.0272 32.0408 32.0633 32.0774 32.0912 32.1031 32.1152 32.1322
 32.1466 32.1621 32.1753 32.1883 32.2042 32.2147 32.2267 32.2402 32.2608
 32.2766 32.2914 32.3054 32.3152 32.3262 32.3358 32.347  32.3598 32.3695
 32.3791 32.3918 32.402  32.4116 32.4218 32.4328 32.4442 32.454  32.4649
 32.4755 32.4859 32.4969 32.5071 32.5173 32.5274 32.5405 32.5518 32.564
 32.5748 32.5868 32.5957 32.6047 32.6139 32.6232 32.6357 32.6462 32.6555
 32.6654 32.6753 32.6847 32.6961 32.707  32.7175 32.726  32.7365 32.746
 32.7553 32.7643 32.7754 32.7848 32.7951 32.8038 32.8125 32.8221 32.8309
 32.8412 32.8501 32.86   32.8689 32.8792 32.8898 32.9007 32.9144 32.9236
 32.9319 32.9402 32.9491 32.9587 32.9689 32.9799 32.9895 32.998  33.007
 33.0169 33.025  33.0338 33.0427 33.0521 33.0607 33.0707 33.0804 33.0899
 33.0988 33.1079 33.1168 33.1248 33.1346 33.144  33.153  33.1615 33.1699
 33.1793 33.1875 33.196  33.2045 33.214  33.2238 33.2321 33.2401 33.2487
 33.2575 33.266  33.2752 33.2846 33.2941 33.3031 33.3121 33.321  33.3296
 33.3378 33.347  33.3571 33.3665 33.3757 33.3848 33.3944 33.4032 33.4127
 33.422  33.4304 33.4388 33.4481 33.4574 33.4672 33.4756 33.4844 33.4936
 33.5036 33.512  33.5209 33.5302 33.5398 33.5491 33.5594 33.5696 33.5813
 33.5916 33.6009 33.6103 33.6202 33.6289 33.6385 33.6477 33.6572 33.6682
 33.677  33.6868 33.6963 33.7073 33.7167 33.7268 33.7358 33.7445 33.7555
 33.7653 33.7759 33.7859 33.7949 33.8051 33.8144 33.8246 33.8358 33.8474
 33.8594 33.8694 33.8793 33.8894 33.9003 33.9102 33.9212 33.9321 33.9442
 33.9553 33.9659 33.9781 33.9898 34.0024 34.0146 34.0254 34.0362 34.0482
 34.0623 34.0732 34.084  34.095  34.1046 34.114  34.1255 34.1375 34.1488
 34.1612 34.1726 34.1847 34.1954 34.2084 34.2213 34.2335 34.2479 34.2616
 34.2738 34.2847 34.2967 34.3114 34.3241 34.3382 34.3497 34.3637 34.3757
 34.3892 34.4048 34.4201 34.4328 34.4488 34.4669 34.4827 34.5014 34.5154
 34.5333 34.5485 34.5623 34.5801 34.5936 34.6072 34.6256 34.6403 34.6566
 34.6775 34.6925 34.7185 34.7349 34.7544 34.7758 34.7969 34.8144 34.8343
 34.856  34.8766 34.913  34.9341 34.9579 34.9994 35.0266 35.0805
40.6981 41.0816 41.1917 41.3272 41.3543 41.4201 41.4383 41.4603 41.507
 41.5316 41.5551 41.5849 41.6174 41.6425 41.6773 41.7263 41.7446 41.7585
 41.7742 41.7936 41.8124 41.8285 41.8479 41.869  41.8901 41.9072 41.9264
 41.9415 41.9595 41.9739 41.988  42.0098 42.027  42.0393 42.0524 42.0672
 42.0801 42.0955 42.1061 42.1169 42.1292 42.1418 42.154  42.1645 42.179
 42.1934 42.2195 42.2377 42.2506 42.261  42.2731 42.2848 42.2964 42.3066
 42.32   42.341  42.3547 42.366  42.3769 42.3905 42.4048 42.4149 42.4252
 42.4357 42.4494 42.4642 42.4773 42.4902 42.502  42.5172 42.528  42.5383
 42.5503 42.5612 42.5707 42.5838 42.5934 42.6044 42.6161 42.628  42.6394
 42.651  42.6632 42.6739 42.6849 42.6956 42.7056 42.7171 42.729  42.7403
 42.7549 42.7682 42.7816 42.7927 42.8029 42.8124 42.8227 42.833  42.8426
 42.8553 42.8654 42.8767 42.89   42.9013 42.9119 42.9221 42.934  42.9438
 42.9544 42.9643 42.9738 42.9838 42.9923 43.0032 43.0132 43.0227 43.0341
 43.045  43.057  43.0698 43.0809 43.0918 43.1006 43.1105 43.122  43.1324
 43.1437 43.1545 43.1646 43.176  43.1865 43.1977 43.2081 43.223  43.2333
 43.2445 43.2573 43.2668 43.2777 43.2883 43.2988 43.3102 43.3236 43.3352
 43.3485 43.3596 43.3712 43.3822 43.3933 43.405  43.4173 43.4279 43.4401
 43.4504 43.4629 43.4749 43.4863 43.4989 43.5124 43.5261 43.5416 43.5561
 43.5695 43.5799 43.5943 43.6091 43.6259 43.6379 43.6498 43.6667 43.6812
 43.698  43.7117 43.7258 43.7391 43.7509 43.7692 43.7889 43.805  43.827
 43.8417 43.8606 43.8772 43.8919 43.9096 43.9258 43.9478 43.9635 43.9815
 44.0021 44.0368 44.0554 44.0823 44.1051 44.1188 44.1365 44.1519 44.1718
 44.1873 44.2035 44.2304 44.2515 44.2717 44.293  44.3094 44.3324 44.3542
 44.3929 44.4134 44.4428 44.5002 44.5438 44.6669 44.73   49.6496 49.6816
50.1704 50.2099 50.2813 50.4932 50.5335 50.5779 50.6084 50.6859 50.7072
 50.7301 50.7773 50.8042 50.838  50.8699 50.9003 50.921  50.9403 50.9572
 51.023  51.041  51.0606 51.0735 51.0884 51.105  51.1281 51.1758 51.191
 51.2077 51.2347 51.2545 51.2835 51.3046 51.3235 51.3365 51.3545 51.3689
 51.382  51.3945 51.4146 51.4249 51.4384 51.4501 51.4593 51.4698 51.483
 51.4986 51.5144 51.5254 51.5405 51.5527 51.5649 51.5788 51.5928 51.6023
 51.6167 51.6283 51.6375 51.6507 51.6612 51.674  51.6863 51.7069 51.7211
 51.7348 51.7483 51.7602 51.7695 51.7803 51.7937 51.806  51.818  51.8295
 51.8427 51.8532 51.8644 51.8764 51.8864 51.9008 51.9119 51.9222 51.9352
 51.945  51.96   51.9743 51.9866 51.9971 52.0078 52.0217 52.0338 52.0446
 52.0546 52.0633 52.0732 52.0829 52.0919 52.1018 52.1122 52.1256 52.1352
 52.1459 52.1598 52.1697 52.1822 52.1953 52.2083 52.2242 52.2374 52.2483
 52.2615 52.273  52.2839 52.2965 52.3081 52.3188 52.3292 52.3405 52.3524
 52.3633 52.3736 52.3833 52.3933 52.4038 52.4144 52.4262 52.4374 52.4488
 52.4593 52.4718 52.4834 52.4939 52.5081 52.5214 52.5393 52.5624 52.5819
 52.6001 52.619  52.6317 52.6444 52.6588 52.6746 52.7039 52.7183 52.7376
 52.7527 52.7714 52.7888 52.8084 52.8216 52.8353 52.8505 52.868  52.8838
 52.8999 52.9174 52.9351 52.9547 52.9759 53.0015 53.0298 53.0478 53.0612
 53.0793 53.0953 53.1175 53.1355 53.1557 53.1747 53.2016 53.226  53.277
 53.3055 53.3475 53.3704 53.3878 53.4235 53.465  53.5001 53.5255 53.5601
 53.6059 53.6586 53.7111 59.0068 59.1578 59.256  59.3336 59.4345 59.5628
 59.6428 59.6674 59.6976 59.8011 59.83   59.8452 59.8948 59.9317 59.979
60.0004 60.0287 60.0521 60.0765 60.0982 60.116  60.1343 60.1461 60.1579
 60.1812 60.1963 60.2137 60.2266 60.2411 60.2647 60.2788 60.2931 60.3156
 60.3278 60.3444 60.3589 60.3716 60.3819 60.3954 60.4142 60.4258 60.4411
 60.4516 60.4651 60.4776 60.4951 60.5098 60.5226 60.5367 60.5494 60.5613
 60.574  60.5886 60.6108 60.6288 60.6409 60.6563 60.6674 60.6863 60.6993
 60.7113 60.7238 60.734  60.7459 60.7572 60.769  60.7822 60.7927 60.8064
 60.8196 60.8309 60.8414 60.8542 60.8642 60.8754 60.8851 60.8966 60.9077
 60.9193 60.9328 60.9449 60.9557 60.9673 60.9777 60.9892 61.0024 61.0131
 61.0255 61.036  61.0483 61.0601 61.0738 61.0852 61.0976 61.11   61.1248
 61.1387 61.1509 61.1632 61.174  61.1868 61.1984 61.2084 61.2169 61.2282
 61.2384 61.2487 61.2605 61.2762 61.287  61.2973 61.3087 61.3191 61.3288
 61.3395 61.3521 61.3685 61.3824 61.3944 61.4059 61.4161 61.426  61.4411
 61.4543 61.4659 61.4796 61.4918 61.5057 61.518  61.5296 61.5411 61.5527
 61.5681 61.584  61.6009 61.6154 61.6332 61.6454 61.6559 61.6692 61.684
 61.6964 61.7109 61.7221 61.7323 61.7481 61.7621 61.7765 61.7899 61.8025
 61.817  61.8319 61.855  61.8829 61.9002 61.9201 61.936  61.9491 61.9637
 61.9791 61.9942 62.013  62.0253 62.0389 62.0633 62.0773 62.0931 62.1226
 62.1467 62.1608 62.1838 62.2039 62.2232 62.2432 62.2644 62.2857 62.3033
 62.3201 62.3406 62.3598 62.3835 62.4106 62.4272 62.4493 62.4827 62.5066
 62.5377 62.674  62.7867 68.3755 68.5063 68.7578 68.7979 68.8227 68.8877
 68.9076 68.9452 68.9627 69.0225 69.0745 69.1021 69.1294 69.1463 69.1826
 69.1992 69.2158 69.2778 69.2948 69.3102 69.3268 69.3445 69.3661 69.3876
 69.4134 69.4342 69.4579 69.4753 69.4877 69.5113 69.5238 69.5359 69.5562
 69.57   69.5885 69.6003 69.6143 69.6273 69.6421 69.6599 69.6732 69.6858
 69.7014 69.7174 69.7326 69.7531 69.7642 69.7775 69.7879 69.7991 69.8103
 69.8197 69.833  69.8452 69.8564 69.8688 69.8805 69.8963 69.9065 69.9157
 69.925  69.9364 69.9454 69.9565 69.9709 69.9852 69.9959

