12.3737 12.9085 13.0033 13.1004 13.2775 13.319  13.3688 13.5368 13.626
 13.6926 13.756  13.8049 13.8289 13.8583 13.8877 13.9044 13.9528 14.0252
 14.0637 14.079  14.1131 14.1378 14.1761 14.1878 14.212  14.2315 14.2523
 14.2703 14.2821 14.3053 14.3832 14.4001 14.4136
22.607  22.8053 22.8877 22.9557 22.9801 23.002  23.0303 23.0579 23.0733
 23.0981 23.1132 23.1286 23.1967 23.2228 23.2481 23.2815 23.3163 23.3338
 23.3637 23.3917 23.4093 23.4453 23.474  23.4927 23.5067 23.5179 23.5492
 23.5657 23.5781 23.5969 23.6388 23.7096 23.7316 23.7449
30.6327 31.0576 31.1675 31.4116 31.4565 31.4831 31.5398 31.637  31.6677
 31.7    31.7329 31.7597 31.7787 31.7958 31.8349 31.857  31.8801 31.9004
 31.9149 31.9254 31.9393 31.9575 31.9761 31.9942 32.0056 32.021  32.0339
 32.0508 32.0785 32.091  32.1258 32.1455 32.1576 32.1715 32.1869 32.2075
 32.2209 32.2382 32.2511 32.2624 32.2776 32.288  32.3033 32.3184 32.3321
 32.3458 32.3626 32.3792 32.3987 32.4238 32.4406 32.4581 32.4741 32.4904
 32.5028 32.5119 32.5237 32.5363 32.5469 32.5578 32.5702 32.5792 32.5902
 32.6035 32.6131 32.6226 32.6368 32.6515 32.6735 32.6928 32.7089 32.7336
 32.7485 32.766  32.7802 32.7948 32.8083 32.9143 32.9595 32.9961 39.3798
 39.5725
40.4473 40.7127 40.8167 41.0911 41.1412 41.2353 41.2581 41.3801 41.4434
 41.6592 41.6864 41.7165 41.7601 41.7737 41.7891 41.7991 41.8153 41.8321
 41.8721 41.8869 41.9063 41.9358 41.965  41.9954 42.0097 42.0296 42.0445
 42.056  42.0706 42.0857 42.1068 42.1316 42.1471 42.1782 42.1873 42.1958
 42.2113 42.2602 42.2823 42.3051 42.3168 42.3332 42.3515 42.3675 42.3807
 42.395  42.4245 42.4475 42.4683 42.4787 42.5437 42.5619 42.5806 46.8219
50.2922 50.4137 50.4328 50.477  50.663  50.6997 50.7273 50.7699 50.8477
 50.8986 50.9207 50.9608 50.9806 51.0049 51.0191 51.0299 51.0501 51.0757
 51.0901 51.107  51.1285 51.1438 51.1611 51.1852 51.1991 51.2181 51.2402
 51.3333 51.3766 51.4029 51.4249 51.4412 51.465  51.4753 51.4916 51.5384
 51.5589 51.5751 51.6178 51.6339 51.6577 51.6777 51.6926 59.1218 59.2999
 59.5367 59.5866 59.6395 59.7071 59.759  59.7924 59.8282 59.8801 59.91
 59.9239 59.9634 59.9886
60.0046 60.0194 60.0395 60.056  60.0702 60.0871 60.105  60.1238 60.1372
 60.1914 60.2398 60.2516 60.2884 60.3246 60.3478 60.3599 60.4187 60.5165
 60.5384 60.5576 60.5854 60.5997 60.6194 60.6483 60.6751 60.7366 67.8493
 68.0569 68.2351 68.6493 68.6796 68.8224 68.8927 68.9357 68.994  69.0232
 69.1294 69.1424 69.1667 69.1958 69.2548 69.2738 69.2901 69.3117 69.3263
 69.3424 69.3594 69.3782 69.3966 69.4122 69.4634 69.4762 69.4881 69.5033
 69.5459 69.5603 69.5833 69.5967 69.6106 69.6242 69.6385 69.6574 69.679
 69.694  69.7095 69.7269 69.742  69.7681 69.7826 69.8163 69.8288 69.8413
 69.8526 69.8633 69.8733 69.8877 69.9006 69.9213 69.9336 69.9569 69.9814
 69.9938

