10.8613 11.5027 12.7756 12.9113 13.2688 13.3209 13.4984 13.6689 13.7404
 13.8036 13.8223 13.9375 13.966  13.9897 14.0109 14.1056 14.1295 14.2837
 14.3117 14.3295 14.4127 14.4481 14.4965
22.5026 22.7978 22.885  23.1875 23.2707 23.5113 23.5322 23.5737 23.641
 23.6802 23.7259 23.7713 23.8129
31.4812 31.7517 31.7911 31.8419 32.0462 32.0977 32.1972 32.2319 32.3051
 32.3304 32.3526 32.3794 32.4372 32.46   32.4876 32.5298 32.5932 32.6244
 32.6451 32.6837 32.6981 32.7225 32.7347 32.7668 32.7876 32.8014 32.8186
 32.8326 32.8529 32.9189 32.9795 32.9955 33.012  33.0324 33.0555
41.0945 41.1431 41.3194 41.7285 41.7774 41.8262 41.9704 41.9955 42.1011
 42.1401 42.2383 42.2637 42.2898 42.3542 42.4104 42.5719 42.6059 42.6329
 49.8038
50.5566 50.9405 51.0048 51.0431 51.0936 51.1667 51.2736 51.3415 51.3678
 51.5281 51.6032 51.6366 51.7019 51.7665 51.8248 51.8829 51.9707 59.2828
 59.7788 59.9717
60.0857 60.1209 60.3022 60.3944 60.4675 60.4933 60.6538 60.6777 60.7044
 60.7891 60.8275 60.9083 61.0684 67.598  68.4549 68.9195 68.987  69.1997
 69.3622 69.4859 69.6686 69.7299 69.7914 69.8379 69.898  69.9277 69.9482
 69.9982

