13.2375 13.5887 13.693  13.865  13.8936 14.1029
22.5755 22.7905 22.8254 22.8684 22.9449 22.9878 23.0387 23.0959 23.1913
 23.376  23.5649
31.4987 31.7411 32.1749 32.1959 32.3186 32.3598 32.385  32.4349 32.4685
40.1025 40.8072 40.9499 41.377  41.4703 41.4985 41.5788 41.6858 41.7387
 41.8603 41.9878 42.0555 42.0915 42.1589 42.1887 48.7578 49.6987
50.5961 50.7109 50.9399 51.057  51.1317 51.2044 59.5963 59.6366 59.7943
 59.8263 59.889  59.9646 59.995
60.0698 60.1239 60.4396 60.4676 67.8644 68.7885 68.8894 68.9723 69.0802
 69.3154 69.5219 69.5417 69.5701 69.6819 69.7938 69.8558

