12.6685 12.9127 13.1351 13.1911 13.4089 13.4467 13.6216 13.6842 13.7272
 13.7717 13.7899 13.8215 13.8599 13.8791 13.8955 13.9257 13.9646 14.0057
 14.0261 14.0375 14.0707 14.0891 14.1139 14.1298 14.1539 14.1677 14.1854
 14.2181 14.2389 14.2508 14.2646 14.2982 14.3276 14.3387 14.3568 14.3802
 14.4049 14.4315 14.4526 14.4646 14.4822 14.5108 14.5229 14.5341 14.5466
 14.5615 14.5721 14.5828 14.6024 14.6188 14.6303 14.6454 14.6566 14.6734
 14.6932 14.7262 14.7471 14.7615 14.795  14.8221 14.8408 14.8597 19.3436
22.4729 22.5555 22.9108 22.937  22.9769 23.0836 23.1192 23.1567 23.1771
 23.2057 23.2383 23.2625 23.2797 23.33   23.3627 23.3775 23.3904 23.4422
 23.4615 23.4758 23.4864 23.5025 23.5149 23.5278 23.5426 23.5685 23.5902
 23.6274 23.6525 23.6833 23.7126 23.7363 23.7564 23.7676 23.7833 23.8007
 23.8175 23.8418 23.8611 23.8744 23.8931 23.9063 23.9177 23.9286 23.9461
 23.9699 23.9833 23.9949 24.0077 24.022  24.0365 24.047  24.0577 24.0693
 24.0839 24.1028 24.1163 24.1382 24.2464 24.2801
31.1787 31.3886 31.5977 31.6392 31.6688 31.7184 31.7412 31.7961 31.8248
 31.8479 31.9044 31.9216 31.9353 31.9574 31.9894 32.0072 32.0278 32.0643
 32.0788 32.1189 32.1529 32.1721 32.1841 32.1962 32.2229 32.2503 32.2679
 32.2855 32.3016 32.3155 32.3327 32.3431 32.3627 32.3764 32.3875 32.3983
 32.4141 32.434  32.4479 32.4695 32.4806 32.4893 32.4987 32.5105 32.5211
 32.5319 32.5425 32.553  32.5645 32.5758 32.5884 32.5995 32.6114 32.6215
 32.6326 32.6441 32.6542 32.6648 32.6749 32.6836 32.6921 32.7027 32.7149
 32.724  32.7322 32.7403 32.749  32.7592 32.7674 32.7753 32.785  32.7936
 32.8028 32.8121 32.8219 32.8315 32.8401 32.8488 32.8594 32.8691 32.8774
 32.8861 32.8966 32.9059 32.9151 32.9249 32.9339 32.9438 32.9528 32.9619
 32.9744 32.9837 32.9916 32.9999 33.0082 33.0168 33.0268 33.0361 33.0445
 33.0533 33.0626 33.072  33.0822 33.0926 33.1019 33.1119 33.1224 33.1307
 33.1421 33.1539 33.1635 33.1758 33.1856 33.1939 33.2031 33.2124 33.2226
 33.233  33.2453 33.2548 33.2652 33.2763 33.2883 33.3004 33.3126 33.3218
 33.3336 33.3463 33.359  33.3685 33.3838 33.4039 33.4393 33.4567 33.4929
 33.5159 33.5871 39.3424
41.1447 41.53   41.6039 41.7845 41.7991 41.8578 41.9036 41.9308 41.9528
 41.9722 41.9896 42.0024 42.0267 42.0582 42.0873 42.1022 42.1323 42.1597
 42.1773 42.1914 42.2054 42.218  42.2292 42.2501 42.2602 42.2753 42.286
 42.2962 42.3103 42.3219 42.337  42.3539 42.3707 42.3817 42.3928 42.4052
 42.4155 42.4293 42.4389 42.4511 42.467  42.479  42.4922 42.5047 42.5175
 42.5288 42.5421 42.5571 42.5672 42.5772 42.5865 42.598  42.6088 42.6197
 42.6327 42.6449 42.659  42.6699 42.6815 42.6933 42.7037 42.7141 42.725
 42.7376 42.7494 42.7581 42.7706 42.786  42.7975 42.806  42.8156 42.8271
 42.8383 42.8524 42.866  42.879  42.8917 42.9029 42.9148 42.9264 42.943
 42.9602 42.9792 42.9952 43.0067 43.0191 43.0364 43.0547 43.0965 43.1196
 43.1478
50.1169 50.3026 50.3255 50.5504 50.5915 50.6526 50.6839 50.7358 50.8011
 50.8386 50.8798 50.9724 51.008  51.0629 51.0864 51.1358 51.153  51.1839
 51.1998 51.2226 51.2413 51.2592 51.2866 51.3018 51.3342 51.3658 51.3947
 51.4146 51.4467 51.4636 51.4762 51.489  51.5027 51.5138 51.5278 51.5492
 51.5656 51.5812 51.6006 51.6144 51.6283 51.6499 51.6619 51.6776 51.6948
 51.709  51.7239 51.7394 51.7527 51.7646 51.7773 51.7915 51.8029 51.8127
 51.8248 51.8361 51.8497 51.8612 51.8715 51.8859 51.8991 51.9145 51.9296
 51.9416 51.9525 51.9645 51.9751 51.9976 52.0106 52.0228 52.0438 52.056
 52.0744 52.0912 52.1038 52.1169 52.1336 52.1636 52.1946 52.2265 59.0202
 59.3912 59.7694 59.7969 59.8231 59.8574 59.8837 59.9341 59.9893
60.0188 60.1062 60.1217 60.1492 60.173  60.1953 60.2077 60.2262 60.2384
 60.2492 60.2837 60.3039 60.3171 60.339  60.3552 60.371  60.3939 60.4076
 60.4198 60.437  60.4502 60.4693 60.4908 60.5049 60.5189 60.533  60.5432
 60.5539 60.5694 60.5845 60.5987 60.6099 60.6229 60.6378 60.656  60.6692
 60.6876 60.6994 60.7139 60.7342 60.7437 60.7536 60.7675 60.7822 60.8001
 60.8183 60.8363 60.8537 60.8651 60.8752 60.888  60.9103 60.9229 60.9345
 60.9463 60.9573 60.9736 60.9861 61.0079 61.0186 61.0323 61.0627 61.0884
 61.2764 61.3088 68.7055 68.7854 68.8844 68.9977 69.0446 69.0901 69.1309
 69.18   69.2244 69.272  69.2964 69.346  69.412  69.4341 69.4539 69.4674
 69.4892 69.5183 69.5578 69.5775 69.5923 69.6126 69.64   69.6551 69.6681
 69.6846 69.6964 69.7121 69.7288 69.7452 69.7643 69.7865 69.8035 69.8187
 69.8321 69.8466 69.8576 69.8725 69.895  69.907  69.9195 69.9333 69.9434
 69.9653 69.979  69.991

