12.7633 12.8053 12.8566 13.0202 13.1244 13.1494 13.4315 13.4932 13.7878
 13.8756
20.9155 21.5388 21.6558 21.7751 21.8588 22.0335 22.0925 22.1715 22.2419
 22.2776 22.3564 22.4432 22.5218 22.5753 22.6083 22.6315 22.6539 22.8199
 22.8583 22.8743 22.8883 22.9091 22.927  22.9756 23.0301
30.9646 31.7758 32.0634 32.2459 32.2743 32.302  32.3733 32.4591 32.4787
 32.5224 32.6246 32.6488 32.6938 32.7147 32.8177 32.8392 32.9795 33.0034
41.1678 41.3331 41.5142 41.8638 42.0034 42.2812 42.2979 42.3378 42.4365
 42.5039 48.2242
50.8702 50.8985 50.9416 50.9637 51.093  51.1188 51.3088 51.5017 51.8105
 58.5297 59.6126
60.1525 60.2317 60.2688 60.3018 60.5965 60.8901 60.9134 61.0394 61.087
 61.1298 68.6505 68.7706 69.2969 69.4212 69.4921 69.5395 69.8431

