12.7258 12.8394 12.8558 13.0267 13.0632 13.1339 13.1732 13.2012 13.2385
 13.2666 13.2988 13.3275 13.3465 13.3849 13.405  13.4229 13.4348 13.451
 13.4831 13.5094 13.5324 13.5824 13.5986 13.6267 13.6448 13.6662 13.6817
 13.6968 13.7133 13.7314 13.7483 13.7696 13.7883 13.8191 13.8394 13.8563
 13.8724 13.886  13.9011 13.9154 13.9329 13.9456 13.9573 13.9758 13.9933
 14.0061 14.0232 14.035  14.0466 14.0613 14.0745 14.0854 14.0994 14.114
 14.1299 14.1492 14.1676 14.1803 14.1948 14.211  14.2209 14.2317 14.2432
 14.254  14.2668 14.2796 14.2901 14.3014 14.3111 14.3215 14.3337 14.3466
 14.3605 14.3709 14.3853 14.399  14.4125 14.424  14.4343 14.4448 14.456
 14.4677 14.4794 14.4903 14.5018 14.5126 14.5221 14.5339 14.5443 14.5558
 14.5655 14.5752 14.5849 14.596  14.6067 14.616  14.6259 14.6354 14.6467
 14.6571 14.6679 14.68   14.6968 14.7061 14.7181 14.7295 14.7396 14.7495
 14.7594 14.7704 14.781  14.7936 14.8079 14.8182 14.8287 14.8401 14.8536
 14.8679 14.8795 14.8902 14.902  14.9183 14.9351 14.9516 14.9659 14.9829
 14.995  15.0186 15.0426 15.0589 15.0793 15.102  15.1177 15.1344 15.1491
 15.165  15.1872 15.2108 15.2297 15.2505 15.2671 15.288  15.3055 15.3241
 15.3483 15.3696 15.3989 15.4469 15.4756 15.5082 15.5304 15.561  15.6234
 15.6789 15.7197 15.7653 15.7888 15.9298 15.9798
21.9225 21.9598 22.0849 22.1607 22.2053 22.2492 22.3648 22.3891 22.4086
 22.4268 22.4496 22.4748 22.5067 22.5977 22.6487 22.6719 22.6919 22.7164
 22.7388 22.7614 22.7808 22.7959 22.8098 22.8385 22.8664 22.8844 22.9049
 22.9184 22.9331 22.9465 22.963  22.9785 22.995  23.0092 23.0235 23.0415
 23.0566 23.0709 23.0854 23.1042 23.1281 23.1444 23.1642 23.1798 23.1936
 23.2076 23.2282 23.2409 23.2594 23.2724 23.2931 23.3042 23.3154 23.3277
 23.3442 23.3608 23.374  23.3874 23.4032 23.4201 23.4342 23.4482 23.4607
 23.476  23.4938 23.5046 23.5158 23.529  23.5391 23.5499 23.5626 23.5781
 23.5892 23.6015 23.62   23.6356 23.6471 23.658  23.6727 23.6855 23.6988
 23.7136 23.728  23.7403 23.7533 23.7658 23.7816 23.7963 23.8123 23.8241
 23.84   23.8586 23.8739 23.894  23.9151 23.9327 23.9492 23.9687 23.9846
 24.0026 24.0169 24.0328 24.0484 24.0665 24.0877 24.108  24.1265 24.1481
 24.1652 24.1901 24.2134 24.2362 24.2607 24.2803 24.2967 24.3389 24.38
 24.405  24.4324 24.4989 24.5267 24.5787 24.6162 24.6548 24.6767 24.7209
 24.7631 24.8944 25.1489 25.9169
30.8677 31.3008 31.3825 31.5629 31.5975 31.6395 31.6589 31.7134 31.7471
 31.7956 31.8477 31.8875 31.907  31.9985 32.0504 32.0824 32.099  32.1153
 32.1399 32.1545 32.1675 32.1879 32.208  32.2238 32.239  32.2529 32.2704
 32.2884 32.3059 32.3255 32.3445 32.3745 32.3979 32.4136 32.4262 32.4401
 32.4556 32.4704 32.487  32.5005 32.5171 32.5302 32.5556 32.5686 32.5815
 32.5949 32.6126 32.6274 32.6424 32.66   32.6726 32.6849 32.6987 32.7185
 32.7416 32.7646 32.7795 32.793  32.8079 32.8235 32.841  32.8554 32.8688
 32.8816 32.8955 32.9091 32.9218 32.9386 32.9508 32.9669 32.9834 32.9956
 33.0083 33.0332 33.0489 33.0641 33.0812 33.0933 33.1057 33.1199 33.134
 33.1504 33.1651 33.1809 33.2015 33.2169 33.2416 33.2732 33.2933 33.3135
 33.3344 33.3509 33.3748 33.3953 33.415  33.4382 33.4552 33.4744 33.5347
 33.5687 33.6171 33.6539 33.968  34.0094 34.3177 39.5824
40.0368 40.3338 40.3626 40.4285 40.4634 40.4896 40.5295 40.5521 40.5714
 40.6134 40.6408 40.6727 40.6958 40.7413 40.7559 40.7889 40.8074 40.8273
 40.8679 40.8884 40.9139 40.9388 40.9634 40.9896 41.0107 41.0309 41.0497
 41.0635 41.0852 41.1257 41.1573 41.1697 41.1879 41.2017 41.2174 41.2296
 41.2435 41.2606 41.2762 41.2917 41.3048 41.3179 41.3307 41.3427 41.3643
 41.3796 41.3928 41.4128 41.4243 41.4373 41.454  41.4721 41.4861 41.4984
 41.5084 41.5206 41.532  41.544  41.5538 41.5678 41.58   41.591  41.6021
 41.6159 41.6291 41.6453 41.658  41.6767 41.696  41.7091 41.7197 41.7336
 41.7443 41.7561 41.7709 41.7833 41.7952 41.8091 41.8227 41.8358 41.8484
 41.8629 41.8759 41.8863 41.8986 41.9122 41.9231 41.9345 41.9441 41.9573
 41.9676 41.9778 41.9948 42.006  42.0199 42.032  42.0437 42.0543 42.0697
 42.0811 42.0948 42.1067 42.1194 42.1319 42.1424 42.1546 42.1674 42.1778
 42.1896 42.2052 42.2222 42.2394 42.2598 42.2746 42.2869 42.303  42.3228
 42.3434 42.3577 42.3725 42.3953 42.4132 42.4284 42.4458 42.4672 42.4909
 42.5097 42.5278 42.5526 42.5771 42.6108 42.6445 42.6678 42.6944 42.7295
 42.7515 42.7939 42.8195 42.8378 42.8827 42.9177 43.0238 43.0617 43.4343
 44.2704 49.5598 49.577  49.6258 49.6584 49.6899 49.7357 49.7665 49.8123
 49.8531 49.8778 49.9022 49.9263 49.9441 49.9554 49.9752 49.9983
50.0139 50.0305 50.0429 50.0606 50.0897 50.13   50.1498 50.1833 50.2038
 50.2189 50.24   50.2595 50.286  50.3032 50.3175 50.3566 50.3736 50.3934
 50.4098 50.4216 50.4375 50.4549 50.467  50.482  50.5015 50.5174 50.5328
 50.5489 50.5655 50.582  50.5933 50.6065 50.6166 50.6274 50.6415 50.6545
 50.6669 50.6769 50.6893 50.7021 50.7137 50.7236 50.7442 50.7547 50.7657
 50.7803 50.7933 50.8072 50.8202 50.8328 50.8444 50.8588 50.8721 50.8878
 50.9003 50.9133 50.9261 50.9383 50.9502 50.9641 50.9777 50.9929 51.0115
 51.0251 51.0385 51.0497 51.0632 51.077  51.0904 51.1035 51.1262 51.141
 51.1559 51.1738 51.1909 51.2047 51.2219 51.2368 51.2515 51.2672 51.2835
 51.3032 51.3231 51.3562 51.3819 51.4029 51.4202 51.4371 51.4555 51.4819
 51.4989 51.5194 51.5502 51.5889 51.6317 51.6918 51.7283 51.7777 51.8493
 51.8809 52.0364 55.0567 57.2929 58.2362 58.4378 58.4816 58.5489 58.6896
 58.7134 58.7665 58.7961 58.8212 58.8459 58.8643 58.8802 58.9025 58.9279
 58.942  58.9615 58.9902 59.0114 59.0525 59.0813 59.0945 59.1117 59.1498
 59.1803 59.2112 59.2349 59.2554 59.2905 59.3063 59.3221 59.338  59.3532
 59.3687 59.3854 59.401  59.4178 59.4297 59.4436 59.4576 59.4712 59.4852
 59.5    59.5152 59.5271 59.5415 59.554  59.5652 59.5791 59.5932 59.6065
 59.6219 59.6342 59.6474 59.6604 59.6711 59.6888 59.7017 59.7157 59.7343
 59.7523 59.7707 59.7874 59.8017 59.8216 59.8323 59.8454 59.8563 59.8689
 59.8838 59.9014 59.9167 59.934  59.9461 59.9566 59.9693 59.9842 59.9963
60.0067 60.0179 60.0297 60.0427 60.0545 60.0674 60.0807 60.0921 60.1052
 60.1157 60.1336 60.1518 60.1656 60.1783 60.1893 60.2015 60.2146 60.2277
 60.2422 60.2544 60.2684 60.2798 60.292  60.303  60.316  60.3345 60.3514
 60.3651 60.3783 60.3919 60.414  60.4268 60.4418 60.4698 60.4854 60.5035
 60.5206 60.5491 60.5757 60.5948 60.6092 60.6588 60.6803 60.6975 60.7124
 60.8057 60.8683 60.8994 60.9409 61.0219 61.0578 61.2434 61.3178 65.6374
 67.2307 67.5438 67.5744 67.6337 67.6961 67.7211 67.7463 67.7698 67.7892
 67.81   67.8346 67.8575 67.8817 67.8967 67.9142 67.9329 67.9482 67.9631
 67.9862 68.012  68.0318 68.052  68.0698 68.0845 68.1058 68.1242 68.1418
 68.1574 68.1748 68.1967 68.2109 68.2294 68.2412 68.2575 68.2728 68.2908
 68.3038 68.317  68.3283 68.3405 68.3529 68.3706 68.3829 68.3956 68.4089
 68.4249 68.442  68.4546 68.4687 68.4854 68.5002 68.5127 68.5274 68.5424
 68.5545 68.5671 68.5806 68.5959 68.6098 68.6206 68.6372 68.6511 68.6637
 68.6765 68.6878 68.702  68.7147 68.7273 68.7379 68.7497 68.7616 68.7757
 68.7891 68.8033 68.8167 68.8307 68.8427 68.858  68.869  68.8811 68.8945
 68.9057 68.9202 68.9337 68.9485 68.9589 68.9732 68.9856 68.9987 69.0122
 69.0252 69.0392 69.05   69.0615 69.0729 69.0845 69.0963 69.1109 69.1242
 69.1426 69.1532 69.1654 69.1818 69.1996 69.2142 69.2268 69.2469 69.2651
 69.2804 69.2994 69.3147 69.3291 69.3613 69.3753 69.3895 69.417  69.4499
 69.4785 69.5052 69.5239 69.5408 69.5711 69.5904 69.6132 69.6394 69.6589
 69.7007 69.728  69.7772 69.9009

