10.3825 11.9493 12.8064 12.9212 13.1737 13.2048 13.2882 13.3946 13.4178
 13.6867 13.7277 13.752  13.7644 13.8146 13.8526 13.8779 18.9937
20.3495 21.0586 22.1991 22.2866 22.4049 22.5166 22.585  22.6092 22.7921
 22.8125 22.917
30.6138 31.1872 31.4072 31.6217 31.6823 31.7942 31.9239
40.1208 40.4691 40.5173 40.5625 40.6216 40.6808 40.707  40.7741 40.8984
 41.0345 41.0909 41.1171 41.2104 49.0259 49.731  49.8009 49.9249
50.3667 57.6988 58.0094 58.4665 58.5901 58.6871 59.0389 59.1338
65.6536 66.0965 67.3423 67.3954 67.6616 67.7924 67.9775 68.0154 68.0497
 68.291

