13.0971 13.508  13.5615 13.7139 13.7533 13.8319 13.8572 13.8894 13.9101
 14.0836 14.1242
21.2129 21.7375 22.0593 22.0975 22.1799 22.2826 22.3975 22.5102 22.5489
 22.6129 22.6407 22.6963 22.7269 22.7761 22.7915 22.8375 22.8628 23.0331
 23.0477 23.1426
32.2614 32.3244 32.5644
40.2698 40.4763 40.7352 40.8389 40.9497 41.2239 48.9056 49.2408 49.4343
 49.464  49.8179 49.8338 49.8659
50.0045 50.0259 50.1049 50.2002 50.264  58.7256 59.2703 59.4069 59.4567
 59.5074 59.6099
67.2547 67.3767 67.8237 67.8572 67.9031 68.0106 68.188  68.2383 68.2962
 68.4825

