12.6366 13.3167 13.4735 13.777  13.8494 13.8944 13.9449 13.9667 14.0161
 14.0407 14.0719 14.1434 14.1616 14.1828 14.204  14.2479 14.2679 14.2821
 14.3095 14.3351 14.3565 14.3775 14.4062 14.4312 14.4589 14.4771 14.4984
 14.5153 14.528  14.5401 14.5547 14.5725 14.5935 14.6094 14.6322 14.6489
 14.6599 14.6755 14.6957 14.7082 14.7246 14.7448 14.7597 14.7878 14.8061
 14.8172 14.8346 14.8526 14.8644 14.877  14.8931 14.9156 14.9278 14.9453
 14.9718 14.987  15.0038 15.0202 15.0437 15.0584 15.0877
21.4364 22.1235 22.1628 22.2403 22.3237 22.3608 22.4804 22.5451 22.5644
 22.6074 22.6375 22.6677 22.6848 22.7106 22.7378 22.7626 22.779  22.7974
 22.8188 22.834  22.8508 22.8689 22.8821 22.8949 22.9085 22.9242 22.9466
 22.9598 22.9735 22.9907 23.0064 23.0166 23.0273 23.0426 23.0583 23.0706
 23.0826 23.0951 23.1047 23.1168 23.1259 23.1374 23.1473 23.1574 23.1694
 23.1799 23.1927 23.2063 23.2183 23.2305 23.2426 23.2529 23.2631 23.2733
 23.288  23.2986 23.3104 23.3216 23.3332 23.3442 23.3563 23.3671 23.3765
 23.3854 23.3953 23.4056 23.4179 23.4261 23.4361 23.446  23.4561 23.466
 23.4755 23.4858 23.4948 23.5044 23.5129 23.5227 23.5315 23.5414 23.5527
 23.5658 23.575  23.5873 23.5964 23.6053 23.6151 23.6261 23.6361 23.6465
 23.6555 23.6651 23.6747 23.6844 23.6936 23.7024 23.7116 23.7222 23.7319
 23.7403 23.7503 23.7602 23.7705 23.7795 23.7894 23.7993 23.8096 23.8212
 23.8307 23.8404 23.8493 23.8585 23.8671 23.8761 23.8857 23.8968 23.9071
 23.9175 23.9279 23.9378 23.9537 23.9637 23.9736 23.9827 23.994  24.0025
 24.012  24.0271 24.0397 24.0493 24.0617 24.0744 24.0956 24.1139 24.1296
 24.1696 24.1893 29.8409
31.8167 32.1866 32.2685 32.3527 32.3988 32.4206 32.4811 32.5043 32.5276
 32.5672 32.5809 32.6029 32.6272 32.6775 32.7103 32.7503 32.7669 32.7786
 32.7999 32.8254 32.8402 32.8706 32.9028 32.9247 32.9417 32.9665 32.9977
 33.0291 33.0457 33.0757 33.1046 33.1321 33.1508
40.23   40.2722 40.4036 40.5044 40.5567 40.6024 40.6527 40.6915 40.7376
 40.7629 40.8209 40.8933 40.9152 40.9528 40.9827 41.0005 41.0218 41.0557
 41.0685 41.0827 41.1063 41.1259 41.1385 41.1524 41.1786 41.1921 41.2064
 41.2196 41.2324 41.2479 41.2732 41.294  41.3195 41.3321 41.3436 41.3597
 41.3718 41.3829 41.3946 41.4149 41.4335 41.4453 41.458  41.4688 41.4827
 41.493  41.512  41.524  41.5361 41.5486 41.5607 41.5707 41.5835 41.598
 41.6146 41.6308 41.6435 41.656  41.6681 41.6836 41.6952 41.7074 41.718
 41.7282 41.7378 41.7472 41.7587 41.7708 41.7843 41.7986 41.8106 41.8233
 41.834  41.843  41.8538 41.8716 41.8859 41.8964 41.9128 41.9244 41.9412
 41.9668 41.9828 41.9945 42.0099 42.0361 42.0553 42.0709 42.0903 42.1222
 49.276  49.3478 49.4602 49.5304 49.6395 49.675  49.6954 49.7524 49.7956
 49.8264 49.8701 49.9286 49.952  49.9836
50.0087 50.0553 50.0936 50.1227 50.1376 50.1562 50.1749 50.1895 50.2027
 50.2254 50.2382 50.2502 50.2623 50.2729 50.2855 50.2968 50.3103 50.3243
 50.3368 50.35   50.3649 50.3775 50.388  50.4013 50.4129 50.4254 50.437
 50.4484 50.459  50.4731 50.4833 50.4967 50.5077 50.5169 50.5252 50.5348
 50.5459 50.5552 50.5651 50.5746 50.5847 50.5972 50.6066 50.618  50.6288
 50.6385 50.6523 50.662  50.672  50.6809 50.6926 50.7047 50.719  50.7297
 50.7401 50.7484 50.7595 50.7687 50.7818 50.7926 50.802  50.8154 50.8266
 50.8371 50.8476 50.8574 50.8666 50.8764 50.8872 50.8965 50.9065 50.9172
 50.9269 50.9381 50.9485 50.9589 50.9704 50.9796 50.9909 51.0022 51.0149
 51.025  51.0348 51.0442 51.0574 51.0672 51.0776 51.0875 51.1016 51.112
 51.1234 51.1335 51.1527 51.1665 51.1767 51.1866 51.1978 51.2178 51.2406
 51.2582 51.2907 51.3205 58.6784 58.7428 59.0161 59.1127 59.1338 59.1904
 59.2696 59.3369 59.3708 59.392  59.4532 59.4843 59.5039 59.5342 59.5547
 59.5764 59.5968 59.6231 59.6447 59.6577 59.6806 59.7085 59.7327 59.7469
 59.7587 59.7755 59.7856 59.798  59.8143 59.8328 59.8498 59.8637 59.8848
 59.9002 59.9153 59.9282 59.9399 59.9572 59.9732 59.985
60.0022 60.0146 60.0258 60.0549 60.0653 60.0867 60.1008 60.1163 60.1282
 60.1403 60.1516 60.1703 60.1838 60.2075 60.2254 60.2399 60.2552 60.2654
 60.2777 60.2875 60.2994 60.3127 60.3247 60.3371 60.3599 60.3819 60.3942
 60.4134 60.4428 60.466  66.2025 66.3769 67.4483 67.593  67.7701 67.7969
 67.8641 67.9096 67.9498 68.0173 68.1314 68.1805 68.2012 68.235  68.2514
 68.2698 68.2852 68.3011 68.3256 68.3534 68.3728 68.385  68.3975 68.4236
 68.4473 68.4649 68.4795 68.4947 68.5084 68.5277 68.5438 68.5576 68.5786
 68.5904 68.6071 68.6202 68.6356 68.6534 68.6752 68.6905 68.7068 68.7204
 68.732  68.745  68.7562 68.767  68.7822 68.7938 68.8093 68.8288 68.8402
 68.8561 68.8716 68.8833 68.895  68.9061 68.9178 68.9308 68.9482 68.961
 68.9704 68.9819 68.9926 69.002  69.0123 69.025  69.0405 69.0508 69.0694
 69.0796 69.0903 69.1006 69.1143 69.1288 69.1407 69.1552 69.168  69.1787
 69.1919 69.2013 69.2122 69.2248 69.2426 69.2533 69.2793 69.3054 69.3227
 69.4063

