12.5885 12.6654 12.7042 12.7679 13.0508 13.0909 13.1437 13.1629 13.1766
 13.2323 13.2678 13.2841 13.3298 13.3804 13.4094 13.5617 13.6041 13.6714
 13.6832 13.7102 13.7381 13.7951 13.8079 13.8284 13.8547 13.8829 13.9115
 13.9372 13.9676 13.9914 14.0223 14.0602 14.0744 14.086  14.1023 14.1155
 14.1295 14.1499
21.3974 21.497  21.6819 21.7997 21.8889 22.0675 22.0875 22.1299 22.1595
 22.1874 22.2507 22.2663 22.3114 22.3436 22.3905 22.4184 22.4487 22.4651
 22.4886 22.5165 22.5707 22.5854 22.5968 22.6227 22.6401 22.6602 22.6776
 22.7059 22.7286 22.7572 22.7678 22.7805 22.7949 22.8188 22.8364 22.8582
 22.8812 22.8946 22.9279 22.944  22.9627 22.9716 22.9838 22.9961 23.0089
 23.0234 23.0355 23.0597 23.0753 23.0897 23.1086 23.1246 23.1689 23.1892
 23.2081 23.2208 23.2315 23.2486 23.2951 23.3123 23.3284 23.3413 23.3614
 23.402  23.423  23.4747 23.5511
30.7392 31.2059 31.2798 31.3006 31.383  31.4406 31.462  31.4954 31.5262
 31.621  31.6434 31.6618 31.7193 31.7326 31.7443 31.7697 31.8092 31.8292
 31.8534 31.9025 31.9317 31.9489 31.9661 32.0209 32.0561 32.0855 32.1008
 32.1469 32.1567 32.1738 32.189  32.2216 32.2916 32.3085 32.3262 32.3559
40.2409 40.3548 40.4279 40.6431 40.7959 40.8369 40.9142 40.9459 40.9636
 40.9847 41.0023 41.0226 41.0514 41.0945 41.1858 41.2134 41.2444 41.2877
 41.3612 41.4289 41.5225 48.3503 48.7475 48.89   49.073  49.3143 49.498
 49.5282 49.5982 49.7178 49.7784 49.9023 49.9208
50.0146 50.0422 50.08   50.1308 50.1566 50.1853 50.2132 50.2317 50.4387
 57.7235 58.3794 58.5144 58.6954 58.7658 58.784  58.8121 58.8253 58.8893
 58.9737 59.0233 59.0596 59.0916 59.1362 59.1826 59.202  59.262  59.358
 59.3726 59.387  59.4812 59.507  59.642
66.5996 67.0743 67.1134 67.2169 67.3144 67.3721 67.3934 67.4306 67.4589
 67.4735 67.5565 67.5807 67.6049 67.622  67.6445 67.6733 67.7173 67.7422
 67.7588 67.7706 67.7919 67.8183 67.8521 67.8679 67.9037 67.916  67.9307
 67.9494 67.9649 67.9783 68.0083 68.0264 68.047  68.0655 68.0807 68.0921
 68.1078 68.1273 68.1554 68.1759 68.1991 68.2102 68.2302 68.2463 68.2608
 68.2894 68.3128 68.3378 68.3603 68.3848 68.4096 68.4344 68.4638 68.4893

