11.9099 12.8359 12.9739 13.0364 13.1091 13.1699 13.2254 13.271  13.3949
 13.4288 13.4802 13.5561 13.5853 13.6025 13.6442 13.6714 13.7026 13.7596
 13.7781 13.8315
21.5933 21.6757 21.8979 22.0871 22.1238 22.1554 22.2044 22.2299 22.2638
 22.3982 22.4912 22.5278 22.5438 22.582  22.6028 22.8506 22.8885 22.9602
30.365  30.6788 30.8513 31.0285 31.0665 31.1745 31.2365 31.2628 31.3134
 31.3449 31.3969 31.4237 31.5712 31.6025 31.7059 31.7636 31.7897 31.8229
 31.8492 31.8866 31.9104 32.0058 32.0341 32.2919 38.8427
40.1891 40.3559 40.7074 40.7685 40.7901 40.8471 40.9572 40.9902 41.0145
 41.0678 41.1265 41.2916 46.7137 47.9027 49.0808 49.2264 49.5135 49.6481
 49.7094 49.7939 49.8561 49.9406
50.0077 50.1413 50.1812 50.2255 58.5967 58.6816 58.8035 58.8399 58.8686
 58.9655 59.0612 59.1387 59.1675 59.2007 59.3204 59.41   59.4238 59.474
66.0939 66.9857 67.2459 67.4097 67.4885 67.5198 67.5677 67.6006 67.6655
 67.7266 67.7531 67.7811 67.813  67.9414

