11.6523 12.7285 12.7676 12.9709 13.0029 13.1562 13.2292 13.2617 13.2843
 13.3103 13.3259 13.3825 13.3998 13.4195 13.4459 13.4768 13.4971 13.5186
 13.5314 13.546  13.5746 13.6094 13.6427 13.6559 13.6705 13.6852 13.6972
 13.7186 13.7308 13.7411 13.7544 13.7648 13.7835 13.8012 13.8175 13.8295
 13.8443 13.8553 13.8661 13.8765 13.8879 13.899  13.9103 13.9202 13.931
 13.9423 13.9527 13.9639 13.9767 13.9887 14.     14.0121 14.0225 14.0333
 14.0445 14.0541 14.0636 14.073  14.0833 14.0968 14.1067 14.1153 14.1237
 14.1328 14.1413 14.1506 14.1593 14.1685 14.1775 14.1866 14.1961 14.2053
 14.2158 14.2246 14.2342 14.2426 14.2525 14.2626 14.2756 14.285  14.2949
 14.3051 14.3168 14.3256 14.3352 14.3454 14.3532 14.3627 14.3716 14.3809
 14.3906 14.3994 14.409  14.4173 14.4264 14.436  14.4447 14.4536 14.462
 14.4714 14.4795 14.4887 14.4982 14.5077 14.5169 14.5265 14.5367 14.5457
 14.5545 14.5628 14.5718 14.5811 14.59   14.5988 14.6072 14.6162 14.6254
 14.6347 14.6439 14.6526 14.6611 14.6704 14.6791 14.6882 14.6979 14.7069
 14.7162 14.7271 14.7361 14.7459 14.7567 14.7664 14.776  14.7856 14.7965
 14.8077 14.8188 14.8299 14.84   14.8522 14.8627 14.873  14.8844 14.8941
 14.9031 14.9135 14.9239 14.9332 14.942  14.951  14.9627 14.973  14.9841
 14.9945 15.0046 15.015  15.025  15.037  15.0474 15.0607 15.074  15.0864
 15.0982 15.1088 15.1207 15.1324 15.1437 15.1567 15.1734 15.1916 15.206
 15.2218 15.2392 15.2522 15.2712 15.2875 15.3047 15.3223 15.3383 15.3551
 15.3809 15.3984 15.4159 15.4332 15.4499 15.4749 15.5125 15.5286 15.5477
 15.5664 15.61
21.8194 21.9084 22.0494 22.0817 22.1465 22.1999 22.2554 22.2895 22.3317
 22.3562 22.3908 22.4175 22.4412 22.4617 22.4804 22.4991 22.5134 22.5277
 22.5489 22.5663 22.5797 22.5979 22.6124 22.6255 22.6447 22.6571 22.6711
 22.6832 22.6971 22.7095 22.7274 22.7381 22.7515 22.7646 22.7755 22.7884
 22.8021 22.8169 22.8296 22.8431 22.8553 22.8679 22.8793 22.8906 22.9019
 22.9147 22.9242 22.9346 22.9467 22.9585 22.9681 22.9778 22.987  22.9973
 23.0079 23.0183 23.0288 23.0401 23.0506 23.0609 23.0714 23.0815 23.092
 23.1016 23.112  23.1209 23.1296 23.1397 23.1493 23.1586 23.1685 23.1784
 23.1873 23.1962 23.2047 23.213  23.2209 23.2296 23.2382 23.2467 23.2557
 23.2646 23.2732 23.2813 23.2902 23.2987 23.3066 23.3142 23.3222 23.3309
 23.3392 23.3473 23.3556 23.3633 23.3714 23.3799 23.3881 23.3962 23.4052
 23.4132 23.4213 23.4295 23.4376 23.4463 23.4544 23.4621 23.4698 23.4779
 23.4861 23.4942 23.5016 23.5089 23.5167 23.5243 23.5323 23.54   23.5478
 23.5558 23.5637 23.5711 23.5787 23.5863 23.5942 23.602  23.6108 23.619
 23.6266 23.6349 23.6429 23.6506 23.6587 23.6671 23.6751 23.6828 23.6918
 23.6997 23.7081 23.7167 23.7249 23.7326 23.7409 23.7491 23.7574 23.7652
 23.7729 23.7804 23.7884 23.7968 23.8051 23.813  23.8212 23.8288 23.8371
 23.845  23.8532 23.8614 23.8702 23.8786 23.8876 23.8956 23.9044 23.9126
 23.9217 23.9305 23.9384 23.9462 23.9551 23.9647 23.9738 23.9832 23.9923
 24.0012 24.0092 24.0179 24.0285 24.0368 24.0456 24.0538 24.0629 24.072
 24.0812 24.0901 24.0998 24.1085 24.1178 24.1295 24.1397 24.1483 24.1579
 24.1676 24.1774 24.1872 24.1956 24.2066 24.2173 24.2271 24.2373 24.2458
 24.2565 24.2698 24.2814 24.2939 24.306  24.3182 24.3312 24.3426 24.3539
 24.3664 24.3776 24.3897 24.4044 24.4191 24.432  24.4463 24.4591 24.4729
 24.4942 24.5085 24.5214 24.537  24.5543 24.5712 24.5862 24.6007 24.6134
 24.6312 24.6676 24.6988 24.7235 24.7525 24.7779 24.8177 24.8572 25.2516
30.2005 31.0053 31.2483 31.293  31.3198 31.4126 31.4392 31.5706 31.6101
 31.6652 31.7194 31.7325 31.7465 31.7663 31.7846 31.7999 31.8198 31.8504
 31.8627 31.88   31.8968 31.9124 31.9259 31.9409 31.9651 31.9826 32.0126
 32.0289 32.0411 32.0538 32.0715 32.0879 32.104  32.1174 32.1352 32.147
 32.1578 32.1691 32.18   32.1916 32.2059 32.218  32.2289 32.2408 32.2525
 32.2639 32.2789 32.2941 32.3062 32.3181 32.3281 32.3443 32.3575 32.3692
 32.3795 32.3907 32.4058 32.4152 32.4255 32.4359 32.4471 32.4584 32.4679
 32.4792 32.4907 32.501  32.5101 32.5191 32.5284 32.5371 32.5458 32.5552
 32.5657 32.5745 32.5838 32.5941 32.6033 32.6123 32.6216 32.6308 32.6403
 32.6497 32.6594 32.6695 32.6793 32.6897 32.6986 32.708  32.7186 32.7283
 32.7383 32.749  32.7577 32.7675 32.7762 32.784  32.7929 32.8022 32.812
 32.8206 32.8305 32.84   32.8515 32.8622 32.8731 32.8828 32.8929 32.9011
 32.9095 32.9184 32.927  32.9349 32.9447 32.954  32.9638 32.9718 32.9807
 32.9899 33.0001 33.0121 33.0224 33.0312 33.0416 33.0536 33.0629 33.0738
 33.0841 33.0939 33.1054 33.1165 33.1249 33.1388 33.1483 33.1583 33.1692
 33.179  33.1883 33.1994 33.2108 33.2237 33.235  33.2484 33.2652 33.2766
 33.2886 33.3006 33.3107 33.3219 33.3325 33.3445 33.3571 33.3695 33.3831
 33.3971 33.409  33.4217 33.4334 33.4516 33.4731 33.489  33.5082 33.5258
 33.5471 33.5613 33.5788 33.6005 33.6217 33.6422 33.6659 33.6897 33.7072
 33.7347 33.7537 33.8663 33.9427 34.041  38.1283 38.3145
40.5347 40.5926 40.6459 40.6956 40.7388 40.7835 40.8244 40.8436 40.8619
 40.8891 40.9177 40.9687 41.0024 41.0185 41.0339 41.0602 41.0774 41.0962
 41.1184 41.1415 41.1555 41.1686 41.1822 41.1961 41.211  41.225  41.2437
 41.2595 41.2721 41.2865 41.3002 41.3132 41.3262 41.3362 41.3494 41.3604
 41.3767 41.3911 41.4109 41.4239 41.4399 41.4554 41.4717 41.4831 41.4998
 41.513  41.5276 41.5405 41.5518 41.5625 41.5778 41.5896 41.6013 41.6112
 41.6229 41.6364 41.6474 41.6588 41.6715 41.682  41.6943 41.7043 41.7179
 41.7339 41.7492 41.7637 41.777  41.7891 41.8018 41.8138 41.8235 41.8357
 41.8451 41.8552 41.8651 41.8764 41.888  41.9006 41.9115 41.9276 41.9386
 41.9526 41.9633 41.9761 41.9857 41.9967 42.0089 42.0206 42.0334 42.0442
 42.0581 42.0689 42.0824 42.0952 42.1082 42.127  42.1413 42.1539 42.1664
 42.1786 42.1896 42.2007 42.2128 42.2237 42.2356 42.2513 42.2721 42.2889
 42.3019 42.3152 42.3335 42.348  42.3682 42.3966 42.4151 42.4395 42.4549
 42.47   42.485  42.5028 42.5209 42.5409 42.5832 42.6105 42.6662 42.695
 42.7246 42.75   42.9176 46.8479 48.7349 48.8528 48.9946 49.1508 49.2741
 49.3745 49.398  49.4724 49.4983 49.5514 49.5743 49.6078 49.649  49.6808
 49.7297 49.7707 49.7927 49.8364 49.8549 49.8735 49.8896 49.9069 49.9288
 49.9444 49.9631 49.9922
50.0063 50.0217 50.0413 50.0707 50.0845 50.0958 50.1109 50.1313 50.1514
 50.1672 50.1783 50.1917 50.2078 50.219  50.2323 50.2445 50.2545 50.2659
 50.2789 50.2943 50.3072 50.3216 50.3403 50.3549 50.3677 50.382  50.3954
 50.409  50.4246 50.4419 50.4541 50.4651 50.4785 50.4916 50.5054 50.5171
 50.5261 50.5375 50.5523 50.5651 50.5761 50.5897 50.6011 50.6154 50.6282
 50.6414 50.6587 50.6724 50.6844 50.6962 50.7059 50.7166 50.7295 50.7408
 50.7516 50.7628 50.7737 50.7853 50.7951 50.8064 50.8187 50.8332 50.8477
 50.8599 50.8717 50.8828 50.8942 50.9088 50.9219 50.9344 50.9463 50.9576
 50.9667 50.9775 50.9892 51.001  51.0148 51.0253 51.0357 51.0461 51.0588
 51.0694 51.0825 51.095  51.1049 51.117  51.1268 51.1385 51.1543 51.1629
 51.1736 51.187  51.1978 51.208  51.2208 51.2325 51.2449 51.2598 51.2745
 51.2903 51.3078 51.3191 51.3315 51.3484 51.3646 51.3835 51.4011 51.411
 51.4259 51.4416 51.4616 51.4797 51.4966 51.513  51.5497 51.5679 51.5938
 51.6133 51.6381 51.6579 51.6885 51.7247 51.8143 51.8408 51.9569 53.7309
 53.9909 57.0491 58.2409 58.3529 58.6381 58.7606 58.8086 58.8902 58.9198
 58.9611 58.9788 58.9951 59.0204 59.0431 59.071  59.1018 59.1348 59.1621
 59.1797 59.1935 59.2089 59.2285 59.2491 59.2616 59.2767 59.2917 59.3142
 59.3357 59.3494 59.3634 59.3815 59.3967 59.412  59.4269 59.4389 59.4545
 59.468  59.4808 59.4946 59.5081 59.5213 59.5375 59.554  59.5699 59.583
 59.597  59.6094 59.6265 59.6406 59.6548 59.6682 59.6777 59.6882 59.7001
 59.7113 59.7216 59.731  59.7413 59.7514 59.7627 59.7726 59.7818 59.7914
 59.8027 59.8145 59.8246 59.8353 59.8454 59.857  59.8688 59.8799 59.8892
 59.8995 59.9098 59.9225 59.9336 59.9456 59.9544 59.9658 59.9789 59.9935
60.0071 60.0174 60.0275 60.0382 60.0501 60.0618 60.074  60.0859 60.0984
 60.1076 60.1176 60.1275 60.1377 60.1468 60.1569 60.1665 60.1782 60.1888
 60.1984 60.2086 60.2188 60.2321 60.2429 60.2557 60.2674 60.2779 60.2924
 60.3033 60.3174 60.3289 60.3407 60.3551 60.3665 60.3787 60.3904 60.3993
 60.4105 60.4228 60.4356 60.4488 60.4613 60.4752 60.4887 60.5014 60.513
 60.5291 60.5446 60.5587 60.5735 60.6008 60.6155 60.6525 60.672  60.7135
 60.7428 60.7679 60.8137 60.8621 60.915  60.9518 61.1335 66.8174 67.0488
 67.2417 67.2891 67.3676 67.4181 67.4519 67.4751 67.5131 67.5376 67.5624
 67.5803 67.6164 67.6357 67.66   67.6752 67.6923 67.7062 67.7211 67.7406
 67.7571 67.7716 67.786  67.7998 67.814  67.8385 67.8677 67.8808 67.8915
 67.9035 67.9135 67.9306 67.9453 67.9588 67.9709 67.985  68.0021 68.0131
 68.0266 68.0395 68.0493 68.0627 68.073  68.0829 68.0923 68.1032 68.1127
 68.1239 68.135  68.1441 68.1553 68.1645 68.1738 68.1838 68.1948 68.2038
 68.2132 68.2237 68.2328 68.2417 68.2516 68.2617 68.2711 68.2814 68.2907
 68.3001 68.3091 68.3171 68.3257 68.3336 68.3423 68.3512 68.3599 68.3681
 68.3767 68.386  68.3943 68.4025 68.4107 68.4196 68.4293 68.4381 68.4475
 68.4571 68.4666 68.4754 68.4842 68.4933 68.5017 68.5103 68.5194 68.5283
 68.5368 68.546  68.5559 68.565  68.5742 68.5824 68.5911 68.5991 68.607
 68.6157 68.6237 68.6317 68.6397 68.6483 68.6566 68.666  68.676  68.685
 68.6932 68.7025 68.7106 68.7192 68.7276 68.7361 68.7447 68.7543 68.7622
 68.7706 68.7787 68.787  68.797  68.8059 68.8161 68.8261 68.8353 68.8451
 68.8559 68.8644 68.8733 68.8822 68.8911 68.9007 68.91   68.9189 68.9296
 68.9396 68.9494 68.9583 68.9677 68.9781 68.9871 68.9967 69.0061 69.0157
 69.0262 69.0357 69.0465 69.0559 69.0673 69.0788 69.0891 69.0987 69.1086
 69.1185 69.1278 69.138  69.1497 69.1597 69.1718 69.1855 69.196  69.2082
 69.2183 69.2304 69.2411 69.2512 69.2619 69.2723 69.2833 69.2962 69.3105
 69.3213 69.3326 69.3435 69.3545 69.3666 69.3812 69.3927 69.405  69.4199
 69.4356 69.448  69.4626 69.4801 69.5031 69.5202 69.5376 69.5652 69.5896
 69.6259 69.6467 69.6688 69.6911 69.7257 69.7694 69.8407 69.9159

