10.092  10.2888 12.1232 12.2565 12.8856 13.1086 13.1922 13.2494 13.3285
 13.3735 13.4085 13.7395
21.1757 21.835  22.1017 22.1764 22.2968 22.3146 22.4348 22.4655 22.4859
 22.5455 22.5717 22.604  22.6288 22.9353 29.1028
31.1273 31.2596 31.2789 31.3507 31.3845 31.4212 31.5978 31.7595 31.8431
 31.8803
40.0601 40.2647 40.3535 40.5957 40.7593 40.8123 40.8863 40.9762 41.2055
 48.128  48.6797 48.8338 48.9785 49.0664 49.1121 49.1741 49.288  49.6972
 49.7758 49.8226 49.8717 49.9685
57.8515 58.1904 58.7045 58.7682 58.7885 59.0253 59.0595 59.1378 59.2705
66.4706 66.6989 66.9195 67.3643 67.65   67.678  67.7627 67.792  67.9584

