11.1964 12.2076 12.8349 13.0332 13.161  13.2417 13.3132 13.3907 13.4893
 13.6389 13.687  13.7144 13.7336 14.0574
20.9695 21.374  21.4833 21.6938 22.1092 22.1914 22.2357 22.2993 22.5426
 22.5807 22.5989 22.6274 22.7446 22.7666 22.8145 22.8666 22.8831 22.9132
 23.1439 23.4689
30.7415 31.2604 31.6062 31.7309 31.7695 31.963  32.0964 32.1329 32.2198
 32.2412 32.2961 32.3407 32.3631 37.6252
40.3296 40.4364 40.7656 40.788  40.8195 40.9046 40.9667 41.0048 41.1589
 41.3618 48.9128 48.9769 49.0855 49.1803 49.441  49.462  49.5133 49.5475
 49.5984 49.6245 49.6558 49.7004 49.7554 49.7875 49.9253
50.0376 57.7885 58.0696 58.1541 58.3073 58.3702 58.4497 58.4767 58.6147
 58.6385 58.666  58.7245 58.7509 58.87   58.9006 59.0955 59.2072
66.6831 67.0968 67.7543 68.1404 68.5021

