12.7022 13.1026 13.1709 13.3423 13.4253 13.4598 13.5146 13.5505 13.6208
 13.6439 13.6729 13.6929 13.7124 13.7404 13.7615 13.7729 13.786  13.8045
 13.8187 13.8333 13.8616 13.8788 13.8975 13.9099 13.923  13.9368 13.9523
 13.9683 13.9817 13.996  14.0111 14.0246 14.0401 14.0525 14.0667 14.0806
 14.0941 14.1073 14.1188 14.1309 14.1489 14.1631 14.1754 14.1867 14.1976
 14.2073 14.2197 14.2296 14.2397 14.2494 14.2589 14.2686 14.279  14.289
 14.2991 14.3095 14.3212 14.3313 14.3414 14.3506 14.3595 14.3698 14.3787
 14.3879 14.3966 14.4068 14.416  14.4249 14.436  14.4451 14.455  14.464
 14.4728 14.481  14.4892 14.4973 14.5055 14.5147 14.5252 14.5361 14.5459
 14.5555 14.5661 14.5757 14.5843 14.5943 14.6031 14.6135 14.6223 14.6311
 14.6399 14.6487 14.6575 14.6669 14.6757 14.6854 14.6955 14.7047 14.7162
 14.7252 14.7337 14.7434 14.7528 14.7615 14.7708 14.78   14.7896 14.7983
 14.8064 14.8148 14.8239 14.8334 14.8418 14.8503 14.8593 14.8684 14.8772
 14.8864 14.8957 14.9063 14.9144 14.9235 14.9338 14.9421 14.9509 14.9586
 14.9678 14.9767 14.9849 14.9934 15.003  15.0126 15.0227 15.0312 15.0413
 15.0498 15.0591 15.0683 15.0787 15.0884 15.0981 15.1084 15.1173 15.1277
 15.139  15.1492 15.1585 15.1683 15.1795 15.1882 15.1979 15.2102 15.2209
 15.2333 15.2452 15.2546 15.2653 15.275  15.2853 15.2966 15.3066 15.3202
 15.3341 15.3455 15.3566 15.3714 15.3833 15.3962 15.4079 15.4196 15.4352
 15.4486 15.4655 15.4823 15.5064 15.5235 15.5418 15.5559 15.5711 15.5858
 15.6034 15.6249 15.6587 15.6768 15.6948 15.7182 15.7406 15.7576 15.7793
 15.8042 15.8315 15.8616 15.9157 15.9385 15.9594 16.0145 16.0811 16.1415
 16.1899 19.5669
21.5829 22.2562 22.3037 22.3499 22.4149 22.4404 22.4846 22.5164 22.5886
 22.6163 22.6333 22.653  22.6795 22.6934 22.7099 22.7416 22.7676 22.7861
 22.8053 22.821  22.8344 22.849  22.8616 22.8753 22.8936 22.907  22.9179
 22.9334 22.9452 22.9585 22.9699 22.9826 22.9938 23.0057 23.0183 23.0282
 23.0394 23.0495 23.061  23.0726 23.0828 23.0953 23.1045 23.1142 23.1237
 23.1343 23.1449 23.155  23.164  23.1743 23.1827 23.1918 23.2011 23.2094
 23.2186 23.2275 23.2368 23.2453 23.2544 23.2628 23.2717 23.2823 23.29
 23.2979 23.3059 23.3144 23.3228 23.3312 23.3397 23.348  23.3571 23.3651
 23.3733 23.3815 23.3901 23.3984 23.4073 23.4158 23.4237 23.4315 23.4396
 23.4476 23.4552 23.463  23.4708 23.4788 23.4864 23.4941 23.5017 23.5098
 23.5175 23.5255 23.5331 23.5409 23.5485 23.5562 23.5636 23.5708 23.5792
 23.5869 23.5941 23.601  23.6082 23.6156 23.6229 23.6305 23.6377 23.6449
 23.6524 23.6597 23.6674 23.6743 23.6819 23.6894 23.6968 23.7038 23.7116
 23.7193 23.7262 23.7335 23.7413 23.7487 23.7559 23.7632 23.7705 23.7774
 23.7843 23.7912 23.7979 23.8051 23.8122 23.8193 23.8262 23.8337 23.8411
 23.8479 23.8552 23.862  23.8692 23.8761 23.8831 23.8903 23.8972 23.9041
 23.9111 23.9181 23.9254 23.9326 23.9397 23.9466 23.9538 23.9607 23.9675
 23.9749 23.9827 23.9896 23.9964 24.0032 24.0104 24.0175 24.0247 24.0316
 24.0387 24.0463 24.0532 24.0603 24.0673 24.0745 24.0818 24.0892 24.0961
 24.1031 24.1101 24.1173 24.1244 24.1316 24.1392 24.1465 24.1531 24.1598
 24.1669 24.1743 24.1811 24.1883 24.1954 24.2025 24.2099 24.2171 24.2244
 24.2315 24.2386 24.2464 24.254  24.2613 24.2687 24.2764 24.284  24.2917
 24.2988 24.3065 24.3145 24.3221 24.3296 24.3372 24.3447 24.3523 24.3593
 24.3667 24.3741 24.3818 24.3898 24.3978 24.4058 24.4136 24.4213 24.4291
 24.4376 24.4455 24.4536 24.4615 24.47   24.4778 24.4866 24.4947 24.5035
 24.5128 24.521  24.5301 24.5387 24.5475 24.5561 24.5643 24.573  24.5816
 24.591  24.6008 24.6102 24.6197 24.6297 24.6385 24.6477 24.6568 24.6662
 24.6764 24.6862 24.6964 24.7071 24.7171 24.7265 24.7363 24.7467 24.7572
 24.7677 24.7781 24.791  24.8019 24.8142 24.8255 24.8368 24.8494 24.86
 24.8702 24.8828 24.8948 24.9062 24.9186 24.9323 24.9465 24.9613 24.9752
 24.989  25.0032 25.0211 25.0381 25.0579 25.0738 25.0905 25.1092 25.1315
 25.147  25.1692 25.1867 25.2152 25.2348 25.2529 25.2694 25.2863 25.3072
 25.3272 25.3439 25.3611 25.382  25.4081 25.4467 25.4686 25.504  25.5418
 25.585  25.6168 25.6627
31.7857 31.8389 31.8797 31.9194 31.9694 31.9919 32.0299 32.0725 32.1066
 32.1332 32.1624 32.1846 32.1976 32.2209 32.2509 32.2729 32.2927 32.3157
 32.3273 32.3381 32.3505 32.3702 32.3861 32.4053 32.4183 32.4363 32.4556
 32.4719 32.4877 32.5024 32.5191 32.5357 32.5502 32.5625 32.5721 32.5828
 32.5932 32.6061 32.6163 32.6266 32.6415 32.6526 32.6621 32.6731 32.683
 32.6954 32.7043 32.7144 32.7234 32.7333 32.7417 32.7517 32.7617 32.7719
 32.7807 32.7901 32.7993 32.8094 32.8188 32.8283 32.8378 32.8471 32.8567
 32.866  32.8747 32.8829 32.8911 32.9    32.9081 32.9167 32.9261 32.9349
 32.9438 32.9522 32.9608 32.9697 32.9774 32.9858 32.9941 33.0024 33.0105
 33.0188 33.0272 33.0357 33.0444 33.0544 33.0629 33.0709 33.0804 33.0894
 33.0973 33.1058 33.1141 33.1226 33.1304 33.1384 33.1465 33.1548 33.1627
 33.1714 33.1807 33.1897 33.1982 33.2072 33.215  33.2232 33.2325 33.2409
 33.2496 33.2586 33.2671 33.2751 33.2836 33.2916 33.3    33.3088 33.3164
 33.3247 33.332  33.3411 33.3493 33.3579 33.3663 33.3741 33.3825 33.3902
 33.3987 33.4074 33.4149 33.4232 33.4324 33.4408 33.449  33.4579 33.4664
 33.4748 33.4835 33.4924 33.5012 33.5099 33.5186 33.5267 33.5351 33.5439
 33.5532 33.5619 33.5722 33.5807 33.5891 33.5981 33.6066 33.6162 33.6256
 33.635  33.6444 33.6545 33.664  33.6736 33.6824 33.6921 33.7028 33.7133
 33.7228 33.7329 33.7429 33.755  33.7642 33.7733 33.7827 33.7937 33.8046
 33.8191 33.8316 33.8442 33.8553 33.8666 33.8771 33.8872 33.8982 33.9087
 33.919  33.9307 33.9438 33.9587 33.9715 33.9852 33.9976 34.0093 34.0202
 34.0314 34.0453 34.0581 34.0768 34.0912 34.1071 34.1215 34.1343 34.1479
 34.1622 34.1791 34.1943 34.2093 34.2274 34.2455 34.2724 34.2887 34.3113
 34.3276 34.3439 34.3732 34.3976 34.4157 34.4419 34.4699 34.5124 34.5417
 34.5924 34.6198 34.6547 34.6747 34.7072
40.6779 40.7429 40.8488 40.9242 40.9439 40.9921 41.0118 41.0987 41.1283
 41.148  41.1918 41.209  41.2234 41.2434 41.2591 41.2807 41.2956 41.3149
 41.3313 41.348  41.3632 41.3804 41.3982 41.4117 41.4276 41.4398 41.4531
 41.4643 41.475  41.4871 41.5003 41.5127 41.5233 41.5357 41.5475 41.5574
 41.5691 41.5796 41.59   41.6017 41.6144 41.6279 41.6381 41.6487 41.6597
 41.6706 41.6814 41.6907 41.6999 41.7101 41.7201 41.7295 41.7397 41.7497
 41.7589 41.7707 41.7816 41.7941 41.8038 41.8126 41.8229 41.8317 41.8428
 41.8522 41.8621 41.8707 41.8809 41.8901 41.9    41.909  41.9181 41.9275
 41.9364 41.9458 41.9539 41.964  41.9729 41.9832 41.9924 42.0016 42.0113
 42.0201 42.0285 42.0381 42.0472 42.0572 42.0665 42.0768 42.0867 42.0952
 42.105  42.1143 42.1225 42.1312 42.141  42.15   42.1591 42.1691 42.1782
 42.1869 42.1962 42.2047 42.2134 42.2218 42.232  42.2418 42.2512 42.2604
 42.2711 42.2799 42.289  42.298  42.3061 42.3155 42.3246 42.3344 42.344
 42.3541 42.3637 42.3737 42.3834 42.3927 42.4017 42.4108 42.4211 42.4313
 42.4422 42.4523 42.4619 42.472  42.4864 42.499  42.5099 42.5203 42.5324
 42.5433 42.5527 42.565  42.576  42.5878 42.5986 42.6111 42.6241 42.6373
 42.65   42.6636 42.6774 42.6888 42.7002 42.7132 42.7239 42.7376 42.7487
 42.7604 42.7726 42.7866 42.7978 42.81   42.823  42.8332 42.8437 42.856
 42.8694 42.8848 42.8995 42.9118 42.9252 42.9389 42.9522 42.9696 42.9876
 43.0094 43.0233 43.0403 43.0563 43.0685 43.0802 43.0954 43.1125 43.1296
 43.1546 43.185  43.2156 43.232  43.261  43.3002 43.3565 43.3789 43.4123
 43.4411 43.4788 43.5009 43.5376 43.706  43.8178 48.4016 48.538  48.9015
 49.3669 49.3919 49.4192 49.4581 49.4877 49.5168 49.5457 49.5718 49.5979
 49.6237 49.6625 49.6855 49.7092 49.7382 49.7618 49.7846 49.8201 49.8418
 49.8682 49.8841 49.8977 49.9097 49.9246 49.9371 49.9609 49.9897
50.0027 50.0129 50.0289 50.0412 50.056  50.0707 50.0854 50.0998 50.1124
 50.1252 50.1395 50.1505 50.1621 50.176  50.1859 50.1968 50.2077 50.2232
 50.2338 50.2435 50.255  50.2666 50.2767 50.2865 50.296  50.3066 50.3201
 50.3327 50.3432 50.3516 50.36   50.3688 50.3798 50.3909 50.4014 50.4115
 50.4209 50.4302 50.4402 50.4498 50.4591 50.4676 50.477  50.4857 50.4969
 50.5056 50.5163 50.5259 50.5369 50.5465 50.558  50.5664 50.5747 50.5837
 50.5927 50.6015 50.6103 50.6187 50.6277 50.6364 50.6457 50.6539 50.6636
 50.6728 50.6808 50.6897 50.6979 50.7054 50.714  50.7226 50.732  50.7406
 50.7487 50.7569 50.7648 50.7736 50.7829 50.7913 50.8014 50.8098 50.8195
 50.8284 50.8371 50.8472 50.8555 50.8649 50.8748 50.8843 50.8934 50.9024
 50.9113 50.9207 50.9296 50.9393 50.949  50.9593 50.9682 50.9773 50.9859
 50.9955 51.0046 51.0136 51.0229 51.0325 51.0423 51.0505 51.0606 51.0702
 51.0794 51.0888 51.0983 51.1074 51.1163 51.1274 51.1376 51.1468 51.1585
 51.168  51.1793 51.1921 51.2014 51.2123 51.2233 51.234  51.2458 51.2566
 51.2667 51.277  51.2877 51.2988 51.3113 51.3214 51.333  51.3439 51.3543
 51.3652 51.3745 51.3876 51.4021 51.414  51.4295 51.4448 51.4598 51.4718
 51.4839 51.495  51.5076 51.5221 51.5362 51.5517 51.5681 51.5859 51.6004
 51.6168 51.6295 51.6449 51.6675 51.6873 51.7136 51.7279 51.7487 51.7669
 51.7874 51.8085 51.8294 51.8456 51.8819 51.9109 51.9308 51.9654 51.9973
 52.0229 52.0813 52.1328 52.1513 52.1759 52.2015 52.3079 52.4252 56.9637
 58.5169 58.587  58.623  58.6906 58.7618 58.8199 58.8579 58.8768 58.9194
 58.9712 58.989  59.0098 59.0394 59.0544 59.07   59.0885 59.1133 59.1295
 59.1432 59.1568 59.1682 59.18   59.195  59.2091 59.2209 59.2355 59.2492
 59.2602 59.2713 59.2858 59.2988 59.3125 59.3247 59.3345 59.3453 59.3568
 59.3688 59.381  59.3913 59.4018 59.4119 59.4213 59.4302 59.44   59.4518
 59.4644 59.474  59.4832 59.4942 59.5039 59.516  59.5257 59.5361 59.5453
 59.5547 59.5648 59.5741 59.584  59.5938 59.6026 59.6125 59.6219 59.6308
 59.6404 59.6493 59.6578 59.6669 59.6748 59.6841 59.6934 59.7011 59.7099
 59.7176 59.7253 59.7342 59.7432 59.7515 59.7599 59.7679 59.7759 59.7841
 59.7922 59.8002 59.8082 59.816  59.8245 59.8326 59.8411 59.8498 59.8578
 59.8662 59.8741 59.8825 59.8903 59.898  59.9064 59.915  59.9227 59.9304
 59.9384 59.9464 59.9545 59.9631 59.9713 59.9792 59.9879 59.9962
60.0037 60.0111 60.0187 60.0267 60.034  60.0415 60.0496 60.0578 60.0658
 60.0735 60.0815 60.0897 60.0979 60.1052 60.1139 60.1221 60.1296 60.1375
 60.1453 60.1531 60.1611 60.1696 60.178  60.1867 60.1945 60.2022 60.2101
 60.2178 60.2257 60.2337 60.2428 60.2512 60.2594 60.2673 60.275  60.2838
 60.2916 60.2995 60.3077 60.316  60.324  60.3324 60.3403 60.3484 60.3563
 60.3646 60.373  60.3821 60.3905 60.3988 60.4072 60.4157 60.4242 60.4329
 60.4419 60.4516 60.4608 60.4689 60.4784 60.4869 60.4952 60.5036 60.5135
 60.5223 60.5311 60.5404 60.5488 60.5575 60.5673 60.5762 60.5848 60.5932
 60.6022 60.6106 60.6208 60.6298 60.6388 60.6477 60.6579 60.6683 60.6798
 60.6888 60.6994 60.7092 60.7206 60.7319 60.7413 60.7553 60.7665 60.7775
 60.7919 60.8052 60.8163 60.8275 60.8388 60.8504 60.8594 60.8704 60.8824
 60.8956 60.9098 60.9211 60.9343 60.948  60.9627 60.9806 60.9942 61.0183
 61.03   61.0428 61.0573 61.0722 61.0894 61.1164 61.1367 61.1594 61.1809
 61.1969 61.216  61.2425 61.2645 61.282  61.3087 61.3317 61.3485 61.3973
 61.4193 61.5669 61.6027 67.5827 67.7936 67.9527 68.0566 68.1395 68.2264
 68.2818 68.3436 68.3756 68.4119 68.4323 68.4547 68.4823 68.4996 68.5171
 68.5395 68.5765 68.5954 68.6099 68.6305 68.6525 68.6689 68.6997 68.7228
 68.7386 68.7568 68.7804 68.798  68.8118 68.8256 68.8396 68.8531 68.87
 68.8849 68.8999 68.911  68.9248 68.9399 68.954  68.9661 68.9827 68.9957
 69.0072 69.0194 69.0313 69.0467 69.0642 69.0763 69.0906 69.1051 69.1231
 69.1406 69.1542 69.1706 69.1864 69.2013 69.2142 69.2267 69.2434 69.2626
 69.2813 69.296  69.3076 69.32   69.3349 69.3553 69.3689 69.3849 69.4067
 69.4203 69.4364 69.456  69.471  69.4833 69.5005 69.5232 69.5504 69.5715
 69.594  69.615  69.6363 69.6757 69.6958 69.712  69.7295 69.7476 69.7631
 69.7941 69.8302 69.8493 69.8697 69.9017 69.9257 69.9581

