10.3929 10.4708 11.2677 11.5258 12.9731 13.0233 13.1268 13.2168 13.5537
 13.7568 13.8646 13.8832 13.9038 13.9959 14.0098 14.0286 14.0431 14.1129
 14.1586 14.194
20.6268 22.03   22.0923 22.1371 22.274  22.3064 22.4279 22.4664 22.5283
 22.6203 22.6438 22.6992 22.7229 22.755  22.7823 22.8089 22.8296 22.8489
 22.8674 22.8818 22.9008 22.9622 22.9862 23.0125 23.0299 23.0438 23.0604
 23.0812 23.0936 23.1094 23.1194 23.1397 23.1534 23.1752 23.1864 23.2111
 23.2388 23.2646 23.2776 23.2961 23.3132 23.3359 23.3554 23.3869 23.4015
 23.4858 28.8166
31.3209 31.5568 31.6236 31.8501 31.883  31.9131 31.9311 32.0051 32.1019
 32.2311 32.2496 32.3178 32.3378 32.4524 32.474  32.4918 32.5384 32.5801
 32.6016 32.6499 32.7874 39.6288
40.0494 40.2448 40.6348 40.6726 40.7816 40.8229 40.9819 40.9944 41.0333
 41.1244 41.1774 41.212  41.3294 41.4159 41.6663 47.1509 47.7252 48.0679
 48.7923 49.0412 49.1074 49.2901 49.3478 49.3919 49.4732 49.5343 49.5689
 49.591  49.6836 49.7065 49.7423 49.7648 49.8818 49.9398
50.0134 50.0344 50.0504 50.1688 50.2469 50.3096 56.3406 58.1824 58.2386
 58.3584 58.5336 58.6169 58.7606 58.8158 58.9048 58.9272 59.1077 59.1231
 59.1916 59.2101 59.2271 59.2625 59.3088 59.3723 59.3899 59.4053 59.4253
 59.4503 59.4712 59.493  59.5149 59.5313 59.5579 59.5937 59.6924
66.3787 67.1482 67.2344 68.0278 68.056  68.1012 68.2505

