12.8908 13.0358 13.1338 13.4612 13.5858 13.617  13.6937 13.7244 13.7524
 13.7711 13.7909 13.8117 13.8441 13.8821 13.9362 13.9523 13.9704 13.9855
 14.0143 14.0335 14.0531 14.0769 14.0949 14.1113 14.125  14.1393 14.1621
 14.1846 14.198  14.2092 14.2261 14.2377 14.2494 14.2621 14.2776 14.2903
 14.3049 14.318  14.332  14.3466 14.3604 14.3716 14.3839 14.4003 14.4173
 14.4315 14.4469 14.4586 14.4736 14.4904 14.5037 14.5203 14.5352 14.5506
 14.5631 14.5776 14.5942 14.609  14.6213 14.6435 14.6553 14.6668 14.6812
 14.6958 14.7124 14.7273 14.7415 14.7535 14.7652 14.779  14.7961 14.8097
 14.8239 14.8391 14.8568 14.8723 14.8885 14.9038 14.9157 14.9305 14.9433
 14.9537 14.9687 14.9813 14.9968 15.0121 15.0275 15.0382 15.0498 15.0644
 15.0759 15.0939 15.1086 15.1269 15.1442 15.1567 15.1706 15.1837 15.2046
 15.2183 15.2297 15.2444 15.2568 15.271  15.2834 15.3019 15.3188 15.3317
 15.3434 15.3548 15.3663 15.3772 15.3878 15.4    15.4143 15.4302 15.4534
 15.4658 15.4798 15.4972 15.5102 15.5237 15.5407 15.5548 15.57   15.5832
 15.5964 15.6142 15.6308 15.6434 15.6634 15.6777 15.6905 15.7057 15.7269
 15.7456 15.7628 15.7815 15.8047 15.8193 15.8437 15.8664 15.8879 15.9061
 15.9321 15.9509 16.0038 16.0262 16.0533 16.0716 16.097  16.1228 16.1408
 16.1684 16.2188 16.3387 16.3723 16.5484
22.2378 22.3487 22.3821 22.5084 22.5543 22.605  22.6453 22.6647 22.6876
 22.7543 22.7934 22.8178 22.8509 22.8803 22.9128 22.9282 22.9518 22.9694
 22.9882 23.0024 23.022  23.0374 23.0595 23.0798 23.1054 23.1198 23.1348
 23.1469 23.1618 23.1737 23.1851 23.1981 23.2117 23.2223 23.2333 23.2462
 23.2569 23.2684 23.2819 23.2937 23.3079 23.3248 23.3367 23.3523 23.3646
 23.3787 23.3903 23.4012 23.4112 23.4208 23.4354 23.4462 23.4575 23.468
 23.479  23.4923 23.5046 23.5166 23.5267 23.5372 23.548  23.5591 23.5719
 23.5825 23.5936 23.6044 23.6147 23.6259 23.6366 23.646  23.6561 23.6669
 23.676  23.6876 23.6979 23.7109 23.7196 23.7308 23.7416 23.7519 23.7625
 23.772  23.7812 23.7913 23.8011 23.8103 23.8207 23.8306 23.8415 23.8517
 23.8607 23.8711 23.8811 23.8918 23.9011 23.9104 23.9199 23.9305 23.9414
 23.952  23.9613 23.9705 23.9797 23.9904 23.9993 24.0086 24.021  24.0312
 24.0413 24.0514 24.061  24.071  24.0797 24.0887 24.0973 24.1065 24.1152
 24.1246 24.1342 24.1436 24.1534 24.1628 24.1729 24.182  24.1917 24.2013
 24.2109 24.2193 24.2294 24.2382 24.2463 24.2559 24.2648 24.2729 24.2816
 24.2901 24.299  24.3092 24.3176 24.3263 24.3354 24.3442 24.3537 24.3626
 24.3719 24.3815 24.3901 24.3986 24.4074 24.4165 24.4247 24.4334 24.4423
 24.4512 24.4603 24.4683 24.478  24.4875 24.4966 24.5056 24.5154 24.5245
 24.5329 24.5409 24.5501 24.5584 24.5679 24.5776 24.5862 24.5955 24.6038
 24.6124 24.6219 24.6303 24.6391 24.6477 24.6574 24.6679 24.6785 24.6879
 24.6969 24.7064 24.7171 24.7264 24.7359 24.7462 24.7548 24.7647 24.7744
 24.7837 24.7943 24.8043 24.8131 24.8225 24.8321 24.8412 24.8504 24.8619
 24.8705 24.8818 24.8922 24.9046 24.9156 24.9263 24.9367 24.9463 24.957
 24.9675 24.979  24.989  25.0013 25.0131 25.0243 25.0354 25.0482 25.0583
 25.0703 25.0809 25.092  25.1046 25.1161 25.1306 25.1436 25.1561 25.1687
 25.1813 25.1946 25.2101 25.223  25.2394 25.2524 25.2681 25.2817 25.296
 25.3116 25.3288 25.3477 25.3673 25.384  25.4043 25.4267 25.4527 25.4735
 25.5047 25.5391 25.564  25.6089 25.6375 25.6758 25.7055 25.7547 25.8554
31.5416 31.6629 31.818  32.0622 32.103  32.1799 32.2198 32.2778 32.3465
 32.3745 32.4246 32.4527 32.4726 32.4946 32.5157 32.5323 32.557  32.5856
 32.602  32.6188 32.6365 32.657  32.6705 32.6822 32.6952 32.7149 32.728
 32.7455 32.7573 32.7695 32.781  32.7947 32.81   32.8217 32.8327 32.845
 32.8652 32.8798 32.895  32.906  32.9172 32.9313 32.9421 32.9522 32.964
 32.978  32.9902 33.0048 33.018  33.0302 33.0392 33.0513 33.0649 33.0799
 33.0917 33.1049 33.1186 33.1298 33.1421 33.1559 33.1669 33.1813 33.1934
 33.2052 33.2192 33.2324 33.2425 33.2572 33.2741 33.2888 33.3013 33.3149
 33.3253 33.3362 33.3485 33.3618 33.3732 33.3867 33.4001 33.4145 33.4264
 33.4368 33.448  33.4601 33.4701 33.4826 33.4938 33.5063 33.5162 33.5272
 33.5388 33.5506 33.56   33.5715 33.5834 33.5948 33.6039 33.6148 33.6268
 33.637  33.6501 33.6623 33.6734 33.6866 33.6987 33.7103 33.7219 33.7344
 33.7465 33.7588 33.7698 33.7833 33.7962 33.8079 33.8193 33.8338 33.8485
 33.8596 33.8718 33.8829 33.8936 33.908  33.9192 33.9309 33.9413 33.9529
 33.9658 33.9778 33.9964 34.0096 34.0251 34.0366 34.0523 34.0666 34.0789
 34.0954 34.1087 34.1244 34.1383 34.1515 34.1634 34.1788 34.1963 34.2129
 34.2279 34.241  34.2547 34.2694 34.2818 34.3012 34.3172 34.3331 34.3526
 34.3729 34.3908 34.4061 34.4216 34.441  34.4628 34.4868 34.5102 34.535
 34.5629 34.5968 34.6337 34.6659 34.7079 34.7388 34.862  34.8994 39.0658
 39.9498
40.1199 40.9269 40.9784 41.0344 41.0554 41.0849 41.1158 41.1596 41.2382
 41.2648 41.2858 41.3098 41.3368 41.3531 41.3691 41.3865 41.4113 41.4405
 41.4527 41.4793 41.4955 41.5108 41.5259 41.5451 41.5676 41.581  41.5944
 41.6082 41.6307 41.6473 41.6668 41.6825 41.696  41.7146 41.7277 41.7403
 41.7552 41.7674 41.7884 41.8068 41.8209 41.8378 41.8501 41.8679 41.8827
 41.9125 41.9288 41.9445 41.9573 41.9706 41.9826 41.9966 42.0088 42.0256
 42.0405 42.0581 42.0719 42.0867 42.1029 42.1183 42.1345 42.1579 42.1718
 42.1844 42.1974 42.2153 42.2324 42.2493 42.2618 42.277  42.2889 42.3043
 42.3185 42.3337 42.348  42.3605 42.3774 42.3896 42.4077 42.4232 42.4364
 42.4473 42.4648 42.477  42.4886 42.5043 42.5181 42.53   42.5426 42.5553
 42.5678 42.5809 42.5952 42.6058 42.6217 42.6355 42.6497 42.6639 42.6829
 42.6959 42.7114 42.7252 42.7382 42.7485 42.7606 42.7785 42.7936 42.8059
 42.8161 42.8302 42.843  42.8555 42.8728 42.8899 42.9068 42.9225 42.9353
 42.9515 42.9709 42.9878 43.0039 43.0181 43.0414 43.0563 43.0727 43.0889
 43.1093 43.1265 43.1533 43.1667 43.1787 43.1954 43.2107 43.2275 43.2479
 43.2667 43.2889 43.3063 43.3254 43.3403 43.3587 43.3781 43.4035 43.4246
 43.4485 43.4733 43.4932 43.5302 43.5618 43.5877 43.6347 43.6769 43.8417
 48.681  48.9534 49.1074 49.1547 49.2492 49.3358 49.4779 49.517  49.6236
 49.7009 49.7262 49.7524 49.7746 49.81   49.8288 49.8521 49.8781 49.9028
 49.9239 49.9406 49.9579 49.9713
50.0093 50.0331 50.0507 50.0651 50.0769 50.0984 50.1114 50.1259 50.1424
 50.1633 50.1801 50.2006 50.2174 50.2323 50.2573 50.2722 50.2871 50.2992
 50.3163 50.3314 50.3497 50.3656 50.3793 50.3965 50.4074 50.4206 50.4373
 50.4505 50.4658 50.4778 50.4923 50.5045 50.5186 50.5322 50.5458 50.5602
 50.5765 50.5962 50.6114 50.6274 50.649  50.6636 50.6764 50.6896 50.7017
 50.7182 50.7338 50.7474 50.759  50.7699 50.7839 50.7967 50.8088 50.8248
 50.8366 50.8509 50.8626 50.875  50.8887 50.9042 50.9144 50.9288 50.9436
 50.963  50.9777 50.9905 51.0034 51.0143 51.0254 51.0422 51.0554 51.0693
 51.0808 51.093  51.1072 51.1182 51.1322 51.1422 51.156  51.1691 51.1838
 51.1966 51.2095 51.2222 51.2355 51.2514 51.2641 51.2745 51.2899 51.3057
 51.3194 51.3325 51.3456 51.36   51.3724 51.3862 51.4033 51.4159 51.4297
 51.4434 51.4594 51.4722 51.485  51.4993 51.514  51.5265 51.5407 51.5541
 51.5658 51.5769 51.5906 51.6039 51.6159 51.6296 51.6406 51.6571 51.6718
 51.6914 51.7029 51.7307 51.7508 51.7658 51.7833 51.7987 51.8136 51.8322
 51.8562 51.8747 51.8922 51.9082 51.9268 51.9463 51.9657 51.9844 52.0024
 52.0235 52.0445 52.0663 52.0862 52.1369 52.1846 52.224  52.2659 52.2959
 52.355  52.3998 58.0889 58.5606 58.6129 58.6565 58.6885 58.759  58.7847
 58.85   58.8728 58.8988 58.9364 58.9699 58.9968 59.0297 59.0539 59.0781
 59.0983 59.1213 59.147  59.1742 59.1875 59.2064 59.2228 59.2419 59.2657
 59.2807 59.3097 59.3246 59.3479 59.3615 59.3858 59.4049 59.4204 59.4361
 59.4549 59.4666 59.4787 59.4924 59.5031 59.5139 59.527  59.5396 59.5542
 59.5654 59.5781 59.5936 59.6057 59.625  59.6386 59.6515 59.6663 59.6787
 59.6901 59.7033 59.7134 59.7234 59.7355 59.746  59.7572 59.7711 59.7831
 59.7948 59.8102 59.8237 59.8428 59.8544 59.8635 59.8765 59.8896 59.8992
 59.9124 59.9254 59.9438 59.9551 59.9657 59.977  59.9886 59.9998
60.0113 60.0257 60.0362 60.0465 60.0566 60.0667 60.0786 60.0892 60.1014
 60.1115 60.1228 60.1356 60.1454 60.1563 60.1661 60.1794 60.19   60.2046
 60.2156 60.2313 60.244  60.2545 60.2677 60.2782 60.2908 60.3027 60.3141
 60.3249 60.3361 60.346  60.356  60.3669 60.3785 60.3896 60.3996 60.411
 60.4229 60.434  60.4433 60.4542 60.4653 60.4783 60.4879 60.4989 60.5089
 60.5209 60.5336 60.5477 60.5609 60.5734 60.5864 60.5978 60.6093 60.6204
 60.6305 60.6399 60.6519 60.6629 60.6732 60.6844 60.6946 60.7053 60.7167
 60.7264 60.7371 60.747  60.7588 60.7705 60.7833 60.7931 60.8031 60.8164
 60.8281 60.8392 60.8526 60.8624 60.8733 60.8843 60.8935 60.9049 60.9177
 60.9313 60.9437 60.9559 60.9681 60.9801 60.994  61.0049 61.016  61.0279
 61.042  61.0544 61.0666 61.0789 61.0921 61.1062 61.1228 61.139  61.1541
 61.168  61.1795 61.1937 61.2103 61.2233 61.2375 61.2519 61.2713 61.2933
 61.3146 61.3303 61.3501 61.3755 61.4037 61.4373 61.4657 61.4901 61.5132
 61.5518 61.5749 61.5969 61.6443 61.6891 61.7415 61.8181 61.8656 65.7156
 67.6848 67.9619 68.1482 68.2029 68.2867 68.3321 68.3552 68.3974 68.4437
 68.4765 68.5002 68.5208 68.5488 68.5981 68.6118 68.6482 68.6806 68.708
 68.7391 68.7797 68.7988 68.8208 68.8504 68.8804 68.9096 68.9249 68.9464
 68.9736 68.9926 69.0114 69.0387 69.0657 69.1303 69.1638 69.1816 69.201
 69.2166 69.2358 69.2539 69.2694 69.2848 69.3253 69.3521 69.3758 69.393
 69.4213 69.4411 69.4673 69.4879 69.5218 69.5624 69.5928 69.6413 69.6654
 69.6855 69.7837 69.8494 69.8698 69.8908 69.9367 69.9688

