12.7506 12.9953 13.0309 13.3449 13.487  13.5286 13.5449 13.5579 13.5712
 13.603  13.6325 13.6467 13.6792 13.6947 13.7112 13.7285 13.7611 13.7859
 13.7982 13.8194 13.8597 13.8868 13.9177 13.9469 13.9669 13.9871 14.0031
 14.0228 14.0582 14.0707 14.0933 14.1243 14.1407 14.1548 14.1672 14.2135
 14.2335 14.2485 14.2716 14.2912 14.3068 14.4059 14.4705 14.603
21.1475 21.7899 21.8728 21.9407 22.0379 22.2352 22.2578 22.3424 22.3771
 22.4119 22.441  22.4732 22.5256 22.5437 22.5668 22.5797 22.6002 22.6143
 22.637  22.6634 22.6853 22.6982 22.7138 22.7306 22.7431 22.7539 22.7651
 22.7795 22.7956 22.8074 22.8202 22.8358 22.8494 22.8663 22.8818 22.8959
 22.9168 22.931  22.9419 22.9542 22.9656 22.9774 22.9919 23.0051 23.0184
 23.041  23.0612 23.0742 23.0943 23.106  23.1219 23.135  23.1514 23.1629
 23.1769 23.1907 23.2073 23.2165 23.2277 23.2406 23.2533 23.2629 23.2737
 23.2862 23.2969 23.3084 23.3235 23.3386 23.3529 23.3621 23.3787 23.3913
 23.4055 23.4193 23.4291 23.4452 23.4584 23.4763 23.4964 23.5147 23.5511
 23.5969 23.6656 23.6872 23.7088 23.8884 29.2451
30.4531 30.788  31.1028 31.1248 31.8162 31.9527 31.9845 32.0017 32.0269
 32.0559 32.0728 32.1063 32.2108 32.2388 32.2567 32.2986 32.3196 32.332
 32.3464 32.3602 32.3735 32.3875 32.4044 32.4208 32.44   32.455  32.47
 32.4838 32.4999 32.5418 32.5583 32.57   32.5948 32.6176 32.6316 32.6684
 32.6971 32.719  32.7468 32.7932 32.8262 32.8482 32.8714 32.8942 32.9105
 39.9663
40.3266 40.5479 40.5786 40.6746 40.7367 40.8757 40.9262 40.9765 40.9964
 41.0232 41.0679 41.0904 41.1208 41.1726 41.2368 41.2524 41.2875 41.307
 41.3499 41.3756 41.3946 41.4104 41.4231 41.443  41.4609 41.4758 41.4902
 41.5081 41.5282 41.546  41.5621 41.5818 41.6099 41.6383 41.6563 41.672
 41.6942 41.708  41.8539 46.7259 47.5083 47.5428 48.7597 49.0768 49.1918
 49.2225 49.2716 49.3104 49.4068 49.449  49.5268 49.5799 49.6059 49.636
 49.6906 49.7096 49.7326 49.7663 49.7916 49.808  49.8232 49.8475 49.8628
 49.8764 49.9013 49.9307 49.9439 49.9701 49.9933
50.0065 50.0251 50.0535 50.0695 50.0845 50.0984 50.1189 50.1394 50.1933
 50.2149 50.2321 50.2487 50.2623 50.2755 50.2942 50.3067 50.319  50.3509
 50.4024 50.4361 50.4552 50.5299 50.5615 56.3907 57.5077 57.7472 57.9243
 57.987  58.013  58.0638 58.1424 58.2843 58.3683 58.4199 58.5319 58.5527
 58.6218 58.6384 58.6579 58.7049 58.7201 58.7396 58.7645 58.8078 58.8232
 58.8409 58.8634 58.8773 58.9039 58.9191 58.9356 58.9591 58.9779 58.9915
 59.0067 59.0197 59.0316 59.0425 59.0607 59.0852 59.1044 59.1185 59.1321
 59.1431 59.1536 59.1685 59.1864 59.2043 59.2188 59.2349 59.2512 59.2638
 59.2819 59.2943 59.3053 59.3252 59.352  59.3673 59.3784 59.3912 59.4063
 59.4358 59.4901 59.5117 59.5236 59.538  59.5789 59.5953 59.6375 59.6592
 59.8104
65.3368 66.6976 66.7576 67.0429 67.5385 67.7806 67.9485 67.9851 68.0259
 68.0706 68.2444 68.3423 68.368  68.5327 68.5668 68.7673

