14.2868 14.3964 14.4369 14.5061 14.6126 14.6347 14.6978 14.7285 14.772
 14.7948 14.8387 14.8707 14.9245 15.0081 15.2919
23.3141 23.4258 23.5337 23.5966 23.6753 23.7455 23.8138 23.8946 24.0905
 24.1337 24.2878 24.5091
31.3378 31.7416 32.7999 32.9722 32.9927 33.0283 33.2238 33.2455 33.3663
 33.4094 33.4503 33.4786 33.5596 33.6093 33.6722 33.6955 33.7896 33.8248
 33.8476 33.8874 33.9526 34.0204
42.0693 42.1525 42.3947 42.4649 42.4903 42.5786 42.6219 42.7846 42.8186
 42.8432 42.9161 42.9372 42.9688 42.9897 43.0516 43.1952 43.3839 43.4686
 49.8674
50.5829 51.1536 51.2463 51.419  51.4452 51.5317 51.5681 51.5887 51.6221
 51.7108 51.7939 51.931  51.9663 52.0191 52.1416 59.5892 59.7756 59.8194
 59.8925
60.0096 60.0832 60.3832 60.4464 60.5458 60.7593 60.9534 61.0523 61.1831
 68.9635 69.2887 69.5409 69.6194 69.7109 69.7724 69.7917 69.811  69.9776

