12.6307 13.1665 13.7956 13.8247 13.961  14.1209 14.1473 14.1972 14.2147
 14.3092 14.3509 14.3755 14.4017 14.5506 14.6006 14.6829 14.9248 19.815
20.5585 22.6118 22.8766 23.1549 23.2408 23.2906 23.3621 23.3914 23.4906
 23.554  23.5741 23.5949 23.6507 23.7538 23.8238 23.8647 23.8924 23.9187
 23.9898
30.142  31.4665 31.6685 31.9427 32.3132 32.3563 32.5428 32.5864 32.7335
 32.853  32.8989 32.9536 32.9735 32.9943 33.0109 33.0381 33.0949 33.1173
 33.1508 33.2143 33.3122 33.3267 33.3458 33.3669 33.4789
40.3345 40.5412 41.0142 41.5537 41.9367 42.0297 42.0567 42.0963 42.1414
 42.1739 42.3957 42.5051 42.6109 42.8311
50.3874 50.4921 50.5146 50.5667 50.6436 50.7012 50.8359 50.9517 51.0042
 51.1139 51.1564 51.1736 51.2135 51.2339 51.2888 51.3808 51.4175 51.4447
 51.4934 51.5279 51.6749 51.7465 51.8618 59.1848 59.2028 59.4239 59.479
 59.8799 59.9476 59.9693
60.0235 60.1029 60.1221 60.1415 60.1644 60.1988 60.2131 60.2266 60.2535
 60.2801 60.5233 60.5365 60.5625 60.5885 60.7656 67.3798 67.9092 68.3773
 68.7776 69.124  69.219  69.3627 69.3952 69.6475 69.6655

