11.8356 12.2411 13.5646 13.7656 13.8567 14.0011 14.0598 14.2051 14.3249
 14.3702 14.4264 14.4437 14.4614 14.4785 14.5026 14.5222 14.5446 14.5637
 14.5755 14.6108 14.6247 14.644  14.665  14.704  14.7238 14.7413 14.7575
 14.7722 14.7904 14.812  14.8314 14.8456 14.8616 14.875  14.8984 14.91
 14.9285 14.94   14.9514 14.9732 14.9961 15.0127 15.0275 15.0436 15.0654
 15.0819 15.0936 15.1068 15.1314 15.1465 15.1627 15.188  15.2278 15.268
 15.2954 15.3748
22.1767 23.1299 23.3098 23.4784 23.4999 23.6194 23.6391 23.6654 23.7258
 23.7447 23.804  23.822  23.8378 23.8619 23.881  23.9017 23.9236 23.9463
 23.9624 23.982  23.9997 24.0177 24.0336 24.0511 24.0628 24.0807 24.0947
 24.1259 24.1426 24.1612 24.1869 24.2092 24.2282 24.2465 24.2768 24.3024
 24.3165 24.3319 24.3517 24.3728 24.3975 24.4113 24.4254 24.4471 24.4657
 24.5023
32.43   32.4913 32.5219 32.6096 32.7223 32.7429 32.7618 32.8017 32.8358
 32.8641 32.8942 32.9129 32.9345 32.9541 32.9718 32.9858 33.0004 33.0166
 33.0516 33.0696 33.0936 33.1192 33.1502 33.1719 33.1901 33.2006 33.2194
 33.2374 33.2519 33.2635 33.2843 33.2983 33.3135 33.3289 33.3482 33.3663
 33.3795 33.3969 33.4094 33.4248 33.4437 33.458  33.4733 33.486  33.5029
 33.52   33.5342 33.5526 33.564  33.5757 33.5858 33.5968 33.6099 33.6199
 33.6332 33.6512 33.6793 33.6913 33.7061 33.7169 33.7283 33.7453 33.759
 33.772  33.7871 33.8015 33.8255 33.8649 33.8838 33.9078 33.9227 33.9609
 33.9977 34.024  34.0407
41.0129 41.568  42.0063 42.0909 42.2338 42.2949 42.3511 42.3684 42.4034
 42.4186 42.4558 42.4779 42.4956 42.5204 42.5358 42.5565 42.6264 42.6417
 42.6616 42.7136 42.7373 42.7599 42.7744 42.7906 42.8127 42.829  42.8481
 42.8606 42.8774 42.896  42.914  42.9344 42.9555 42.9789 42.9978 43.0134
 43.0352 43.0523 43.0638 43.0855 43.1105 43.1251 43.1593 43.1981 43.2354
 43.3579 49.6528
50.4267 51.0449 51.0771 51.1939 51.2981 51.3241 51.3466 51.4263 51.4486
 51.4847 51.513  51.5371 51.5784 51.5946 51.6347 51.6586 51.6858 51.7303
 51.7507 51.7745 51.7964 51.8127 51.8309 51.8597 51.898  51.9146 51.9442
 51.9743 51.988  52.0026 52.0313 52.07   52.0864 52.1047 52.1251 52.169
 52.1871 52.2109 52.2369 52.306  52.3275 52.3524 52.4068 52.5243 59.6681
 59.7019 59.7759 59.9198 59.9869
60.0613 60.104  60.1786 60.2136 60.2359 60.2555 60.2868 60.3827 60.3991
 60.4388 60.4656 60.4839 60.4987 60.5154 60.5298 60.5502 60.5636 60.584
 60.6002 60.6361 60.6634 60.684  60.6964 60.7159 60.7307 60.7407 60.7671
 60.7858 60.7989 60.8158 60.8366 60.8507 60.8763 60.8947 60.9348 60.9607
 61.0568 61.1611 68.4178 68.6839 68.8416 69.1654 69.2805 69.3068 69.3535
 69.4518 69.5045 69.5497 69.575  69.5934 69.6274 69.659  69.6851 69.7132
 69.7314 69.7821 69.8126 69.8289 69.8632 69.8966 69.9283 69.9694 69.98
 69.9994

