11.501  13.0322 13.1797 13.2895 13.3687 13.4407 13.4734 13.6276 13.6515
 13.7057 13.7349 13.7575 13.778  13.814  13.8431 13.8623 13.8813 13.894
 13.9187 13.9341 13.9562 13.9728 13.9956 14.0107 14.0236 14.0522 14.0755
 14.0944 14.1151 14.1325 14.1487 14.1639 14.1828 14.1979 14.2147 14.2348
 14.2463 14.2591 14.2738 14.2918 14.304  14.3156 14.3275 14.3409 14.3516
 14.3654 14.3803 14.3928 14.4051 14.4168 14.4318 14.4455 14.4619 14.4777
 14.496  14.5083 14.5255 14.5379 14.5491 14.5606 14.5814 14.5951 14.6056
 14.6188 14.6304 14.6434 14.6539 14.6654 14.6766 14.6874 14.6986 14.7122
 14.7231 14.7337 14.7454 14.7553 14.7662 14.7798 14.7907 14.8052 14.8185
 14.8313 14.8451 14.8576 14.8694 14.8802 14.892  14.9023 14.9121 14.9217
 14.9333 14.9476 14.9612 14.9736 14.9848 14.9983 15.0101 15.0208 15.0332
 15.0448 15.0576 15.0715 15.0855 15.098  15.1092 15.1218 15.1359 15.1485
 15.1619 15.1742 15.1859 15.198  15.2095 15.2245 15.2381 15.2501 15.2624
 15.2749 15.2865 15.3    15.3144 15.33   15.3448 15.3589 15.3708 15.3867
 15.4057 15.4224 15.439  15.4548 15.4816 15.5103 15.528  15.5506 15.5734
 15.5918 15.6098 15.6475 15.7417 15.7715 15.8055 19.0575
21.6689 23.2349 23.2767 23.3658 23.415  23.4558 23.5399 23.5575 23.5816
 23.6753 23.7027 23.7437 23.7805 23.8548 23.881  23.8999 23.9196 23.9438
 23.9623 23.9766 23.9893 24.0089 24.0272 24.0453 24.063  24.078  24.1004
 24.1192 24.1401 24.16   24.1748 24.1902 24.2055 24.219  24.2315 24.2441
 24.2574 24.2731 24.2884 24.3094 24.32   24.3358 24.3531 24.3662 24.3783
 24.3971 24.4103 24.4261 24.4373 24.449  24.4597 24.4726 24.4848 24.4948
 24.5053 24.5148 24.526  24.5389 24.5527 24.5637 24.5761 24.5882 24.6001
 24.6143 24.6276 24.6409 24.6596 24.6685 24.6788 24.6904 24.7027 24.7148
 24.7254 24.7365 24.7473 24.756  24.7659 24.7765 24.7874 24.7973 24.8076
 24.8201 24.8322 24.8431 24.8541 24.8667 24.8779 24.8875 24.8984 24.9105
 24.9226 24.9396 24.9496 24.9626 24.974  24.9855 24.9972 25.0083 25.0176
 25.0275 25.0381 25.0483 25.0591 25.0736 25.0849 25.095  25.1067 25.1185
 25.1327 25.1463 25.1575 25.1682 25.1827 25.1996 25.2189 25.2336 25.2503
 25.2678 25.2802 25.2897 25.3029 25.3172 25.3385 25.358  25.3709 25.3837
 25.3983 25.418  25.4344 25.4496 25.4648 25.4796 25.4971 25.5164 25.5414
 25.5648 25.6036 25.6257 25.6714 25.6977 25.7257
32.4246 32.4779 32.6016 33.008  33.1069 33.2936 33.4539 33.5297 33.5956
 33.6629 33.6959 33.7155 33.7393 33.763  33.7848 33.8199 33.8548 33.8754
 33.9163 33.9499 33.9693 34.0121 34.0504 34.1015 34.1422 34.1657 34.1923
 34.2207 34.2532 34.2779 34.2951 34.3084 34.3228 34.3407 34.3564 34.3691
 34.3895 34.4128 34.4304 34.4409 34.4536 34.4733 34.4892 34.508  34.5198
 34.5327 34.5447 34.5607 34.5753 34.5896 34.6022 34.6149 34.6259 34.6392
 34.6558 34.6681 34.6817 34.695  34.7122 34.7248 34.7349 34.7447 34.7561
 34.7676 34.7779 34.7946 34.808  34.8194 34.8328 34.8431 34.8539 34.8672
 34.8818 34.8929 34.9033 34.9207 34.9317 34.9409 34.9511 34.963  34.9797
 34.9933 35.0066 35.0178 35.0286 35.0391 35.0478 35.0585 35.0681 35.0774
 35.0889 35.0994 35.1122 35.1239 35.1358 35.1458 35.1561 35.1665 35.1761
 35.1864 35.2001 35.212  35.2249 35.2349 35.2457 35.256  35.2669 35.2772
 35.2872 35.2982 35.3089 35.3232 35.3341 35.3446 35.3543 35.3656 35.3763
 35.3867 35.3959 35.4097 35.42   35.4339 35.4505 35.461  35.474  35.4882
 35.4986 35.5097 35.5207 35.5337 35.5489 35.5602 35.5718 35.5847 35.5976
 35.6156 35.6324 35.6486 35.6648 35.6828 35.7011 35.7247 35.7387 35.7606
 35.7858 35.8185 35.8448 35.8638 35.8873 35.9207 35.9386 35.9791 36.0234
 36.1833
42.0398 42.3955 42.7377 42.8016 42.8264 42.8541 42.88   42.8994 42.9326
 43.0049 43.0455 43.1003 43.1229 43.1489 43.2205 43.2415 43.2647 43.2865
 43.3084 43.3293 43.3611 43.3872 43.4027 43.4186 43.4349 43.4656 43.4855
 43.5032 43.523  43.5421 43.556  43.5703 43.5852 43.6004 43.6151 43.6299
 43.6482 43.6629 43.6779 43.6991 43.7118 43.7243 43.7388 43.752  43.7712
 43.7852 43.797  43.8106 43.824  43.8391 43.8539 43.8652 43.8774 43.8901
 43.903  43.9141 43.9272 43.9413 43.9578 43.9721 43.9848 43.9972 44.009
 44.0202 44.0297 44.0416 44.0585 44.0699 44.0813 44.0931 44.1047 44.1169
 44.1284 44.1425 44.1523 44.1653 44.1771 44.1881 44.1998 44.2097 44.2203
 44.2293 44.2398 44.2502 44.2602 44.2717 44.2845 44.2961 44.3091 44.3183
 44.3315 44.3435 44.3527 44.3637 44.3742 44.3839 44.3947 44.4066 44.4199
 44.4334 44.4463 44.4558 44.4681 44.4788 44.4905 44.5015 44.5133 44.5244
 44.536  44.546  44.557  44.5684 44.5785 44.5895 44.6017 44.6133 44.6259
 44.6374 44.6497 44.6595 44.672  44.6869 44.6988 44.7134 44.7288 44.7441
 44.76   44.7799 44.7971 44.8142 44.8345 44.8526 44.8693 44.8851 44.9019
 44.9187 44.9331 44.9573 44.9738 44.9901 45.0131 45.0461 45.0706 45.0861
 45.1279 45.2045 45.6245 48.8708
51.5768 52.1487 52.2324 52.4037 52.4838 52.5981 52.6317 52.6607 52.6768
 52.7134 52.745  52.8063 52.8422 52.8989 52.9147 52.9508 52.9837 53.0163
 53.0392 53.0579 53.0909 53.1356 53.1638 53.187  53.2105 53.2297 53.2443
 53.2699 53.2918 53.3134 53.3396 53.3538 53.3838 53.4081 53.4241 53.4374
 53.4564 53.4697 53.4819 53.4964 53.5087 53.5265 53.5479 53.5687 53.5889
 53.6074 53.6236 53.6495 53.6625 53.6804 53.6944 53.7111 53.7245 53.7387
 53.7581 53.7705 53.7836 53.8035 53.8166 53.8308 53.8449 53.8642 53.8834
 53.897  53.9171 53.9283 53.9384 53.9519 53.9691 53.9841 54.0013 54.0245
 54.036  54.0495 54.0609 54.0743 54.0883 54.1036 54.117  54.1309 54.1442
 54.1546 54.1722 54.1859 54.2034 54.2179 54.2324 54.2467 54.2716 54.2865
 54.2995 54.3126 54.3262 54.34   54.3568 54.3735 54.3887 54.4051 54.4187
 54.4316 54.4457 54.4593 54.4783 54.4928 54.5087 54.5592 54.5846 54.6056
 54.6266 54.6909 54.7367 54.778  54.8059 54.8722 54.9419 55.0086
61.1134 61.2166 62.1117 62.1424 62.2186 62.2846 62.3157 62.3692 62.4123
 62.4723 62.4899 62.5088 62.5309 62.5651 62.5821 62.5959 62.6217 62.6415
 62.6556 62.6757 62.7103 62.7359 62.7525 62.7694 62.7915 62.8267 62.8387
 62.8548 62.8712 62.8914 62.9074 62.9213 62.9394 62.952  62.9618 62.9738
 62.9865 63.0057 63.0188 63.0319 63.0516 63.0685 63.0837 63.1023 63.1163
 63.1301 63.144  63.1642 63.1902 63.209  63.2249 63.2369 63.2488 63.2593
 63.2704 63.2804 63.2906 63.3013 63.3123 63.3218 63.3332 63.3457 63.3592
 63.3711 63.3806 63.3902 63.4007 63.4113 63.4216 63.4318 63.4425 63.4541
 63.4636 63.4743 63.4855 63.498  63.51   63.5185 63.5281 63.5377 63.5476
 63.5577 63.5687 63.5792 63.5885 63.5975 63.6069 63.617  63.631  63.6412
 63.6509 63.6615 63.6719 63.6827 63.6918 63.7008 63.7116 63.7213 63.7325
 63.7424 63.7515 63.7605 63.7696 63.7789 63.7874 63.7971 63.8069 63.8171
 63.8256 63.834  63.8441 63.8537 63.8635 63.8721 63.881  63.8906 63.8993
 63.909  63.9191 63.929  63.9397 63.9486 63.9586 63.9687 63.9776 63.9877
 63.9991 64.0092 64.0175 64.0266 64.0358 64.0451 64.055  64.0658 64.0782
 64.0898 64.1013 64.1117 64.1225 64.1337 64.1432 64.1544 64.1647 64.1744
 64.1851 64.1964 64.207  64.2177 64.2281 64.2395 64.2506 64.26   64.2707
 64.2821 64.2936 64.3054 64.316  64.3279 64.3418 64.3573 64.3707 64.384
 64.3981 64.4219 64.4369 64.452  64.4697 64.4955 64.5201 64.5388 64.5674
 64.6037 64.6279 64.6458 64.6719 64.7776

