10.7788 13.521  13.9401 14.1419 14.3085 14.4902 14.5092 14.6039 14.6447
 14.722  14.8008 14.8242 14.8456 14.8758 14.9007 14.9308 14.9566 14.9967
 15.0259 15.057  15.1128 15.1321 15.1512 15.174  15.1886 15.2044 15.2256
 15.2599 15.2826 15.3131 15.3279 15.3443 15.356  15.3761 15.3921 15.4188
 15.4321 15.4556 15.471  15.4891 15.5137 15.5341 15.5493 15.5718 15.599
 15.6219 15.638  15.656  15.6682 15.6841 15.7053 15.7277 15.7487 15.7611
 15.7747 15.7924 15.8106 15.8296 15.8497 15.8743 15.8886 15.9012 15.9228
 15.936  15.9503 15.9679 15.9819 15.9969 16.0134 16.0303 16.0467 16.0669
 16.0852 16.1042 16.1234 16.1517 16.1749 16.2073 16.2379 16.2568 16.3192
 16.3526 16.3737 16.4515 16.4709 16.5472 16.6088 16.6469 16.7549 17.109
22.0967 22.7995 23.1452 23.5007 23.6436 23.788  23.8363 23.8672 23.9174
 23.9378 24.0866 24.1466 24.1735 24.2937 24.3426 24.3618 24.3828 24.4244
 24.4666 24.4973 24.5511 24.5777 24.6062 24.6423 24.6711 24.7016 24.7302
 24.747  24.7633 24.7773 24.7926 24.8105 24.8271 24.8497 24.8653 24.8787
 24.8944 24.9195 24.9469 24.965  24.9808 24.9956 25.0113 25.0241 25.039
 25.0528 25.0764 25.1009 25.1229 25.14   25.1658 25.1907 25.2083 25.2228
 25.2496 25.2642 25.2813 25.2987 25.3227 25.3467 25.3644 25.3976 25.4184
 25.4472 25.4702 25.4903 25.5083 25.5287 25.5455 25.5793 25.6191 25.6497
 25.6916 25.7205 25.7374 25.7685 25.7883 25.8032 25.8476 25.9069 25.9284
 25.965  26.0567 26.0759 26.1024 26.1414 26.2412 26.3601
32.5468 32.7216 32.7781 32.8258 33.2333 33.3071 33.3362 33.4848 33.5113
 33.5402 33.5657 33.5869 33.6224 33.6417 33.6617 33.6826 33.7021 33.7188
 33.7603 33.7926 33.8167 33.8309 33.8528 33.8838 33.9075 33.9271 33.941
 33.9624 33.9844 34.0002 34.0216 34.0386 34.0542 34.0836 34.1044 34.1254
 34.1459 34.1671 34.1809 34.1962 34.2163 34.2321 34.2584 34.2761 34.2991
 34.3294 34.3451 34.3635 34.3809 34.3957 34.4174 34.4511 34.4698 34.4874
 34.5013 34.5203 34.5408 34.5613 34.5768 34.5923 34.6103 34.6262 34.6583
 34.677  34.6936 34.7145 34.7338 34.7586 34.7787 34.7944 34.8225 34.8503
 34.8746 34.9134 34.9306 34.9496 34.9799 35.0112 35.0312 35.0523 35.0773
 35.1178 35.1507 35.1979 35.2266 35.2532 35.2838 35.3067 35.3619 35.3985
 35.4245 35.4793 35.5145 35.5416 35.5787 35.6308 35.8605
40.5803 41.8836 42.6599 42.8727 42.8995 42.9215 42.9624 42.9847 43.0138
 43.0527 43.0869 43.1394 43.1712 43.1895 43.2128 43.242  43.2647 43.2858
 43.3093 43.336  43.3513 43.3825 43.4099 43.4349 43.4519 43.4703 43.5069
 43.5317 43.5493 43.566  43.5825 43.6026 43.6226 43.6372 43.6518 43.6686
 43.6904 43.708  43.7222 43.7493 43.7631 43.7827 43.7986 43.8135 43.8241
 43.8415 43.8626 43.8794 43.8938 43.9075 43.9209 43.9391 43.9555 43.9687
 43.9862 44.006  44.022  44.035  44.0518 44.0673 44.0806 44.093  44.1088
 44.1218 44.145  44.1626 44.1809 44.1987 44.2149 44.2281 44.2427 44.2623
 44.2776 44.2934 44.3173 44.3306 44.3466 44.3639 44.3864 44.4101 44.4252
 44.4523 44.4653 44.4779 44.4982 44.5139 44.5289 44.5583 44.5785 44.6139
 44.6295 44.6483 44.6707 44.6915 44.7114 44.7333 44.7516 44.7821 44.8149
 44.8432 44.8631 44.8868 44.9287 44.9859 45.0119 45.0314 45.0484 45.0698
 45.0954 45.1453 45.1929 45.2395 45.3029 45.3304
51.1872 52.135  52.3627 52.4362 52.5545 52.6259 52.6745 52.7449 52.7697
 52.8786 52.9233 52.9539 52.9931 53.0367 53.05   53.0783 53.0947 53.1257
 53.1602 53.1809 53.2054 53.2293 53.247  53.2689 53.2851 53.3024 53.326
 53.3428 53.3549 53.3696 53.3845 53.4018 53.4161 53.4362 53.4544 53.4729
 53.4889 53.5039 53.5201 53.5348 53.5484 53.5621 53.5767 53.5968 53.619
 53.6417 53.6555 53.6768 53.6946 53.7115 53.7225 53.7405 53.7651 53.7791
 53.7954 53.8222 53.8429 53.8627 53.8838 53.9019 53.9222 53.9469 53.9657
 54.0004 54.014  54.0271 54.0429 54.0667 54.0877 54.1022 54.1207 54.1429
 54.1567 54.1817 54.1998 54.2158 54.2351 54.2511 54.2692 54.2897 54.3087
 54.326  54.3578 54.3708 54.4082 54.4419 54.5006 54.5277 54.5584 54.5846
 54.6206 54.6481 54.679  54.7169 54.757  54.7844 54.9127
61.0956 61.7525 61.8043 61.8383 61.8745 61.9386 61.9823 62.0169 62.0418
 62.0982 62.1281 62.1656 62.2094 62.2357 62.2574 62.285  62.3171 62.3511
 62.3965 62.4269 62.4571 62.4822 62.5015 62.5288 62.5488 62.5714 62.5888
 62.6069 62.6276 62.6425 62.6643 62.6781 62.6921 62.7066 62.7227 62.7407
 62.7552 62.7708 62.7842 62.8035 62.8194 62.8426 62.8601 62.8776 62.8916
 62.915  62.9309 62.9497 62.9741 62.9879 63.0039 63.0184 63.0338 63.0473
 63.0658 63.0936 63.1149 63.143  63.1618 63.1787 63.2016 63.2286 63.2541
 63.2705 63.2882 63.3024 63.3251 63.3593 63.3815 63.3993 63.4205 63.4412
 63.469  63.4916 63.5185 63.5374 63.5799 63.6306 63.6629 63.6867 63.7068
 63.7641 63.7938 63.8218 63.8727 63.9208 63.9569 64.0486 64.1118 64.2255
 64.3487 69.9586

