12.6316 13.8942 14.0209 14.067  14.0952 14.1348 14.2596 14.5522 14.8418
 15.0914
23.9339 24.1049 24.2448 24.3395 24.3589
31.6719 31.9266 32.2528 32.5549 32.6698 32.8407 32.9032 33.0972 33.3273
 33.3538 33.7143 33.8472
41.6674 42.0645 42.7572 42.8196 42.8737 42.9111 42.9551 42.982  43.0164
 43.0433 43.0693 43.1277 43.2179 43.5594 43.6179
51.1496 51.2122 52.0495 52.2079 52.2359 52.3455 52.7375 52.7694 52.8043
 52.8241 52.8745 53.0177 53.112  59.7828
61.2286 61.3413 61.8418 62.0026 62.1229 62.1599 62.3038 69.6859

