13.5059 13.8859 14.2817 14.3504 14.65   14.6773 14.7237 14.7449 14.7679
 14.8683 15.0079 15.0346 15.063  15.1086 15.1364 15.3292 19.275
23.2531 23.9598 24.0099 24.1207 24.1379 24.1974 24.2363 24.2507 24.3375
 24.3524 24.3814 24.3973 24.565  24.5907 24.6257 24.8342
30.2524 32.9235 33.0739 33.1077 33.1924 33.3176 33.4174 33.4585 33.4989
 33.5485 33.6359 33.6893 33.7238 33.7589 33.9431 34.0857
41.1822 42.5569 42.7245 42.7537 42.8877 42.9826 43.1098 43.1534 43.1922
 43.2661 43.2913 43.3764 43.4009 43.4875 43.5063 43.5217 43.5753 43.6999
 43.8085
51.1544 51.386  52.0687 52.2541 52.5459 52.5763 52.6927 52.7598 52.7777
 52.8345 52.8549 52.8991 53.0405 53.0679 53.0931 53.1221 53.1428 53.1818
 53.2047 53.2679 53.3287 53.3426 53.5521
60.8252 61.6886 61.77   61.8875 61.9541 61.9759 62.1874 62.2999 62.3319
 62.3647 62.3902 62.4381 62.4787 62.6268 66.2126

