12.754  14.4027 14.4841 14.5584 14.8262 14.913  14.9881 15.0319 15.0885
 15.1069 15.1325 15.1481 15.1697 15.1912 15.2106 15.2248 15.2449 15.2694
 15.2934 15.3157 15.3453 15.3789 15.4123 15.4333 15.4495 15.4697 15.4856
 15.5013 15.5173 15.5344 15.5512 15.5662 15.5858 15.5972 15.6125 15.6257
 15.6396 15.6601 15.6746 15.6867 15.7002 15.7131 15.7257 15.7411 15.7539
 15.7667 15.7774 15.7905 15.802  15.8151 15.8274 15.8404 15.8525 15.8662
 15.8791 15.8915 15.9085 15.9218 15.9323 15.9476 15.9608 15.9716 15.9839
 15.9969 16.0085 16.0197 16.0317 16.0418 16.0533 16.0656 16.0772 16.0932
 16.1057 16.1155 16.1283 16.1402 16.1554 16.1666 16.1779 16.1886 16.2009
 16.2121 16.2253 16.2382 16.2484 16.2582 16.2695 16.2802 16.2909 16.3041
 16.3136 16.3261 16.3353 16.3457 16.3561 16.3679 16.3792 16.3904 16.4024
 16.4127 16.423  16.4328 16.4416 16.4518 16.4645 16.476  16.4867 16.4965
 16.507  16.5177 16.5271 16.5369 16.5479 16.5605 16.5716 16.5849 16.5946
 16.6067 16.6167 16.6285 16.6374 16.6476 16.6587 16.6702 16.6797 16.6902
 16.7006 16.7126 16.7243 16.7359 16.7493 16.7631 16.775  16.7948 16.808
 16.8175 16.8305 16.8447 16.8571 16.8725 16.8883 16.9014 16.9171 16.931
 16.9431 16.9571 16.9748 16.9864 16.9983 17.0108 17.0244 17.0383 17.0525
 17.0649 17.0805 17.0928 17.1083 17.1239 17.1383 17.1547 17.1668 17.1822
 17.1958 17.2098 17.2252 17.2389 17.2581 17.2761 17.2918 17.3066 17.3231
 17.3381 17.3618 17.3821 17.3977 17.4199 17.452  17.4679 17.4857 17.5049
 17.5216 17.5384 17.5681 17.5979 17.6248 17.6558 17.6844 17.7496 17.7724
 17.8042 17.8386 17.9557
24.0597 24.9272 25.0644 25.1836 25.2327 25.3035 25.3403 25.3853 25.4243
 25.4826 25.5147 25.5606 25.5798 25.6132 25.6525 25.6752 25.6937 25.7137
 25.7272 25.7515 25.7723 25.7907 25.8167 25.8301 25.8532 25.8687 25.8849
 25.8996 25.9142 25.9282 25.949  25.9715 25.9893 26.0053 26.019  26.0332
 26.0437 26.056  26.07   26.0829 26.0961 26.1112 26.1244 26.1378 26.1509
 26.1636 26.1749 26.1858 26.2004 26.2135 26.2265 26.241  26.2525 26.2639
 26.2789 26.2895 26.2996 26.3093 26.3215 26.3336 26.345  26.3572 26.3676
 26.3803 26.3912 26.4058 26.4192 26.4317 26.4426 26.4537 26.4659 26.4761
 26.4871 26.4979 26.5123 26.5239 26.5332 26.5444 26.5561 26.5683 26.5844
 26.5945 26.6055 26.6157 26.6267 26.6372 26.6475 26.6602 26.6709 26.6829
 26.6953 26.7062 26.7158 26.7258 26.7367 26.7498 26.761  26.7752 26.788
 26.8003 26.8143 26.8286 26.8398 26.8497 26.8614 26.8731 26.8865 26.8975
 26.9079 26.9178 26.9324 26.9434 26.9538 26.9653 26.9771 26.987  26.9977
 27.0101 27.0205 27.0342 27.0456 27.0564 27.0697 27.0798 27.0915 27.1029
 27.1166 27.1293 27.1399 27.152  27.1641 27.1776 27.1896 27.203  27.2144
 27.2283 27.2423 27.2574 27.2712 27.2868 27.3028 27.3197 27.3347 27.349
 27.3628 27.3768 27.3916 27.4065 27.4207 27.4324 27.4502 27.4693 27.4841
 27.496  27.5115 27.5286 27.5462 27.5664 27.5863 27.6015 27.6185 27.6347
 27.6525 27.6682 27.6823 27.7032 27.7177 27.7443 27.7915 27.8331 27.8517
 27.8719 27.8916 27.9153 27.9428 27.964  27.9866 28.0218 28.0506 28.1637
33.6538 34.5489 34.7769 34.9897 35.0197 35.2439 35.3097 35.3415 35.3782
 35.4398 35.4728 35.5055 35.5529 35.6039 35.6321 35.6537 35.6809 35.706
 35.7448 35.7704 35.7918 35.8109 35.8337 35.8535 35.8763 35.8926 35.9106
 35.934  35.9652 35.9913 36.0075 36.0217 36.0383 36.0593 36.0717 36.0869
 36.1051 36.12   36.1326 36.1451 36.1573 36.1703 36.1856 36.2025 36.2146
 36.2283 36.2421 36.2576 36.273  36.2888 36.3032 36.3162 36.3281 36.3432
 36.3549 36.3678 36.379  36.3908 36.4027 36.4149 36.4286 36.4424 36.4555
 36.468  36.4818 36.4934 36.505  36.5155 36.5272 36.5396 36.5543 36.5681
 36.5803 36.5919 36.6051 36.6201 36.6357 36.6571 36.6708 36.6816 36.6922
 36.707  36.7201 36.7321 36.7452 36.7585 36.7697 36.7809 36.7969 36.8083
 36.8227 36.8362 36.8496 36.8632 36.8751 36.8863 36.8992 36.9102 36.9232
 36.9379 36.9504 36.9619 36.9716 36.9864 37.0016 37.0112 37.0248 37.0389
 37.0507 37.0625 37.0783 37.0993 37.1232 37.1361 37.1554 37.1678 37.1861
 37.202  37.2161 37.2452 37.261  37.2786 37.2972 37.3169 37.3356 37.3651
 37.4026 37.4481 37.4668 37.4915 37.5196 37.5385 37.5595 37.5763 37.5921
 37.6103 37.6325 37.6533 37.6848 37.7082 37.7254 37.7461 37.7716 37.811
 37.8745
44.5742 45.1594 45.1946 45.4438 45.5147 45.5699 45.6086 45.6302 45.6886
 45.7527 45.7879 45.8212 45.8396 45.8773 45.8939 45.9277 45.9587 45.9856
 46.004  46.02   46.0335 46.0523 46.0678 46.0796 46.0949 46.1128 46.1291
 46.1439 46.1625 46.1789 46.1974 46.2141 46.2259 46.247  46.2669 46.2797
 46.2931 46.3053 46.3212 46.3354 46.3511 46.3696 46.3834 46.4001 46.4136
 46.4256 46.4378 46.4484 46.4605 46.4751 46.4882 46.4986 46.5104 46.5238
 46.5366 46.5482 46.5599 46.5711 46.5827 46.5975 46.6144 46.6258 46.6398
 46.6549 46.6659 46.6787 46.6889 46.6991 46.7109 46.7259 46.74   46.7512
 46.7617 46.7736 46.7839 46.7935 46.8049 46.8143 46.8268 46.8401 46.8565
 46.8676 46.8777 46.8909 46.9033 46.9138 46.9252 46.9363 46.948  46.9593
 46.9704 46.9818 46.9921 47.0036 47.0137 47.0249 47.0376 47.0474 47.0576
 47.0673 47.0786 47.0887 47.0991 47.1142 47.1239 47.1337 47.1448 47.1564
 47.1677 47.1781 47.1883 47.1985 47.2089 47.2196 47.2302 47.2423 47.2531
 47.2694 47.283  47.2934 47.3073 47.3195 47.3328 47.3417 47.3564 47.3686
 47.3819 47.3956 47.4099 47.4233 47.4347 47.4525 47.4655 47.4793 47.493
 47.5042 47.5188 47.5351 47.5484 47.5633 47.5776 47.5945 47.6088 47.6249
 47.642  47.6541 47.6665 47.6863 47.7107 47.7238 47.7375 47.7553 47.7725
 47.7899 47.8074 47.8218 47.8431 47.858  47.8916 47.9127 47.9314 47.9473
 47.9614 47.9903 48.0066 48.0278 48.045  48.0595 48.0765 48.0987 48.1137
 48.143  48.1641 48.1847 48.2447 48.2805 48.3099 48.3443 48.3745 48.4387
 48.4743
52.2123 54.6011 54.6925 55.4389 55.988  56.0459 56.0767 56.1136 56.1964
 56.2278 56.3428 56.3598 56.3841 56.4162 56.4349 56.4548 56.4751 56.4946
 56.515  56.5348 56.5531 56.5798 56.6    56.6144 56.6389 56.6552 56.6708
 56.6838 56.6968 56.709  56.7221 56.74   56.7555 56.7675 56.7786 56.7927
 56.8078 56.8304 56.845  56.8592 56.8778 56.892  56.9079 56.9205 56.9317
 56.9429 56.9567 56.9668 56.9806 56.9951 57.012  57.0276 57.0396 57.0512
 57.0643 57.074  57.0853 57.0989 57.1165 57.1285 57.1408 57.1536 57.1657
 57.177  57.1871 57.1975 57.2081 57.2187 57.2329 57.2442 57.2571 57.2691
 57.2809 57.2923 57.3044 57.3145 57.3263 57.3383 57.3488 57.3601 57.3726
 57.3872 57.4002 57.4144 57.4259 57.4357 57.4457 57.4588 57.4693 57.4827
 57.4947 57.5079 57.5222 57.5339 57.5464 57.5583 57.5709 57.5849 57.5976
 57.6103 57.625  57.6361 57.6475 57.6634 57.6766 57.6911 57.7031 57.7144
 57.727  57.7379 57.7546 57.7683 57.7823 57.7936 57.8038 57.8176 57.8291
 57.8439 57.8571 57.8734 57.8872 57.9026 57.9182 57.932  57.944  57.9585
 57.9721 57.984  57.9974 58.0112 58.0254 58.0378 58.0486 58.0602 58.0736
 58.0903 58.105  58.1248 58.1426 58.1629 58.1923 58.2142 58.2325 58.2505
 58.2662 58.2885 58.3137 58.3336 58.3582 58.3851 58.4042 58.435  58.4617
 58.4808 58.5018 58.5213 58.5446 58.5734 58.6056 58.6386 58.6674 58.6909
 58.7387 58.8335 58.9396
65.8445 65.8744 65.9748 66.0454 66.0827 66.1612 66.2181 66.2785 66.3037
 66.3241 66.3503 66.3783 66.4089 66.4245 66.4446 66.4608 66.4933 66.5093
 66.5252 66.5508 66.5705 66.619  66.6398 66.6539 66.6724 66.6923 66.7092
 66.7236 66.744  66.7587 66.7738 66.7853 66.7985 66.8136 66.8303 66.846
 66.8636 66.884  66.8955 66.9079 66.9218 66.9323 66.9437 66.9559 66.9738
 66.9859 66.9965 67.0081 67.021  67.0327 67.0435 67.0535 67.067  67.082
 67.0942 67.1065 67.1193 67.1323 67.1462 67.1567 67.1687 67.1807 67.1926
 67.2025 67.2133 67.2229 67.2336 67.2441 67.2554 67.2663 67.2757 67.2865
 67.2987 67.3098 67.3196 67.33   67.3448 67.3563 67.3673 67.3778 67.3896
 67.4015 67.4149 67.4259 67.4377 67.4507 67.4625 67.4756 67.4866 67.4971
 67.5086 67.5189 67.5325 67.5481 67.558  67.5713 67.5826 67.5964 67.6074
 67.6203 67.6335 67.6433 67.6534 67.6634 67.6747 67.6863 67.6979 67.7092
 67.7226 67.7351 67.7475 67.7599 67.773  67.7842 67.8011 67.813  67.8287
 67.8394 67.8533 67.8655 67.8842 67.8968 67.912  67.9281 67.9414 67.9533
 67.9655 67.9758 67.9888 68.0065 68.0199 68.0357 68.0531 68.0767 68.0887
 68.0995 68.1095 68.1272 68.1412 68.1591 68.1717 68.1895 68.2058 68.2224
 68.2395 68.2692 68.2897 68.3099 68.3295 68.3493 68.3681 68.3949 68.4226
 68.4426 68.4659 68.5061 68.5509 68.5729 68.6008 68.6299 68.6705 68.6913
 68.7229 68.7444 68.7914 68.8424

