14.57   14.6043 14.6339 14.6857 14.7072 14.7447 14.8196 14.8902 14.9167
 14.9422 14.9661 14.9952 15.0253 15.0538 15.0806 15.1053 15.1285 15.161
 15.1797 15.1937 15.2081 15.2196 15.2333 15.2613 15.2776 15.2944 15.3112
 15.3256 15.3377 15.3521 15.3664 15.3842 15.3982 15.4092 15.4235 15.4412
 15.4548 15.466  15.4811 15.4942 15.5081 15.5271 15.5397 15.5551 15.5765
 15.5892 15.6004 15.6118 15.6235 15.6355 15.6471 15.6616 15.6755 15.6856
 15.6951 15.7072 15.7187 15.7287 15.7413 15.752  15.7613 15.7732 15.7835
 15.7935 15.8051 15.8153 15.8251 15.8347 15.8466 15.8574 15.8679 15.8769
 15.8864 15.8957 15.9045 15.9141 15.923  15.9326 15.9421 15.9522 15.9612
 15.9699 15.979  15.9891 15.9995 16.0091 16.0186 16.0271 16.0352 16.0441
 16.0543 16.0642 16.0738 16.0827 16.091  16.0999 16.1096 16.1192 16.1276
 16.1353 16.144  16.153  16.1614 16.1712 16.1804 16.1892 16.199  16.2089
 16.2175 16.227  16.2359 16.2445 16.2536 16.2619 16.2704 16.2784 16.2872
 16.2981 16.3078 16.3185 16.3283 16.3366 16.346  16.3547 16.3639 16.373
 16.382  16.3903 16.399  16.4091 16.4187 16.4288 16.4389 16.4498 16.46
 16.4695 16.4788 16.488  16.4987 16.5079 16.5188 16.5288 16.538  16.5486
 16.5575 16.5673 16.5759 16.586  16.5949 16.605  16.6155 16.6251 16.6359
 16.646  16.6556 16.6663 16.6754 16.6848 16.6946 16.7069 16.7198 16.7292
 16.7389 16.7483 16.7608 16.7698 16.7819 16.7954 16.8056 16.8184 16.8313
 16.8428 16.8539 16.8658 16.8789 16.8908 16.9031 16.9195 16.9346 16.9477
 16.9674 16.9809 16.9947 17.0167 17.0302 17.0452 17.0641 17.0838 17.1082
 17.1269 17.1472 17.1629 17.1842 17.2125 17.2843 17.3192 17.3601
23.9616 24.2987 24.813  24.8733 24.9191 25.0669 25.0926 25.1638 25.1898
 25.2119 25.2583 25.287  25.3038 25.3313 25.3594 25.3761 25.3962 25.4332
 25.4497 25.4775 25.4925 25.5102 25.5298 25.546  25.5684 25.6086 25.6382
 25.6515 25.6766 25.6938 25.7087 25.7224 25.7356 25.7517 25.7717 25.7836
 25.7968 25.8077 25.8312 25.8468 25.8599 25.871  25.8874 25.9044 25.9168
 25.9272 25.9452 25.9596 25.9716 25.9827 25.9956 26.0071 26.0183 26.0316
 26.0428 26.0567 26.0674 26.0795 26.0916 26.1026 26.1198 26.1312 26.1432
 26.162  26.177  26.1874 26.1975 26.2089 26.2183 26.2295 26.2425 26.2538
 26.2642 26.2736 26.2843 26.2934 26.305  26.3172 26.3264 26.3353 26.3453
 26.3558 26.3649 26.3733 26.3816 26.3898 26.399  26.4081 26.4184 26.4268
 26.4367 26.4474 26.4574 26.4665 26.4758 26.4864 26.4977 26.5087 26.5202
 26.5291 26.5387 26.549  26.559  26.5691 26.5783 26.5878 26.5971 26.6067
 26.6165 26.6245 26.6341 26.6428 26.653  26.662  26.6732 26.6834 26.6926
 26.7013 26.7112 26.7202 26.7301 26.7393 26.7504 26.7603 26.7683 26.7781
 26.7881 26.7997 26.8093 26.8181 26.8271 26.837  26.8486 26.8605 26.8709
 26.8828 26.8919 26.9024 26.9125 26.9232 26.9331 26.9442 26.9534 26.9644
 26.9742 26.9843 26.9942 27.0038 27.0146 27.0253 27.0349 27.0471 27.0562
 27.0676 27.0794 27.095  27.1125 27.1254 27.1392 27.1524 27.1644 27.1747
 27.1862 27.1976 27.2084 27.2218 27.2339 27.2455 27.2582 27.2706 27.2841
 27.2992 27.3132 27.3261 27.3411 27.3543 27.3674 27.3817 27.3984 27.4134
 27.4312 27.4511 27.4702 27.4951 27.5137 27.5461 27.5614 27.5813 27.6099
 27.6456 27.6848 27.7036 27.7599 27.7863 27.8566 27.8811
34.0947 34.4334 34.9869 35.0124 35.0543 35.0847 35.1075 35.17   35.3547
 35.3744 35.4022 35.443  35.459  35.4816 35.516  35.5366 35.5577 35.5771
 35.5962 35.6182 35.6412 35.6639 35.6867 35.7054 35.7238 35.7387 35.7515
 35.763  35.7793 35.7939 35.8193 35.8365 35.852  35.861  35.8723 35.8854
 35.8974 35.9126 35.9298 35.9438 35.9539 35.9654 35.9773 35.988  36.0029
 36.0174 36.0309 36.0432 36.0592 36.0712 36.0841 36.0968 36.1111 36.123
 36.1356 36.1467 36.1574 36.1669 36.1763 36.1881 36.198  36.2083 36.2181
 36.2294 36.2398 36.2502 36.2615 36.2758 36.2871 36.297  36.3068 36.3175
 36.3275 36.3411 36.3541 36.3657 36.3768 36.3885 36.4004 36.4095 36.4199
 36.4297 36.4434 36.4541 36.4648 36.4761 36.4855 36.4946 36.5055 36.5153
 36.5255 36.5366 36.5497 36.559  36.5694 36.5793 36.5913 36.6018 36.6152
 36.6289 36.6402 36.6507 36.6607 36.6719 36.6857 36.6956 36.7061 36.7161
 36.7264 36.7371 36.748  36.7589 36.7697 36.7813 36.7928 36.8048 36.8172
 36.8312 36.8462 36.8591 36.8703 36.8848 36.8983 36.9099 36.9197 36.9314
 36.944  36.9566 36.9667 36.9797 36.9899 37.0043 37.0194 37.0322 37.0478
 37.0601 37.0757 37.0891 37.105  37.1168 37.1422 37.1591 37.1738 37.1896
 37.204  37.2181 37.24   37.2582 37.276  37.2924 37.3119 37.3852 37.4024
 37.4308 37.4476 37.4806 37.5203 37.5933
44.8269 45.0291 45.1667 45.2079 45.2688 45.3546 45.4375 45.4789 45.4987
 45.5328 45.5728 45.5942 45.6562 45.6733 45.6938 45.7138 45.7345 45.7615
 45.7813 45.7982 45.8167 45.8376 45.8611 45.8833 45.8999 45.9175 45.9333
 45.9504 45.9634 45.9789 45.9955 46.0084 46.02   46.0312 46.0455 46.0578
 46.0722 46.0852 46.0996 46.1114 46.125  46.1384 46.1494 46.1629 46.1765
 46.1878 46.1979 46.2106 46.221  46.2308 46.2415 46.2538 46.2679 46.2787
 46.2901 46.3    46.3102 46.3201 46.332  46.3451 46.3563 46.365  46.3758
 46.3858 46.3977 46.4071 46.4172 46.4276 46.4391 46.449  46.4585 46.4702
 46.4796 46.491  46.5002 46.51   46.5192 46.5313 46.5438 46.5539 46.565
 46.5752 46.5842 46.5945 46.6042 46.6141 46.6233 46.6326 46.6424 46.6527
 46.6619 46.6709 46.6824 46.6935 46.7026 46.7118 46.7212 46.7303 46.7384
 46.7464 46.7549 46.7652 46.7739 46.7851 46.7966 46.8076 46.8168 46.8269
 46.838  46.8473 46.856  46.8661 46.8763 46.8868 46.8983 46.907  46.9192
 46.9311 46.9421 46.9541 46.9671 46.9772 46.9878 46.999  47.0098 47.0198
 47.0279 47.0368 47.0454 47.0543 47.0644 47.0741 47.0833 47.0947 47.1058
 47.1166 47.1263 47.1358 47.1461 47.1586 47.1686 47.1783 47.188  47.2
 47.2127 47.2258 47.2367 47.2492 47.2597 47.2719 47.2845 47.2977 47.3099
 47.3211 47.3338 47.3461 47.3572 47.3692 47.3848 47.3961 47.4071 47.42
 47.4339 47.4502 47.4639 47.4778 47.4913 47.5089 47.5219 47.5348 47.5512
 47.5627 47.5737 47.5859 47.6031 47.6158 47.6293 47.6449 47.6605 47.6807
 47.7004 47.7197 47.7445 47.7643 47.7901 47.8135 47.8356 47.8647 47.9016
 47.9307 47.9857 48.1015
54.4603 54.6074 55.2179 55.4838 55.6756 55.7627 55.806  55.935  55.9722
 56.0137 56.0758 56.0979 56.1198 56.1632 56.1872 56.2158 56.2439 56.2696
 56.2942 56.319  56.3402 56.3692 56.3831 56.3983 56.4162 56.4298 56.4474
 56.4614 56.4749 56.4886 56.5057 56.5193 56.5328 56.5481 56.5613 56.5743
 56.5907 56.601  56.6183 56.6325 56.6468 56.6589 56.6709 56.6865 56.7043
 56.7179 56.729  56.7398 56.7508 56.7622 56.7735 56.7841 56.7952 56.8054
 56.8186 56.8369 56.8488 56.8594 56.8699 56.8802 56.8915 56.9008 56.9102
 56.921  56.9329 56.947  56.9615 56.9727 56.9825 56.9929 57.0028 57.0152
 57.0253 57.0343 57.0437 57.055  57.0658 57.0758 57.086  57.0946 57.1034
 57.1143 57.125  57.1342 57.1432 57.1532 57.1625 57.1733 57.1839 57.1919
 57.2008 57.2117 57.2235 57.2335 57.2454 57.2549 57.2631 57.274  57.2858
 57.2962 57.3047 57.3138 57.3233 57.3351 57.3442 57.3548 57.3654 57.3746
 57.3849 57.3948 57.405  57.4158 57.4263 57.4366 57.4473 57.4579 57.469
 57.4803 57.492  57.5031 57.5166 57.529  57.54   57.5536 57.5631 57.5756
 57.586  57.5955 57.6065 57.6156 57.6272 57.638  57.649  57.6597 57.6706
 57.6809 57.6915 57.7022 57.714  57.7248 57.7352 57.7508 57.7623 57.7746
 57.7859 57.8001 57.8128 57.8282 57.8405 57.8558 57.8706 57.8807 57.8953
 57.9091 57.9206 57.9405 57.9545 57.9682 57.9829 57.9993 58.0144 58.0265
 58.043  58.0648 58.0834 58.0983 58.1166 58.1302 58.1512 58.1688 58.184
 58.2091 58.2277 58.2646 58.3072 58.3245 58.3834 58.4183 58.484
64.9068 65.2    65.3952 65.5103 65.6234 65.894  65.9174 65.9408 65.9874
 66.0112 66.0456 66.0832 66.1286 66.1507 66.1651 66.1875 66.2373 66.2641
 66.284  66.3176 66.3347 66.3524 66.3771 66.3936 66.4177 66.4345 66.4476
 66.4616 66.4881 66.5005 66.5146 66.5406 66.5569 66.5708 66.5857 66.5977
 66.6108 66.6232 66.639  66.6507 66.6627 66.6744 66.6869 66.6992 66.7128
 66.7236 66.7332 66.7432 66.7543 66.7668 66.7774 66.7878 66.7986 66.809
 66.8197 66.8316 66.8453 66.8568 66.8662 66.8779 66.8886 66.8978 66.9081
 66.9214 66.9339 66.9473 66.9607 66.9707 66.9832 66.9923 67.0023 67.0139
 67.029  67.0412 67.0524 67.0617 67.0732 67.0834 67.094  67.104  67.1124
 67.1217 67.1321 67.143  67.1521 67.1624 67.1724 67.1825 67.1922 67.2021
 67.2112 67.2214 67.2331 67.242  67.2516 67.2604 67.2701 67.2797 67.2895
 67.2995 67.3097 67.3201 67.3292 67.3382 67.3488 67.3576 67.3688 67.3781
 67.3878 67.3976 67.4085 67.4184 67.4288 67.4388 67.4478 67.4585 67.4682
 67.4803 67.491  67.5014 67.511  67.5215 67.5307 67.5401 67.5496 67.5606
 67.5714 67.5838 67.5932 67.6046 67.6162 67.6272 67.6398 67.6521 67.6629
 67.675  67.6853 67.6977 67.7117 67.7242 67.7398 67.7524 67.7645 67.7772
 67.7906 67.8039 67.8145 67.8252 67.8358 67.8493 67.8619 67.8771 67.8953
 67.9096 67.9242 67.9365 67.9499 67.9611 67.9768 67.9982 68.0154 68.0342
 68.0523 68.0701 68.0853 68.1044 68.1408 68.1601 68.1915 68.2142 68.236
 68.2655 68.3039 68.3339 68.4198 68.6592

