13.3253 13.3688 13.5416 13.6167 13.6336 13.6617 13.6973 13.7213 13.8218
 13.9443 14.0669 14.2155
21.8767 22.1496 22.6748 22.7957 22.9083 22.9618 22.9963 23.0126 23.111
 23.1468 23.2765 23.3803 23.4152
31.3588 31.5117 31.5834 31.6117 31.7625 31.8196 31.8325 31.8709 31.9065
 31.9558 31.9729 32.0832 32.1203 32.2515 32.3522 39.8999
40.0357 40.1549 40.3295 40.5282 40.5486 40.614  40.6963 40.9017 41.1573
 41.2152 49.2398 49.5518 49.5941 49.6234 49.6798 49.7766 49.8598
50.1442 50.1986 55.2196 58.3473 58.546  58.8226 59.1729 59.2288
64.2601 67.111  67.2402 67.3193 67.7003 67.7966 67.897  67.9407 68.0929
 68.1705 68.2125 68.2659 68.2883 68.3092 68.3564 68.5612

