11.5609 12.6479 12.7921 13.167  13.2599 13.2942 13.3498 13.3839 13.4015
 13.4194 13.441  13.4928 13.5108 13.5419 13.5715 13.5986 13.6217 13.6387
 13.6729 13.7016 13.7239 13.7833 13.8149 13.8447 13.8629 13.8837 13.9033
 13.9273 13.9426 13.9601 13.9735 13.9936 14.0137 14.0385 14.0607 14.0917
 14.1153 14.1429 14.1584 14.2047 14.2266 14.2469 14.2635 14.2871 14.3115
 14.3307 14.3487 14.3695 14.3938 14.4155 14.4293 14.4465 14.4598 14.4728
 14.4859 14.5015 14.5178 14.539  14.5693 14.5864 14.6177 14.6366 14.6632
 14.6892 14.7022 14.723  14.7412 14.7539 14.7664 14.783  14.7977 14.8243
 14.8428 14.8686 14.8867 14.904  14.9233 14.9424 14.9567 14.9721 14.9849
 15.0061 15.0192 15.0354 15.0546 15.0754 15.0976 15.1127 15.1236 15.1373
 15.1555 15.1675 15.1833 15.2046 15.2315 15.2514 15.2714 15.2896 15.3117
 15.3333 15.3519 15.3683 15.3911 15.4224 15.4485 15.4684 15.4911 15.5095
 15.5319 15.5558 15.5807 15.6031 15.622  15.6572 15.6819 15.7013 15.7587
 15.7869 15.8157 15.8345 15.9152 16.0326 16.1946
20.3153 21.9655 22.2826 22.3494 22.5612 22.5832 22.622  22.6778 22.7008
 22.7354 22.7554 22.7785 22.8192 22.8407 22.8607 22.8872 22.9106 22.9411
 22.9643 22.9823 22.9987 23.0172 23.043  23.0637 23.0797 23.099  23.1334
 23.1486 23.164  23.1816 23.2003 23.224  23.2407 23.2566 23.28   23.3011
 23.3168 23.3317 23.3467 23.3651 23.3768 23.3938 23.4078 23.4239 23.4386
 23.4638 23.4775 23.4954 23.5102 23.529  23.5546 23.5829 23.6232 23.6397
 23.6546 23.6717 23.6943 23.7067 23.7187 23.7304 23.7468 23.7645 23.7801
 23.7923 23.8074 23.8211 23.8376 23.868  23.8824 23.8936 23.9136 23.9307
 23.9436 23.9579 23.9765 23.9935 24.0138 24.0332 24.0502 24.0637 24.078
 24.0929 24.1059 24.1192 24.1339 24.1468 24.1602 24.1726 24.1861 24.1994
 24.22   24.2362 24.2587 24.2711 24.2904 24.3033 24.3214 24.3377 24.3552
 24.3686 24.3906 24.4064 24.423  24.4515 24.4768 24.4959 24.5117 24.5329
 24.556  24.5737 24.6007 24.6158 24.6285 24.6439 24.6601 24.6788 24.6963
 24.7174 24.7409 24.7552 24.7707 24.7849 24.8053 24.8198 24.8367 24.8589
 24.8755 24.896  24.9167 24.9372 24.9858 25.0039 25.038  25.1026 25.144
 25.1754 25.2028 25.244  25.2721 25.3398 25.5448
30.1771 31.1602 31.2081 31.2479 31.3485 31.4097 31.4374 31.5347 31.5636
 31.5804 31.6229 31.7021 31.7331 31.7553 31.7736 31.8415 31.8726 31.9191
 31.9508 31.9737 31.9939 32.0167 32.0314 32.0485 32.0819 32.098  32.1101
 32.1252 32.1392 32.1488 32.1615 32.1778 32.1914 32.2043 32.2168 32.229
 32.2486 32.2614 32.2731 32.2871 32.3028 32.3206 32.335  32.349  32.3671
 32.3881 32.4043 32.4206 32.435  32.4465 32.461  32.4711 32.4843 32.4988
 32.5149 32.5268 32.542  32.5573 32.567  32.5769 32.5872 32.599  32.6116
 32.6227 32.6366 32.6473 32.6599 32.6753 32.6904 32.7047 32.7172 32.7313
 32.746  32.7605 32.7746 32.7965 32.8115 32.8269 32.8461 32.8579 32.8718
 32.8831 32.8961 32.9108 32.9243 32.938  32.9499 32.9636 32.98   32.994
 33.0055 33.0177 33.0328 33.0449 33.0572 33.0724 33.0948 33.1065 33.1213
 33.1367 33.1493 33.1616 33.1748 33.187  33.1984 33.2163 33.2279 33.2401
 33.2517 33.2698 33.2812 33.2976 33.3126 33.3303 33.3432 33.3562 33.369
 33.38   33.3941 33.4081 33.4219 33.4348 33.4479 33.4614 33.4736 33.4846
 33.502  33.518  33.5295 33.5433 33.5585 33.5732 33.5874 33.5998 33.6143
 33.6268 33.6403 33.6535 33.665  33.6804 33.6946 33.7095 33.7226 33.7407
 33.7562 33.7711 33.7882 33.8131 33.8288 33.8468 33.8656 33.8805 33.9057
 33.9235 33.9437 33.9641 33.9938 34.0108 34.0326 34.052  34.0779 34.0994
 34.1247 34.1942 34.2184 34.2586 34.3712 34.4127 34.4782 34.5827
40.0835 40.3769 40.4351 40.4599 40.4819 40.4985 40.5722 40.5996 40.6614
 40.7075 40.7939 40.8243 40.8524 40.8745 40.9044 40.9244 40.9574 40.9795
 40.9943 41.0153 41.0301 41.0502 41.0717 41.0868 41.1044 41.1739 41.1941
 41.2282 41.264  41.2856 41.2987 41.3154 41.3361 41.3545 41.3687 41.3797
 41.3966 41.4094 41.4255 41.4419 41.4653 41.4773 41.4924 41.5113 41.5237
 41.5398 41.5525 41.5656 41.5787 41.5903 41.6052 41.6191 41.631  41.6446
 41.6558 41.6656 41.6794 41.6914 41.7063 41.7216 41.7427 41.7569 41.7695
 41.7859 41.7967 41.8083 41.822  41.8382 41.8499 41.864  41.8775 41.8916
 41.9053 41.919  41.9328 41.9434 41.9583 41.9748 41.9925 42.0045 42.0175
 42.0303 42.0458 42.0573 42.069  42.0823 42.0994 42.1154 42.1325 42.1539
 42.1701 42.1836 42.1962 42.2121 42.223  42.2329 42.2438 42.2551 42.266
 42.2805 42.2925 42.3066 42.3217 42.3368 42.35   42.3608 42.3735 42.3849
 42.4008 42.4147 42.4298 42.4446 42.4564 42.4751 42.4922 42.5095 42.5276
 42.5461 42.559  42.5784 42.5947 42.615  42.6355 42.6493 42.6612 42.6761
 42.702  42.7209 42.74   42.7593 42.778  42.7933 42.8158 42.8305 42.8526
 42.8736 42.8914 42.9122 42.9339 42.9505 42.9691 42.9858 43.0041 43.0303
 43.0536 43.0729 43.1024 43.1409 43.1997 43.2521 43.279  43.3935 43.4869
 43.5247 47.8905 48.9567 48.9798 49.0132 49.118  49.2319 49.3162 49.3436
 49.3704 49.4629 49.4806 49.4986 49.517  49.5867 49.6896 49.7537 49.7858
 49.8127 49.8596 49.8732 49.8916 49.9434 49.9695
50.0209 50.0873 50.1059 50.1255 50.1643 50.184  50.2123 50.2267 50.2519
 50.2708 50.2963 50.3277 50.3494 50.3607 50.3816 50.4018 50.4361 50.4665
 50.4891 50.5152 50.5372 50.5546 50.5749 50.5965 50.6167 50.6424 50.6693
 50.6828 50.6961 50.7101 50.7339 50.7587 50.7804 50.8028 50.8313 50.8458
 50.8633 50.881  50.8943 50.9088 50.928  50.945  50.9646 50.9824 51.0001
 51.0129 51.0335 51.072  51.0877 51.1069 51.1313 51.152  51.1743 51.1892
 51.211  51.2376 51.2691 51.2888 51.3026 51.3264 51.3432 51.3843 51.408
 51.4275 51.453  51.5059 51.5484 51.5658 51.586  51.6351 51.7166 51.7444
 51.7764 51.801  51.8851 51.9169 51.9429 51.9659 52.0497 52.1582 52.2185
 52.2767 55.9636 57.6209 57.9657 58.4228 58.4794 58.5378 58.5789 58.6348
 58.7209 58.8233 58.8555 58.9386 58.9682 58.9827 59.0027 59.0195 59.0337
 59.0498 59.074  59.0962 59.1154 59.1288 59.1503 59.1799 59.1947 59.2165
 59.2414 59.2742 59.3039 59.3167 59.3301 59.3472 59.3703 59.3832 59.4012
 59.4158 59.4283 59.4475 59.4867 59.5097 59.5273 59.5485 59.5661 59.5811
 59.607  59.6322 59.6523 59.6752 59.689  59.7073 59.7247 59.7462 59.7661
 59.789  59.8087 59.8245 59.8387 59.854  59.8699 59.8906 59.9028 59.9134
 59.9258 59.9393 59.9551 59.9859
60.0036 60.0212 60.0389 60.0516 60.0713 60.0947 60.1196 60.1521 60.1863
 60.2076 60.2232 60.2379 60.2516 60.2774 60.292  60.3063 60.3223 60.3437
 60.364  60.3832 60.4018 60.4207 60.4485 60.4717 60.4904 60.5085 60.5343
 60.5632 60.5809 60.6278 60.6546 60.6769 60.6943 60.7112 60.7408 60.773
 60.8114 60.8428 60.8611 60.901  60.93   60.9781 61.0269 61.1115 61.1979
 61.3488 61.6849 66.7438 67.6814 67.7336 67.7762 67.8368 67.8558 67.8803
 67.9077 67.9393 67.9659 67.9846 68.0054 68.0228 68.0378 68.06   68.0929
 68.1088 68.1272 68.1568 68.1737 68.192  68.2275 68.2412 68.2565 68.2793
 68.3038 68.3188 68.3389 68.3577 68.3899 68.4141 68.4333 68.4461 68.4609
 68.4758 68.4923 68.5091 68.5324 68.5539 68.5946 68.6182 68.6485 68.6697
 68.6898 68.7029 68.7167 68.731  68.7492 68.7674 68.7812 68.7951 68.8077
 68.8202 68.8364 68.8584 68.8819 68.8996 68.919  68.9319 68.9517 68.9676
 68.9855 68.9992 69.0109 69.0245 69.0388 69.0542 69.0734 69.0914 69.1126
 69.1266 69.143  69.1571 69.1702 69.1863 69.2017 69.2157 69.2289 69.244
 69.2569 69.273  69.2846 69.3017 69.3169 69.3341 69.3462 69.3588 69.3823
 69.3977 69.4112 69.4263 69.4407 69.4572 69.4693 69.4841 69.4993 69.5162
 69.5371 69.5503 69.5645 69.5812 69.5959 69.6107 69.6247 69.6402 69.6563
 69.6724 69.6955 69.7166 69.7331 69.7539 69.7799 69.8001 69.818  69.8441
 69.8595 69.8758 69.8951 69.916  69.953  69.9704 69.993

