12.439  12.538  12.7572 12.8356 13.0433 13.1459 13.3004 13.3522 13.3718
 13.3981 13.4616 13.5089 13.5307 13.6213 13.6867 13.7307 13.7511 13.7849
 13.8123
21.5417 21.7178 22.4302 22.5125 22.5465 22.5653 22.5933 22.6442 22.6711
 22.7136 22.8315 22.9296 22.9808 23.0396 23.0587 23.097  23.1183 23.1572
 23.2716 23.3391 23.4008 23.6319 28.745
30.8287 31.2188 31.2966 31.3781 31.3989 31.4501 31.4956 31.5301 31.5995
 31.6414 31.6975 31.7247 31.7863 31.8045 31.8288 31.8723 31.9096 31.9312
 31.9796 32.0188 32.0367 32.1257 32.1484 32.2114 32.2502 32.2652 32.3003
 32.323  36.2571
40.2291 40.2524 40.3007 40.3507 40.3801 40.4118 40.4986 40.5404 40.6142
 40.6498 40.6859 40.7785 40.8077 40.8567 40.8887 40.9407 40.9973 41.0192
 41.0387 41.1276 41.1649 41.3124 41.3685 41.4006 47.1564 47.8013 47.9208
 48.0548 48.1707 48.6555 48.7794 49.354  49.4731 49.4943 49.5878 49.7044
 49.7464 49.8151 49.8665 49.909
50.0212 50.1199 50.1367 50.1613 50.2551 50.3593 57.0991 58.1693 58.2049
 58.2505 58.442  58.581  58.6432 58.7619 58.8229 58.8566 58.8972 59.0075
 59.0594 59.1068 59.1361 59.1831 59.2684 59.5197 59.5549
66.9149 67.4457 67.5407 67.5777 67.6496 67.7526 67.817  67.8907 67.9126
 67.9262 67.9507 67.9847 68.0078 68.0519 68.1212 68.1588 68.1771 68.1934
 68.2146 68.2848 68.3335 68.4152 68.4399 68.4675 68.5843 68.6023 68.7068

