12.7775 12.9633 13.0704 13.1009 13.2097 13.2519 13.2748 13.3302 13.5844
 13.6239 13.7063 13.7469 13.7852 13.8398 13.9495 14.0248 19.6853
22.0962 22.1518 22.2195 22.5023 22.573  22.6717 22.721  22.7691 22.8423
 22.8837 22.9095 22.9792 23.0317 23.0738 23.1495 23.2772 23.4188
30.8473 31.0742 31.1428 31.2963 31.3689 31.5895 31.6799 31.7165 31.7894
 31.8112 31.8431 31.8736 31.9512 31.9715 32.0041 32.0294 32.0503 32.0783
 32.111  32.1388 32.1631 32.1945 32.2173 32.2365 32.2581 32.2842 32.415
 39.7398
40.0517 40.2113 40.3898 40.4311 40.5956 40.6566 40.763  40.7819 40.8202
 40.8414 40.8866 40.9526 40.9915 41.05   41.0926 41.1235 41.2098 41.2671
 41.2939 41.3202 41.4157 41.5236 48.5626 49.022  49.3608 49.3877 49.4525
 49.7646 49.7855 49.806  49.9076 49.9536 49.9813 49.9948
50.0213 50.059  50.1139 50.1481 50.3577 55.3681 57.9344 58.3955 58.4209
 58.6613 58.7207 58.7656 58.8966 59.0226 59.0362 59.0731 59.0967 59.1143
 59.139  59.1882 59.2954 59.3199 59.3348 59.4727
67.0627 67.6152 67.6569 67.7324 67.7706 67.8897 68.0536 68.0809 68.1336
 68.1994 68.3037 68.3349 68.3758 68.3892 68.4392 68.464  68.4905 68.5373
 68.5661 68.7284

