12.8173 13.0249 13.0812 13.1242 13.1595 13.2252 13.3194 13.3659 13.3908
 13.4315 13.4627 13.4837 13.5566 13.5971 13.6232 13.6431 13.6773 13.6997
 13.718  13.7489 13.7699 13.7978 13.8223 13.8552 13.8727 13.891  13.9192
 13.9368 13.9599 13.9765 13.9996 14.0211 14.0404 14.0567 14.081  14.1041
 14.1234 14.1384 14.1519 14.1699 14.199  14.2223 14.2418 14.2573 14.272
 14.2941 14.3134 14.3269 14.342  14.3634 14.3808 14.4049 14.4263 14.4426
 14.4545 14.4683 14.4849 14.5084 14.5227 14.5382 14.5543 14.5813 14.5971
 14.6131 14.6256 14.6394 14.66   14.6745 14.6881 14.7051 14.7161 14.7284
 14.742  14.7552 14.768  14.7849 14.8013 14.8178 14.8289 14.8451 14.8607
 14.8753 14.8995 14.9115 14.924  14.9465 14.9625 14.9759 14.9867 14.9996
 15.0166 15.0333 15.0489 15.064  15.0801 15.0949 15.112  15.1333 15.1487
 15.1715 15.1844 15.2045 15.2235 15.2397 15.271  15.2968 15.3115 15.3337
 15.3512 15.3669 15.3923 15.4197 15.4405 15.4591 15.4742 15.4972 15.5191
 15.5364 15.5845 15.6116 15.6645 15.6865 15.7517 15.7726 15.8047 15.8865
 15.9182 15.9436 15.9793 16.0458 16.2827
21.4641 22.0524 22.1889 22.4503 22.5909 22.6505 22.6996 22.7252 22.7943
 22.8287 22.8534 22.8795 22.8999 22.9174 22.9685 22.9904 23.0113 23.0417
 23.0684 23.1087 23.121  23.1369 23.1511 23.1725 23.1861 23.2086 23.2282
 23.246  23.2584 23.2765 23.2968 23.3134 23.3277 23.3433 23.3611 23.3733
 23.3853 23.3983 23.4167 23.4296 23.4423 23.4653 23.4816 23.4963 23.5096
 23.5219 23.5344 23.5508 23.5645 23.5754 23.5923 23.608  23.63   23.6468
 23.6656 23.6776 23.6894 23.7036 23.7154 23.7261 23.7387 23.7507 23.7691
 23.7872 23.8017 23.8176 23.8337 23.8492 23.8628 23.881  23.898  23.9157
 23.9347 23.9536 23.971  23.9875 24.0086 24.0276 24.0421 24.0571 24.073
 24.0889 24.1003 24.1127 24.125  24.1426 24.1583 24.1722 24.1865 24.2003
 24.2167 24.2315 24.2434 24.2551 24.2675 24.2806 24.2916 24.3038 24.3157
 24.3289 24.3396 24.3523 24.3669 24.3785 24.3943 24.4066 24.4172 24.4318
 24.4446 24.4552 24.4669 24.4809 24.4929 24.5044 24.5191 24.5361 24.552
 24.5764 24.5928 24.6193 24.6402 24.6578 24.6717 24.6933 24.7075 24.7325
 24.7658 24.7863 24.8089 24.8254 24.8418 24.8649 24.8976 24.9199 24.9408
 24.9617 24.9774 25.0039 25.0373 25.0599 25.0775 25.1018 25.1217 25.1451
 25.1685 25.202  25.2267 25.2633 25.2947 25.3474 25.5259 27.2207 29.7071
30.4498 30.7779 31.3195 31.4383 31.5099 31.5453 31.5655 31.5885 31.6396
 31.6666 31.6935 31.7374 31.7542 31.7727 31.7993 31.8102 31.8234 31.8407
 31.8563 31.8816 31.9036 31.92   31.9363 31.9528 31.9699 31.9914 32.007
 32.0225 32.0363 32.0493 32.0626 32.0815 32.0968 32.11   32.1253 32.141
 32.1623 32.1932 32.2061 32.2227 32.2363 32.2557 32.2691 32.2829 32.2955
 32.3112 32.3247 32.3424 32.3554 32.3747 32.387  32.3976 32.4112 32.4265
 32.4419 32.4621 32.4757 32.4877 32.5017 32.5151 32.528  32.539  32.551
 32.5621 32.5753 32.5879 32.6003 32.6157 32.6295 32.6402 32.6509 32.6621
 32.6778 32.6926 32.7072 32.7221 32.7327 32.7463 32.7572 32.769  32.7819
 32.7944 32.8068 32.819  32.8304 32.8451 32.8563 32.8672 32.8789 32.8896
 32.9003 32.9143 32.9248 32.9369 32.9489 32.9596 32.972  32.9834 32.9944
 33.0051 33.0159 33.0264 33.0354 33.0472 33.0585 33.0697 33.0834 33.0951
 33.11   33.1208 33.1324 33.1421 33.153  33.1647 33.1767 33.1872 33.1995
 33.2109 33.2233 33.2338 33.2489 33.2652 33.2754 33.2856 33.2985 33.3088
 33.3237 33.3353 33.3503 33.3619 33.3783 33.3936 33.4072 33.4205 33.4338
 33.4471 33.4608 33.4753 33.4897 33.5044 33.5216 33.5345 33.5511 33.5664
 33.5841 33.6014 33.6188 33.632  33.6495 33.6691 33.6865 33.7143 33.7307
 33.7456 33.7667 33.783  33.8095 33.8273 33.8439 33.8621 33.8806 33.8955
 33.9169 33.9436 33.964  33.9857 34.0107 34.0338 34.0518 34.0686 34.0866
 34.1043 34.1246 34.1454 34.1682 34.2131 34.241  34.3249 34.3677 34.4928
 38.8499 39.8226
40.1036 40.3679 40.4198 40.4647 40.5008 40.5199 40.5706 40.6551 40.7124
 40.7659 40.7876 40.8059 40.829  40.8507 40.8624 40.877  40.8899 40.9118
 40.9254 40.9437 40.9665 40.9827 41.0074 41.0265 41.0416 41.0604 41.0772
 41.0975 41.1129 41.1273 41.1414 41.1762 41.1896 41.2032 41.2219 41.2383
 41.2549 41.2716 41.2914 41.3074 41.3225 41.3357 41.3539 41.3651 41.3814
 41.3955 41.4101 41.4273 41.4498 41.4658 41.4802 41.4954 41.5184 41.5374
 41.55   41.5668 41.5858 41.5986 41.6165 41.6291 41.6428 41.6574 41.6711
 41.6845 41.7008 41.7152 41.7292 41.7454 41.7589 41.7727 41.7838 41.7965
 41.8097 41.824  41.8383 41.8515 41.8647 41.8762 41.8881 41.8997 41.9117
 41.9249 41.9412 41.9562 41.9682 41.9803 41.9932 42.0067 42.02   42.0379
 42.056  42.0687 42.0825 42.093  42.1039 42.1149 42.1293 42.1419 42.154
 42.1676 42.181  42.1959 42.2077 42.2226 42.2357 42.2497 42.2606 42.272
 42.2842 42.2941 42.3068 42.3205 42.3331 42.3456 42.3573 42.3699 42.387
 42.4029 42.4206 42.4337 42.4501 42.4668 42.4835 42.4961 42.5091 42.5227
 42.5354 42.5494 42.5628 42.5758 42.597  42.6139 42.6267 42.6519 42.6698
 42.6878 42.7067 42.7209 42.7383 42.7552 42.7721 42.8005 42.8169 42.8325
 42.8507 42.8717 42.8898 42.9077 42.9257 42.9445 42.9653 42.9868 43.0185
 43.0379 43.0626 43.0843 43.1052 43.1227 43.1364 43.1774 43.2019 43.2296
 43.2625 43.3087 43.3298 43.3995 43.9056 43.9678 48.7677 48.8754 48.936
 49.3255 49.383  49.5594 49.6054 49.7284 49.7665 49.7836 49.8039 49.8232
 49.8567 49.879  49.8928 49.918  49.9436 49.9736 49.9915
50.0516 50.0939 50.1407 50.1657 50.1829 50.2078 50.2281 50.2433 50.2624
 50.2897 50.3094 50.3361 50.3658 50.397  50.4245 50.4377 50.4538 50.4793
 50.4955 50.5087 50.533  50.5501 50.5703 50.5987 50.6139 50.6302 50.659
 50.6774 50.6917 50.7104 50.7292 50.7442 50.7746 50.79   50.8072 50.8303
 50.8478 50.8617 50.8764 50.8956 50.9197 50.9436 50.9642 50.9818 50.9999
 51.0223 51.0352 51.0525 51.0766 51.0924 51.1104 51.1308 51.1432 51.1648
 51.1771 51.193  51.2085 51.2344 51.2503 51.2656 51.2885 51.3063 51.3243
 51.3539 51.3788 51.4003 51.4153 51.4316 51.4511 51.4957 51.5139 51.5304
 51.545  51.5715 51.6234 51.6545 51.6768 51.6955 51.7191 51.7395 51.7748
 51.8065 51.8507 51.8718 51.8939 51.9282 51.9891 52.0234 52.0493 52.1088
 52.1739 52.2648 52.3056 58.0463 58.3962 58.5048 58.5553 58.6028 58.6466
 58.6864 58.7504 58.7679 58.8062 58.833  58.8553 58.8776 58.906  58.9285
 58.9575 58.9875 59.0045 59.0194 59.0357 59.0786 59.097  59.1154 59.1553
 59.1741 59.1941 59.2208 59.2343 59.2521 59.2665 59.2794 59.2918 59.3048
 59.3238 59.3433 59.3597 59.3797 59.3938 59.4073 59.4258 59.4403 59.4581
 59.4693 59.4844 59.5001 59.5146 59.5329 59.5465 59.5632 59.5799 59.5917
 59.6037 59.6159 59.6278 59.6421 59.6548 59.672  59.6854 59.7027 59.7209
 59.7364 59.7496 59.7646 59.7789 59.7975 59.8114 59.8278 59.8405 59.8519
 59.8639 59.8812 59.9026 59.9175 59.9358 59.9478 59.9629 59.9773 59.9972
60.0173 60.0342 60.0492 60.0626 60.0747 60.0912 60.1048 60.1241 60.15
 60.1714 60.1874 60.2112 60.223  60.2394 60.2663 60.2882 60.3119 60.3276
 60.3418 60.3638 60.3767 60.3949 60.4135 60.4344 60.4484 60.4634 60.4783
 60.4938 60.5119 60.5349 60.5612 60.5801 60.6038 60.6413 60.6622 60.6838
 60.7199 60.74   60.7711 60.8012 60.8445 60.8701 60.9587 60.9927 61.0228
 61.0904 61.1712 61.2007 61.237  61.2851 67.0404 67.1368 67.4914 67.6326
 67.6764 67.7677 67.8389 67.8697 67.9236 67.9593 67.9832 68.0004 68.0612
 68.0829 68.1042 68.121  68.1586 68.1767 68.1915 68.2092 68.2252 68.248
 68.2674 68.3036 68.3214 68.339  68.3512 68.3656 68.3815 68.3973 68.4123
 68.4266 68.4477 68.4664 68.4861 68.5035 68.5202 68.5415 68.5608 68.5774
 68.5923 68.6114 68.6332 68.6524 68.6689 68.6861 68.7052 68.7222 68.7362
 68.7521 68.7638 68.789  68.8023 68.8155 68.8313 68.8494 68.8614 68.8792
 68.8934 68.9069 68.9215 68.9347 68.9536 68.9722 68.987  68.9998 69.0158
 69.0335 69.0541 69.0705 69.0851 69.0969 69.111  69.1258 69.14   69.1599
 69.1757 69.1934 69.2037 69.2206 69.2345 69.2477 69.2612 69.2735 69.2841
 69.2955 69.3074 69.3184 69.3309 69.3469 69.3597 69.372  69.3851 69.3981
 69.4087 69.4225 69.4376 69.4495 69.4596 69.4725 69.4846 69.4997 69.5125
 69.5252 69.5361 69.5485 69.5612 69.5738 69.5905 69.6033 69.6171 69.6323
 69.6486 69.6613 69.6802 69.6945 69.706  69.7223 69.7427 69.7619 69.7773
 69.7956 69.8108 69.827  69.8466 69.8698 69.8966 69.9172 69.9378 69.9556
 69.9693 69.9886

