11.1835 11.3632 11.6009 12.5264 12.6447 12.6716 12.7734 12.8678 13.1048
 13.1496 13.2181 13.2751 13.465  13.5373 13.5547 13.5792 13.6549 13.671
 13.698  13.7235 13.7467 13.7914 13.9078 13.9924
22.0258 22.1839 22.3745 22.4042 22.4987 22.5279 22.5498 22.6166 22.664
 22.6865 22.846  22.8656 22.8936 22.9181 22.9699 23.0378 23.0614 23.0799
 23.0981 23.1586 23.1735 23.2089 23.2589 23.2722 23.2865 23.3143 23.3834
 23.4499
30.5825 30.6329 30.765  31.0054 31.0396 31.2696 31.3207 31.3569 31.3822
 31.4137 31.4667 31.5147 31.5461 31.5902 31.6067 31.6289 31.6495 31.6675
 31.6841 31.7082 31.7248 31.7567 31.8243 31.8454 31.8691 31.8843 31.9053
 31.9205 32.0047 32.02   32.0405 32.0628 32.0872 32.11   32.2098 38.5624
 39.1407 39.9248
40.0633 40.2897 40.3305 40.3903 40.4334 40.479  40.5342 40.5497 40.5705
 40.6023 40.6205 40.706  40.7273 40.8012 40.8253 40.864  40.9261 40.9506
 40.9686 41.004  41.0266 41.0562 41.0677 41.0857 41.0989 41.1127 41.1277
 41.1465 41.1687 41.2116 41.4211 48.6419 49.0639 49.1372 49.2507 49.4042
 49.4316 49.5721 49.611  49.6499 49.7283 49.7659 49.7924 49.8283 49.9289
 49.9666 49.9934
50.0177 50.0518 50.1032 56.8379 57.9848 58.1051 58.2039 58.5901 58.6188
 58.7337 58.7781 58.7996 58.8403 58.8705 58.9062 58.93   59.1127 59.1503
 59.1803 59.2072
65.7226 67.1889 67.2828 67.6004 67.7203 67.7386 67.9359 68.0847 68.1305
 68.1451 68.1629 68.1999 68.2456 68.3613 68.4132 68.4449 68.5238 68.6799

