12.4228 12.7511 12.799  12.8719 12.9285 12.9608 12.9764 13.062  13.1059
 13.1396 13.173  13.1906 13.2212 13.2436 13.3069 13.3496 13.3754 13.4063
 13.4215 13.4498 13.4696 13.4854 13.5099 13.5342 13.5577 13.5765 13.5968
 13.6149 13.6284 13.6475 13.6623 13.6763 13.6918 13.7131 13.727  13.7455
 13.7617 13.7774 13.7956 13.817  13.8309 13.8436 13.8575 13.8698 13.8836
 13.9    13.9135 13.9283 13.9435 13.9668 13.9807 13.9933 14.0037 14.0147
 14.0276 14.039  14.0495 14.0616 14.0753 14.087  14.0978 14.1082 14.1229
 14.1351 14.1449 14.1592 14.1693 14.1803 14.1908 14.2031 14.2142 14.2242
 14.2355 14.2478 14.2599 14.2696 14.2793 14.2907 14.3035 14.314  14.3237
 14.3347 14.3452 14.3552 14.3659 14.3775 14.3936 14.4034 14.4153 14.4292
 14.44   14.4513 14.465  14.4776 14.4882 14.5    14.5109 14.5216 14.5318
 14.5434 14.5562 14.5671 14.577  14.5878 14.5976 14.609  14.6208 14.6322
 14.6474 14.6581 14.676  14.6879 14.7029 14.7159 14.7334 14.7455 14.7572
 14.7724 14.7915 14.8105 14.8311 14.844  14.8582 14.8823 14.8969 14.9138
 14.9341 14.9544 14.9763 14.9946 15.0127 15.0472 15.0878 15.129  15.1448
 15.1619 15.2443 15.2957 15.3407 15.8357
20.6916 21.0248 21.1567 21.7491 21.8489 21.9881 22.0838 22.1593 22.2205
 22.3145 22.3393 22.3999 22.4386 22.4631 22.4862 22.5148 22.5729 22.6067
 22.6331 22.6513 22.6663 22.6879 22.7254 22.7516 22.7683 22.7813 22.8109
 22.8268 22.8449 22.8639 22.8776 22.8964 22.9097 22.9226 22.9403 22.9542
 22.9674 22.984  22.9998 23.0134 23.0374 23.0559 23.0719 23.0886 23.1011
 23.1188 23.1317 23.1455 23.1571 23.1692 23.18   23.1905 23.2035 23.2177
 23.2309 23.2432 23.2551 23.2714 23.2857 23.2973 23.3068 23.3182 23.3284
 23.3386 23.3506 23.3598 23.3683 23.3796 23.3922 23.4046 23.4157 23.4244
 23.4346 23.4449 23.4563 23.4654 23.476  23.4856 23.4954 23.5059 23.5168
 23.5271 23.5366 23.5484 23.5586 23.5679 23.5775 23.5871 23.599  23.6098
 23.6202 23.6329 23.6463 23.658  23.6678 23.6768 23.6887 23.6986 23.7073
 23.7173 23.7283 23.7397 23.7541 23.7635 23.7764 23.7856 23.7946 23.8058
 23.817  23.8298 23.8414 23.8501 23.8605 23.8695 23.8799 23.89   23.9
 23.9111 23.925  23.9364 23.9479 23.9597 23.972  23.9833 23.9996 24.0151
 24.0283 24.0408 24.0513 24.0639 24.0758 24.0904 24.1001 24.1124 24.1293
 24.1467 24.1607 24.1719 24.1851 24.2017 24.2203 24.235  24.2487 24.2608
 24.2741 24.2874 24.2999 24.3152 24.3318 24.3516 24.3672 24.3786 24.4013
 24.4269 24.4504 24.488  24.5187 24.545  24.5693 24.5977 24.6424 24.675
 24.697  24.722  24.7488 24.9127 24.9583
30.6774 30.8375 31.0802 31.1163 31.1919 31.2681 31.3017 31.331  31.3522
 31.3681 31.3856 31.4136 31.4527 31.4998 31.5195 31.5333 31.5525 31.5684
 31.5853 31.6011 31.613  31.6255 31.6383 31.6522 31.6661 31.6803 31.7109
 31.7264 31.7434 31.7576 31.7699 31.7807 31.7935 31.8079 31.8199 31.8372
 31.8521 31.8705 31.8954 31.908  31.9195 31.9309 31.9431 31.96   31.9712
 31.9844 31.9993 32.0123 32.0242 32.0367 32.0485 32.063  32.0787 32.0892
 32.1001 32.1093 32.1204 32.1325 32.1436 32.1548 32.1655 32.1756 32.1863
 32.1977 32.2072 32.2188 32.2277 32.2369 32.2492 32.2599 32.2721 32.2819
 32.2921 32.3019 32.3122 32.3221 32.3341 32.3454 32.3548 32.3635 32.3721
 32.3806 32.3889 32.3976 32.4076 32.4175 32.4291 32.4385 32.4481 32.4568
 32.4667 32.4764 32.4853 32.4946 32.5043 32.5136 32.5239 32.5333 32.5431
 32.554  32.5655 32.5739 32.5826 32.5905 32.6003 32.6102 32.6187 32.6272
 32.6367 32.6461 32.6552 32.6663 32.6754 32.6837 32.6932 32.7025 32.71
 32.719  32.7278 32.7379 32.7474 32.7569 32.7663 32.7754 32.7853 32.7958
 32.8062 32.8153 32.8261 32.8375 32.8465 32.8553 32.8663 32.8776 32.8886
 32.8995 32.9118 32.9217 32.931  32.9401 32.9498 32.9602 32.9722 32.9827
 32.9943 33.0036 33.0135 33.0254 33.0355 33.0449 33.056  33.0655 33.0768
 33.0874 33.0974 33.107  33.1199 33.1377 33.1492 33.1608 33.1737 33.1891
 33.2041 33.2166 33.2298 33.2444 33.2577 33.2731 33.2869 33.2998 33.3139
 33.3347 33.3545 33.372  33.3887 33.4051 33.4257 33.4502 33.4697 33.5218
 33.5454 33.566  33.5903 33.606  33.6312 33.678  33.7019 33.7512 33.7841
 33.8407 33.9153 39.6736 39.875  39.9146 39.9952
40.04   40.1597 40.1834 40.2345 40.3122 40.3561 40.3864 40.4055 40.5208
 40.5371 40.5528 40.5702 40.5904 40.6155 40.6404 40.6575 40.6819 40.7066
 40.7219 40.7529 40.7702 40.7882 40.8061 40.8206 40.8406 40.8548 40.8689
 40.8829 40.8935 40.9033 40.9151 40.9267 40.9376 40.9497 40.962  40.9753
 40.9904 41.0069 41.0209 41.037  41.049  41.0617 41.0747 41.0869 41.098
 41.1122 41.1267 41.14   41.1521 41.1666 41.1778 41.1941 41.2049 41.2197
 41.2332 41.25   41.2631 41.2772 41.2878 41.2985 41.3092 41.3195 41.3288
 41.3383 41.3481 41.3647 41.3768 41.3912 41.4031 41.4161 41.4268 41.4371
 41.4467 41.4579 41.4711 41.4808 41.4897 41.5016 41.5111 41.5214 41.531
 41.5429 41.5523 41.564  41.575  41.5854 41.5941 41.6041 41.6176 41.6273
 41.6377 41.6482 41.6584 41.6676 41.6775 41.6866 41.6956 41.7045 41.7135
 41.7236 41.7331 41.7493 41.7602 41.7711 41.7815 41.7907 41.8024 41.8131
 41.8235 41.8336 41.8443 41.8543 41.8657 41.8775 41.8891 41.8997 41.9086
 41.9192 41.9306 41.9406 41.9523 41.9627 41.9724 41.9811 41.9926 42.0032
 42.0123 42.0228 42.0331 42.0429 42.0545 42.0664 42.077  42.0871 42.0969
 42.1065 42.1188 42.1318 42.1425 42.1525 42.1648 42.1781 42.1886 42.1978
 42.2098 42.2197 42.2324 42.2433 42.2554 42.2669 42.2803 42.2917 42.305
 42.3185 42.3317 42.3481 42.3619 42.3835 42.4001 42.42   42.4473 42.476
 42.4991 42.5275 42.5518 42.5737 42.6006 42.6249 42.647  42.6809 42.7122
 42.8441 42.8791 42.9229 45.0461 48.8581 48.9267 49.0157 49.2527 49.279
 49.3253 49.3607 49.4127 49.4552 49.5043 49.5253 49.5495 49.6123 49.6648
 49.6931 49.7132 49.7424 49.7736 49.7903 49.8139 49.8306 49.8604 49.8743
 49.8979 49.9164 49.9297 49.9471 49.9629 49.9766 49.9922
50.0101 50.0263 50.0411 50.0585 50.0777 50.097  50.117  50.1315 50.1485
 50.1709 50.1875 50.2015 50.2134 50.2338 50.2478 50.2704 50.2807 50.2954
 50.3111 50.3227 50.3379 50.3513 50.3666 50.3805 50.3929 50.404  50.4155
 50.4251 50.4379 50.4582 50.4733 50.4851 50.4992 50.5137 50.5258 50.5397
 50.5517 50.5641 50.59   50.6068 50.6219 50.6359 50.6537 50.6673 50.6841
 50.7    50.7125 50.727  50.7418 50.7558 50.776  50.7945 50.8103 50.8248
 50.8419 50.8552 50.8687 50.8825 50.8976 50.921  50.9342 50.9472 50.9762
 51.0059 51.0229 51.0452 51.0619 51.0802 51.0947 51.1137 51.1273 51.1537
 51.1657 51.1822 51.1994 51.2115 51.2325 51.2504 51.2629 51.2823 51.3174
 51.3477 51.3685 51.4037 51.4499 51.4827 51.5041 51.5299 51.6887 57.7245
 58.0332 58.1048 58.1804 58.2139 58.2874 58.4412 58.4679 58.4889 58.5396
 58.5975 58.6784 58.6966 58.7469 58.7692 58.7849 58.7966 58.8118 58.8443
 58.8647 58.9189 58.9311 58.9571 58.9702 58.9827 58.9944 59.0153 59.0295
 59.0397 59.0554 59.0728 59.0861 59.0984 59.1107 59.1226 59.1415 59.1545
 59.1718 59.1839 59.1986 59.2127 59.2284 59.2419 59.2591 59.2712 59.2863
 59.3033 59.3156 59.3287 59.3425 59.3635 59.3773 59.398  59.4099 59.4236
 59.4412 59.4539 59.4679 59.4875 59.4998 59.5107 59.5254 59.5399 59.5524
 59.5635 59.5745 59.5905 59.6009 59.613  59.6232 59.6339 59.6433 59.6513
 59.6609 59.6706 59.683  59.6963 59.7114 59.7227 59.7343 59.7432 59.7534
 59.7651 59.7779 59.7881 59.8007 59.8146 59.834  59.848  59.8582 59.87
 59.8801 59.8908 59.9024 59.9164 59.9369 59.9503 59.9639 59.9754 59.9887
60.0054 60.0213 60.0347 60.0469 60.0593 60.0708 60.0838 60.1011 60.1147
 60.1278 60.1395 60.1538 60.1689 60.1928 60.2065 60.231  60.2432 60.2675
 60.2827 60.2982 60.3184 60.3463 60.3854 60.4056 60.4379 60.4954 60.5309
 60.5648 60.7262 66.6875 66.8305 67.2717 67.4137 67.4805 67.5359 67.5625
 67.5862 67.6109 67.6539 67.6841 67.7186 67.751  67.8071 67.8561 67.8908
 67.9244 67.9432 67.9557 67.9807 67.9937 68.0258 68.0448 68.0648 68.087
 68.101  68.1123 68.128  68.1402 68.1608 68.1754 68.1902 68.2014 68.2148
 68.228  68.24   68.2612 68.2742 68.2881 68.3004 68.3108 68.3239 68.3427
 68.3591 68.3721 68.3883 68.4016 68.4127 68.4252 68.4369 68.4493 68.4601
 68.4705 68.4873 68.5023 68.5146 68.5345 68.5468 68.558  68.5688 68.58
 68.5923 68.6021 68.6227 68.6347 68.6497 68.6632 68.6749 68.6864 68.6966
 68.7058 68.7159 68.7294 68.7376 68.7467 68.7571 68.7687 68.7783 68.7947
 68.8052 68.8164 68.826  68.8373 68.847  68.8581 68.8714 68.8814 68.8925
 68.9039 68.9126 68.922  68.9325 68.9435 68.955  68.9663 68.9798 68.9899
 68.999  69.0096 69.022  69.0342 69.0492 69.0603 69.0724 69.0842 69.0958
 69.1077 69.1178 69.1284 69.1399 69.1506 69.1638 69.1742 69.1866 69.1963
 69.209  69.221  69.233  69.2445 69.2577 69.2687 69.2813 69.2951 69.3075
 69.3183 69.3301 69.3443 69.3608 69.3721 69.3842 69.3972 69.4118 69.4244
 69.4366 69.4564 69.471  69.4865 69.5096 69.5325 69.5477 69.5639 69.5914
 69.6048 69.632  69.6537 69.6748 69.7039 69.7237 69.7438 69.7644 69.8257
 69.8418 69.8684 69.9233 69.9538 69.992

