13.0768 13.1265 13.1994 13.2878 13.3906 13.4418 13.5732 13.6658 13.7076
 13.7366 13.7629 13.8069 13.835  13.924  13.9505 14.0248 14.0956 14.1374
 14.2069 14.2508 14.2746 14.3223 14.3823 14.4165 14.4325 14.4496 14.4824
 14.5027 14.5166 14.5347 14.5564 14.5799 14.6111 14.6391 14.655  14.6718
 14.6891 14.7159 14.7365 14.7572 14.7788 14.804  14.8196 14.8411 14.8615
 14.8814 14.8987 14.9325 14.9513 14.9735 14.9875 15.0037 15.0211 15.0358
 15.0607 15.0802 15.1091 15.1273 15.159  15.1821 15.2019 15.225  15.251
 15.2641 15.2827 15.3077 15.3266 15.3433 15.3569 15.3713 15.3955 15.4135
 15.4278 15.4461 15.4938 15.5172 15.5447 15.5634 15.5836 15.5974 15.6144
 15.6357 15.6819 15.7119 15.7496 15.7991 15.8243 15.8572 15.8718 15.9095
 16.1019 16.1299
21.1316 21.8573 22.0246 22.8255 22.8494 22.9381 23.0913 23.1177 23.1482
 23.1805 23.2    23.2224 23.2512 23.2745 23.3427 23.3868 23.4422 23.4799
 23.5049 23.5264 23.5653 23.5828 23.6092 23.6456 23.6686 23.6836 23.7086
 23.7224 23.7389 23.7571 23.7743 23.7896 23.8057 23.82   23.8368 23.8507
 23.8623 23.8778 23.9014 23.9374 23.9555 23.9728 23.9946 24.0102 24.0264
 24.039  24.0522 24.0643 24.0839 24.0995 24.1133 24.1265 24.1461 24.1657
 24.1863 24.2005 24.2245 24.2402 24.2589 24.2775 24.3032 24.317  24.3445
 24.3708 24.3851 24.3994 24.4207 24.4414 24.455  24.4716 24.489  24.5045
 24.5203 24.5344 24.5518 24.5729 24.5857 24.6007 24.6155 24.6302 24.6456
 24.663  24.6798 24.6967 24.7135 24.7269 24.7408 24.7561 24.7744 24.7918
 24.819  24.8389 24.8598 24.8915 24.9089 24.9218 24.9449 24.986  25.0035
 25.0342 25.0549 25.0773 25.0946 25.1155 25.1602 25.1982 25.2219 25.2593
 25.3259 25.4766
30.499  31.3653 31.4099 31.4277 31.5075 31.6093 31.7979 31.8689 31.9018
 31.9348 31.9625 32.0005 32.0249 32.0468 32.0741 32.088  32.1076 32.1227
 32.1419 32.1591 32.1987 32.2255 32.2435 32.2586 32.2702 32.2828 32.3137
 32.3305 32.3455 32.3609 32.3868 32.4174 32.4353 32.4547 32.472  32.4941
 32.522  32.5473 32.5674 32.5811 32.5964 32.6109 32.6212 32.6347 32.6642
 32.6773 32.6901 32.7117 32.7321 32.7462 32.7625 32.7816 32.7976 32.8198
 32.8336 32.8473 32.8587 32.874  32.8968 32.9117 32.9274 32.9477 32.9691
 32.9825 32.9951 33.0078 33.0262 33.042  33.0556 33.0672 33.0806 33.1006
 33.1144 33.1272 33.1406 33.1547 33.1695 33.1803 33.1945 33.206  33.2167
 33.2294 33.243  33.2553 33.2688 33.2818 33.2955 33.3095 33.321  33.335
 33.3472 33.3592 33.3733 33.3846 33.3975 33.4107 33.4233 33.4368 33.451
 33.4651 33.4798 33.4927 33.5069 33.5214 33.5347 33.5489 33.5606 33.5722
 33.5838 33.5951 33.6067 33.6232 33.6368 33.6588 33.6748 33.6882 33.7048
 33.7218 33.7335 33.7536 33.7654 33.7823 33.7994 33.8157 33.8377 33.8559
 33.8729 33.8862 33.9007 33.9158 33.9304 33.9594 33.9767 33.9944 34.017
 34.0324 34.0524 34.0733 34.0949 34.1135 34.1383 34.1605 34.1768 34.2338
 34.4414 36.8309
40.4716 40.5882 40.8093 40.8883 40.9191 40.9502 40.9904 41.0168 41.0415
 41.0593 41.0807 41.154  41.1796 41.2016 41.2281 41.2444 41.263  41.2795
 41.2959 41.3189 41.3346 41.3689 41.4014 41.4351 41.4495 41.4686 41.4865
 41.5055 41.5301 41.5533 41.5773 41.5942 41.6062 41.6217 41.6482 41.6677
 41.6971 41.7271 41.7547 41.7786 41.7937 41.815  41.8514 41.8685 41.8901
 41.9261 41.9412 41.9618 41.9785 41.9933 42.0093 42.0276 42.0413 42.0548
 42.065  42.0786 42.0899 42.1066 42.1193 42.1383 42.1496 42.1656 42.1777
 42.1956 42.2067 42.2234 42.2346 42.2457 42.2563 42.267  42.2787 42.2929
 42.3076 42.319  42.3316 42.3478 42.363  42.3813 42.3971 42.4124 42.428
 42.4443 42.4575 42.4697 42.4834 42.4996 42.5132 42.5281 42.5408 42.5591
 42.5733 42.5862 42.6049 42.6257 42.6427 42.6586 42.6707 42.6854 42.7001
 42.7161 42.7338 42.7472 42.7606 42.7725 42.7883 42.8048 42.8185 42.8337
 42.848  42.8633 42.8786 42.8986 42.9171 42.9375 42.9572 42.9841 43.0003
 43.0158 43.031  43.0482 43.0662 43.0869 43.1195 43.1444 43.1662 43.1859
 43.2044 43.2374 43.2683 43.3037 43.3568 43.3737 47.5132 48.5169 49.151
 49.3115 49.375  49.4747 49.6103 49.6785 49.7444 49.7894 49.8278 49.8606
 49.9803
50.0287 50.0708 50.0958 50.1824 50.2535 50.27   50.3132 50.3449 50.4088
 50.449  50.4763 50.4945 50.5529 50.5792 50.598  50.6299 50.6547 50.6729
 50.7058 50.7265 50.765  50.7825 50.7992 50.8148 50.841  50.8685 50.8902
 50.9208 50.9436 50.9748 51.0042 51.0255 51.0814 51.0983 51.1168 51.1352
 51.1576 51.1735 51.1885 51.2128 51.2333 51.2467 51.2644 51.279  51.2969
 51.3166 51.3377 51.3554 51.3674 51.3843 51.3991 51.426  51.4482 51.4679
 51.5011 51.5249 51.5566 51.582  51.5989 51.6274 51.6754 51.7118 51.753
 51.8339 51.8696 51.8968 51.9398 51.9645 52.0017 52.0469 52.0877 52.1704
 52.2138 56.2217 57.5437 58.4478 58.5158 58.5599 58.691  58.7393 58.7928
 58.8428 58.9275 58.9658 59.0305 59.0595 59.0828 59.1643 59.2135 59.2483
 59.2658 59.3018 59.3249 59.3428 59.3758 59.4014 59.444  59.4745 59.4968
 59.5414 59.5593 59.5854 59.6129 59.6774 59.7011 59.7204 59.7377 59.7599
 59.7856 59.8148 59.8434 59.8559 59.8718 59.8912 59.9129 59.9284 59.9619
 59.9811
60.001  60.022  60.039  60.0703 60.0963 60.1202 60.1546 60.1818 60.197
 60.2164 60.2336 60.2509 60.268  60.2855 60.3052 60.3264 60.3443 60.3644
 60.3793 60.4016 60.4157 60.4326 60.4529 60.4705 60.4875 60.5043 60.5184
 60.5419 60.5659 60.5948 60.6267 60.6598 60.6776 60.7008 60.7174 60.7357
 60.7568 60.792  60.8073 60.8536 60.8726 60.9105 60.935  60.9544 60.9748
 60.999  61.0226 61.0765 61.1138 61.1645 61.1935 61.2395 61.3678 66.8461
 67.7528 67.8359 67.9861 68.0131 68.0464 68.1868 68.2206 68.2518 68.2771
 68.3348 68.3956 68.4237 68.4659 68.4935 68.5311 68.5468 68.566  68.5876
 68.6069 68.6264 68.6498 68.6657 68.6828 68.6984 68.7171 68.7381 68.7537
 68.7683 68.787  68.8101 68.8309 68.8507 68.8758 68.9    68.919  68.9468
 68.9626 68.983  69.0022 69.026  69.0498 69.0656 69.0829 69.0958 69.1098
 69.1318 69.15   69.1674 69.1926 69.2237 69.2378 69.2543 69.2731 69.2893
 69.3055 69.3209 69.3448 69.3676 69.3874 69.4036 69.4159 69.4296 69.4444
 69.4597 69.4733 69.4904 69.5038 69.5216 69.5383 69.5521 69.5652 69.5804
 69.6013 69.616  69.6302 69.6462 69.6729 69.6892 69.7065 69.7227 69.7355
 69.7517 69.7642 69.7798 69.7994 69.8202 69.8405 69.857  69.8714 69.8912
 69.9095 69.9345 69.951  69.9706 69.9936

