12.1459 13.0802 13.4934 13.7759 13.8006 13.8726 13.9544 13.9902 14.0746
 14.1748 14.2095 14.2332 14.2632 14.3017 14.3637 14.4314 14.4569 14.4888
 14.5228 14.5517 14.5785 14.6041 14.6294 14.66   14.6978 14.7276 14.7557
 14.7728 14.7924 14.8084 14.8238 14.8465 14.8965 14.9234 14.9403 14.962
 14.9827 15.0496 15.0703 15.0937 15.1079 15.1332 15.1513 15.1664 15.1959
 15.2107 15.2552 15.3078 15.3267 15.3419 15.3662 15.3883 15.485  15.5195
 15.5517 15.578  15.615  15.6436 15.6659 15.7025 15.7283 15.7489 15.8134
 15.8587 15.9004 15.9306 15.9868 16.0139 16.1437 19.0217
21.0697 22.1002 22.1266 22.2728 22.2975 22.3407 22.4045 22.4399 22.4729
 22.5765 22.6077 22.6677 22.6948 22.7267 22.7801 22.8478 22.8713 22.8918
 22.9207 22.9434 22.9666 22.9837 23.0076 23.0225 23.0414 23.0648 23.0862
 23.1051 23.121  23.1342 23.1487 23.1687 23.1799 23.1983 23.2215 23.2473
 23.2613 23.2774 23.2897 23.3022 23.3135 23.3249 23.342  23.3597 23.3726
 23.3921 23.4092 23.4234 23.4381 23.4613 23.4891 23.5095 23.5253 23.5379
 23.5542 23.5729 23.5891 23.6026 23.617  23.6341 23.6539 23.666  23.6812
 23.6944 23.7105 23.7231 23.7408 23.7533 23.7735 23.7917 23.8044 23.8212
 23.8375 23.8674 23.8834 23.9026 23.9231 23.9378 23.9591 23.9736 23.9865
 24.0045 24.0384 24.0561 24.0835 24.1042 24.1198 24.1463 24.1739 24.1878
 24.2091 24.2233 24.2443 24.2771 24.2946 24.3167 24.3326 24.3549 24.3767
 24.4166 24.4459 24.4648 24.4884 24.511  24.5359 24.5766 24.6284 24.6524
 24.6818 24.7057 24.7599 24.7828 24.8296 24.8542 24.8945
30.8068 31.8261 31.8844 31.9734 32.0456 32.1299 32.2696 32.3041 32.3602
 32.4067 32.4443 32.4778 32.5002 32.5179 32.5715 32.6095 32.6676 32.6865
 32.7041 32.7225 32.7473 32.775  32.818  32.8415 32.8596 32.8822 32.9224
 32.9598 32.9906 33.0273 33.0539 33.068  33.0826 33.0997 33.1256 33.143
 33.1584 33.1732 33.1903 33.2097 33.2399 33.2709 33.2994 33.3316 33.3537
 33.3857 33.4    33.4294 33.4542 33.4874 33.5003 33.518  33.5377 33.5583
 33.5915 33.612  33.6499 33.6771 33.7056 33.7317 33.76   33.7846 33.8129
 33.8315 33.8508 33.8695 33.9196 33.9398 34.0182 34.0667 34.094  34.1755
 34.2004 34.2255 34.2557 34.3188 34.3798 34.6836 39.6817
40.4814 40.6799 40.787  40.834  40.9444 41.0125 41.0294 41.085  41.1189
 41.1434 41.1744 41.2037 41.2269 41.25   41.2794 41.2984 41.3099 41.3217
 41.3537 41.3666 41.387  41.4127 41.4385 41.4572 41.473  41.4986 41.5178
 41.5348 41.5495 41.5613 41.5738 41.5875 41.602  41.6207 41.6398 41.6512
 41.6662 41.6876 41.7041 41.7185 41.7288 41.744  41.7593 41.7719 41.7862
 41.8026 41.8177 41.8345 41.853  41.8685 41.883  41.904  41.9171 41.9289
 41.9432 41.9596 41.9752 41.9975 42.0159 42.0304 42.0447 42.0603 42.0846
 42.1135 42.1309 42.1555 42.174  42.1937 42.211  42.2295 42.2644 42.2804
 42.3011 42.3186 42.3357 42.347  42.3739 42.3972 42.4175 42.4412 42.4565
 42.4724 42.5148 42.5352 42.5519 42.5671 42.5817 42.6064 42.6319 42.6576
 42.6853 42.7179 42.7346 42.7559 42.7849 42.8111 42.8337 42.8807 42.9137
 42.9567 43.0052 43.1253 48.7508 49.0971 49.4655 49.5986 49.6755 49.9757
50.027  50.1287 50.1794 50.2113 50.236  50.2692 50.3174 50.3392 50.3939
 50.4129 50.4337 50.464  50.4801 50.4947 50.5306 50.5546 50.5781 50.6015
 50.6188 50.6368 50.6537 50.6697 50.6932 50.7087 50.7275 50.7479 50.7648
 50.7837 50.802  50.8188 50.8417 50.8553 50.8677 50.8795 50.8926 50.9039
 50.9191 50.9337 50.9486 50.9664 50.9834 50.9963 51.0124 51.0252 51.04
 51.0502 51.0618 51.0763 51.108  51.1199 51.1407 51.1638 51.1798 51.1945
 51.207  51.2229 51.2348 51.2498 51.2753 51.2917 51.3087 51.3277 51.3409
 51.3556 51.3715 51.3877 51.4082 51.4276 51.4438 51.4582 51.4789 51.5039
 51.5273 51.5419 51.5539 51.5668 51.582  51.5976 51.6142 51.6296 51.6481
 51.6721 51.7037 51.7184 51.7313 51.7571 51.7748 51.7907 51.8052 51.8298
 51.8658 51.8884 51.9061 51.9419 51.9891 52.0145 52.1186 52.1766 52.2013
 52.2316 52.2726 57.4468 58.508  58.5854 58.6604 58.7556 58.8018 58.8506
 58.9127 59.0077 59.0435 59.0628 59.1343 59.1681 59.2082 59.2422 59.2555
 59.2687 59.3051 59.3297 59.3486 59.3622 59.3788 59.4042 59.4207 59.4371
 59.4564 59.4712 59.4902 59.5133 59.5279 59.5443 59.5572 59.5741 59.5865
 59.5976 59.6132 59.6347 59.6529 59.6637 59.6811 59.6957 59.7099 59.7238
 59.7366 59.7486 59.7616 59.7715 59.7861 59.7965 59.8082 59.8212 59.8317
 59.8421 59.8577 59.8701 59.8814 59.8936 59.908  59.9202 59.9313 59.9432
 59.9562 59.9703 59.9848
60.0009 60.0109 60.0255 60.0434 60.0553 60.067  60.078  60.0926 60.1042
 60.116  60.1292 60.1427 60.155  60.1734 60.1874 60.2039 60.2199 60.2317
 60.2453 60.2592 60.2739 60.2895 60.3067 60.3289 60.3435 60.36   60.3935
 60.4087 60.4318 60.4521 60.4698 60.4824 60.5022 60.5189 60.5354 60.549
 60.5616 60.5924 60.6179 60.6331 60.6493 60.677  60.7026 60.7337 60.7548
 60.7734 60.7939 60.8248 60.8399 60.8595 60.8792 60.8978 60.9254 60.9444
 60.967  60.9954 61.0287 61.0666 61.1023 61.1535 61.1759 61.2284 61.2576
 66.9579 67.7956 67.9944 68.2356 68.2852 68.3344 68.3557 68.403  68.4257
 68.454  68.4889 68.5165 68.5343 68.5541 68.5866 68.6244 68.6436 68.6586
 68.6795 68.7114 68.7406 68.7589 68.7787 68.8004 68.8251 68.8419 68.8687
 68.8882 68.9027 68.9168 68.9279 68.942  68.9565 68.9679 68.9825 68.999
 69.0128 69.031  69.0504 69.0649 69.0778 69.093  69.1136 69.1271 69.1394
 69.1545 69.1691 69.1801 69.1967 69.2115 69.2263 69.2389 69.2527 69.266
 69.279  69.2955 69.3134 69.3324 69.3481 69.3615 69.377  69.3882 69.4013
 69.4164 69.4295 69.4464 69.4694 69.4849 69.4998 69.5178 69.5305 69.5467
 69.5674 69.5832 69.6111 69.6301 69.6544 69.6683 69.6837 69.7124 69.742
 69.7633 69.787  69.8037 69.8349 69.8567 69.8876 69.9047 69.9197 69.9603
 69.9907

