12.4382 13.5749 13.9982 14.0583 14.0909 14.2296 14.4481 14.4858 14.6843
 14.7796 14.8265 14.8648 15.0139
22.2117 22.6292 22.7903 23.6758 23.729  23.7892 23.8548 24.075  24.1649
 24.2546 24.2937 24.6541
33.3417 33.4869 33.6013 33.6864 33.7727 33.7935 33.8277 33.8505 33.9019
 33.9657 34.0045 34.0579 34.1714 34.2    34.2848 34.3572 34.4715
41.9727 42.3733 42.4907 42.6177 42.6446 42.7586 42.8665 42.9392 43.0552
 43.1268 43.1515 43.1842 43.2633 43.2866 43.3147 43.3345 43.6735 43.7797
 43.8722 43.9506
52.4295 52.5499 52.6133 53.6153 54.0419
61.4349 62.0651 63.0477 63.2211 63.2536

