13.1527 13.3944 13.6917 13.8757 14.1363 14.1909 14.2401 14.2648 14.3116
 14.3625 14.3817 14.4058 14.419  14.4376 14.4583 14.4934 14.5119 14.5266
 14.5435 14.5548 14.5745 14.5995 14.6168 14.6332 14.6459 14.6596 14.6751
 14.6874 14.7008 14.7134 14.7323 14.7471 14.7588 14.771  14.7831 14.8018
 14.8161 14.8248 14.835  14.8482 14.8588 14.8707 14.8817 14.8933 14.904
 14.9132 14.9243 14.9387 14.9501 14.9613 14.9725 14.984  14.9975 15.0125
 15.0215 15.0323 15.0422 15.0525 15.0621 15.072  15.0825 15.0982 15.1093
 15.121  15.1311 15.1409 15.1517 15.1668 15.1783 15.19   15.2015 15.2122
 15.2229 15.2337 15.2429 15.2533 15.2632 15.2748 15.2841 15.2937 15.3042
 15.3145 15.3244 15.3349 15.3455 15.3558 15.367  15.3779 15.3891 15.3983
 15.4097 15.4202 15.4328 15.4443 15.4553 15.4669 15.4776 15.4877 15.4975
 15.5102 15.5209 15.5338 15.5448 15.5581 15.573  15.585  15.5988 15.6123
 15.6227 15.6342 15.6485 15.6623 15.674  15.6954 15.7099 15.7208 15.7351
 15.7475 15.7585 15.77   15.7811 15.7932 15.8075 15.8238 15.8389 15.8533
 15.8664 15.8804 15.8967 15.9116 15.9266 15.9506 15.9715 15.9914 16.0098
 16.026  16.048  16.068  16.0916 16.1252 16.1619 16.1831 16.2067 16.2286
 16.2919 16.3762
22.0297 22.4236 23.0874 23.2393 23.2744 23.4436 23.4707 23.5149 23.6115
 23.6415 23.6846 23.7181 23.7472 23.7732 23.795  23.8469 23.8766 23.8988
 23.9177 23.9564 23.9808 23.9972 24.0128 24.0267 24.0476 24.0758 24.0908
 24.1047 24.1319 24.1496 24.1636 24.1773 24.1995 24.2155 24.2314 24.2461
 24.272  24.2862 24.3045 24.3168 24.33   24.3437 24.3577 24.3701 24.3834
 24.3977 24.4114 24.425  24.44   24.4523 24.4696 24.4819 24.4934 24.5109
 24.5239 24.5375 24.5487 24.5616 24.5753 24.5917 24.6057 24.6161 24.626
 24.6363 24.6479 24.6613 24.6765 24.6954 24.7151 24.7303 24.742  24.7531
 24.7659 24.7815 24.7944 24.8069 24.8203 24.8319 24.8471 24.8592 24.8697
 24.886  24.8967 24.9074 24.9202 24.9357 24.9488 24.963  24.9749 24.9963
 25.0127 25.0276 25.0579 25.0705 25.0885 25.1045 25.1191 25.1422 25.1658
 25.2001 25.2217 25.2395 25.2617 25.2772 25.3052 25.3564 25.387  25.4162
 25.4428 25.4627 25.503  25.5808 25.7126
32.9944 33.0236 33.0868 33.1675 33.2375 33.2783 33.3119 33.348  33.4492
 33.5323 33.5577 33.6069 33.6341 33.6808 33.7032 33.7196 33.7382 33.7599
 33.7757 33.7964 33.8173 33.8473 33.8647 33.882  33.8949 33.9089 33.9224
 33.9393 33.9583 33.9736 33.9935 34.0155 34.0446 34.0604 34.0725 34.0889
 34.1008 34.1156 34.1364 34.1503 34.1625 34.1766 34.1933 34.2112 34.226
 34.2407 34.2554 34.2716 34.2831 34.294  34.3051 34.3163 34.3309 34.3452
 34.3544 34.3643 34.3755 34.3896 34.401  34.4126 34.4222 34.4317 34.4411
 34.4545 34.4647 34.475  34.4863 34.4956 34.5071 34.516  34.5248 34.5351
 34.5449 34.5562 34.5669 34.5778 34.5878 34.5972 34.6061 34.6171 34.6266
 34.6389 34.6506 34.6619 34.6728 34.6827 34.6932 34.7031 34.7134 34.7254
 34.736  34.7458 34.7559 34.7661 34.777  34.7878 34.7967 34.8077 34.8176
 34.8275 34.838  34.8482 34.858  34.8694 34.8816 34.8952 34.904  34.9162
 34.9287 34.9407 34.9521 34.9632 34.9734 34.9835 34.9961 35.0099 35.026
 35.0378 35.0494 35.0615 35.0738 35.0857 35.0985 35.1105 35.1239 35.135
 35.146  35.1593 35.1723 35.1836 35.1962 35.2088 35.2235 35.2366 35.2503
 35.2672 35.2783 35.2936 35.3077 35.3205 35.3342 35.3469 35.3599 35.3743
 35.3929 35.4089 35.4212 35.4333 35.4566 35.4763 35.4992 35.5186 35.544
 35.5614 35.5862 35.6117 35.6431 35.6844 35.7529 35.8877
41.9944 42.2079 42.2429 42.4189 42.5491 42.5968 42.6916 42.7092 42.7272
 42.7726 42.824  42.8696 42.8989 42.915  42.9339 42.9817 43.0042 43.0202
 43.0348 43.0493 43.0674 43.0907 43.1066 43.1374 43.1527 43.1744 43.1882
 43.2035 43.2227 43.2365 43.2595 43.272  43.2851 43.2988 43.3095 43.3206
 43.3344 43.3486 43.3618 43.3758 43.3886 43.4025 43.4241 43.4381 43.4487
 43.4616 43.4729 43.4829 43.4936 43.507  43.5163 43.5266 43.5392 43.5512
 43.562  43.5728 43.583  43.5942 43.6043 43.6129 43.6216 43.631  43.64
 43.6479 43.6586 43.6674 43.6782 43.6891 43.7012 43.7122 43.723  43.7318
 43.7427 43.7522 43.7616 43.7713 43.7812 43.7919 43.8026 43.8127 43.8232
 43.8322 43.8419 43.8511 43.8603 43.8701 43.8794 43.8892 43.8984 43.9072
 43.9165 43.9264 43.9354 43.9437 43.9527 43.9607 43.9707 43.98   43.9894
 43.9977 44.0059 44.0151 44.023  44.0312 44.0396 44.0485 44.0574 44.0659
 44.0752 44.0848 44.0932 44.102  44.1102 44.1199 44.1299 44.1393 44.1487
 44.157  44.1652 44.1734 44.1817 44.1906 44.1986 44.2062 44.2151 44.2238
 44.2337 44.2424 44.2512 44.2605 44.2707 44.279  44.2879 44.2971 44.307
 44.3162 44.3252 44.3346 44.3438 44.3545 44.363  44.3729 44.3827 44.3909
 44.4013 44.4094 44.4195 44.4289 44.4387 44.4503 44.4603 44.4702 44.481
 44.4967 44.5063 44.5186 44.5306 44.5415 44.5531 44.565  44.5758 44.5858
 44.5985 44.6112 44.6225 44.634  44.6446 44.6549 44.6649 44.6775 44.6889
 44.7008 44.7181 44.7295 44.7396 44.75   44.7637 44.7739 44.786  44.7987
 44.8164 44.8313 44.8489 44.8639 44.8803 44.8921 44.9103 44.9248 44.9399
 44.9556 44.9713 44.988  45.005  45.022  45.0438 45.0624 45.0801 45.0941
 45.1393 45.1615 45.1977 45.2295 45.3058 45.3258 45.3689 45.5212
52.9966 53.0268 53.0412 53.0728 53.1453 53.2992 53.3631 53.4242 53.4462
 53.4947 53.5379 53.5948 53.6161 53.6738 53.6946 53.7199 53.7452 53.7711
 53.7893 53.8179 53.8328 53.8727 53.9075 53.962  54.0272 54.0445 54.0771
 54.1006 54.1178 54.137  54.158  54.1767 54.1978 54.2136 54.2274 54.2474
 54.2655 54.287  54.3029 54.3277 54.3571 54.3803 54.4056 54.4203 54.4333
 54.447  54.4618 54.4863 54.5053 54.5278 54.5525 54.5768 54.5941 54.6072
 54.6256 54.6747 54.6958 54.7311 54.7669 54.7969 54.8274 54.8498 54.879
 54.9131 54.9342 54.9686 55.0093 55.0307 55.0872 55.2122 55.534
60.1861 60.7256 61.6981 61.9292 62.1153 62.3808 62.5768 62.6289 62.7595
 62.8036 62.8983 62.9331 62.9855 63.0087 63.0283 63.0432 63.0762 63.0944
 63.1526 63.1745 63.1885 63.2167 63.2432 63.2633 63.2778 63.2933 63.31
 63.3234 63.3449 63.3592 63.3716 63.387  63.4012 63.4139 63.424  63.4387
 63.4537 63.4666 63.4799 63.4938 63.5125 63.5257 63.5426 63.5567 63.5702
 63.5856 63.6038 63.6303 63.6468 63.6636 63.6753 63.6889 63.7035 63.7218
 63.7401 63.7644 63.7802 63.7947 63.8069 63.8184 63.8311 63.8476 63.8615
 63.8794 63.8907 63.9063 63.9193 63.9421 63.9612 63.9812 63.9927 64.0086
 64.0215 64.0334 64.051  64.0671 64.0818 64.0979 64.122  64.1466 64.1585
 64.1742 64.1908 64.2129 64.2301 64.2471 64.269  64.2973 64.3184 64.3454
 64.3597 64.4028 64.4207 64.4394 64.4542 64.4742 64.4947 64.5157 64.5331
 64.5518 64.5702 64.5958 64.6603 64.7029 64.7488 64.7758 64.8045 64.9026

