11.7799 12.6717 12.7094 13.9042 13.9531 14.0157 14.0665 14.1798 14.2261
 14.2757 14.3517 14.3794 14.4191 14.5118 14.5828 14.6425 14.6699 14.7065
 14.726  14.7378 14.7512 14.7999 14.8181 14.833  14.8703 14.8959 14.9241
 14.951  14.9628 14.9887 15.0072 15.0557 15.0724 15.0822 15.1026 15.1576
 15.1742 15.2022
22.106  22.6686 22.7187 23.3397 23.4583 23.5563 23.6471 23.6746 23.6889
 23.7116 23.7375 23.7807 23.813  23.9474 23.9644 23.9827 24.0125 24.0471
 24.0941 24.1134 24.1291 24.1657 24.1982 24.2531 24.2756 24.2905 24.3293
 24.3678 24.4205 24.5104 24.5318 24.5481 24.5666
31.4388 32.5738 32.7065 32.8725 32.9308 33.1549 33.2391 33.4042 33.4711
 33.5543 33.6643 33.7089 33.7378 33.807  33.8555 33.8874 33.9078 33.9399
 33.9557 33.9943 34.0316 34.0492 34.1245 34.1624 34.1844 34.2028 34.2344
 34.2553 34.2769 34.3233 34.3494 34.3658 34.3819 34.4075 34.4218 34.4358
 34.4897 34.5106 34.5311 34.5543 34.5722 34.6032 34.621  34.6538 34.6968
 34.7679 34.816
41.8306 41.9714 42.0699 42.1995 42.3175 42.3982 42.4309 42.5891 42.6308
 42.6508 42.7115 42.7418 42.7729 42.8826 42.9023 42.9517 42.9817 42.9988
 43.0224 43.063  43.1003 43.1159 43.1323 43.1483 43.1615 43.1825 43.205
 43.2446 43.2648 43.3228 43.3373 43.3737 43.3919 43.4081 43.4301 43.4453
 43.4612 43.4809 43.4941 43.5176 43.5345 43.5585 43.5734 43.5867 43.6039
 43.6181 43.6326 43.6492 43.6718 43.6927 43.7055 43.7172 43.7288 43.7427
 43.7576 43.7676 43.8063 43.8225 43.8389 43.849  43.866  43.8866 43.8973
 43.912  43.9253 43.9408 43.9542 43.9716 43.9842 43.9958 44.0359 44.0574
 44.0718 44.0873 44.1195 44.1356 44.1533 44.1714 44.1895 44.2261 44.2652
 44.3204 48.9347
51.4979 52.0514 52.2298 52.9271 53.1668 53.3124 53.4854 53.8729 53.9307
 53.9768 54.0283 54.0509 54.2214 54.3102
62.3888 62.7198 62.8428 62.9031 62.9909 63.0827 63.2009 63.2253 63.2673
 63.2905 63.3459 63.3916 63.4764 63.5371 63.556  63.6177 63.6386 63.7184
 63.9548

