13.3054 13.4354 13.5857 13.6066 13.6741 13.8192 13.8555 14.0577 14.1638
 14.2049 14.2226 14.3329 14.3495 14.3703 14.4247 14.4685 14.5134 14.5301
 14.5469 14.6117 14.7384 14.8803 14.9363 14.9605 18.3258
22.965  23.2931 23.3663 23.4412 23.4968 23.5825 23.6213 23.6414 23.7094
 23.7452 23.7744 23.834  23.8616 23.8835 23.9754 23.9919 24.0135 24.0476
 24.0945 24.1199 24.1463 24.1687 24.2203 24.2558 24.4434 24.4843 24.5518
32.3692 33.0069 33.0314 33.0811 33.1062 33.1848 33.2444 33.3523 33.4308
 33.4824 33.5086 33.5351 33.5622 33.6735 33.7358 33.7539 33.7779 33.8169
 33.8419 33.8766 33.9151 33.9644 34.0537 34.0821 34.1087 34.1703 34.2599
 34.2784 34.3608
42.1788 42.6797 43.4213 43.5733 43.6951 43.7429 43.8476 43.8793 44.0476
 44.0834 44.1109 44.1612 44.1884 44.2107 44.3169 44.3458 44.4972 44.5151
 44.5497
52.2111 52.6855 52.7407 52.7676 52.8085 52.9    52.9348 52.9726 52.9921
 53.0525 53.2055 53.2258 53.2456 53.3181 53.333  53.4128 53.4725 53.5422
 53.6406 53.6849 58.8807
60.9643 61.1939 61.6184 61.8483 62.1028 62.1924 62.2167 62.2542 62.3289
 62.4844 62.5159 62.5931 62.692  62.7284 62.7691 62.8102 62.8837 63.0138
 63.0943 63.1173 63.1441 63.1796 63.213  63.2435 63.3106

