12.7925 13.3804 13.4318 13.6939 14.1018 14.1524 14.1922 14.2699 14.3947
 14.4149 14.4412 14.5129 14.6304 14.6509 14.8038 14.8332
22.7525 22.8335 22.9713 23.5317 23.6035 23.6293 23.6716 23.7114 23.878
 23.9505 23.9741 24.2276 24.2716 24.2886 24.3529
32.1095 33.1985 33.3664 33.3874 33.4305 33.446  33.4948 33.5589 33.6041
 33.7136 33.7884 33.8589 33.9882 34.0192
40.5855 43.2464 43.5999 43.6493 43.6797 43.8946 44.1668 44.4784
52.2479 52.4129 52.5011 52.6595 52.9107 52.9487 53.0726 53.1356 53.1561
 53.2618
62.0036 62.1801 62.3478 62.3977 62.4319 62.5294 62.6555 62.808  62.8476
 62.9328 62.9869

