11.9445 12.717  12.9669 13.1369 13.4665 13.6421 14.     14.0484 14.176
 14.2385 14.272  14.3319 14.4108 19.0429
23.0717 23.2208 23.4217 23.5269 23.5947 23.6254 23.7108 23.8144 24.022
 24.0536
30.9958 31.3617 32.2738 32.7034 32.8898 33.0852 33.1039 33.1369 33.2929
 33.3343 33.3587 33.4037 33.7334 33.7487 33.8106 33.8909 33.9145 33.9578
42.9036 43.0792 43.565  43.8668 44.1645 44.1915 44.3229 44.3901
52.3609 52.7867 52.8109 53.193  53.3753 53.4436
60.2866 61.8517 62.377  62.4921 62.6725 62.8184 62.8864 69.8047

