13.0688 14.4512 15.0071 15.0447 15.0983 15.1868 15.2609 15.3205 15.3751
 15.4117 15.4724 15.5684 15.6362 15.6624 15.6865 15.7073 15.7336 15.8008
 15.8258 15.8503 15.9026 15.9256 15.9494 15.989  16.0256 16.0498 16.0818
 16.0945 16.132  16.1476 16.1639 16.1989 16.2388 16.2759 16.3087 16.3407
 16.3698 16.3868 16.4146 16.4507 16.5097 16.553  16.5931 16.6772 16.7374
 16.7816 16.8724 17.0498 17.2314 17.355  17.4239
22.5602 23.7078 23.9337 24.0199 24.1042 24.1419 24.1743 24.3329 24.38
 24.4038 24.4411 24.4638 24.4817 24.5099 24.5828 24.6198 24.6467 24.6806
 24.7318 24.7592 24.7823 24.8048 24.8291 24.8473 24.8648 24.8825 24.8998
 24.9189 24.9341 24.9476 24.9674 24.9889 25.0085 25.0298 25.0437 25.0586
 25.0692 25.0827 25.1006 25.1241 25.139  25.1557 25.1706 25.1861 25.2007
 25.2307 25.2487 25.2643 25.2823 25.2962 25.3099 25.3237 25.3378 25.3502
 25.3689 25.3852 25.4082 25.4258 25.4413 25.4573 25.4711 25.4919 25.5071
 25.5257 25.5421 25.557  25.573  25.5861 25.6017 25.6233 25.6494 25.6696
 25.6857 25.7092 25.7304 25.7756 25.7943 25.8092 25.8559 25.8825 25.8997
 25.9201 25.9366 25.9507 25.9662 25.9883 26.0175 26.0424 26.0598 26.0843
 26.1298 26.1468 26.1657 26.1929 26.2254 26.2445 26.2727 26.2934 26.3288
 26.393  26.4177 26.4456 26.4895 26.5377 26.5859 26.6296 26.7656 26.7908
 26.9217 26.9516 27.0177 27.0708 27.1486 27.1848
31.7716 33.5039 33.539  33.6352 33.7166 33.8066 33.8397 33.8856 33.9115
 33.9731 33.9892 34.0047 34.0288 34.0495 34.0818 34.1107 34.134  34.1519
 34.1868 34.2044 34.2247 34.2467 34.2636 34.2961 34.3191 34.3314 34.353
 34.3691 34.3873 34.402  34.4146 34.4315 34.4515 34.4859 34.51   34.5311
 34.5465 34.5669 34.5865 34.6    34.618  34.6371 34.6529 34.6655 34.682
 34.6968 34.7117 34.725  34.7395 34.7557 34.772  34.786  34.7996 34.813
 34.8238 34.838  34.8526 34.8653 34.8783 34.8932 34.9089 34.9199 34.932
 34.9448 34.9576 34.9669 34.9801 34.9919 35.0042 35.0166 35.0317 35.0439
 35.0565 35.0714 35.083  35.0946 35.1069 35.1187 35.13   35.1425 35.154
 35.1649 35.1758 35.1884 35.1998 35.2124 35.2241 35.2407 35.2532 35.2661
 35.2774 35.2907 35.3043 35.3202 35.3315 35.3432 35.3565 35.3706 35.3833
 35.3936 35.4056 35.4181 35.4302 35.4424 35.4549 35.4665 35.4778 35.4879
 35.5005 35.5128 35.5263 35.538  35.5507 35.5662 35.5806 35.5946 35.6087
 35.6206 35.6329 35.6473 35.6612 35.6713 35.6875 35.7005 35.7127 35.726
 35.7363 35.7486 35.7645 35.7764 35.7877 35.8022 35.8206 35.8344 35.8478
 35.8628 35.8786 35.8946 35.9072 35.9206 35.934  35.9466 35.9619 35.974
 35.9899 36.0081 36.0208 36.0368 36.0563 36.0798 36.0984 36.1197 36.1436
 36.1696 36.1956 36.2101 36.2309 36.2499 36.267  36.2899 36.3084 36.3294
 36.3568 36.3869 36.4084 36.4281 36.4611 36.4812 36.5073 36.5406 36.5627
 36.5845 36.6226 36.6439 36.6707 36.6928 36.7346 36.7681 36.7929 36.8461
 36.8838 36.9507 36.9816 37.0101 37.0384 37.0706 37.1309 37.1768
43.8007 43.8414 43.9289 43.9652 44.0738 44.1305 44.1677 44.2085 44.2258
 44.3214 44.3421 44.3656 44.3856 44.4017 44.4195 44.4467 44.4718 44.4893
 44.5257 44.5435 44.555  44.5688 44.5868 44.6046 44.6293 44.6497 44.6677
 44.6917 44.7137 44.7306 44.7623 44.7775 44.795  44.8165 44.8378 44.8542
 44.8722 44.8882 44.9044 44.9179 44.9328 44.9474 44.9631 44.9779 44.9949
 45.024  45.0425 45.0576 45.0712 45.0979 45.1135 45.1259 45.1411 45.1571
 45.1706 45.1873 45.2051 45.22   45.232  45.2504 45.2642 45.2793 45.2953
 45.3105 45.3258 45.3415 45.3591 45.3745 45.3939 45.4146 45.4278 45.4403
 45.4596 45.4819 45.4965 45.5199 45.5395 45.5565 45.5744 45.596  45.6179
 45.6339 45.6494 45.6701 45.6899 45.7137 45.7467 45.7622 45.7786 45.8067
 45.8326 45.8615 45.9017 45.9479 46.0865 46.1124 46.1599 46.2629 46.303
 46.3414 46.4003 46.4444 46.5235 46.577  46.6696 46.7941 46.8488 46.9094
 46.9844
52.5638 53.7208 53.9078 53.959  54.0702 54.3239 54.4007 54.5349 54.5899
 54.6184 54.6449 54.704  54.7806 54.7987 54.8507 54.893  54.9312 54.9691
 55.0006 55.0195 55.0412 55.0706 55.1114 55.1753 55.2172 55.2419 55.2689
 55.3029 55.3306 55.3537 55.3967 55.4295 55.4522 55.5017 55.5803 55.6543
 55.7064 55.9104 55.9389 56.4798
62.2921 62.8489 62.9241 63.1978 63.3847 63.4765 63.5772 63.6346 63.6889
 63.7375 63.7697 63.7879 63.823  63.8467 63.9191 63.9456 63.9699 64.0048
 64.0457 64.1044 64.1224 64.1682 64.2005 64.2262 64.2442 64.2747 64.3053
 64.3276 64.3956 64.4244 64.4469 64.476  64.4999 64.5359 64.5584 64.5729
 64.5909 64.6296 64.6517 64.6695 64.6979 64.7218 64.7525 64.7851 64.81
 64.8388 64.8767 64.9675 65.0145 65.0396 65.0569 65.0743 65.0998 65.1368
 65.1553 65.1755 65.1997 65.2197 65.2369 65.3245 65.3447 65.4662 65.5434
 65.7256 65.7939 65.9342

