12.8708 13.0955 13.6803 14.1503 14.5693 14.5961 14.6312 14.6568 14.6863
 14.7239 14.8964 14.9354 14.9914 15.0588 15.0947 15.1491 15.1981 15.2571
 15.2957 15.3282 15.4428 15.4685 15.5273
22.4459 23.0831 23.2623 23.4719 23.6122 23.7936 23.8177 23.8421 23.9103
 23.9552 23.9755 23.9884 24.0075 24.0595 24.0937 24.1182 24.1407 24.1535
 24.1754 24.1872 24.2042 24.219  24.24   24.2937 24.3187 24.363  24.3855
 24.4006 24.4134 24.4282 24.4449 24.4636 24.4848 24.5133 24.5343 24.5534
 24.5647 24.5829 24.6009 24.6265 24.6409 24.6576 24.6813 24.7121 24.7235
 24.7395 24.7671 24.7797 24.7992 24.8201 24.8423 24.8755 24.9005 24.9869
32.459  32.7598 32.7947 32.9666 33.0996 33.2589 33.3521 33.3865 33.4084
 33.4774 33.5223 33.6058 33.6273 33.6563 33.6918 33.7299 33.7542 33.7697
 33.7861 33.81   33.8397 33.8636 33.8772 33.8882 33.9105 33.9214 33.9399
 33.9504 33.9716 33.9848 34.001  34.0161 34.0311 34.0527 34.0689 34.081
 34.0931 34.1034 34.1182 34.1299 34.1501 34.1716 34.1833 34.1954 34.2152
 34.2288 34.2429 34.2606 34.2742 34.2862 34.2976 34.3108 34.3268 34.3396
 34.3555 34.3691 34.3802 34.3944 34.4058 34.4226 34.4329 34.4441 34.4541
 34.4658 34.4758 34.4896 34.5032 34.5161 34.5254 34.5372 34.5474 34.5568
 34.567  34.5818 34.5971 34.6099 34.6263 34.6387 34.6558 34.6678 34.6781
 34.6908 34.7035 34.714  34.7252 34.7396 34.7573 34.7712 34.7862 34.8041
 34.8161 34.8303 34.8427 34.8742 34.8957
41.5246 41.7132 42.0224 42.5219 42.9955 43.1981 43.3648 43.4278 43.524
 43.5539 43.6551 43.7034 43.7372 43.7825 43.848  43.8648 43.8998 43.9959
 44.0333 44.0555 44.0778 44.1226 44.1394 44.1592 44.1855 44.2012 44.2337
 44.2515 44.2677 44.279  44.2942 44.3197 44.3478 44.3743 44.3976 44.416
 44.4359 44.4551 44.4746 44.4977 44.5322 44.5533 44.5979 44.6117 44.6837
 44.7102 44.7269 44.7389 44.7639
52.9814 53.4829 53.5553 53.7433 53.8206 53.8729 54.0099 54.0799 54.1664
 54.3596 54.3911 54.4212 54.6812
62.2673 62.7418 62.8629 63.0927 63.1201 63.1548 63.205  63.2407 63.324
 63.3913 63.434  63.4762 63.5654 63.5917 63.6335 63.6637 63.6921 63.7235
 63.7363 63.7639 63.8024 63.8307 63.8767 63.9031 63.9246 63.9589 64.0621
 69.3234

