13.5085 13.7087 14.2214 14.458  14.5542 14.5946 14.6274 14.6602 14.697
 14.7463 14.8071 14.8588 14.9452 14.9653 15.0181 15.0374 15.0571 15.0814
 15.1011 15.1271 15.1725 15.1971 15.2185 15.2393 15.2603 15.2781 15.3007
 15.3253 15.3508 15.3727 15.3909 15.4104 15.4239 15.4473 15.4635 15.484
 15.4973 15.5185 15.5424 15.5615 15.5894 15.6247 15.6386 15.6515 15.6705
 15.6948 15.7246 15.7395 15.7527 15.766  15.7823 15.7973 15.8137 15.8324
 15.8489 15.8631 15.8746 15.8906 15.9232 15.9479 15.9661 15.9826 16.0029
 16.0185 16.048  16.0675 16.0842 16.0974 16.1259 16.1514 16.2041 16.2459
 16.2671 16.2865 16.3088 16.3279 16.3476 16.3959 16.4164 16.4346 16.4616
 16.4946 16.5178 16.5385 16.5671 16.5908 16.6166 16.6468 16.6789 16.7021
 16.7492 16.7899 16.9069 16.9897
20.2289 22.977  23.285  23.4328 23.5096 23.5677 23.5867 23.6087 23.6257
 23.8304 23.8498 23.9249 23.9946 24.0398 24.0574 24.0825 24.1018 24.1217
 24.1397 24.1614 24.1751 24.1887 24.2049 24.2264 24.2441 24.2752 24.3129
 24.3337 24.3575 24.3714 24.3958 24.4137 24.4296 24.4542 24.4723 24.4913
 24.5134 24.5298 24.5456 24.561  24.5777 24.5971 24.6113 24.626  24.6382
 24.6522 24.6669 24.6832 24.6982 24.7134 24.7305 24.7416 24.7538 24.7671
 24.7823 24.7928 24.8072 24.8203 24.8317 24.8428 24.8536 24.8654 24.8793
 24.8911 24.9011 24.9111 24.9245 24.9368 24.9471 24.9581 24.9728 24.9864
 24.9999 25.0118 25.0241 25.0366 25.0485 25.0609 25.0725 25.0844 25.0989
 25.1095 25.1221 25.1328 25.1437 25.1571 25.1676 25.1778 25.1876 25.1997
 25.2119 25.2211 25.2343 25.2464 25.2584 25.273  25.2846 25.2985 25.3102
 25.3217 25.3421 25.3549 25.3675 25.3801 25.3909 25.4039 25.4163 25.4275
 25.4379 25.4493 25.4644 25.4761 25.486  25.4975 25.5135 25.5258 25.5391
 25.5508 25.5651 25.578  25.5916 25.6081 25.6239 25.6405 25.6535 25.6701
 25.6833 25.6955 25.7059 25.726  25.741  25.7594 25.7758 25.792  25.8058
 25.8199 25.8341 25.8483 25.8656 25.8802 25.8945 25.9097 25.9259 25.9428
 25.9556 25.9805 25.9985 26.0134 26.0298 26.05   26.0678 26.0897 26.1037
 26.1289 26.1689 26.1963 26.2286 26.2609 26.2757 26.3168 26.3647 26.3923
 26.4281 26.4996 26.5263 26.6425
31.7296 32.4217 33.1592 33.2857 33.3166 33.3828 33.4143 33.4435 33.5393
 33.6099 33.643  33.6696 33.6949 33.7191 33.7448 33.7694 33.7867 33.8007
 33.8149 33.8288 33.8431 33.8619 33.8874 33.9149 33.9343 33.9476 33.9639
 33.9769 33.9926 34.0043 34.0179 34.0304 34.0431 34.0566 34.0707 34.0838
 34.0958 34.1092 34.1212 34.1337 34.1454 34.1661 34.1775 34.195  34.2069
 34.221  34.2354 34.2468 34.2578 34.2698 34.2789 34.2914 34.3007 34.3123
 34.3212 34.3312 34.3421 34.3523 34.3646 34.3762 34.3881 34.4007 34.4116
 34.4254 34.4366 34.4467 34.4563 34.4668 34.4798 34.4901 34.5017 34.5112
 34.5214 34.5298 34.5401 34.5508 34.5606 34.57   34.5808 34.5924 34.6032
 34.6139 34.6261 34.635  34.6436 34.6517 34.6611 34.6699 34.6789 34.6872
 34.6972 34.7075 34.7165 34.7265 34.7348 34.7451 34.7565 34.7671 34.776
 34.7869 34.7964 34.8054 34.8144 34.8233 34.8317 34.841  34.8509 34.8611
 34.871  34.8811 34.8886 34.8972 34.9062 34.9155 34.9249 34.933  34.9416
 34.95   34.9591 34.9683 34.9792 34.9889 34.9974 35.0059 35.0146 35.0249
 35.0352 35.0445 35.0549 35.0646 35.0746 35.0847 35.0932 35.1026 35.1125
 35.121  35.1324 35.1421 35.1535 35.1624 35.1715 35.1814 35.1904 35.1993
 35.2082 35.2177 35.2274 35.2363 35.2454 35.255  35.2642 35.2733 35.2841
 35.2939 35.3044 35.3138 35.3226 35.332  35.3402 35.3489 35.3577 35.3675
 35.3784 35.3882 35.3984 35.4086 35.4202 35.4319 35.4423 35.4543 35.4652
 35.4761 35.4864 35.4958 35.5057 35.5157 35.5256 35.5362 35.5461 35.5557
 35.5662 35.5761 35.5864 35.596  35.606  35.6179 35.6288 35.6395 35.6514
 35.6616 35.6729 35.6835 35.6938 35.7033 35.7145 35.7243 35.7356 35.7494
 35.7618 35.7728 35.7832 35.7937 35.8067 35.8183 35.8295 35.8434 35.8557
 35.8668 35.8781 35.8885 35.8984 35.9101 35.9217 35.9356 35.9487 35.9607
 35.9735 35.9849 36.0042 36.0264 36.041  36.0554 36.0695 36.0843 36.1018
 36.1193 36.1358 36.1518 36.1645 36.1818 36.2007 36.2187 36.2403 36.2582
 36.2784 36.3016 36.3254 36.3613 36.3921 36.4148 36.454  36.477  36.5159
42.7465 42.9176 43.1055 43.1329 43.4346 43.4859 43.5385 43.5822 43.615
 43.6507 43.6743 43.7161 43.7509 43.795  43.8201 43.8327 43.8706 43.8892
 43.9159 43.9299 43.9442 43.9595 44.0094 44.0473 44.0669 44.085  44.1032
 44.119  44.1474 44.1674 44.1824 44.194  44.2179 44.2342 44.2489 44.2623
 44.2734 44.2887 44.307  44.3185 44.3301 44.3432 44.3579 44.3731 44.3848
 44.3978 44.4127 44.4279 44.4462 44.4599 44.4755 44.4917 44.5053 44.5182
 44.5329 44.5476 44.56   44.572  44.5888 44.6028 44.6254 44.6411 44.6576
 44.6698 44.6838 44.6966 44.7098 44.7218 44.7343 44.7476 44.7587 44.77
 44.7827 44.7931 44.8042 44.8182 44.8295 44.8433 44.8542 44.8649 44.8764
 44.8886 44.8999 44.9113 44.9247 44.936  44.948  44.961  44.9746 44.9863
 44.9986 45.0115 45.0229 45.0332 45.0447 45.0556 45.0667 45.077  45.0886
 45.0995 45.1117 45.1222 45.1367 45.1496 45.1624 45.1753 45.19   45.2006
 45.2149 45.2255 45.2392 45.2559 45.2683 45.2788 45.2914 45.3053 45.3212
 45.3338 45.3461 45.361  45.3723 45.3845 45.3971 45.4093 45.4226 45.4357
 45.4469 45.4583 45.4701 45.4851 45.4998 45.5179 45.5291 45.5474 45.5633
 45.5845 45.5993 45.6188 45.6335 45.6504 45.6636 45.6785 45.6949 45.7118
 45.7281 45.7452 45.77   45.7939 45.8217 45.8474 45.8704 45.8889 45.9051
 45.9378 45.9645 45.9816 46.0044 46.0238 46.0528 46.0797 46.1125 46.135
 46.1602 46.2809
52.4424 53.0588 53.2799 53.5136 53.5864 53.6319 53.7366 53.8006 53.9865
 54.0314 54.0913 54.1391 54.1745 54.1928 54.2723 54.2999 54.3239 54.386
 54.4269 54.4653 54.4928 54.5164 54.5432 54.5795 54.5993 54.6151 54.628
 54.6488 54.675  54.697  54.7379 54.7526 54.7919 54.8178 54.836  54.8644
 54.8899 54.9184 54.9361 54.9621 54.9778 54.9958 55.013  55.0326 55.0472
 55.0607 55.0806 55.098  55.1404 55.1604 55.1866 55.2055 55.2258 55.2509
 55.2734 55.2942 55.3194 55.3404 55.383  55.4046 55.4358 55.4555 55.4922
 55.5428 55.5659 55.5895 55.6234 55.6991 55.8407 56.1549
61.9663 62.0807 62.2804 62.5406 62.5953 62.6254 62.7484 62.8757 63.0728
 63.1135 63.1744 63.1958 63.2248 63.2827 63.3407 63.3581 63.3842 63.4274
 63.4633 63.5065 63.5244 63.5966 63.6283 63.6508 63.6686 63.6941 63.7148
 63.7512 63.801  63.8246 63.8507 63.8717 63.896  63.9177 63.9359 63.9531
 63.9696 63.989  64.0025 64.0183 64.0389 64.067  64.0795 64.0941 64.1104
 64.127  64.1432 64.161  64.1781 64.1917 64.2034 64.2139 64.2273 64.2396
 64.2553 64.2711 64.284  64.2962 64.3085 64.3182 64.3326 64.3444 64.3551
 64.3687 64.3892 64.4022 64.4163 64.4362 64.4533 64.4787 64.4901 64.5024
 64.5175 64.5368 64.5635 64.5796 64.6013 64.62   64.6393 64.6519 64.6789
 64.6926 64.7089 64.727  64.7442 64.7602 64.7806 64.7973 64.8112 64.8315
 64.861  64.8846 64.9014 64.9284 64.9495 64.9665 64.9849 65.0083 65.0254
 65.0427 65.0626 65.077  65.0987 65.1213 65.1412 65.1596 65.1785 65.2013
 65.2551 65.2765 65.3024 65.3255 65.3619 65.4398 65.4666 65.5745 65.6346

