13.4778 14.1884 14.3909 14.4277 14.5338 14.5691 14.6628 14.7087 14.7375
 14.8768 14.9406 14.9629 15.0292 15.0519 15.0998 15.1265 15.1446 15.1628
 15.1876 15.2179 15.2382 15.2826 15.3079 15.3363 15.361  15.3798 15.4027
 15.4209 15.4386 15.4576 15.475  15.4917 15.5287 15.5495 15.5765 15.6011
 15.6288 15.651  15.6814 15.7056 15.7292 15.7432 15.7609 15.7813 15.7991
 15.8157 15.8386 15.8782 15.9148 15.964  15.984  16.0471 16.0732 16.1305
 16.1952 16.2158 16.2534 16.2923 16.3225 16.3601 16.3904 16.4203 16.4435
 16.4596 16.484  16.5081 16.5428 16.5682 16.6535 16.7092 16.7304 16.7587
 16.7887 16.8234 16.8542 16.9413 17.3309
22.3532 22.8169 23.0218 23.3615 23.4386 23.5265 23.5643 23.6229 23.6677
 23.7227 23.8357 23.8643 23.9007 23.9984 24.0381 24.075  24.1335 24.1662
 24.1933 24.2268 24.2547 24.2722 24.2949 24.3128 24.3475 24.369  24.3804
 24.3986 24.4499 24.4745 24.4916 24.5188 24.5493 24.5657 24.5782 24.5956
 24.616  24.628  24.6441 24.6616 24.6758 24.6925 24.7054 24.7215 24.7389
 24.7527 24.7717 24.788  24.8038 24.8194 24.8369 24.8532 24.8706 24.8865
 24.8993 24.9107 24.9246 24.9378 24.9619 24.9778 24.9923 25.0131 25.0325
 25.0433 25.0555 25.069  25.0805 25.0964 25.1134 25.132  25.1463 25.1676
 25.1826 25.2018 25.2141 25.2258 25.2381 25.2535 25.2719 25.2854 25.3024
 25.3188 25.3355 25.3488 25.3641 25.3758 25.3884 25.3999 25.4116 25.4314
 25.4512 25.4653 25.4802 25.4936 25.5098 25.5299 25.5503 25.5655 25.5785
 25.5941 25.6098 25.628  25.6508 25.6642 25.6785 25.6949 25.7095 25.73
 25.7446 25.7591 25.7716 25.7849 25.7975 25.8107 25.8234 25.8348 25.8472
 25.8587 25.8705 25.8849 25.8997 25.9153 25.9289 25.944  25.9579 25.9712
 25.9865 26.0046 26.0167 26.0279 26.04   26.0551 26.0687 26.0826 26.0984
 26.1153 26.133  26.1527 26.1699 26.1898 26.2059 26.2207 26.2382 26.2542
 26.2877 26.3058 26.3298 26.3553 26.3786 26.3991 26.4213 26.455  26.4856
 26.5059 26.5328 26.5619 26.5959 26.6226
32.2775 33.0497 33.1239 33.3231 33.3468 33.4065 33.4999 33.5253 33.5421
 33.5626 33.5828 33.6612 33.6832 33.7185 33.8079 33.8278 33.85   33.8867
 33.9266 33.9476 33.9739 33.9944 34.0165 34.0301 34.0456 34.0704 34.0928
 34.1167 34.1334 34.1467 34.1648 34.1797 34.1975 34.2109 34.224  34.2377
 34.2528 34.2647 34.279  34.299  34.3155 34.3343 34.3496 34.3651 34.3881
 34.4067 34.4227 34.4356 34.4495 34.4629 34.4735 34.4869 34.5001 34.5118
 34.5267 34.5375 34.5487 34.5618 34.5732 34.5863 34.5985 34.6102 34.6241
 34.6354 34.647  34.6616 34.6744 34.6882 34.699  34.7108 34.7222 34.7349
 34.7472 34.7575 34.7697 34.7811 34.7936 34.8053 34.818  34.83   34.8424
 34.8532 34.8637 34.8755 34.887  34.8988 34.9122 34.9231 34.9356 34.9472
 34.9597 34.9703 34.9812 34.993  35.007  35.0171 35.0284 35.0375 35.0478
 35.0587 35.0694 35.0815 35.0946 35.1057 35.1176 35.1305 35.1497 35.1611
 35.1714 35.1817 35.1943 35.2067 35.2188 35.2319 35.2447 35.2566 35.2678
 35.2804 35.2913 35.3019 35.3123 35.3251 35.3349 35.3447 35.3582 35.3683
 35.3791 35.3901 35.4012 35.413  35.4232 35.4333 35.4442 35.4564 35.466
 35.4773 35.4883 35.4975 35.5071 35.5165 35.5249 35.5347 35.5449 35.5565
 35.567  35.5772 35.5875 35.5986 35.6094 35.6212 35.6318 35.6409 35.6512
 35.661  35.6709 35.6801 35.6906 35.7003 35.7114 35.722  35.7333 35.7436
 35.753  35.763  35.7746 35.7862 35.7954 35.8055 35.815  35.8244 35.8346
 35.8441 35.8543 35.8658 35.8762 35.8866 35.8967 35.9064 35.9172 35.9278
 35.9379 35.9473 35.9576 35.9695 35.9801 35.9909 36.0034 36.0139 36.0252
 36.0375 36.0479 36.0587 36.0692 36.0805 36.0932 36.1051 36.1174 36.1291
 36.1418 36.1522 36.1643 36.1752 36.1881 36.2003 36.2131 36.2266 36.2405
 36.2543 36.2694 36.2831 36.3023 36.315  36.3295 36.3463 36.3606 36.3795
 36.3975 36.4137 36.4293 36.4461 36.4723 36.4904 36.5336 36.5815 36.6186
 39.4274
40.0278 42.7918 42.9793 43.0764 43.2876 43.4367 43.4769 43.5023 43.6573
 43.6805 43.7894 43.8117 43.8498 43.889  43.9143 43.9619 43.9865 44.0217
 44.0597 44.0854 44.1085 44.1339 44.1483 44.1693 44.1894 44.2068 44.2185
 44.2315 44.2475 44.2645 44.288  44.3031 44.3272 44.3448 44.3704 44.3871
 44.4104 44.4325 44.4614 44.4809 44.5128 44.5273 44.5482 44.5655 44.5804
 44.5922 44.6092 44.6268 44.6457 44.662  44.675  44.6886 44.7039 44.7225
 44.7368 44.7558 44.7706 44.7838 44.7975 44.8093 44.8251 44.8453 44.8585
 44.8734 44.8913 44.9089 44.9195 44.9393 44.954  44.967  44.9827 44.997
 45.0232 45.0384 45.0523 45.0708 45.0828 45.0957 45.1183 45.1409 45.1571
 45.1716 45.1863 45.1989 45.2142 45.2354 45.2486 45.2682 45.2853 45.3064
 45.3229 45.3356 45.3466 45.3612 45.3844 45.4024 45.4304 45.4474 45.4626
 45.4744 45.4947 45.5066 45.5237 45.5439 45.5591 45.5762 45.6042 45.6186
 45.6316 45.646  45.6612 45.6766 45.6879 45.7026 45.7208 45.7309 45.7485
 45.7659 45.7851 45.7981 45.8135 45.8303 45.8434 45.8573 45.8705 45.8891
 45.9057 45.9273 45.9479 45.9656 45.9811 46.0012 46.0262 46.0444 46.0611
 46.0798 46.0967 46.1131 46.1348 46.1508 46.1679 46.2158 46.2462 46.3165
 46.3599 46.4345
53.2265 53.3631 53.3988 53.4989 53.5364 53.8405 54.0676 54.0846 54.1341
 54.1522 54.2128 54.2673 54.3675 54.3926 54.4438 54.4739 54.5269 54.559
 54.5868 54.6512 54.7062 54.7362 54.7676 54.7865 54.8087 54.8355 54.8583
 54.8909 54.9155 54.9385 54.9547 54.9701 54.9907 55.0357 55.0645 55.0882
 55.1148 55.1327 55.1712 55.1988 55.2324 55.2639 55.2914 55.3165 55.3452
 55.3836 55.4128 55.4918 55.5207 55.5807 55.6509 55.6937 55.7259 55.8593
 56.0458 56.2082
61.7495 61.9965 62.3889 62.6817 62.9188 63.0732 63.2094 63.2993 63.3322
 63.3748 63.4129 63.441  63.4656 63.4899 63.5292 63.5826 63.6064 63.6372
 63.6638 63.7004 63.7706 63.789  63.819  63.8373 63.8613 63.8919 63.9242
 63.9415 63.9762 64.0059 64.0251 64.0533 64.0788 64.1096 64.1374 64.157
 64.1694 64.1822 64.1978 64.2179 64.237  64.2572 64.3172 64.3356 64.3539
 64.3887 64.4089 64.4307 64.4484 64.4697 64.4897 64.5125 64.5303 64.5497
 64.5837 64.6039 64.6236 64.6656 64.6938 64.7174 64.7343 64.7531 64.7707
 64.8019 64.8304 64.8454 64.8762 64.9161 64.9348 64.9692 64.9941 65.0169
 65.0353 65.0671 65.0825 65.1104 65.1366 65.1549 65.1767 65.1961 65.2202
 65.2425 65.2759 65.2966 65.3413 65.4097 65.4502 65.4735 65.5263 65.6871
 65.7922

