14.9119 15.0304 15.149  15.1835 15.2249
23.3878 23.445  23.5165 23.7842 23.8824 23.9131 24.0143 24.0429 24.0898
 24.1207 24.1409 24.1664 24.2951 24.4053 24.4262 24.4524 24.4893 24.7484
32.1149 32.8104 33.2118 33.2473 33.2799 33.3359 33.4217 33.5708 33.6058
 33.6242 33.6698 33.7063 33.7324 33.771  33.7999 33.8477 33.8685 33.8891
 33.926  33.9522 33.9742 33.9956 34.0853 34.1118 34.1283 34.1491 34.1704
 34.191  34.2091 34.2264 34.2568 34.2862 34.3282 34.357  34.3914 34.4132
 34.4345 34.4533 34.4667 34.4997 34.523  34.5814 34.6199 34.6742 34.7304
41.5229 41.7425 42.0435 43.2257 43.3829 43.4515 43.526  43.5591 43.6791
 43.703  43.7517 43.7825 43.8147 43.8469 43.8976 43.9463 44.1294 44.1778
 44.2298 44.3354 44.3529 44.3888 44.4113 44.4428 44.4769
53.5259 53.6183 53.6595 54.1285
62.2508 62.8746 63.0707 63.4877 63.5158 63.6235 63.6482 63.6767 63.8114
 63.8407

