12.3649 13.7704 13.876  13.939  13.9754 13.9976 14.0338 14.0572 14.0773
 14.1336 14.2087 14.2436 14.28   14.3103 14.3285 14.3446 14.3607 14.3781
 14.3942 14.4129 14.4298 14.4515 14.4681 14.4861 14.5012 14.5212 14.5423
 14.5599 14.5737 14.5921 14.6086 14.6211 14.639  14.6578 14.6714 14.6866
 14.6984 14.7195 14.7369 14.7542 14.7692 14.7825 14.797  14.8076 14.8198
 14.8324 14.8462 14.8585 14.8732 14.8859 14.9015 14.9136 14.927  14.9395
 14.9506 14.9669 14.9792 14.9913 15.0038 15.0161 15.0285 15.0418 15.0561
 15.0674 15.0819 15.0968 15.1118 15.1261 15.1379 15.1497 15.1614 15.1757
 15.1896 15.2041 15.2156 15.2313 15.2438 15.2598 15.272  15.2876 15.3013
 15.3223 15.3395 15.3532 15.3717 15.387  15.4006 15.4169 15.4402 15.4532
 15.4698 15.4834 15.4957 15.5153 15.529  15.5419 15.5597 15.5755 15.5877
 15.5981 15.6173 15.6345 15.6492 15.6697 15.683  15.7114 15.7327 15.7555
 15.7976 15.8303 15.8648 15.8801 15.9117 15.9454 15.9799 16.0148 16.0897
 16.1326
23.4705 23.5567 23.7148 23.8083 23.8473 23.8739 23.9237 23.9603 24.0199
 24.0529 24.0858 24.1114 24.167  24.2073 24.2295 24.2618 24.3128 24.3478
 24.375  24.4329 24.4671 24.4849 24.518  24.5397 24.5633 24.5819 24.5992
 24.6161 24.6286 24.6437 24.67   24.6895 24.711  24.7304 24.7589 24.7776
 24.7935 24.8112 24.834  24.8553 24.8735 24.8857 24.9235 24.9416 24.9597
 24.9888 25.0094 25.0288 25.0466 25.08   25.1201 25.1508 25.1897 25.2074
 25.2213 25.2409 25.2665 25.2845 25.3009 25.3326 25.3868 25.4096 25.4676
 25.5409
31.3235 31.8949 32.0369 32.8535 32.8816 32.9045 32.9719 33.0227 33.0561
 33.0897 33.1322 33.1712 33.2062 33.2369 33.2831 33.3066 33.3252 33.3489
 33.3788 33.3944 33.4189 33.4383 33.4531 33.4689 33.4968 33.5203 33.5374
 33.556  33.5751 33.592  33.6272 33.6512 33.6663 33.6828 33.6955 33.7129
 33.7316 33.751  33.7626 33.7816 33.7975 33.8352 33.8556 33.8727 33.8929
 33.9056 33.9212 33.9362 33.9599 33.9799 33.9921 34.0038 34.0181 34.0333
 34.0493 34.0653 34.0777 34.0923 34.1109 34.1264 34.1403 34.1534 34.1671
 34.1812 34.1931 34.2073 34.2191 34.2301 34.2445 34.2593 34.2751 34.2908
 34.3109 34.3247 34.3426 34.3609 34.3775 34.3933 34.4084 34.4258 34.442
 34.4533 34.4712 34.4933 34.5093 34.53   34.5561 34.5771 34.5956 34.6163
 34.6309 34.6447 34.6576 34.6865 34.7042 34.7237 34.7428 34.7591 34.7754
 34.7995 34.8283 34.8719 34.9261 34.9514 34.9782 35.023  35.1234 35.3079
 35.3508
41.4539 41.7438 41.8416 42.0551 42.113  42.1536 42.2138 42.2557 42.2758
 42.3202 42.3367 42.3575 42.3808 42.4009 42.4317 42.4513 42.474  42.496
 42.5216 42.5341 42.5497 42.5855 42.5995 42.6237 42.6403 42.6558 42.6692
 42.6825 42.7034 42.7218 42.7373 42.7531 42.7739 42.7882 42.8058 42.8199
 42.835  42.8471 42.8634 42.8777 42.8917 42.9042 42.9209 42.9359 42.9568
 42.97   42.9826 42.9985 43.0186 43.0305 43.0476 43.0621 43.0743 43.0859
 43.0997 43.1115 43.1223 43.1332 43.1482 43.1617 43.1744 43.1854 43.1974
 43.2109 43.2225 43.2368 43.2512 43.267  43.2822 43.2938 43.31   43.3253
 43.3407 43.3512 43.3635 43.377  43.3916 43.4045 43.4182 43.4356 43.4486
 43.4617 43.4754 43.4934 43.5082 43.5201 43.5309 43.5425 43.5559 43.5708
 43.5855 43.6003 43.6135 43.6263 43.6395 43.6617 43.6747 43.6867 43.7044
 43.7281 43.7499 43.7645 43.7789 43.7962 43.8182 43.8435 43.8627 43.8797
 43.8935 43.9102 43.9251 43.952  43.9746 44.0111 44.0349 44.0619 44.0945
 44.1306 44.1632 44.1921 44.2458 44.3136 44.3563 44.3889 44.5324 48.8772
 49.0148 49.9091
50.5789 50.7656 50.9943 51.081  51.1914 51.3226 51.3609 51.5062 51.5489
 51.6273 51.6966 51.7778 51.8247 51.8548 51.8757 51.8977 51.9262 51.9521
 51.9728 51.9904 52.0129 52.037  52.0572 52.0775 52.0943 52.1053 52.1193
 52.1346 52.1552 52.1968 52.2242 52.2532 52.2669 52.283  52.3083 52.3219
 52.3356 52.3469 52.3643 52.3787 52.3948 52.4131 52.4303 52.4437 52.4573
 52.4743 52.4986 52.5185 52.5414 52.5784 52.5946 52.6131 52.6291 52.6462
 52.6634 52.6802 52.7018 52.7204 52.7357 52.7507 52.7675 52.7889 52.8009
 52.8135 52.8397 52.8597 52.8817 52.8987 52.9215 52.9452 52.9684 53.0014
 53.0224 53.0443 53.0633 53.0898 53.1201 53.1762 53.1944 53.2139 53.2375
 53.2689 53.2924 53.3487 53.3746 53.4496 53.5729 53.6206 53.6489 59.3423
 59.7001
60.012  60.0902 60.2143 60.2364 60.2759 60.3309 60.3519 60.4302 60.4545
 60.5091 60.5909 60.6165 60.6363 60.7085 60.7405 60.7658 60.7827 60.8102
 60.8323 60.8516 60.8861 60.9051 60.9293 60.9452 60.9641 60.9897 61.0095
 61.0248 61.0423 61.0622 61.0818 61.0975 61.1108 61.1258 61.1367 61.1501
 61.1629 61.1793 61.1989 61.2192 61.2345 61.2472 61.2669 61.2782 61.2925
 61.3065 61.3323 61.3513 61.3642 61.3778 61.3938 61.4112 61.4285 61.4436
 61.469  61.4867 61.5016 61.5133 61.527  61.5408 61.5552 61.5687 61.5849
 61.6021 61.6214 61.6441 61.6606 61.6745 61.6895 61.7025 61.7148 61.7287
 61.7448 61.7579 61.7787 61.8004 61.8155 61.8294 61.8498 61.8619 61.8834
 61.917  61.9323 61.9573 61.9707 61.9869 62.0096 62.0374 62.0733 62.093
 62.1105 62.1579 62.1795 62.1947 62.2161 62.2523 62.3308 62.3782 62.4424
 62.4708 62.5116 62.5484 62.6522 62.7374 68.5565 68.6269 68.8537 69.0036
 69.2978 69.6889 69.7098 69.7396 69.8038 69.8545 69.8933 69.9288 69.9431
 69.9981

