12.3348 12.6089 12.8332 13.2516 13.3764 13.4659 13.5037 13.5766 13.6608
 13.7005 13.8039 13.8948 13.9459 13.9709 13.9834 14.0268 14.0626 14.0807
 14.104  14.1334 14.1498 14.163  14.1769 14.1975 14.3975 14.4213 14.464
 14.4856 14.674  17.8565
21.0703 22.7097 23.4508 23.5228 23.8427 23.9607 24.0047 24.0239 24.2622
 24.2854 24.3543 24.493
30.1962 31.6117 32.1731 32.3593 32.7476 32.7756 32.838  32.8806 32.9633
 33.0106 33.0607 33.1198 33.2248 33.3058 33.3558 33.4508 33.4713 33.6692
41.3223 41.5026 41.5967 41.7384 41.8835 41.9357 42.1125 42.2168 42.2516
 42.2895 42.3189 42.3337 42.3576 42.4286 42.4718 42.5065 42.5383 42.5918
 42.7633 49.0045
50.0001 50.8807 50.933  51.1083 51.1469 51.1721 51.4486 51.4874 51.5508
 51.7042 51.7437 52.0341 58.6044 59.5539 59.7917 59.8433 59.9689
60.0336 60.1    60.1426 60.2441 60.2813 60.3038 60.3681 60.5082 60.527
 60.5568 60.6004 60.724  60.7573 60.7798 60.8309 60.9285 61.0735 67.4475
 68.8066 69.0292 69.066  69.1123 69.2664 69.3019 69.3739 69.4222 69.4664
 69.5152 69.5461 69.59   69.722  69.7491 69.8074 69.8833 69.9677 69.99

