13.7483 13.8623 13.9209 13.9485 13.9929 14.0685 14.1287 14.1432 14.1706
 14.2101 14.2338 14.2505 14.2755 14.3109 14.3315 14.3515 14.3762 14.3961
 14.4161 14.4427 14.4664 14.4815 14.5036 14.5246 14.5443 14.5607 14.5759
 14.5926 14.6083 14.6217 14.6388 14.6562 14.6678 14.6798 14.6955 14.7078
 14.7254 14.7423 14.7585 14.7783 14.7985 14.8186 14.8409 14.8603 14.8759
 14.8901 14.9084 14.9267 14.9446 14.9567 14.9702 14.9847 15.0014 15.0169
 15.0288 15.0428 15.0575 15.0736 15.0856 15.1011 15.1178 15.1353 15.1526
 15.1737 15.1957 15.2132 15.2294 15.2469 15.2587 15.2779 15.2929 15.3067
 15.3336 15.3619 15.3743 15.3911 15.4084 15.4226 15.4374 15.4511 15.4703
 15.4892 15.5063 15.5254 15.5509 15.5695 15.608  15.6466 15.669  15.6979
 15.7475 15.7736 15.8167 15.8719 15.9401 16.0087 16.2228
21.8928 23.4532 23.5731 23.7825 23.8204 23.8797 24.0545 24.1072 24.1697
 24.2661 24.3091 24.3261 24.373  24.402  24.4385 24.503  24.5196 24.5447
 24.575  24.6282 24.6525 24.6804 24.7131 24.7312 24.7822 24.8038 24.8297
 24.869  24.8978 24.9227 24.9429 24.9575 24.9731 24.9898 25.0083 25.0599
 25.0914 25.1237 25.1463 25.1756 25.1972 25.2154 25.2412 25.2766 25.3178
 25.3478 25.3805 25.4712 25.5434 25.592  25.7366 25.8002
31.2545 31.7837 32.3757 32.4972 32.6325 32.7886 32.9226 33.0496 33.1105
 33.1768 33.2254 33.2679 33.2944 33.3287 33.3536 33.3934 33.4139 33.4555
 33.4711 33.4889 33.5053 33.52   33.5422 33.5568 33.5717 33.5958 33.6151
 33.6372 33.6668 33.6878 33.704  33.7187 33.7328 33.7515 33.7668 33.7794
 33.8013 33.8179 33.8348 33.8514 33.8688 33.8862 33.8985 33.912  33.9285
 33.9467 33.9605 33.9832 34.006  34.028  34.0453 34.062  34.0747 34.0947
 34.1091 34.1231 34.138  34.1581 34.1728 34.1923 34.2085 34.2227 34.2466
 34.2691 34.2966 34.3222 34.3471 34.3714 34.3939 34.4135 34.431  34.4515
 34.4665 34.4838 34.5018 34.5221 34.5458 34.5697 34.5892 34.6408 34.6666
 34.6812 34.7021 34.73   34.777  34.8129 34.8821 34.9196
41.1119 41.3368 41.5898 41.7202 41.923  41.9562 42.0146 42.1386 42.1648
 42.1854 42.2202 42.2444 42.2835 42.3148 42.3351 42.3865 42.4116 42.4404
 42.4587 42.4774 42.5073 42.5299 42.5507 42.5673 42.5873 42.6011 42.6193
 42.6453 42.6655 42.6842 42.6985 42.7108 42.7246 42.7441 42.7604 42.774
 42.785  42.7969 42.8106 42.8257 42.8383 42.8537 42.8657 42.8787 42.8982
 42.9109 42.9256 42.9412 42.96   42.9735 42.9853 42.9987 43.0107 43.0258
 43.04   43.0548 43.0664 43.0818 43.0956 43.1095 43.1212 43.1403 43.1528
 43.1649 43.1783 43.1934 43.2091 43.2378 43.253  43.2698 43.2861 43.2998
 43.318  43.3313 43.3443 43.3604 43.3728 43.3892 43.406  43.4222 43.4356
 43.4509 43.4702 43.4957 43.5162 43.5293 43.547  43.568  43.5862 43.6035
 43.6164 43.6387 43.6559 43.6745 43.6943 43.7209 43.7601 43.7743 43.7917
 43.8142 43.8383 43.8602 43.8768 43.8994 43.9153 43.9659 43.9899 44.0154
 44.0668 44.0941 44.1192 44.2706 44.3558 44.3959
50.8281 51.2188 51.3335 51.4449 51.4818 51.631  51.6945 51.7218 51.7442
 51.7734 51.799  51.8154 51.8407 51.8888 51.9241 51.9465 51.972  51.9984
 52.0231 52.0496 52.0649 52.0831 52.1007 52.116  52.1324 52.1553 52.1692
 52.1938 52.2052 52.2306 52.2728 52.2931 52.3131 52.3325 52.3569 52.3713
 52.3914 52.4081 52.4403 52.4656 52.4859 52.5048 52.5199 52.5383 52.5566
 52.5757 52.5895 52.6087 52.6304 52.6525 52.668  52.6986 52.7183 52.7356
 52.754  52.7813 52.8089 52.834  52.8596 52.8845 52.9106 52.9418 52.958
 53.0112 53.0352 53.0574 53.085  53.1047 53.1286 53.1522 53.1922 53.2388
 53.2668 53.2901 53.3939 53.4518 53.7044 53.8411
60.1173 60.1837 60.2205 60.3498 60.3829 60.4623 60.5025 60.5333 60.5499
 60.5729 60.5949 60.6426 60.6681 60.6878 60.7024 60.719  60.7558 60.7725
 60.7939 60.8113 60.8311 60.858  60.8739 60.8933 60.9217 60.9454 60.9636
 60.9881 61.0146 61.0334 61.0485 61.0647 61.0801 61.0968 61.1159 61.1338
 61.1547 61.1685 61.1864 61.2047 61.2214 61.2445 61.2599 61.2765 61.3036
 61.3247 61.3384 61.36   61.3774 61.3957 61.4138 61.4318 61.4451 61.4601
 61.4828 61.4946 61.5108 61.5256 61.5383 61.5537 61.5775 61.5927 61.606
 61.6226 61.636  61.6498 61.6713 61.6887 61.7051 61.7273 61.7478 61.7627
 61.7875 61.8082 61.8313 61.8497 61.8741 61.9305 61.9517 61.9694 61.9871
 62.0144 62.0305 62.0555 62.0736 62.1031 62.1353 62.1707 62.1944 62.2262
 62.2613 62.2835 62.4876 62.5582 62.6711 62.9094 68.7012 69.4315 69.6472
 69.6665 69.6895 69.7205 69.7464 69.8    69.8718 69.8887 69.925  69.9489
 69.9801

