11.8424 13.1065 13.4985 13.5634 13.5879 13.6105 13.6647 13.7057 13.7683
 13.8399 13.8644 13.8973 13.9657 13.9839 14.0181 14.0534 14.0808 14.1319
 14.1488 14.1853 14.2074 14.2276 14.2463 14.2613 14.2922 14.3176 14.3407
 14.3709 14.4032 14.4658 14.5042 14.5483 14.5757 14.6007 14.6169 14.7009
 14.7819 14.9331
22.9057 22.9446 22.9809 23.0157 23.1635 23.2787 23.3387 23.3708 23.4137
 23.5339 23.6498 23.7297 23.8148 23.8319 23.8487 23.8735 23.9038 23.9512
 24.0244 24.0565 24.0794 24.0972 24.1689 24.3506 24.3674 24.4207 27.9369
32.1177 32.2697 32.3122 32.4854 32.5564 32.5948 32.7203 32.811  32.903
 32.9309 32.9658 33.0869 33.1267 33.17   33.1913 33.2157 33.322  33.3452
 33.3604 33.4042 33.4226 33.4915 33.5104 33.5251 33.6205 33.6362 33.6527
 33.6793 33.7147 33.7368 33.8422
40.8592 40.896  40.9709 41.1904 41.4372 41.4721 41.4927 41.6994 41.7667
 41.8378 41.8727 41.9193 41.9503 42.0209 42.0689 42.0827 42.099  42.1241
 42.1919 42.2071 42.2687 42.3064 42.3766 42.4105 42.4518 42.483  42.5022
 42.6059 42.6336 42.6482 42.6589 42.6929 42.7139 42.7921 42.8121 42.839
 42.9598 49.8005
50.3638 50.7601 50.8647 50.9522 50.9924 51.0676 51.1228 51.2069 51.2605
 51.3117 51.3433 51.4321 51.4494 51.4781 51.5177 51.582  51.6629 51.7427
 51.8196 51.9051 51.9287 52.008  52.0238 52.1015 52.1251 52.1975 58.4818
 59.1468 59.5311 59.6352 59.7324
60.0809 60.1057 60.1301 60.1809 60.2187 60.2502 60.3064 60.413  60.4298
 60.4497 60.4626 60.48   60.5162 60.5436 60.5629 60.5951 60.6323 60.6807
 60.693  60.7104 60.7267 60.7477 60.7625 60.8286 60.8436 60.8591 60.9177
 61.2146 61.2433 61.2615 66.0617 67.5341 68.155  68.7103 68.897  68.9453
 69.1028 69.2002 69.2622 69.3342 69.3862 69.5524 69.6101 69.6365 69.6755
 69.7068 69.7224 69.7442 69.7964 69.8097 69.844  69.8897 69.9026 69.9311
 69.9502 69.968  69.9864

