11.1184 12.4617 12.6621 12.7109 13.3959 13.4771 13.7545 13.7832 13.8405
 13.8997 13.9272 13.9559 13.9718 14.0518 14.0699 14.0909 14.1241 14.1427
 14.156  14.1794 14.1953 14.209  14.2309 14.2479 14.2649 14.2851 14.3003
 14.313  14.3258 14.3413 14.3639 14.3887 14.403  14.423  14.4395 14.4558
 14.4682 14.4843 14.498  14.5146 14.5309 14.5587 14.5729 14.586  14.6038
 14.6183 14.6398 14.6521 14.6658 14.6827 14.6997 14.713  14.7255 14.7358
 14.7543 14.7695 14.7812 14.7902 14.8025 14.8165 14.8299 14.8412 14.8545
 14.8669 14.88   14.8927 14.906  14.9235 14.9386 14.9501 14.9606 14.9722
 14.9852 14.9988 15.0101 15.0213 15.0327 15.0453 15.06   15.0737 15.085
 15.0989 15.112  15.1248 15.1378 15.1488 15.1624 15.1828 15.197  15.2081
 15.2197 15.2327 15.2471 15.2662 15.2817 15.2953 15.3081 15.3209 15.3328
 15.345  15.3598 15.3702 15.3841 15.4019 15.4147 15.4281 15.4413 15.4574
 15.4717 15.4852 15.5078 15.524  15.5397 15.5542 15.5686 15.5869 15.6099
 15.6265 15.6479 15.6654 15.6964 15.7257 15.7526 15.7853 15.8196 15.9334
23.2005 23.2476 23.307  23.3378 23.4235 23.4926 23.6272 23.6461 23.7673
 23.806  23.8297 23.8509 23.8688 23.8944 23.927  24.003  24.0264 24.0789
 24.1021 24.1241 24.1501 24.1751 24.223  24.2354 24.2546 24.2842 24.3085
 24.3344 24.3976 24.4157 24.4321 24.4475 24.4672 24.4821 24.5025 24.5282
 24.5504 24.5776 24.5938 24.6198 24.6341 24.6472 24.6753 24.6917 24.7158
 24.7339 24.749  24.7625 24.7812 24.7979 24.8229 24.8415 24.8597 24.8857
 24.9057 24.9246 24.9433 24.9631 24.982  24.9941 25.0121 25.0279 25.0627
 25.0953 25.1186 25.1408 25.2299 25.2547 25.282  25.2982 25.3707 25.3879
 25.4297 29.4448
30.0667 32.0457 32.2239 32.5103 32.5762 32.6157 32.6704 32.6928 32.7916
 32.8099 32.8428 32.8665 32.9058 32.9361 32.9686 33.0067 33.0319 33.0574
 33.0806 33.1281 33.1506 33.1723 33.1863 33.2048 33.2282 33.2515 33.2687
 33.2961 33.3291 33.3439 33.3652 33.3969 33.418  33.4412 33.4566 33.4686
 33.4855 33.5086 33.5314 33.5435 33.5598 33.5791 33.5952 33.6124 33.6293
 33.6409 33.6563 33.6791 33.6926 33.7058 33.7215 33.7357 33.7523 33.7652
 33.7885 33.8001 33.8122 33.8233 33.8393 33.853  33.8709 33.895  33.9073
 33.9239 33.9347 33.9454 33.959  33.9711 33.9858 34.0037 34.0178 34.0325
 34.0485 34.0609 34.0729 34.0854 34.0964 34.1099 34.125  34.1378 34.1507
 34.1649 34.1811 34.1938 34.2047 34.218  34.2317 34.2456 34.2607 34.2755
 34.2899 34.3084 34.3279 34.349  34.3684 34.3795 34.3932 34.4158 34.4355
 34.4894 34.5139 34.5298 34.5426 34.5546 34.5696 34.5879 34.6114 34.6252
 34.6504 34.6832 34.7102 34.7385 34.7769 34.8292 34.9067
41.4709 41.5309 41.6155 41.8702 41.8917 42.0249 42.0654 42.1029 42.1653
 42.232  42.2541 42.3066 42.3243 42.3403 42.3715 42.388  42.4028 42.416
 42.4362 42.4504 42.4668 42.4787 42.4946 42.5133 42.5334 42.5492 42.5626
 42.5788 42.5991 42.6162 42.6309 42.6474 42.6709 42.6861 42.7009 42.7164
 42.7265 42.7509 42.7635 42.776  42.7894 42.8039 42.8171 42.8295 42.8411
 42.8531 42.8655 42.8939 42.9087 42.9207 42.9326 42.945  42.961  42.9729
 42.986  43.0002 43.0127 43.0239 43.0398 43.052  43.0669 43.0796 43.0977
 43.111  43.123  43.1343 43.1468 43.1577 43.1697 43.1846 43.1965 43.2072
 43.2183 43.2325 43.2434 43.2546 43.2671 43.2777 43.2897 43.2994 43.3151
 43.3286 43.3478 43.358  43.3715 43.3829 43.3961 43.4122 43.4239 43.439
 43.4516 43.4648 43.4763 43.4902 43.505  43.5183 43.5353 43.5514 43.5674
 43.5854 43.601  43.6193 43.6368 43.6525 43.6697 43.6854 43.7097 43.7227
 43.7396 43.7561 43.7826 43.811  43.8264 43.8409 43.8675 43.9079 43.9289
 43.9506 43.9857 44.0771 49.1614 49.7202
50.3547 50.7376 50.7747 50.8436 50.8928 51.1824 51.2208 51.2459 51.2753
 51.2965 51.3475 51.4097 51.4287 51.4541 51.5099 51.5296 51.5523 51.5709
 51.5893 51.6544 51.6687 51.6877 51.7448 51.7661 51.7935 51.812  51.8313
 51.8484 51.8679 51.8943 51.9147 51.9356 51.9525 51.9673 51.9885 52.0066
 52.0323 52.0651 52.0838 52.0973 52.1146 52.13   52.1502 52.1717 52.1888
 52.203  52.2196 52.2344 52.2512 52.2672 52.2867 52.3014 52.3135 52.3259
 52.3396 52.3549 52.3673 52.3817 52.3956 52.4109 52.4276 52.4467 52.463
 52.4742 52.4902 52.5076 52.5218 52.5419 52.5574 52.5719 52.5892 52.6095
 52.6277 52.6514 52.6745 52.6892 52.7079 52.7218 52.735  52.7492 52.7625
 52.7808 52.8021 52.8176 52.8332 52.8501 52.8728 52.8917 52.9154 52.9453
 52.9694 53.0132 53.0314 53.0746 53.1298 53.1999 53.3295 59.2568 59.4395
 59.5166 59.7309 59.787  59.8209 59.8859 59.9465 59.9917
60.1939 60.2471 60.3214 60.3462 60.3849 60.3994 60.4375 60.4576 60.4743
 60.4951 60.5574 60.5944 60.6147 60.6312 60.6479 60.6597 60.68   60.6955
 60.7118 60.7591 60.7768 60.7975 60.8171 60.8354 60.8606 60.8868 60.9013
 60.9266 60.94   60.9545 60.9667 60.9856 60.9985 61.0123 61.0255 61.0383
 61.0509 61.0628 61.0765 61.0896 61.1029 61.1158 61.1326 61.1476 61.1626
 61.1743 61.192  61.2039 61.2195 61.23   61.2455 61.2575 61.2722 61.2834
 61.305  61.3178 61.3292 61.3463 61.3636 61.3747 61.387  61.3994 61.4113
 61.4282 61.4409 61.4539 61.4657 61.4773 61.4896 61.5033 61.5156 61.5278
 61.5386 61.5528 61.5753 61.6058 61.6284 61.6408 61.6546 61.6678 61.6815
 61.6956 61.7147 61.7276 61.7418 61.7566 61.7746 61.7949 61.8106 61.8295
 61.8457 61.8688 61.8869 61.9035 61.9279 61.9496 61.9709 62.0052 62.0238
 62.0699 62.1314 62.2173 62.4696 67.7763 68.3923 68.8182 68.9061 69.1861
 69.2508 69.2992 69.4553 69.4898 69.5228 69.5837 69.6158 69.6459 69.6645
 69.6896 69.7139 69.7483 69.7696 69.7981 69.818  69.8474 69.8647 69.8895
 69.917  69.939  69.9642 69.989

