12.8868 13.1799 13.5848 13.6067 13.8734 13.9082 13.9396 14.0465 14.0786
 14.1829 14.2131 14.2342 14.2578 14.2755 14.3072 14.3393 14.3695 14.3926
 14.4205 14.4401 14.482  14.5247 14.5392 14.5536 14.5715 14.595  14.6106
 14.6215 14.6398 14.6536 14.6725 14.6842 14.7014 14.7183 14.7324 14.7471
 14.7668 14.7806 14.7928 14.8094 14.8238 14.8395 14.8518 14.8667 14.8802
 14.8922 14.9042 14.9199 14.9345 14.947  14.9617 14.9769 14.9983 15.0123
 15.0297 15.0426 15.0618 15.0794 15.1001 15.1166 15.1395 15.1647 15.1807
 15.1953 15.2129 15.2308 15.2493 15.2725 15.2978 15.3173 15.3371 15.3545
 15.3684 15.3826 15.4167 15.4356 15.4551 15.4714 15.499  15.5182 15.5338
 15.5511 15.5707 15.5886 15.6057 15.6216 15.6506 15.6781 15.7064 15.7435
 15.7917 15.8178 15.8355 15.8585 15.8886 15.9282 15.9498 15.9676 15.999
 16.0477 16.0736 16.1083 16.1452 16.2318 16.3839 16.4397 16.5579
22.6542 23.0221 23.4574 23.6919 23.7274 23.7924 23.8841 23.9138 23.9642
 23.9836 24.0083 24.0578 24.0817 24.1118 24.1333 24.166  24.2142 24.2463
 24.2743 24.2945 24.3427 24.3925 24.443  24.4606 24.4805 24.5016 24.5258
 24.5544 24.632  24.6514 24.6685 24.6856 24.6994 24.7135 24.7299 24.7504
 24.7789 24.7997 24.8389 24.8647 24.8909 24.9169 24.9385 24.9996 25.0218
 25.0609 25.0808 25.1026 25.1366 25.1535 25.2658 25.2885 25.3078 25.3529
 25.4009 25.4485 25.4756 25.5167 25.6539 25.6907 25.7808 25.8099 25.8581
 25.9424
30.6049 30.9327 32.1559 32.3549 32.4373 32.5652 32.7871 32.9493 32.9817
 33.0457 33.1236 33.1462 33.1651 33.1822 33.2015 33.2237 33.2532 33.2874
 33.3699 33.3923 33.4172 33.4407 33.4726 33.5019 33.531  33.5548 33.5665
 33.5798 33.5936 33.608  33.6195 33.6374 33.654  33.6843 33.7022 33.7235
 33.7408 33.7669 33.7834 33.7997 33.8191 33.8321 33.8477 33.8673 33.8799
 33.8926 33.9122 33.9318 33.9493 33.9613 33.9824 33.9989 34.0161 34.0356
 34.0528 34.0674 34.0915 34.1103 34.1275 34.148  34.168  34.1833 34.2025
 34.2191 34.2358 34.2589 34.2778 34.2968 34.3289 34.3455 34.3617 34.3835
 34.3998 34.4248 34.4441 34.4658 34.4876 34.5127 34.539  34.5564 34.5932
 34.6127 34.6359 34.6683 34.6875 34.7372 34.7563 34.7779 34.8217 34.8457
 34.8961 34.94   34.9589 34.994  35.0458 35.1412 35.1618 35.2688 35.3842
 36.2155
41.3846 41.5439 41.5689 41.7265 41.855  41.9933 42.0474 42.1131 42.1429
 42.2202 42.3106 42.3626 42.3944 42.4198 42.4559 42.4868 42.5435 42.5719
 42.6188 42.6359 42.6642 42.6883 42.7095 42.7272 42.7435 42.758  42.7818
 42.8167 42.841  42.857  42.8734 42.8888 42.9073 42.9227 42.9435 42.959
 42.9798 42.9991 43.0146 43.0295 43.0422 43.0582 43.0714 43.0828 43.0949
 43.1124 43.129  43.1471 43.1603 43.1734 43.1911 43.2076 43.2239 43.2386
 43.2526 43.2651 43.2767 43.2941 43.3115 43.3283 43.3431 43.3627 43.3806
 43.4043 43.425  43.44   43.4603 43.4747 43.5002 43.5147 43.5362 43.5623
 43.5848 43.6004 43.617  43.6347 43.6547 43.6742 43.7025 43.7214 43.7522
 43.7668 43.8118 43.8295 43.8468 43.8705 43.8959 43.9175 43.9428 43.9703
 44.0448 44.0904 44.1284 44.1508 44.2617 44.2991 44.3227 44.3987 44.4437
 44.5987 44.7169 44.9009 44.9429
50.2486 50.2852 51.1754 51.3149 51.4147 51.4547 51.4915 51.5627 51.6116
 51.6383 51.6585 51.7427 51.7679 51.7926 51.8393 51.8554 51.8819 51.9108
 51.9419 51.9611 51.9778 52.011  52.0325 52.0523 52.0668 52.0928 52.1277
 52.1484 52.1813 52.2038 52.2158 52.2297 52.2443 52.263  52.2808 52.2981
 52.3125 52.3335 52.3727 52.3902 52.4046 52.4251 52.4385 52.4515 52.4708
 52.486  52.4997 52.5285 52.5499 52.5695 52.5857 52.6337 52.6528 52.6698
 52.6875 52.7045 52.7177 52.7403 52.7606 52.7776 52.8018 52.8264 52.8482
 52.863  52.8973 52.9201 52.9431 52.9661 52.9895 53.0265 53.0607 53.0809
 53.1007 53.1387 53.1669 53.2135 53.2459 53.2817 53.3126 53.4092 53.4529
 59.7389
60.0697 60.1824 60.2449 60.2815 60.3789 60.4118 60.4376 60.4558 60.5115
 60.5599 60.5941 60.6237 60.6505 60.6911 60.7117 60.7336 60.7714 60.7903
 60.8194 60.8338 60.8566 60.8785 60.8951 60.9173 60.9348 60.9528 60.9671
 60.9844 61.0051 61.0226 61.0356 61.0509 61.0631 61.0801 61.1069 61.1278
 61.1476 61.1752 61.1898 61.2084 61.2227 61.2385 61.2508 61.2651 61.2804
 61.2948 61.3091 61.3213 61.3492 61.3643 61.3763 61.3906 61.4066 61.4251
 61.4404 61.4534 61.4718 61.4906 61.5079 61.5462 61.5602 61.573  61.592
 61.6135 61.6278 61.6387 61.6542 61.675  61.6882 61.7197 61.7548 61.7763
 61.8001 61.8228 61.8555 61.8823 61.9017 61.9316 61.9589 61.9886 62.0238
 62.0465 62.0874 62.1438 62.2078 62.2367 62.2632 62.2873 62.3786 62.6346
 67.0104 67.9527 68.6256 68.8655 69.2715 69.4008 69.4808 69.6836 69.7124
 69.7457 69.81   69.8419 69.8671 69.9084 69.9353 69.9757

