12.9573 13.0647 13.2987 13.3786 13.4156 13.5855 13.7225 13.9219 13.9674
 14.0354 14.1389 14.264  14.405  14.4227 14.4781 14.5333 14.5701
20.4469 22.3095 22.9652 23.1107 23.2151 23.3494 23.5577 23.8389 23.8881
 23.9085 24.0728 24.126
30.3168 30.8171 32.5881 32.6151 32.7772 32.8624 33.0118 33.0592 33.089
 33.1512 33.1697 33.2826 33.3114 33.3319 33.3544 33.4506 33.4863 33.6153
41.0582 41.5023 41.5467 41.811  42.0575 42.0903 42.1356 42.2138 42.2594
 42.2889 42.362  42.3809 42.4084 42.4227 42.4464 42.5046 42.7788 42.849
 49.9486
50.3157 50.3798 50.8227 51.0688 51.1382 51.1888 51.2492 51.3037 51.3457
 51.4729 51.5081 51.5307 51.652  51.7073 51.7747 51.86   51.9568 52.0232
 52.0929 52.3077 57.4047 58.941  59.0651 59.1387 59.7677 59.8788
60.3672 60.5717 60.6209 60.6884 60.7852 60.8404 60.8702 60.8919 68.3161
 68.4697 68.7173 68.8295 68.9174 68.9948 69.1271 69.1775 69.2886 69.3997
 69.4813 69.5943 69.6902 69.7148 69.742  69.7694 69.822  69.8418 69.8568
 69.8973 69.9645

