12.4658 13.4955 13.9367 13.9519 14.1039 14.1324 14.1875 14.2076 14.2251
 14.282  14.3032 14.3662 14.4497 14.4808 14.5051 14.5265 14.6372 14.7838
 14.8263
21.0989 23.2019 23.3082 23.4782 23.5736 23.6444 23.7005 23.8073 23.9829
 24.1665
31.7255 33.1789 33.4641 33.7373
41.723  41.8419 41.8775 42.1087 42.156  42.2788 42.3394 42.3837 42.4091
 42.4493 42.4797 42.6089 42.6501 42.6893 42.7125 49.8917
51.5817 51.7343 51.7558 51.8181 51.8566 51.9146 51.9809 52.1058 52.1304
 52.2411
60.6561 60.8795 60.9486 60.9741 61.0247 61.0736 61.1793 61.2289 61.2767
 61.3106 61.3575 61.4985 61.6778 68.7896 69.6524 69.9451

