12.7888 13.0947 13.7076 13.8529 13.9291 13.9704 14.0738 14.1638 14.1964
 14.2238 14.259  14.2796 14.3625 14.3901 14.4211 14.4523 14.4762 14.5049
 14.5417 14.5599 14.5809 14.5953 14.6121 14.6284 14.6446 14.6594 14.6751
 14.6887 14.7028 14.7173 14.735  14.7483 14.7618 14.7794 14.7958 14.8099
 14.8252 14.8366 14.8584 14.8737 14.887  14.8977 14.9109 14.9282 14.9395
 14.9532 14.9648 14.9772 14.9911 15.0025 15.0147 15.0292 15.0427 15.0582
 15.0749 15.0877 15.0985 15.109  15.1201 15.1316 15.1418 15.1533 15.1658
 15.1787 15.1925 15.2032 15.2136 15.2244 15.2354 15.2479 15.263  15.2748
 15.288  15.3006 15.3121 15.3249 15.3386 15.355  15.3716 15.3931 15.4084
 15.4201 15.439  15.453  15.466  15.4793 15.4942 15.5126 15.5248 15.54
 15.5544 15.5684 15.5838 15.6    15.6115 15.6286 15.6455 15.6552 15.6707
 15.6888 15.7064 15.719  15.7392 15.7528 15.7747 15.7956 15.8234 15.846
 15.8635 15.8951 15.9249 15.9482 15.969  15.9881 16.0042 16.0177 16.048
 16.0812 16.1029 16.132  16.1542 16.1752 16.1941 16.2165 16.2915 16.3379
 16.3653 16.4373 16.509  19.8286
20.2236 23.1417 23.3003 23.5832 23.6862 23.7722 23.8209 23.8703 23.8966
 23.9412 23.9576 23.9931 24.0235 24.0782 24.1559 24.1755 24.2047 24.2447
 24.2699 24.2916 24.3093 24.3294 24.347  24.3637 24.3968 24.4087 24.4317
 24.4651 24.4897 24.5056 24.5207 24.5358 24.553  24.5663 24.5859 24.5999
 24.6145 24.627  24.6405 24.6552 24.6714 24.6877 24.7005 24.7164 24.7329
 24.7517 24.7677 24.787  24.8055 24.8198 24.8327 24.8525 24.8727 24.888
 24.9044 24.9289 24.9453 24.9602 24.9846 25.0081 25.0247 25.0419 25.0592
 25.075  25.0894 25.1058 25.126  25.1418 25.163  25.1844 25.2075 25.2271
 25.2514 25.2765 25.2936 25.3477 25.3943 25.4102 25.4355 25.4707 25.4935
 25.5401 25.5755 25.6065 25.6349 25.6927 25.8445
30.973  33.0849 33.2234 33.3085 33.3399 33.463  33.5169 33.6347 33.7727
 33.866  33.8917 33.9525 33.9836 34.0162 34.0329 34.0514 34.0749 34.1377
 34.184  34.2015 34.2529 34.2729 34.2931 34.3297 34.3532 34.3985 34.4283
 34.4485 34.4694 34.4953 34.5305 34.5482 34.5732 34.5989 34.6224 34.6389
 34.6592 34.6769 34.7188 34.7611 34.7923 34.8185 34.8552 34.9362 35.069
 35.2416 35.3047 35.9581
41.2245 41.8727 42.109  42.1454 42.2747 42.2938 42.3619 42.4022 42.4339
 42.4649 42.5407 42.5655 42.5877 42.636  42.6488 42.6649 42.6966 42.7183
 42.7364 42.7735 42.795  42.8178 42.8417 42.8609 42.8772 42.8932 42.9087
 42.9277 42.9438 42.959  42.9744 42.9894 43.0049 43.0294 43.0427 43.0604
 43.0746 43.0893 43.1055 43.1232 43.1363 43.1473 43.1639 43.1803 43.1943
 43.2225 43.2373 43.2512 43.2654 43.2788 43.296  43.3094 43.3248 43.3491
 43.3633 43.3764 43.3911 43.4213 43.4458 43.4659 43.4833 43.4995 43.5322
 43.5506 43.5796 43.5938 43.6104 43.6355 43.6486 43.6845 43.7018 43.7201
 43.733  43.7482 43.7645 43.7846 43.81   43.8464 43.8676 43.8865 43.9133
 43.9292 43.9525 43.9709 43.9925 44.0324 44.0586 44.1205 44.1715 44.2341
 44.2663 44.3546 44.3839 44.407  44.4837 44.8319 45.1549 49.6176
51.4912 51.5588 51.6384 51.7568 51.7889 51.8109 51.8489 51.8762 51.9243
 51.9698 51.9905 52.021  52.0462 52.0643 52.0798 52.1101 52.1264 52.1525
 52.1889 52.2073 52.2286 52.2446 52.2682 52.2932 52.3111 52.3277 52.3485
 52.3649 52.3824 52.3981 52.4144 52.4279 52.4443 52.4586 52.4731 52.4875
 52.5002 52.5148 52.5307 52.5455 52.5581 52.5704 52.5832 52.6014 52.616
 52.6294 52.6455 52.6577 52.6729 52.6943 52.707  52.7211 52.735  52.7473
 52.7594 52.7753 52.7952 52.8129 52.8367 52.8495 52.8709 52.8826 52.8966
 52.9131 52.9284 52.9418 52.9572 52.9747 52.988  53.0005 53.0246 53.0473
 53.0608 53.0756 53.0903 53.1038 53.118  53.1429 53.1688 53.1874 53.2025
 53.2199 53.2491 53.2637 53.2781 53.3008 53.3204 53.3451 53.3698 53.3929
 53.4155 53.44   53.4807 53.5327 53.5583 53.6155 53.6379 53.6706 53.6958
 53.7946 53.9189 54.2478 57.7737
60.8547 60.9253 60.9715 61.1397 61.1835 61.2389 61.3275 61.3936 61.4404
 61.4994 61.5212 61.5475 61.5688 61.5874 61.6335 61.6669 61.6865 61.7057
 61.7448 61.7623 61.7836 61.7968 61.8187 61.8336 61.8501 61.8694 61.8895
 61.9082 61.9254 61.9523 61.9723 61.9995 62.0145 62.0304 62.0504 62.072
 62.0905 62.1048 62.1271 62.1446 62.1614 62.1907 62.232  62.2454 62.2663
 62.2866 62.3478 62.3723 62.4041 62.4277 62.4504 62.4677 62.4889 62.5045
 62.5403 62.5599 62.5867 62.6124 62.6571 62.6792 62.7252 62.7468 62.7723
 62.8117 62.8312 62.8558 62.8765 62.9164 63.1373 63.1678 63.2252 63.2526
 63.9912 69.6479 69.8277 69.9474

