12.3126 13.0606 13.3488 13.5208 13.673  13.6947 13.8775 13.9182 14.1568
 14.2224 14.2432 14.2871 14.3073 14.3318 14.4104 14.4618 14.5831 14.6742
 14.7968
21.0487 22.0175 22.9583 23.2829 23.492  23.574  23.6948 23.7468 23.7927
 23.8133 23.8848 23.9622 24.0023 24.0308 24.1912 24.269
32.0042 32.7798 32.8848 32.983  33.0715 33.13   33.2448 33.6199 37.9317
41.2402 41.3637 41.8566 42.1999 42.2906 42.3386 42.5455 42.7144 49.3116
 49.7651 49.9828
51.0579 51.34   51.4347 51.4977 51.6314 51.7974 51.848  52.0231 52.0687
 52.1668 58.5588 59.4856
60.7259 60.7604 60.7874 60.9416 61.0329 61.0571 61.0841 61.2219 61.245
 61.4694 69.4956 69.5829 69.6074 69.7315

