12.3843 12.5267 13.5121 13.6749 13.7402 13.9727 14.0243 14.0791 14.0994
 14.1589 14.1852 14.2103 14.2448 14.272  14.2906 14.3148 14.3389 14.3595
 14.3839 14.4001 14.4169 14.4395 14.4669 14.4894 14.5026 14.5191 14.539
 14.5602 14.5787 14.5944 14.6065 14.6248 14.6356 14.6508 14.6684 14.6838
 14.7018 14.719  14.7401 14.7555 14.7674 14.7812 14.8031 14.8218 14.8374
 14.8482 14.8651 14.9004 14.9156 14.9297 14.9418 14.9659 14.9902 15.0113
 15.0317 15.0467 15.0666 15.0809 15.0959 15.1643 15.1858 15.2029 15.2293
22.2904 22.7651 23.0407 23.1275 23.4041 23.4186 23.4996 23.5833 23.6441
 23.7018 23.7406 23.7718 23.7963 23.8231 23.8419 23.8565 23.8724 23.915
 23.9389 23.9555 23.9766 24.0154 24.0416 24.0834 24.0959 24.1117 24.1317
 24.1519 24.1688 24.1914 24.2107 24.2309 24.2463 24.2621 24.2793 24.3068
 24.3223 24.3381 24.3609 24.4147 24.4366 24.4885 24.5159 24.5602 24.5879
32.6797 32.7302 33.0058 33.0917 33.2926 33.4873 33.5391 33.5763 33.6948
 33.7487 33.7901 33.8749 34.0443 34.1821 34.237  34.3378 39.8844
41.2417 41.3865 41.4605 41.5015 41.5659 41.7429 41.9999 42.0684 42.1805
 42.2308 42.2533 42.2906 42.3465 42.377  42.3931 42.4232 42.4536 42.4733
 42.4939 42.543  42.5687 42.6028 42.6273 42.6538 42.6964 42.7272 42.7407
 42.7548 42.7668 42.8007 42.8259 42.8674 42.8959 42.9381 42.9561 42.9736
 43.0035 43.0292 43.0631 43.0771 43.0964 43.1222 43.1547 43.1908
50.1814 50.8987 51.0083 51.4182 51.4409 51.5121 51.5606 51.5972 51.6164
 51.6498 51.7057 51.7621 51.787  51.8276 51.8448 51.8794 51.9076 51.9278
 51.9589 51.9827 52.0002 52.0109 52.029  52.0572 52.0825 52.0989 52.1169
 52.1386 52.1601 52.1807 52.1959 52.2085 52.2233 52.2417 52.2701 52.2817
 52.2948 52.3061 52.3249 52.339  52.3558 52.3713 52.3882 52.4123 52.4303
 52.4577 52.508  52.5493 52.5993 52.6698 57.6341
60.7049 60.7985 60.8524 60.9379 61.0848 61.2551 61.2916 61.3358 61.3736
 61.4013 61.4198 61.4444 61.4669 61.4927 61.5131 61.5268 61.5474 61.569
 61.5848 61.5987 61.6461 61.6891 61.7175 61.8372 61.9249 61.9544 62.1042
 69.1318 69.2035 69.4311 69.5867 69.8942 69.9503 69.9686 69.9971

