12.6369 12.6753 13.0761 13.7024 13.7547 13.9034 13.948  13.9871 14.0158
 14.0614 14.0936 14.1318 14.1658 14.2009 14.2179 14.252  14.2977 14.3267
 14.3427 14.3749 14.39   14.4145 14.4357 14.464  14.4872 14.5041 14.5215
 14.5434 14.5617 14.5768 14.5973 14.6143 14.6285 14.664  14.6762 14.6896
 14.7059 14.7231 14.7376 14.7498 14.7648 14.7777 14.7935 14.8088 14.8239
 14.8422 14.8591 14.8713 14.8864 14.8984 14.9111 14.9245 14.9376 14.9473
 14.9603 14.9772 14.9912 15.0038 15.0159 15.0283 15.0394 15.0492 15.0626
 15.0773 15.0903 15.1029 15.113  15.1258 15.1406 15.1506 15.1627 15.1767
 15.1902 15.2086 15.2199 15.2344 15.245  15.2558 15.27   15.2809 15.2916
 15.3027 15.3163 15.3257 15.3365 15.3468 15.3592 15.3737 15.3863 15.4001
 15.4163 15.4293 15.4463 15.4573 15.4691 15.4798 15.4919 15.5034 15.5195
 15.5339 15.5514 15.5657 15.5775 15.5914 15.6028 15.6173 15.6298 15.6413
 15.6524 15.6627 15.6762 15.6897 15.7038 15.7181 15.7369 15.7489 15.7632
 15.7761 15.7942 15.8079 15.8291 15.8395 15.8512 15.8628 15.8762 15.8914
 15.9046 15.9305 15.9442 15.9605 15.9771 15.9948 16.0091 16.0289 16.0541
 16.0709 16.0891 16.1093 16.1326 16.1461 16.1671 16.1842 16.2068 16.2219
 16.2403 16.2578 16.2778 16.3006 16.3243 16.3391 16.3536 16.3726 16.3907
 16.4072 16.4501 16.4799 16.5215 16.5402 16.5707 16.5979 16.6308 16.6594
 16.6945 16.7346 16.7711 16.7947 16.8272 16.8614 16.8878 16.9209 16.96
 16.9999 17.0302 17.1507
21.7599 22.7332 22.7819 22.8996 22.9458 23.0446 23.0895 23.1854 23.2458
 23.3588 23.4267 23.595  23.6197 23.6708 23.7009 23.7444 23.7651 23.7857
 23.8352 23.8565 23.8819 23.9542 23.9818 24.0082 24.034  24.0509 24.0822
 24.1003 24.1216 24.1425 24.1608 24.1801 24.1941 24.2152 24.232  24.2442
 24.2612 24.2887 24.3152 24.3334 24.3475 24.3678 24.3847 24.3975 24.4074
 24.4277 24.4514 24.4672 24.4814 24.4957 24.5088 24.534  24.5467 24.5593
 24.5772 24.5918 24.6034 24.6191 24.6369 24.6485 24.66   24.6769 24.6882
 24.7018 24.7166 24.7325 24.7443 24.7608 24.7727 24.7871 24.8018 24.8221
 24.8415 24.8612 24.8738 24.891  24.9064 24.9219 24.9389 24.9509 24.9713
 24.9871 25.0093 25.0302 25.0452 25.0672 25.0828 25.0985 25.116  25.1323
 25.1509 25.1672 25.1846 25.2027 25.2195 25.2383 25.2557 25.2774 25.299
 25.3141 25.3287 25.3448 25.3596 25.3836 25.4029 25.4212 25.4515 25.4715
 25.4969 25.5188 25.5415 25.5646 25.5846 25.6154 25.6438 25.6709 25.6973
 25.7378 25.7917 25.8107 25.8457 25.8816 25.9186 25.9456 25.9781 26.0184
 26.1146 26.2423 26.3209 26.5586
32.2969 32.6238 32.9409 33.1593 33.3065 33.3665 33.4029 33.4728 33.543
 33.6007 33.6132 33.6338 33.6807 33.7296 33.7541 33.7903 33.8324 33.8529
 33.9489 34.0239 34.0463 34.071  34.1076 34.1372 34.1505 34.1625 34.1849
 34.2025 34.2205 34.2479 34.2617 34.2794 34.2988 34.3313 34.3664 34.3827
 34.3986 34.4188 34.4446 34.4589 34.4796 34.501  34.5237 34.5479 34.565
 34.5853 34.6094 34.6303 34.6531 34.6871 34.7096 34.733  34.7574 34.7773
 34.8349 34.8651 34.8825 34.9082 34.9326 34.9545 35.0015 35.0386 35.0696
 35.1046 35.1304 35.157  35.1797 35.2209 35.271  35.3011 35.4145 35.4475
 35.5455 35.7753 35.8488 36.1414
41.4537 41.6459 41.8574 41.9846 42.0257 42.093  42.1325 42.2255 42.2423
 42.2759 42.2913 42.3239 42.3987 42.4199 42.4428 42.4811 42.5088 42.5265
 42.5495 42.5675 42.5941 42.6179 42.6387 42.6684 42.6853 42.7106 42.7493
 42.7669 42.7861 42.8123 42.8327 42.8454 42.8785 42.903  42.918  42.9488
 42.9641 42.978  42.9913 43.0141 43.0291 43.0487 43.0654 43.0866 43.0989
 43.1132 43.1347 43.1502 43.1703 43.1837 43.203  43.2195 43.2324 43.2513
 43.2682 43.2855 43.3014 43.3185 43.3349 43.3534 43.3692 43.3813 43.3946
 43.4069 43.4188 43.4327 43.448  43.46   43.4778 43.4973 43.5179 43.5344
 43.5469 43.5604 43.5753 43.5942 43.6109 43.6264 43.6553 43.6703 43.6952
 43.7146 43.7293 43.7446 43.7588 43.777  43.7947 43.8112 43.8235 43.8459
 43.867  43.8855 43.9035 43.9198 43.9314 43.946  43.9648 43.9768 43.9922
 44.0134 44.0284 44.0482 44.0693 44.0845 44.119  44.1374 44.1531 44.1754
 44.1918 44.2221 44.2415 44.2602 44.2847 44.3048 44.3338 44.3672 44.3943
 44.4165 44.4764 44.505  44.5577 44.5984 44.6905 44.7777 44.8801 44.9488
 49.0907
50.5216 50.7412 51.1286 51.2629 51.2995 51.3575 51.3943 51.5049 51.5201
 51.5479 51.6021 51.6603 51.7665 51.8189 51.8441 51.8599 51.8874 51.9035
 51.9205 51.9352 51.9534 51.9765 51.9938 52.0204 52.0393 52.056  52.0671
 52.0814 52.0972 52.1115 52.1319 52.1476 52.1611 52.1789 52.1949 52.2061
 52.2271 52.2407 52.263  52.2813 52.2935 52.3096 52.3228 52.3407 52.3543
 52.3725 52.3892 52.4057 52.4221 52.4349 52.4519 52.4674 52.4839 52.4952
 52.5074 52.5258 52.5353 52.552  52.5668 52.5775 52.5914 52.6073 52.6198
 52.6365 52.6483 52.6609 52.6727 52.6838 52.6967 52.7079 52.7323 52.7492
 52.7651 52.7829 52.8043 52.8234 52.8417 52.8566 52.8743 52.8865 52.9142
 52.934  52.9499 52.961  52.9752 52.9894 53.0054 53.0218 53.0354 53.0472
 53.0623 53.08   53.0907 53.1212 53.1386 53.1509 53.1697 53.1858 53.2074
 53.221  53.2329 53.2476 53.2699 53.2887 53.3047 53.3232 53.3478 53.361
 53.3792 53.4023 53.4197 53.4335 53.4463 53.4612 53.4766 53.5053 53.5309
 53.545  53.5715 53.585  53.5993 53.614  53.6327 53.6498 53.6752 53.6943
 53.7206 53.7357 53.7555 53.7788 53.8246 53.8621 53.9078 53.9306 53.9788
 54.0036 54.044  54.1069 54.1409 54.2199 54.4154 55.3469 56.8054
60.9155 61.0636 61.1249 61.1618 61.2143 61.2596 61.2919 61.3278 61.3537
 61.3779 61.3982 61.4178 61.4443 61.4757 61.4933 61.5083 61.5228 61.5504
 61.5784 61.5979 61.6126 61.6327 61.6606 61.6824 61.7034 61.7278 61.7455
 61.7672 61.7836 61.8056 61.826  61.8434 61.858  61.8717 61.8894 61.9229
 61.9407 61.9564 61.9722 61.9833 62.0004 62.019  62.0501 62.0704 62.0942
 62.1098 62.1231 62.1373 62.1508 62.1682 62.1885 62.2035 62.219  62.2368
 62.2561 62.2732 62.2947 62.3154 62.3274 62.3379 62.3486 62.3744 62.39
 62.4059 62.4234 62.4372 62.4555 62.4756 62.4876 62.5039 62.5166 62.5335
 62.5466 62.5586 62.5755 62.5935 62.6143 62.6385 62.6594 62.6935 62.7097
 62.7209 62.7393 62.7531 62.7782 62.798  62.8475 62.8888 62.9188 62.94
 62.9664 62.998  63.0346 63.0699 63.1244 63.1563 63.1873 63.2211 63.2439
 63.3138 63.3476 63.3729 63.4559 63.626  68.5558 68.9382 69.1494 69.6229
 69.7094 69.8687 69.9006 69.9647

