12.239  13.2897 13.4329 13.5271 13.5761 13.6246 13.7159 13.7567 13.7889
 13.8452 13.9063 13.9297 13.9595 14.0098 14.0611 14.0743 14.1016 14.1155
 14.1326 14.1498 14.1634 14.1832 14.1957 14.2087 14.2264 14.244  14.2567
 14.2694 14.2973 14.3152 14.3332 14.3471 14.3622 14.3797 14.3919 14.4051
 14.4207 14.4322 14.4466 14.4591 14.4723 14.4855 14.4986 14.5116 14.5225
 14.5327 14.5435 14.5537 14.5659 14.5781 14.589  14.6003 14.6165 14.6269
 14.6366 14.6463 14.6561 14.6667 14.6767 14.6875 14.6971 14.708  14.7188
 14.728  14.7378 14.7471 14.7579 14.7706 14.7815 14.7931 14.8031 14.8142
 14.8247 14.8351 14.8444 14.8539 14.864  14.8749 14.8861 14.8948 14.9049
 14.9154 14.9245 14.934  14.9441 14.9537 14.9644 14.976  14.9845 14.9942
 15.0044 15.0165 15.0272 15.0379 15.0478 15.0578 15.0665 15.0743 15.0828
 15.0923 15.1024 15.1112 15.1205 15.1298 15.1406 15.1505 15.1592 15.1691
 15.1786 15.1886 15.198  15.208  15.22   15.2319 15.2432 15.2556 15.2659
 15.2757 15.2882 15.2993 15.3106 15.3219 15.331  15.3424 15.3576 15.3707
 15.3819 15.3954 15.4064 15.423  15.4387 15.4512 15.4675 15.4842 15.4968
 15.5085 15.5214 15.5354 15.5474 15.5585 15.5702 15.5815 15.5938 15.606
 15.6224 15.6365 15.6488 15.6599 15.6723 15.6858 15.6981 15.714  15.727
 15.7398 15.752  15.7662 15.7856 15.8002 15.8215 15.8437 15.859  15.8762
 15.8945 15.9139 15.9384 15.9657 15.9839 16.0165 16.0537 16.0731 16.1082
 16.1546 16.1753 16.2228 16.2587 16.3324
22.0428 22.4516 22.8248 22.9654 23.0529 23.0787 23.1154 23.2337 23.2819
 23.3067 23.3454 23.3685 23.4018 23.4829 23.5336 23.5797 23.6152 23.6433
 23.6873 23.7213 23.7438 23.7649 23.8051 23.8337 23.8575 23.8856 23.9081
 23.9415 23.9577 23.972  23.9883 24.0043 24.0166 24.0341 24.0482 24.0706
 24.0904 24.111  24.1306 24.1461 24.1606 24.1745 24.1894 24.201  24.2171
 24.2315 24.247  24.2568 24.2691 24.2807 24.2937 24.3162 24.3282 24.3407
 24.3517 24.3618 24.3737 24.3857 24.3971 24.4064 24.4173 24.4288 24.4426
 24.4558 24.4701 24.4824 24.4984 24.5098 24.5249 24.5363 24.5475 24.56
 24.5709 24.5813 24.5921 24.6032 24.6128 24.6238 24.6345 24.6469 24.6579
 24.6698 24.6805 24.6908 24.705  24.7177 24.7282 24.74   24.7535 24.7694
 24.7827 24.7943 24.805  24.8164 24.834  24.8476 24.8602 24.874  24.892
 24.9044 24.918  24.9342 24.948  24.9628 24.9736 24.9915 25.0102 25.0334
 25.0485 25.0751 25.0988 25.1257 25.1448 25.1615 25.186  25.2025 25.2223
 25.2392 25.2675 25.2888 25.3106 25.3377 25.3659 25.3838 25.4095 25.4311
 25.4614 25.4829 25.5157 25.5572 25.5832 25.6107 25.6571
33.1564 33.197  33.2847 33.3621 33.4081 33.4304 33.4579 33.4848 33.5174
 33.5878 33.6136 33.6388 33.6669 33.6906 33.7247 33.7717 33.8095 33.8451
 33.8588 33.8788 33.9003 33.9252 33.9486 33.9736 33.9928 34.0267 34.0423
 34.0626 34.0829 34.0971 34.1127 34.1258 34.1389 34.1509 34.1693 34.2025
 34.2234 34.2501 34.2683 34.2869 34.3004 34.3148 34.3447 34.3603 34.3966
 34.4205 34.4358 34.4537 34.4737 34.4959 34.5158 34.5314 34.5707 34.6087
 34.6367 34.7088 34.7369 34.7985 34.8253 34.8517 34.8733 34.8933 34.9516
 35.0324 35.0628 35.088  35.1721 35.3725
40.5315 40.5838 41.0186 41.2509 41.6323 41.6746 41.7303 41.7555 41.804
 41.8808 41.9219 41.9522 41.9692 42.0179 42.0469 42.1223 42.1515 42.1824
 42.2116 42.2303 42.2615 42.2792 42.3014 42.3414 42.3568 42.3738 42.4021
 42.444  42.46   42.4775 42.5034 42.5244 42.5395 42.5505 42.5624 42.5765
 42.5894 42.6047 42.6251 42.6373 42.6509 42.665  42.6816 42.6919 42.7071
 42.7252 42.7372 42.7486 42.7606 42.7725 42.7833 42.7947 42.8045 42.8173
 42.8283 42.8396 42.8502 42.8636 42.8743 42.8922 42.9062 42.9164 42.9296
 42.9398 42.9526 42.9623 42.9734 42.9832 42.995  43.01   43.0235 43.035
 43.0469 43.0583 43.0696 43.0828 43.096  43.1111 43.1256 43.1351 43.1461
 43.1557 43.1671 43.1804 43.198  43.2084 43.2213 43.2343 43.2505 43.2615
 43.2752 43.2868 43.2987 43.3126 43.325  43.3398 43.3547 43.3657 43.3795
 43.393  43.4073 43.4217 43.4378 43.4566 43.482  43.505  43.5252 43.5391
 43.5596 43.5752 43.5923 43.6076 43.6207 43.6384 43.6541 43.6681 43.6842
 43.7    43.715  43.7343 43.7475 43.7681 43.7896 43.8055 43.8278 43.8538
 43.8826 43.9139 43.9466 43.9848 44.0162 44.0508 44.0716 44.1707 44.499
 44.5989 49.823  49.9748
50.7809 51.0338 51.1009 51.2231 51.2613 51.3429 51.3852 51.4245 51.4601
 51.4919 51.5404 51.5609 51.6018 51.6425 51.6813 51.6996 51.7155 51.7375
 51.7625 51.7845 51.8006 51.8199 51.8362 51.8557 51.8757 51.9048 51.9205
 51.9379 51.9497 51.9651 51.9755 51.987  52.0061 52.0206 52.0344 52.0482
 52.062  52.0738 52.0879 52.1    52.1153 52.1266 52.1405 52.1521 52.1647
 52.1773 52.1902 52.2025 52.2152 52.2286 52.2401 52.2548 52.2655 52.2759
 52.2903 52.3146 52.326  52.3363 52.3481 52.3653 52.376  52.3853 52.3966
 52.4095 52.4234 52.4355 52.4464 52.4567 52.4673 52.4777 52.4866 52.4961
 52.5062 52.5172 52.5284 52.5418 52.5517 52.5607 52.5702 52.5801 52.5917
 52.6017 52.6121 52.6245 52.6365 52.6477 52.6595 52.6701 52.6832 52.695
 52.7054 52.7169 52.7276 52.7423 52.755  52.7665 52.7791 52.7904 52.8026
 52.8212 52.8343 52.8469 52.857  52.8674 52.8793 52.8914 52.9025 52.9127
 52.9286 52.9449 52.9655 52.9811 52.9956 53.0139 53.0242 53.0386 53.0519
 53.0655 53.078  53.0985 53.1139 53.1355 53.1493 53.1648 53.2075 53.2332
 53.2561 53.2764 53.2989 53.3149 53.3439 53.3628 53.3852 53.4272 53.4508
 53.4727 53.4945 53.5309 53.5554 53.5952 53.6473 53.6847 53.7428 55.4364
60.0163 60.4536 60.7602 60.7867 60.8432 60.8688 61.0469 61.0821 61.1028
 61.1639 61.1814 61.2095 61.2684 61.2873 61.3093 61.3313 61.3576 61.3803
 61.3975 61.4109 61.4275 61.4438 61.4738 61.4915 61.5053 61.5269 61.5524
 61.5736 61.5935 61.6122 61.6272 61.6419 61.6559 61.6763 61.6962 61.7147
 61.7328 61.7522 61.7695 61.7867 61.8065 61.8202 61.8349 61.8504 61.8626
 61.8875 61.9035 61.9164 61.9291 61.943  61.9599 61.9805 61.9923 62.0096
 62.0238 62.0398 62.0513 62.0651 62.078  62.0877 62.0998 62.1243 62.1394
 62.1516 62.1629 62.1759 62.1899 62.2017 62.2137 62.2386 62.2544 62.2678
 62.3138 62.3298 62.342  62.3542 62.3682 62.3821 62.3948 62.4081 62.4243
 62.4398 62.4702 62.4909 62.5136 62.5322 62.5474 62.59   62.6123 62.6536
 62.6738 62.6909 62.7148 62.7319 62.7557 62.8138 62.8403 62.8636 62.9319
 62.9543 63.0559 66.9059 69.0834 69.3818 69.516  69.5938 69.6173 69.7261
 69.8517 69.9611

