13.0766 13.4279 13.5765 14.0444 14.0725 14.1963 14.2573 14.3642 14.4367
 14.5801 14.5958 14.6236 14.6521 14.6839 14.7    14.7317 14.7496 14.768
 14.7891 14.8058 14.8233 14.8479 14.8882 14.932  14.9636 14.9805 15.0011
 15.0294 15.0503 15.0657 15.0809 15.0986 15.1177 15.1403 15.1566 15.1694
 15.1971 15.2149 15.2338 15.2505 15.2681 15.2911 15.307  15.3241 15.3423
 15.3609 15.3806 15.3979 15.4111 15.4283 15.4397 15.4572 15.4716 15.4892
 15.5051 15.5217 15.5376 15.5564 15.5689 15.5862 15.6021 15.6156 15.6318
 15.6475 15.6597 15.6794 15.6988 15.7124 15.7324 15.746  15.7622 15.7724
 15.7839 15.7984 15.8135 15.8337 15.8536 15.8668 15.8795 15.8949 15.9127
 15.9482 15.9687 15.9834 16.0009 16.0149 16.0332 16.0519 16.0704 16.0861
 16.1005 16.1294 16.1545 16.1832 16.2009 16.2244 16.245  16.2673 16.2903
 16.3131 16.3301 16.3629 16.3913 16.4207 16.4436 16.4613 16.4823 16.5238
 16.6176 16.837
23.3489 23.6587 23.7357 23.7976 23.8488 23.883  23.9785 24.0481 24.0785
 24.1378 24.1695 24.2075 24.2995 24.339  24.3792 24.4378 24.462  24.4859
 24.522  24.5537 24.5697 24.5869 24.6058 24.6259 24.6599 24.6978 24.7282
 24.7751 24.808  24.8244 24.8457 24.8638 24.8863 24.9048 24.9263 24.9535
 24.9855 25.0081 25.0546 25.071  25.0928 25.1219 25.1502 25.168  25.1863
 25.2283 25.2502 25.2876 25.3187 25.3456 25.3733 25.3947 25.4242 25.4478
 25.4632 25.4772 25.4935 25.5074 25.5565 25.5858 25.6229 25.6827 25.725
 25.7476 25.9227 25.9481 26.0717
33.1319 33.7079 33.9839 34.0573 34.1118 34.1398 34.1639 34.2032 34.3667
 34.401  34.4541 34.4879 34.5168 34.5457 34.5684 34.5881 34.6317 34.6814
 34.7116 34.7364 34.7665 34.8037 34.8241 34.8439 34.9259 34.9519 35.0016
 35.0329 35.0558 35.1669 35.2535 35.2825 35.3722 35.4131 35.6155 35.6409
 35.7531 35.8265
42.2238 42.5879 42.6537 42.6936 42.8184 42.8485 42.8937 42.9154 42.9466
 42.9799 43.0206 43.043  43.0625 43.0793 43.0956 43.1229 43.1506 43.1837
 43.2029 43.2526 43.2695 43.2988 43.3371 43.3629 43.3859 43.4125 43.4302
 43.446  43.4645 43.4955 43.5136 43.5444 43.5698 43.5877 43.6077 43.6247
 43.6481 43.665  43.6842 43.6992 43.7114 43.7295 43.7474 43.767  43.7887
 43.8165 43.8314 43.8538 43.8705 43.8893 43.9024 43.9246 43.9415 43.9674
 43.9836 44.0209 44.0365 44.0871 44.1106 44.1685 44.1886 44.2049 44.2293
 44.2508 44.2669 44.2962 44.3284 44.3856 44.4478 44.4702 44.5107 44.5544
 44.5986 44.8123
51.5492 51.6198 51.7396 51.9249 51.979  52.1581 52.1786 52.202  52.2219
 52.2491 52.2667 52.3215 52.3474 52.3845 52.4104 52.4664 52.4943 52.547
 52.5718 52.5907 52.6229 52.6412 52.6574 52.6767 52.7059 52.7258 52.7498
 52.768  52.7869 52.8126 52.8359 52.8555 52.8731 52.8878 52.9033 52.923
 52.9354 52.9526 52.9697 52.9845 52.999  53.0165 53.0344 53.0481 53.0699
 53.0885 53.1034 53.1197 53.1373 53.1502 53.166  53.1857 53.2049 53.2236
 53.2413 53.2665 53.2844 53.3071 53.3203 53.3381 53.357  53.3807 53.3989
 53.4171 53.4315 53.4518 53.4744 53.492  53.5167 53.5391 53.5598 53.5893
 53.6128 53.6526 53.6858 53.7172 53.7416 53.7742 53.7972 53.8223 53.8709
 53.9311 53.9885 54.0571 54.3417
60.6686 60.8058 61.3218 61.4223 61.5312 61.7045 61.7636 61.7925 61.855
 61.8918 61.9413 61.9766 61.996  62.0152 62.0481 62.0711 62.1022 62.1533
 62.178  62.1971 62.2158 62.2332 62.2662 62.2982 62.3248 62.3454 62.3638
 62.3871 62.4146 62.4531 62.4782 62.4992 62.5155 62.5399 62.5607 62.5868
 62.6042 62.6348 62.6565 62.6731 62.6902 62.7127 62.7329 62.7534 62.7963
 62.8281 62.8548 62.8697 62.9023 62.9338 62.9574 62.9923 63.0206 63.0873
 63.1201 63.1673 63.2096 63.4277 63.48   63.6186 68.9788 69.6005

