13.0253 14.2669 14.2981 14.32   14.3776 14.5264 14.5938 14.6407 14.6692
 14.7195 14.7351 14.7606 14.7833 14.809  14.8325 14.8477 14.8774 14.9066
 14.9499 14.9716 14.9893 15.0076 15.0471 15.0659 15.0876 15.1076 15.1264
 15.1441 15.1642 15.199  15.2165 15.2431 15.2592 15.2764 15.2906 15.3135
 15.3311 15.348  15.3673 15.3909 15.4088 15.4274 15.4416 15.4548 15.4918
 15.521  15.5417 15.5596 15.5747 15.6034 15.6348 15.6497 15.6715 15.6848
 15.7157 15.7299 15.7509 15.7863 15.8339 15.8615 15.8868 15.9056 15.9324
 16.0037 16.0246 16.0675 16.1257 16.2289 16.2972 16.3305 16.3899 16.4604
 16.5277 16.7311
22.1288 22.4109 22.9054 23.0598 23.1021 23.1328 23.2131 23.3089 23.3816
 23.4045 23.4452 23.4686 23.5007 23.5419 23.5682 23.6177 23.639  23.6545
 23.6675 23.6853 23.7065 23.7378 23.7639 23.7837 23.8013 23.8131 23.8294
 23.845  23.8637 23.88   23.8965 23.9071 23.9213 23.9363 23.9519 23.9666
 23.9834 24.0017 24.0167 24.028  24.0385 24.0488 24.0616 24.0814 24.0997
 24.1147 24.1285 24.1407 24.1523 24.1624 24.1746 24.188  24.2002 24.2124
 24.2251 24.2389 24.2498 24.2638 24.2781 24.2903 24.302  24.3132 24.324
 24.3344 24.346  24.3574 24.368  24.3811 24.3916 24.4021 24.4142 24.4257
 24.4387 24.4513 24.4652 24.478  24.4913 24.5034 24.5162 24.5282 24.54
 24.5515 24.5636 24.5744 24.5889 24.6029 24.6155 24.6276 24.6402 24.6507
 24.6649 24.6783 24.6915 24.7032 24.7136 24.7249 24.7365 24.7524 24.7701
 24.7863 24.7999 24.8138 24.8269 24.8421 24.8565 24.8703 24.8889 24.9087
 24.9262 24.9383 24.9514 24.9728 25.0069 25.0323 25.0649 25.0878 25.1279
 25.1559 25.2028 25.2818 25.3836 25.4522 25.528  25.6442 25.8977 25.9866
 29.7351
32.2465 32.4983 32.5722 32.7069 32.8947 32.9405 32.9699 33.0484 33.0927
 33.1189 33.1399 33.1735 33.1917 33.2085 33.2294 33.2461 33.2699 33.2875
 33.2997 33.318  33.3379 33.3507 33.372  33.3937 33.4064 33.4189 33.4334
 33.4488 33.4602 33.4732 33.4853 33.4974 33.5149 33.5274 33.5405 33.5508
 33.5693 33.581  33.5952 33.6083 33.6185 33.6292 33.642  33.6557 33.667
 33.681  33.6917 33.7022 33.7136 33.7258 33.7391 33.751  33.7617 33.7731
 33.7845 33.7966 33.8078 33.8181 33.8313 33.8429 33.8537 33.863  33.8748
 33.8871 33.8979 33.9103 33.9212 33.9315 33.9432 33.9538 33.967  33.9781
 33.9905 34.0011 34.0125 34.024  34.0351 34.0456 34.0552 34.0662 34.0767
 34.0868 34.0982 34.108  34.1227 34.1336 34.1472 34.1572 34.1672 34.1769
 34.1873 34.198  34.2081 34.2179 34.2285 34.2404 34.2534 34.2659 34.2778
 34.2974 34.3133 34.3268 34.3463 34.3622 34.3806 34.3962 34.409  34.4209
 34.4417 34.4616 34.4781 34.4956 34.5125 34.5325 34.5523 34.5694 34.5908
 34.6248 34.6539 34.6713 34.6977 34.7169 34.7347 34.7572 34.7877 34.8453
 34.8732 34.9103 34.9357 35.0489 35.1237 35.1473 35.3183 39.0925
41.4139 41.5399 41.7442 41.8467 41.9212 42.0206 42.0592 42.1468 42.2047
 42.2569 42.3026 42.3193 42.3421 42.3633 42.3867 42.4024 42.4161 42.4345
 42.4551 42.47   42.4859 42.5069 42.5315 42.5502 42.5658 42.5798 42.5933
 42.608  42.6212 42.6335 42.6519 42.664  42.6799 42.6907 42.7056 42.7154
 42.7284 42.7389 42.7491 42.7612 42.7727 42.7845 42.7962 42.8109 42.8226
 42.8319 42.8426 42.8519 42.8629 42.8734 42.8835 42.894  42.9072 42.9189
 42.929  42.9386 42.9474 42.9553 42.966  42.9773 42.9866 42.9955 43.005
 43.0149 43.0245 43.0333 43.0433 43.0532 43.0639 43.0737 43.0848 43.0939
 43.1024 43.1112 43.1206 43.1291 43.1377 43.1474 43.1559 43.164  43.1732
 43.1825 43.1913 43.2008 43.2115 43.2198 43.2292 43.2378 43.2467 43.2552
 43.2641 43.274  43.2835 43.2922 43.301  43.3096 43.3186 43.3273 43.3357
 43.3453 43.355  43.3645 43.374  43.3828 43.3919 43.402  43.4102 43.4195
 43.4283 43.4373 43.447  43.456  43.465  43.4743 43.4831 43.4935 43.5024
 43.512  43.5222 43.5326 43.5418 43.5496 43.5584 43.5675 43.5761 43.585
 43.5945 43.6041 43.6135 43.6239 43.6334 43.6417 43.6517 43.6615 43.6706
 43.6798 43.6909 43.7013 43.7115 43.7213 43.732  43.7432 43.7532 43.7643
 43.7754 43.7862 43.7985 43.81   43.8204 43.8359 43.8484 43.8634 43.8772
 43.8913 43.9063 43.921  43.9393 43.9555 43.9718 43.9873 44.0034 44.0185
 44.0329 44.0526 44.0681 44.0952 44.1151 44.1353 44.1618 44.1862 44.2105
 44.2381 44.2613 44.3078 44.3612 44.3987 44.5577 44.5918 44.6423 44.6609
 44.692  44.7874 44.8152 44.8696 44.9264 44.9761
50.8088 50.9715 51.2278 51.5423 51.6274 51.8696 51.9069 51.9487 51.9908
 52.0127 52.0641 52.079  52.097  52.161  52.1928 52.2195 52.2323 52.2546
 52.2722 52.2886 52.3039 52.3184 52.3411 52.3712 52.3972 52.4107 52.4288
 52.4558 52.4759 52.4905 52.5066 52.5288 52.5416 52.5579 52.5678 52.5854
 52.5956 52.6074 52.6195 52.6295 52.6396 52.6536 52.6662 52.6785 52.6956
 52.7111 52.7256 52.7397 52.7548 52.7665 52.7809 52.7949 52.8114 52.8253
 52.8408 52.8539 52.8731 52.8873 52.911  52.9264 52.9427 52.9587 52.975
 52.9953 53.0078 53.0208 53.0337 53.0481 53.0621 53.0855 53.107  53.1222
 53.1391 53.1603 53.1818 53.2027 53.2362 53.262  53.2868 53.3021 53.3525
 53.3764 53.3907 53.4154 53.4363 53.4558 53.5094 53.5275 53.5559 53.6086
 53.9262 53.9669 59.4269
60.1894 60.3256 60.3608 60.5003 60.5305 60.596  60.6244 60.6805 60.7523
 60.7909 60.8312 60.8536 60.8798 60.9035 60.9215 60.9614 60.9867 61.0088
 61.043  61.0617 61.0815 61.0939 61.1123 61.1528 61.1703 61.1852 61.2013
 61.2206 61.234  61.251  61.2632 61.2782 61.2909 61.303  61.3149 61.3264
 61.338  61.3497 61.3648 61.3778 61.3899 61.4035 61.4164 61.4291 61.4407
 61.456  61.4703 61.481  61.4942 61.5045 61.5181 61.5289 61.5423 61.5531
 61.5661 61.5774 61.589  61.599  61.6107 61.6209 61.6324 61.643  61.6545
 61.6681 61.682  61.6937 61.7064 61.7178 61.73   61.7424 61.7522 61.7637
 61.7758 61.7866 61.7966 61.8093 61.8198 61.8341 61.8446 61.8554 61.8705
 61.8812 61.8907 61.9074 61.9222 61.9394 61.9547 61.9666 61.9798 61.993
 62.0036 62.0177 62.0335 62.0441 62.058  62.0711 62.0887 62.1045 62.1181
 62.1342 62.1479 62.1611 62.1795 62.1989 62.2118 62.2281 62.2397 62.2525
 62.2727 62.2888 62.3077 62.3236 62.3512 62.3677 62.3892 62.4124 62.4377
 62.4628 62.5121 62.556  62.6693 62.7029 62.7579 62.8317 62.9434 63.0438
 63.3083 69.7054

