14.3298 14.6633 14.8479
22.6917 22.9183 23.1445 23.2146 23.4105 23.5358 23.8452 23.9479 23.9689
 24.0729 24.3891
31.6299 31.9206 32.8409 33.0805 33.1138 33.1433 33.1959 33.2305 33.2601
 33.4442 33.4815 33.5631 33.6781 33.7571 33.8782 39.7926
41.4522 41.5162 41.7323 41.7857 42.4141 42.441  42.4669 42.5316 42.5798
 42.5993 42.7148 42.7886 42.8076 42.8241 42.8404 42.8619 42.9082 42.922
 42.9759 43.0067 43.0344 43.1749 43.2419 48.3258
51.4841 51.6047 51.6424 51.7889 51.8138 52.0143 52.0963 52.4529 59.689
 59.8548
60.2398 60.6365 60.6758 60.7534 60.908  60.9938 61.0241 61.113  61.1514
 61.172  61.22   61.3404 61.3748 61.435  69.8434

