13.5819 13.6095 13.8882 14.2416 14.2807 14.4109 14.4658 14.5375 14.5816
 14.6355 14.7097 14.7512 14.8117 14.8467 14.8743 14.9457 14.9744 14.9904
 15.0069 15.0357 15.0807 15.0977 15.1227 15.1436 15.1702 15.1883 15.2091
 15.2275 15.2501 15.2731 15.2949 15.3138 15.3313 15.3464 15.3675 15.3906
 15.4123 15.4316 15.4704 15.5097 15.5368 15.5529 15.5716 15.5893 15.6151
 15.6424 15.6557 15.6746 15.6904 15.7035 15.7221 15.736  15.7527 15.7729
 15.7967 15.8252 15.8427 15.8655 15.8977 15.9154 15.9305 15.9519 15.9855
 16.0047 16.0245 16.0514 16.0715 16.1034 16.1305 16.1644 16.1833 16.2437
 16.3388 16.3621 16.3906 16.5035 16.59   16.6105
21.1611 22.4129 22.7411 22.8055 22.9153 23.0525 23.1329 23.2927 23.3163
 23.3373 23.3814 23.4426 23.4621 23.493  23.5204 23.5499 23.5668 23.5922
 23.6185 23.6424 23.6628 23.6845 23.6978 23.7126 23.7291 23.7452 23.775
 23.7929 23.8094 23.8313 23.8506 23.8656 23.8779 23.8921 23.9159 23.936
 23.9538 23.9688 23.9867 24.0052 24.0165 24.0312 24.0493 24.0663 24.0793
 24.0922 24.1038 24.1155 24.1345 24.145  24.164  24.1803 24.1969 24.2161
 24.2285 24.2423 24.2541 24.2706 24.2811 24.2937 24.3047 24.315  24.3263
 24.3375 24.3484 24.3631 24.3764 24.3905 24.4174 24.4325 24.444  24.4592
 24.4699 24.4832 24.4947 24.5069 24.52   24.53   24.5415 24.5563 24.5712
 24.5863 24.5978 24.6101 24.6211 24.6349 24.6479 24.6597 24.6732 24.6875
 24.7002 24.7151 24.7285 24.7417 24.7517 24.7623 24.7736 24.7865 24.8001
 24.812  24.8292 24.8431 24.8554 24.8677 24.881  24.899  24.9142 24.928
 24.9431 24.9564 24.9696 24.9818 24.9955 25.0077 25.0205 25.033  25.0459
 25.0617 25.0753 25.0876 25.1026 25.1163 25.13   25.147  25.1604 25.1773
 25.1925 25.2124 25.2281 25.2454 25.2645 25.2813 25.2984 25.3217 25.3452
 25.3617 25.3756 25.3931 25.4102 25.4337 25.4693 25.4986 25.5207 25.5379
 25.5702 25.6081 25.683  25.7069 25.7603 25.8178 25.8658 25.8893
30.9711 31.9792 32.5341 32.5961 32.6317 32.682  32.7125 32.7802 32.7969
 32.8153 32.8685 32.8846 32.9376 32.9546 32.9862 33.0174 33.0567 33.1002
 33.1252 33.1374 33.1587 33.1941 33.2119 33.2348 33.2551 33.2753 33.289
 33.3018 33.3183 33.3349 33.3571 33.372  33.392  33.4066 33.4181 33.4304
 33.4433 33.4596 33.48   33.4938 33.5121 33.5269 33.5526 33.5704 33.5863
 33.6034 33.6195 33.63   33.6428 33.6552 33.6655 33.677  33.6904 33.7012
 33.7117 33.7252 33.7375 33.7511 33.7643 33.7758 33.7906 33.8045 33.8173
 33.8295 33.8412 33.8525 33.8653 33.8761 33.8849 33.894  33.9065 33.9204
 33.9324 33.9434 33.9525 33.9635 33.9755 33.988  34.0012 34.0113 34.0213
 34.0316 34.045  34.0565 34.0685 34.079  34.0931 34.1075 34.1191 34.1324
 34.1436 34.1542 34.1647 34.1751 34.1851 34.1961 34.2063 34.2178 34.2293
 34.2411 34.2523 34.2626 34.2773 34.2889 34.3016 34.3139 34.3249 34.3379
 34.3496 34.362  34.3721 34.383  34.3945 34.4046 34.4172 34.4289 34.4406
 34.4507 34.4618 34.4716 34.4813 34.4925 34.5043 34.5188 34.534  34.5461
 34.5601 34.5747 34.5891 34.6013 34.6159 34.6303 34.6427 34.654  34.6674
 34.6824 34.6999 34.7157 34.7422 34.7529 34.7734 34.7892 34.8074 34.8245
 34.8361 34.849  34.8638 34.8847 34.9004 34.9179 34.9393 34.9568 34.9759
 35.0034 35.0234 35.0496 35.1134 35.1382 35.1638 35.1868 35.2581 35.2823
 35.3544 35.4395 39.9657
41.2133 41.3828 41.6449 41.6785 41.7847 41.8461 41.9827 42.0426 42.1059
 42.1409 42.1821 42.2346 42.2591 42.2836 42.3053 42.3257 42.3596 42.3787
 42.3993 42.4212 42.4372 42.4553 42.4699 42.4981 42.5246 42.5492 42.5669
 42.5805 42.593  42.6088 42.6221 42.6336 42.6497 42.6663 42.6791 42.6907
 42.7057 42.7171 42.7277 42.7392 42.7507 42.7624 42.7823 42.7953 42.8129
 42.8256 42.8364 42.8479 42.8591 42.8709 42.8807 42.8969 42.9127 42.922
 42.9326 42.9448 42.9564 42.9659 42.9757 42.9875 42.9972 43.0105 43.0219
 43.032  43.0425 43.0534 43.0659 43.0786 43.0887 43.0987 43.1084 43.1176
 43.1263 43.1362 43.1452 43.156  43.1666 43.1785 43.1925 43.2033 43.2152
 43.2257 43.2374 43.2497 43.2595 43.2714 43.2832 43.2922 43.3029 43.3124
 43.3233 43.3339 43.3435 43.3531 43.362  43.3699 43.3784 43.3894 43.3988
 43.4078 43.4181 43.4275 43.4361 43.4451 43.4553 43.4654 43.4742 43.4836
 43.4932 43.5016 43.5133 43.5231 43.5341 43.5438 43.5525 43.5624 43.5706
 43.5801 43.5886 43.5968 43.6048 43.6138 43.6228 43.6346 43.6438 43.6535
 43.6642 43.6739 43.6854 43.6955 43.7055 43.7153 43.7245 43.7341 43.7442
 43.7533 43.7623 43.7719 43.7814 43.7897 43.798  43.8075 43.8164 43.8261
 43.8375 43.8495 43.8626 43.8735 43.8838 43.8933 43.9045 43.9143 43.9236
 43.9334 43.9429 43.9527 43.9616 43.9717 43.9809 43.9912 44.0011 44.012
 44.0242 44.0357 44.0461 44.0557 44.0656 44.0746 44.0853 44.0953 44.1065
 44.1171 44.1304 44.1403 44.1525 44.1635 44.175  44.1854 44.1965 44.2061
 44.2186 44.2308 44.245  44.2574 44.2705 44.2829 44.3003 44.3136 44.3308
 44.3453 44.3574 44.3712 44.3876 44.4048 44.4181 44.44   44.4557 44.4723
 44.494  44.5123 44.5407 44.5733 44.5938 44.6147 44.6305 44.6546 44.6692
 44.6953 44.7194 44.7424 44.7679 44.7933 44.821  44.8727 47.3665
50.7334 50.7857 50.8997 50.9316 51.0128 51.3193 51.4385 51.5478 51.5689
 51.6055 51.6367 51.7351 51.7888 51.8103 51.8527 51.8801 51.9274 51.9569
 52.0133 52.0366 52.0662 52.1188 52.1435 52.1651 52.1802 52.2009 52.2375
 52.2647 52.279  52.3164 52.35   52.3668 52.3823 52.3959 52.4245 52.4491
 52.4666 52.4833 52.5004 52.5206 52.5406 52.5586 52.5917 52.6094 52.6251
 52.6408 52.6544 52.6721 52.6867 52.7057 52.7218 52.7363 52.7524 52.7669
 52.7966 52.8119 52.8295 52.8431 52.8587 52.8722 52.8864 52.9058 52.9213
 52.9387 52.9503 52.9642 52.9778 52.9892 53.0008 53.0147 53.0334 53.056
 53.077  53.0976 53.1094 53.1282 53.1415 53.1552 53.1745 53.1863 53.2003
 53.2137 53.232  53.2483 53.2631 53.2756 53.2904 53.3035 53.3263 53.339
 53.3533 53.3708 53.3849 53.4022 53.417  53.4315 53.4426 53.4583 53.473
 53.4864 53.5018 53.5205 53.5364 53.5614 53.5811 53.6027 53.6259 53.6405
 53.6561 53.6715 53.6948 53.7129 53.7687 53.7831 53.8095 53.8567 53.9243
 53.9692 54.008  54.0842 54.1819
60.2077 60.2724 60.3203 60.4898 60.539  60.5601 60.5768 60.5969 60.6305
 60.6865 60.7515 60.774  60.8033 60.8463 60.875  60.8924 60.918  60.9459
 60.9676 60.9914 61.0176 61.0342 61.0508 61.0717 61.0909 61.1103 61.1305
 61.1459 61.164  61.1843 61.2007 61.2242 61.2434 61.254  61.2681 61.2803
 61.2977 61.3115 61.3401 61.3586 61.3755 61.3942 61.4061 61.4226 61.4459
 61.4601 61.4735 61.4896 61.5023 61.5133 61.5259 61.5374 61.5532 61.5672
 61.5803 61.5952 61.6122 61.6264 61.6433 61.6561 61.6696 61.6808 61.6946
 61.7081 61.7208 61.7336 61.745  61.7584 61.777  61.7884 61.8    61.8118
 61.8225 61.8359 61.847  61.8581 61.8703 61.8829 61.8961 61.9085 61.9228
 61.9355 61.9472 61.9592 61.9721 61.9862 61.9999 62.0113 62.024  62.0383
 62.0499 62.0592 62.0714 62.0819 62.0919 62.1043 62.116  62.1288 62.1448
 62.157  62.1701 62.1815 62.1932 62.2049 62.2168 62.23   62.2431 62.2584
 62.2691 62.2816 62.2982 62.3099 62.3205 62.3337 62.3451 62.3648 62.3817
 62.3952 62.406  62.4194 62.4314 62.4456 62.4636 62.4767 62.4888 62.5081
 62.5199 62.5326 62.5451 62.5599 62.5749 62.5944 62.6178 62.631  62.6445
 62.6608 62.675  62.6942 62.7155 62.737  62.7723 62.8075 62.8279 62.8548
 62.8765 62.8968 62.931  62.9605 62.978  63.0279 63.0933 63.1296 63.1978
 63.4598 69.7879 69.9014

