14.2418 14.6377 14.7866 15.1462 15.2071 15.3168 15.3416 15.3607
21.6909 23.1549 23.2412 23.3246 23.3748 23.4663 23.485  23.6295 23.6499
 23.6838 23.7738 23.8268 23.8507 23.8819 23.9103 23.9321 23.9521 23.9877
 24.047  24.0728 24.1224 24.1562 24.1957 24.2427 24.3266 24.3976 24.4253
 24.4463 24.4628 24.6136 24.6668 24.8089
31.185  31.7138 32.4003 32.4346 32.9997 33.2106 33.2267 33.4046 33.4527
 33.4725 33.4882 33.5166 33.5336 33.5582 33.5736 33.5889 33.6043 33.6192
 33.6503 33.6655 33.6847 33.7231 33.7574 33.7844 33.8436 33.8704 33.8884
 33.9053 33.9472 33.9804 34.0048 34.1189 34.1452 39.7828
40.0906 41.1795 41.4037 41.6848 41.8909 41.9975 42.1308 42.2803 42.3098
 42.4029 42.4289 42.4559 42.4904 42.5104 42.5278 42.5764 42.5936 42.6216
 42.6595 42.6774 42.6983 42.7243 42.7886 42.8056 42.8211 42.8624 42.9003
 42.9158 42.9285 42.9452 42.9794 43.0159 43.0277 43.0537 43.0824 43.1135
 43.1274 43.1419 43.1588 43.1743 43.2074 43.2263 43.2603 43.2874 43.3091
 43.3364 43.3873 43.5493 43.6588
51.4174 51.7301 51.9085 52.1665 52.3142 52.3682 52.4494 52.4852 52.5696
 52.6017 52.7582 52.7947 52.8176
60.8338 61.1123 61.1475 61.2746 61.3162 61.3536 61.3851 61.4054 61.4308
 61.4667 61.5112 61.5914 61.6079 61.655  61.785  61.8036 61.8506 61.9477
 61.9932 69.6103

