13.0696 14.2516 14.3202 14.4199 14.4888 14.5164 14.5418 14.5769 14.6082
 14.6356 14.667  14.7058 14.7259 14.7809 14.8287 14.8669 14.8935 14.9318
 14.9543 14.9743 14.9906 15.0174 15.0348 15.0486 15.0787 15.0994 15.1385
 15.1584 15.1771 15.1993 15.2216 15.2586 15.2788 15.2987 15.3164 15.3311
 15.3476 15.37   15.4054 15.4494 15.4682 15.5016 15.5208 15.5476 15.5851
 15.6187 15.6373 15.6547 15.67   15.689  15.7092 15.7309 15.7512 15.7714
 15.7974 15.8171 15.8397 15.8609 15.8842 15.8991 15.9245 15.9722 16.0081
 16.0378 16.0587 16.0911 16.1145 16.1477 16.1741 16.198  16.2308 16.2649
 16.2838 16.3206 16.3537 16.4448 16.5039 16.6029
21.6411 22.4622 22.9716 23.0118 23.2998 23.3756 23.4103 23.4727 23.5205
 23.5433 23.5796 23.6029 23.6243 23.6453 23.6703 23.6861 23.7011 23.7425
 23.775  23.7889 23.8051 23.8262 23.8437 23.8595 23.8819 23.8988 23.9161
 23.9292 23.9528 23.9639 23.9743 23.9869 24.0001 24.0124 24.0331 24.0562
 24.0688 24.0843 24.1004 24.1225 24.1368 24.1483 24.1638 24.1814 24.1987
 24.2124 24.2285 24.2434 24.261  24.2764 24.2941 24.3102 24.3244 24.3401
 24.3515 24.3669 24.3807 24.3981 24.4132 24.4296 24.4408 24.4534 24.4716
 24.4907 24.5028 24.5153 24.527  24.5372 24.5478 24.559  24.5687 24.5818
 24.5981 24.6113 24.6271 24.6387 24.6511 24.6626 24.6741 24.6864 24.6987
 24.7136 24.7291 24.7407 24.7528 24.765  24.7768 24.7898 24.8031 24.8188
 24.831  24.8442 24.8558 24.8711 24.8836 24.8983 24.9126 24.9284 24.9421
 24.9567 24.9685 24.979  24.9896 25.0052 25.0187 25.0297 25.0423 25.054
 25.0677 25.0846 25.0997 25.1128 25.1273 25.1406 25.1513 25.167  25.1792
 25.1909 25.2043 25.2248 25.2378 25.2504 25.2685 25.2819 25.2972 25.312
 25.3345 25.3526 25.3748 25.4003 25.4155 25.4313 25.4519 25.4746 25.4922
 25.5081 25.5361 25.5586 25.5901 25.6076 25.6413 25.7148 25.7406 25.7934
 25.8437 25.9338 26.1619
31.6137 32.0631 32.2923 32.4911 32.585  32.6269 32.6973 32.8048 32.9062
 32.9379 32.9556 32.9831 33.0094 33.0653 33.0831 33.1201 33.1494 33.1916
 33.2236 33.2443 33.2722 33.3069 33.327  33.3419 33.3614 33.3782 33.3921
 33.4044 33.4214 33.4369 33.4592 33.4724 33.4919 33.5062 33.5189 33.5381
 33.5585 33.5755 33.5931 33.6177 33.6327 33.6471 33.662  33.6743 33.6898
 33.7022 33.7156 33.7248 33.7382 33.7517 33.7624 33.774  33.7867 33.8041
 33.8208 33.8336 33.8455 33.8573 33.8695 33.8802 33.8888 33.9034 33.9173
 33.9302 33.9427 33.9591 33.9789 33.9914 34.0039 34.0186 34.0299 34.0461
 34.0578 34.0701 34.0821 34.0942 34.1049 34.121  34.1352 34.1476 34.1595
 34.1722 34.1829 34.1936 34.2057 34.2182 34.2279 34.2396 34.2524 34.2632
 34.2769 34.2885 34.3011 34.3113 34.3232 34.3361 34.3475 34.3597 34.3712
 34.382  34.3951 34.4078 34.4204 34.4336 34.4485 34.4623 34.4775 34.4896
 34.5016 34.5152 34.5288 34.5404 34.5523 34.5656 34.5781 34.5906 34.6038
 34.6181 34.6312 34.647  34.6623 34.6738 34.6853 34.6976 34.7114 34.7269
 34.7415 34.7552 34.7715 34.7889 34.8032 34.8196 34.8343 34.8574 34.8812
 34.8994 34.9178 34.9305 34.9458 34.968  34.9904 35.0116 35.0275 35.0478
 35.0708 35.0852 35.1072 35.1317 35.1649 35.2039 35.2603 35.3082 35.3376
 35.4039 35.4388 35.4854 35.6683
41.8039 41.8935 41.9598 42.0494 42.1399 42.1656 42.2038 42.2278 42.277
 42.3148 42.3706 42.3887 42.4062 42.4272 42.4484 42.4806 42.5089 42.5293
 42.5527 42.5706 42.5902 42.607  42.6183 42.632  42.643  42.6548 42.6689
 42.685  42.7008 42.7165 42.7288 42.7426 42.7563 42.7694 42.7835 42.7951
 42.8068 42.8196 42.8315 42.8417 42.8532 42.8642 42.8734 42.8856 42.8968
 42.9074 42.9163 42.927  42.9372 42.9471 42.9584 42.9693 42.981  42.9949
 43.012  43.0231 43.0337 43.0456 43.0593 43.0716 43.0832 43.0929 43.1026
 43.1119 43.1221 43.1311 43.1409 43.1526 43.1652 43.1753 43.1857 43.1984
 43.2083 43.219  43.2299 43.2407 43.2494 43.2608 43.2735 43.2839 43.2938
 43.3035 43.3133 43.323  43.3333 43.3445 43.3558 43.3674 43.3779 43.3859
 43.3945 43.4032 43.4115 43.4201 43.4299 43.4394 43.45   43.4595 43.4689
 43.4801 43.4901 43.501  43.5101 43.5199 43.5294 43.5383 43.548  43.5569
 43.5654 43.5742 43.5841 43.5932 43.6034 43.6125 43.6231 43.6314 43.6398
 43.648  43.657  43.6659 43.6756 43.685  43.6932 43.7032 43.7118 43.7213
 43.7329 43.7421 43.7529 43.7643 43.7751 43.785  43.7955 43.8049 43.8157
 43.8253 43.8343 43.843  43.8528 43.8609 43.8701 43.8792 43.8889 43.8984
 43.9085 43.9204 43.9297 43.94   43.9506 43.9608 43.9714 43.9814 43.9924
 44.0021 44.0132 44.0237 44.0328 44.042  44.0513 44.0611 44.0699 44.0801
 44.091  44.1029 44.1148 44.1283 44.1381 44.1506 44.1626 44.1739 44.1839
 44.194  44.2036 44.2155 44.2257 44.2357 44.2455 44.256  44.2684 44.2823
 44.2942 44.3062 44.3172 44.3277 44.3404 44.3582 44.3737 44.3853 44.3969
 44.4116 44.4248 44.4384 44.4527 44.4666 44.4812 44.4969 44.513  44.5264
 44.5404 44.5572 44.5723 44.591  44.6135 44.635  44.6546 44.6784 44.6967
 44.7318 44.7493 44.7779 44.811  44.8415 44.8649 44.9042 44.9556 45.1558
51.4529 51.4833 51.5389 51.587  51.6452 51.6935 51.9165 51.9428 51.9927
 52.0186 52.0764 52.1044 52.1466 52.1724 52.2012 52.2331 52.25   52.2736
 52.2963 52.3255 52.3627 52.3766 52.4165 52.4384 52.4546 52.4733 52.4902
 52.5028 52.5223 52.5548 52.5718 52.5903 52.6046 52.6164 52.6307 52.6501
 52.6704 52.6841 52.703  52.7211 52.7367 52.7533 52.7745 52.7897 52.8047
 52.8194 52.8348 52.8479 52.8588 52.8778 52.891  52.9063 52.9215 52.9419
 52.9574 52.9751 52.9928 53.0071 53.0243 53.0425 53.0592 53.0785 53.0922
 53.1152 53.1348 53.1525 53.1666 53.1865 53.2032 53.2197 53.2356 53.2553
 53.2736 53.2956 53.3115 53.3265 53.3394 53.3631 53.3889 53.4086 53.4235
 53.4409 53.4524 53.4656 53.4787 53.4997 53.5164 53.5317 53.5528 53.5723
 53.5883 53.6095 53.6275 53.6556 53.6775 53.6998 53.7287 53.7542 53.7935
 53.8099 53.8313 53.8474 53.8797 53.9145 53.967  54.0039 54.0876 54.1733
 54.2108 54.3793 54.7258 54.9017 59.4333
60.2686 60.4735 60.6165 60.6733 60.7007 60.7173 60.75   60.7778 60.8008
 60.8255 60.8553 60.8767 60.8966 60.9229 60.949  60.9868 61.0177 61.0364
 61.0515 61.0748 61.0923 61.1184 61.1428 61.1671 61.1841 61.2004 61.217
 61.2383 61.264  61.2864 61.3052 61.3182 61.3323 61.3505 61.3653 61.3783
 61.3948 61.4107 61.4267 61.4408 61.4556 61.4714 61.486  61.4998 61.518
 61.5337 61.5484 61.5861 61.5976 61.6103 61.6249 61.6397 61.6527 61.6673
 61.6875 61.7021 61.7151 61.7236 61.7366 61.7486 61.7587 61.7751 61.7882
 61.8027 61.8183 61.8368 61.8488 61.8614 61.8752 61.8866 61.8986 61.9144
 61.925  61.9427 61.9557 61.972  61.9832 61.993  62.0062 62.0176 62.0302
 62.0399 62.0504 62.0623 62.0743 62.0858 62.0981 62.1096 62.122  62.1339
 62.1456 62.1565 62.1709 62.1829 62.1956 62.2078 62.2245 62.2372 62.2504
 62.2646 62.2797 62.2915 62.3054 62.3219 62.3345 62.3466 62.3574 62.3701
 62.382  62.3956 62.4085 62.424  62.4367 62.4496 62.4616 62.475  62.4917
 62.5074 62.5229 62.5365 62.5512 62.5655 62.5788 62.5914 62.6097 62.6319
 62.6487 62.6656 62.6783 62.6906 62.7049 62.7157 62.7324 62.7485 62.7681
 62.8006 62.8227 62.841  62.8626 62.9023 62.9513 62.9927 63.0289 63.0521
 63.1087 63.1364 63.1713 63.2075 63.2646 63.3363 63.6146 69.7335 69.9407
 69.969

