10.9425 12.7029 13.7129 13.8529 13.9194 13.9686 14.093  14.2234 14.3458
 14.5304 14.5525 14.6357 14.6928
21.6608 22.1737 23.2708 23.3822 23.4359 23.5559 23.6181 23.6342 23.8159
 23.8873 23.9893 24.0391 24.1613
31.7929 32.6185 32.6473 32.7714 32.7929 32.8189 32.862  32.9216 33.1135
 33.2744
41.8133 42.0568 42.1656 42.2525 42.3049 42.4329 42.5288 42.5445 42.5622
 42.7659 42.7813 42.8677
52.1351 52.1566 52.2549 52.348  52.4818 52.7583
60.8077 61.1249 61.1609 61.2254 61.2851 61.3074 61.4474 69.2254 69.9966

