12.8639 13.9302 14.0421 14.26   14.2911 14.4247 14.7705 14.9697
22.6398 22.8235 22.8677 23.2926 23.3325 23.4396 23.5031 23.5512 23.7621
 23.9008 23.9866 24.0087 24.2018
31.2111 31.3854 32.4018 32.844  32.8835 32.9689 33.0095 33.1233 33.2536
 33.3175 33.4467 33.5775 33.6141 33.7709 38.0635 39.9842
40.7403 41.8328 42.0339 42.1376 42.4182 42.5443 42.6215 42.6942 42.7666
 42.8017 42.9431 42.992
50.2138 51.2129 51.3384 51.5338 51.702  51.8444 52.0279 52.2865 52.3497
 52.4618
60.1749 60.3689 60.6168 60.8749 61.0567 69.3036 69.4147 69.6556 69.6933
 69.7856 69.8969 69.9384

