11.0298 12.3939 13.6776 13.7318 13.7501 13.9227 13.9872 14.014  14.0646
 14.0899 14.1172 14.1533 14.1874 14.2498 14.2734 14.3006 14.3615 14.4656
22.1944 23.0016 23.0688 23.1847 23.3486 23.3979 23.4438 23.491
31.2623 31.3342 31.5177 32.3978 32.4974 32.7407 32.766  32.7991 32.9221
 33.1166
40.9114 41.2264 41.2549 41.3758 41.4814 41.5037 41.6784 41.7263 41.7506
 41.8029 41.9546 41.9977 42.0723 42.1105 42.1805 42.2087 42.2899 42.3254
 42.3497 42.3684 42.4142 42.4422 42.4777 48.7056
51.2659 51.398  51.4529 51.568  51.6658 51.7667 52.0306 52.0494 52.1974
 52.2377 58.8849 59.2292 59.797
60.2941 60.3619 60.3834 60.5519 60.6006 69.2409 69.4236 69.6609

