10.9413 13.1335 13.4867 13.5423 13.6918 13.7499 13.7819 13.8368 13.8945
 13.9516 14.0003 14.0208 14.0556 14.0986 14.128  14.1575 14.1775 14.2085
 14.2255 14.2407 14.2629 14.2943 14.3188 14.3475 14.361  14.3849 14.4005
 14.4196 14.4319 14.45   14.4667 14.4839 14.4986 14.5119 14.5286 14.5484
 14.5634 14.5782 14.6017 14.6273 14.6404 14.6584 14.6733 14.6857 14.6978
 14.7101 14.7255 14.7387 14.7528 14.765  14.7787 14.7914 14.8128 14.8237
 14.8374 14.8509 14.8717 14.8869 14.9069 14.9182 14.9307 14.9429 14.9572
 14.9707 14.9883 15.0015 15.0204 15.0349 15.0497 15.0662 15.0806 15.0953
 15.1085 15.1234 15.1382 15.1483 15.1634 15.1744 15.1869 15.1997 15.2173
 15.2311 15.2432 15.2554 15.2671 15.2836 15.2993 15.3154 15.3338 15.3505
 15.367  15.3849 15.4098 15.434  15.4481 15.466  15.4823 15.4965 15.5124
 15.5256 15.5406 15.5562 15.5705 15.5865 15.604  15.6181 15.6366 15.6537
 15.6684 15.6823 15.7012 15.7238 15.7672 15.7924 15.829  15.8622 15.888
 15.9184 15.9415 15.9835 16.0376 16.0995 16.1464 16.2457 16.2676 16.3268
 16.5281 18.3735
20.4254 21.5877 22.4298 22.607  22.8886 23.1458 23.1917 23.2408 23.3777
 23.4213 23.4651 23.4831 23.5011 23.5321 23.5794 23.597  23.6151 23.6323
 23.6535 23.6763 23.7228 23.7524 23.7693 23.7917 23.8169 23.8468 23.8635
 23.8845 23.9043 23.9357 23.9492 23.9947 24.0201 24.0413 24.055  24.0706
 24.0909 24.1085 24.1281 24.1482 24.1677 24.1812 24.1989 24.2134 24.235
 24.2498 24.2647 24.2781 24.2943 24.3072 24.3181 24.333  24.3443 24.3592
 24.3787 24.3949 24.4092 24.4373 24.4592 24.4858 24.5216 24.55   24.5647
 24.5845 24.6023 24.6258 24.6528 24.6715 24.6938 24.7286 24.7439 24.7638
 24.7897 24.8156 24.8526 24.8821 24.8995 24.9359 24.9591 24.9806 25.0348
 25.0546 25.0852 25.1285 25.1614 25.1944 25.3005 25.3256 25.4022 25.5247
 25.6616 25.8695 27.8525
30.8573 32.3571 32.4602 32.5355 32.6026 32.6362 32.6811 32.7209 32.7439
 32.7667 32.8113 32.873  32.8966 32.9282 32.9459 32.9663 32.9829 33.0091
 33.0346 33.0515 33.0713 33.0895 33.1068 33.1281 33.1505 33.169  33.1865
 33.2096 33.2329 33.246  33.271  33.2979 33.3137 33.3388 33.3546 33.3702
 33.4106 33.4252 33.4431 33.4657 33.4804 33.4958 33.5066 33.5188 33.5329
 33.5453 33.5633 33.5821 33.5989 33.621  33.6358 33.654  33.6662 33.6795
 33.6937 33.7061 33.7248 33.7411 33.7535 33.7694 33.7883 33.8033 33.8167
 33.8273 33.8398 33.8523 33.8659 33.8796 33.8936 33.9071 33.9205 33.933
 33.9482 33.967  33.9926 34.0089 34.0239 34.0383 34.0597 34.0879 34.1074
 34.1249 34.1446 34.1637 34.1774 34.1907 34.2145 34.2352 34.2491 34.2742
 34.2962 34.3176 34.3332 34.3532 34.3686 34.3837 34.3986 34.4164 34.4306
 34.45   34.4937 34.514  34.5424 34.5923 34.6184 34.6407 34.6803 34.6999
 34.7168 34.7348 34.7694 34.8649 34.8884 35.0107 35.1917 35.2735
40.3578 41.7119 41.8231 42.0679 42.159  42.1786 42.2778 42.3152 42.3529
 42.3694 42.3803 42.3945 42.4134 42.4264 42.4459 42.4632 42.4847 42.5007
 42.5222 42.5339 42.5492 42.5664 42.5872 42.6016 42.6202 42.6335 42.6481
 42.6628 42.6762 42.6923 42.7115 42.7256 42.7407 42.7575 42.7682 42.7805
 42.8033 42.8174 42.8308 42.8429 42.8539 42.8666 42.8828 42.8965 42.9113
 42.9235 42.941  42.9547 42.9706 42.9822 42.9924 43.0026 43.0124 43.0225
 43.0342 43.0463 43.0564 43.0682 43.0843 43.0986 43.1118 43.1249 43.1441
 43.1569 43.1674 43.1794 43.1949 43.2126 43.2288 43.246  43.2566 43.2689
 43.2815 43.2993 43.3223 43.3398 43.3598 43.3735 43.3946 43.4087 43.4261
 43.447  43.4675 43.4866 43.5044 43.5198 43.5368 43.5541 43.5683 43.5872
 43.6095 43.6326 43.6492 43.6675 43.6847 43.7026 43.729  43.7513 43.7655
 43.7839 43.8025 43.8225 43.8391 43.8665 43.8911 43.9167 43.9327 43.9571
 43.9764 43.9944 44.0202 44.0412 44.0652 44.1118 44.1445 44.1929 44.3828
 44.4064 44.4368 44.4835 44.5959 44.6627 49.2287
51.2582 51.2981 51.4238 51.4721 51.5878 51.6188 51.6652 51.7408 51.7946
 51.8847 51.9076 51.9269 51.9455 51.9689 51.9864 52.0057 52.0206 52.0313
 52.0472 52.0667 52.0861 52.1036 52.1176 52.1335 52.1468 52.1682 52.1818
 52.2005 52.2166 52.2335 52.2526 52.2666 52.2829 52.2966 52.3106 52.3275
 52.3428 52.3579 52.3715 52.3861 52.396  52.4112 52.4224 52.4348 52.4535
 52.4648 52.4839 52.501  52.5183 52.5322 52.549  52.5598 52.5736 52.5894
 52.6071 52.621  52.6327 52.644  52.6572 52.6691 52.691  52.706  52.7191
 52.733  52.747  52.7644 52.7846 52.7983 52.813  52.8352 52.8495 52.8652
 52.8773 52.8984 52.9147 52.9333 52.9463 52.9596 52.9759 52.9925 53.0146
 53.0295 53.0459 53.0623 53.0767 53.0959 53.1086 53.1262 53.1506 53.1837
 53.2168 53.2323 53.2615 53.2871 53.3183 53.3404 53.3653 53.4098 53.465
 53.4865 53.513  53.6055 53.6263 53.6949 53.7356 53.8048 53.9015 54.0343
 54.3039 58.6568 59.6584 59.9829
60.2132 60.2616 60.2921 60.3344 60.3773 60.4206 60.4413 60.4622 60.4918
 60.5515 60.5926 60.6082 60.6271 60.6479 60.6634 60.6809 60.7109 60.7323
 60.75   60.7712 60.7837 60.7989 60.8116 60.8278 60.8489 60.8635 60.8793
 60.8938 60.9066 60.9244 60.9405 60.9682 60.9848 60.9976 61.0145 61.0272
 61.0454 61.0802 61.0995 61.111  61.1258 61.1466 61.1675 61.1836 61.1995
 61.2183 61.2344 61.2521 61.276  61.2932 61.3369 61.3587 61.3749 61.3939
 61.4111 61.4304 61.458  61.4816 61.4991 61.5186 61.5392 61.5558 61.5754
 61.5976 61.6227 61.6478 61.6975 61.7217 61.7448 61.7687 61.8042 61.8288
 61.9085 61.9859 62.0332 62.1094 62.2266 62.4689 62.5889 68.5363 68.7157
 68.7598 68.8817 69.0046 69.1057 69.2519 69.2802 69.3064 69.3697 69.3971
 69.4377 69.4719 69.5505 69.5725 69.6904 69.7202 69.7491 69.7923 69.8242
 69.8597 69.8869 69.9196 69.9362 69.9503 69.9649 69.9848 69.999

