13.944  14.0299 14.1638 14.2418 14.2737 14.3337 14.5031 14.5514 14.5981
 14.8304 14.9474
22.4969 22.5939 23.1107 23.1608 23.2821 23.3356 23.3937 23.4967 23.5452
 23.6416 23.7935
31.9344 32.1727 32.2858 32.812  32.8923 32.9177 33.0283 33.0744 33.0986
 33.1362 33.1867 33.3174 33.4062 33.4245
41.6618 42.2012 42.2459 42.2759 42.3019 42.3308 42.417  42.4767 42.6123
 42.6903 42.7817 42.8065 42.8437 43.0319 43.1199
50.6828 50.8703 51.1548 51.2503 51.3859 51.5578 51.6244 51.7804 51.8102
 51.8969 51.9207 59.5057 59.6699
60.2802 60.5277 60.6093 60.6956 60.7311 60.7739 60.8963 60.9203 61.0455
 61.0993 61.2862 61.437  69.5189 69.7947 69.9531

