13.0899 13.3938 13.4276 13.5959 13.6389 13.7239 13.866  13.9742 14.0312
 14.0556 14.1026 14.131  14.152  14.1734 14.1992 14.2216 14.2509 14.2872
 14.3099 14.338  14.3793 14.3932 14.4193 14.448  14.4701 14.5056 14.5258
 14.5454 14.5649 14.5798 14.595  14.617  14.6305 14.6489 14.6642 14.6775
 14.6898 14.701  14.7132 14.7254 14.7375 14.7498 14.7608 14.7748 14.789
 14.8053 14.82   14.8308 14.8465 14.858  14.8686 14.8845 14.8977 14.9139
 14.9266 14.9425 14.9523 14.9646 14.9775 14.9896 15.0017 15.0141 15.027
 15.0422 15.0537 15.0678 15.0829 15.0934 15.1043 15.1145 15.1244 15.1338
 15.1439 15.1592 15.1789 15.1934 15.2051 15.2144 15.2261 15.2412 15.263
 15.2752 15.2912 15.3067 15.3213 15.3348 15.3515 15.3664 15.3785 15.3944
 15.4056 15.4171 15.4325 15.4503 15.4666 15.4805 15.4934 15.5038 15.5263
 15.5547 15.568  15.5856 15.6061 15.6236 15.6403 15.6616 15.6798 15.696
 15.7247 15.7482 15.7758 15.7959 15.8164 15.8308 15.8492 15.8723 15.8938
 15.9185 15.9423 15.9895 16.0244 16.0485 16.0743 16.0988 16.1155 16.1365
 16.1703 16.236  16.2858 16.3129 16.4147 16.4756 17.4592
20.5335 22.0032 22.775  22.9839 23.0086 23.0296 23.0695 23.0886 23.1218
 23.141  23.1599 23.1864 23.2098 23.2319 23.2651 23.2862 23.3003 23.3218
 23.3446 23.3579 23.371  23.385  23.4028 23.4186 23.4382 23.4629 23.4796
 23.4918 23.5125 23.5275 23.5413 23.5535 23.5677 23.5824 23.5976 23.6117
 23.6241 23.6382 23.6489 23.6604 23.6717 23.6867 23.7032 23.7182 23.7283
 23.7397 23.7524 23.7654 23.7796 23.7911 23.8005 23.814  23.8237 23.8354
 23.8466 23.8616 23.8729 23.8848 23.8964 23.9054 23.917  23.927  23.9377
 23.948  23.9584 23.9691 23.9823 23.9953 24.0058 24.0192 24.0311 24.0458
 24.0578 24.0703 24.0807 24.094  24.1046 24.1151 24.125  24.1346 24.1444
 24.1551 24.1667 24.1774 24.1906 24.2015 24.2108 24.22   24.2303 24.2413
 24.2563 24.2696 24.2833 24.2961 24.3083 24.3208 24.3345 24.3461 24.3573
 24.3714 24.3846 24.4004 24.4151 24.4293 24.4406 24.4538 24.466  24.4863
 24.5054 24.5183 24.5322 24.5434 24.5588 24.5727 24.5896 24.604  24.6189
 24.6307 24.6442 24.6566 24.6765 24.6899 24.7046 24.7199 24.7336 24.7476
 24.761  24.776  24.7909 24.809  24.8281 24.8482 24.8628 24.8776 24.8923
 24.9081 24.9305 24.9498 24.9717 24.9903 25.0116 25.0301 25.0615 25.0806
 25.0964 25.1218 25.1398 25.1627 25.1787 25.1993 25.2159 25.2391 25.2613
 25.2863 25.3069 25.3527 25.3866 25.4745 25.5259 25.5983
31.4123 32.1164 32.3919 32.4866 32.531  32.6157 32.6474 32.6895 32.7348
 32.8229 32.8467 32.885  32.9207 32.9461 32.9605 32.9985 33.0316 33.0713
 33.0963 33.1216 33.1407 33.1562 33.1877 33.2197 33.2371 33.2659 33.2793
 33.2923 33.3085 33.3252 33.3395 33.3592 33.3738 33.3879 33.4012 33.4177
 33.4373 33.45   33.4611 33.4765 33.5017 33.5174 33.5317 33.5448 33.5612
 33.5782 33.5934 33.6065 33.6183 33.6312 33.6424 33.6553 33.6668 33.6788
 33.6956 33.708  33.721  33.7354 33.7532 33.7631 33.7777 33.7945 33.8097
 33.8227 33.8336 33.8455 33.855  33.8692 33.8875 33.9056 33.9207 33.9304
 33.9423 33.9579 33.9692 33.9842 33.9968 34.0083 34.0219 34.0354 34.0498
 34.0725 34.1023 34.1229 34.1354 34.1491 34.1685 34.1805 34.1989 34.2143
 34.2296 34.2445 34.2575 34.2791 34.2938 34.3073 34.3223 34.3385 34.3542
 34.3756 34.4043 34.4245 34.4412 34.4645 34.4828 34.4994 34.5207 34.5462
 34.5679 34.5902 34.6104 34.6273 34.6454 34.6614 34.685  34.7266 34.7552
 34.7872 34.8599 34.8826 34.9107 34.9816 35.1436 35.2691 38.9029
40.9807 41.2388 41.2677 41.4362 41.7858 41.8665 41.9155 41.9838 42.1009
 42.1398 42.1844 42.2506 42.324  42.3439 42.3681 42.4064 42.4262 42.4499
 42.4797 42.5008 42.5337 42.5698 42.5982 42.6433 42.6632 42.6844 42.7034
 42.7185 42.7301 42.7691 42.7852 42.808  42.8259 42.8426 42.8568 42.8738
 42.8872 42.9019 42.914  42.9313 42.9486 42.9644 42.978  42.991  43.004
 43.0159 43.0328 43.0499 43.0658 43.0772 43.0944 43.11   43.1259 43.138
 43.1526 43.1654 43.1775 43.1876 43.202  43.2178 43.231  43.245  43.2573
 43.2689 43.2795 43.2937 43.3082 43.32   43.3309 43.3446 43.3588 43.3735
 43.3861 43.4022 43.4222 43.4351 43.4501 43.4717 43.4873 43.5018 43.5205
 43.5319 43.5487 43.5599 43.5805 43.5937 43.6091 43.6245 43.6379 43.6625
 43.6753 43.6917 43.7167 43.7364 43.7526 43.7724 43.7951 43.8124 43.8301
 43.8492 43.8714 43.8984 43.9148 43.9314 43.953  43.9688 43.9884 44.0164
 44.1184 44.1476 44.1839 44.2169 44.2408 44.2694 44.3069 44.3374 44.3846
 44.4214 44.5078
50.952  51.0384 51.2086 51.2895 51.3288 51.3472 51.3838 51.4047 51.4236
 51.4557 51.4808 51.5246 51.5702 51.602  51.637  51.6679 51.6881 51.7349
 51.7543 51.7806 51.7974 51.8141 51.8345 51.8495 51.871  51.887  51.9009
 51.9144 51.927  51.9471 51.9629 51.9776 51.9945 52.0115 52.0271 52.0437
 52.0575 52.0749 52.0896 52.1095 52.1263 52.1395 52.1497 52.1644 52.1792
 52.1959 52.2108 52.228  52.2403 52.2552 52.2698 52.2872 52.3033 52.3151
 52.3291 52.3409 52.3554 52.3711 52.3839 52.3997 52.4144 52.4289 52.4444
 52.4619 52.4835 52.4959 52.5154 52.5287 52.5413 52.5533 52.5671 52.5813
 52.5966 52.6143 52.6269 52.6391 52.6526 52.6839 52.7287 52.748  52.7813
 52.8002 52.8263 52.8476 52.8709 52.8944 52.9189 52.9644 52.9936 53.0137
 53.0373 53.0768 53.1087 53.1321 53.1547 53.1753 53.2317 53.31   53.3398
 53.3547 53.3859 53.4458 53.4761 53.5302 53.5767 53.7166 53.793  54.0149
 54.0707 54.3539 58.2764 59.7519 59.8347
60.2635 60.4192 60.4367 60.5332 60.554  60.5909 60.6185 60.6389 60.6769
 60.6973 60.7726 60.7968 60.8211 60.8447 60.8661 60.8847 60.9092 60.9292
 60.9598 60.9843 61.0293 61.0579 61.0791 61.1    61.1195 61.1343 61.1539
 61.1716 61.1886 61.2058 61.2254 61.2473 61.2674 61.2949 61.3136 61.3292
 61.348  61.3613 61.3832 61.397  61.4119 61.4248 61.4393 61.4544 61.468
 61.4831 61.4951 61.5069 61.5222 61.5399 61.5535 61.5752 61.5894 61.6088
 61.6201 61.6338 61.6519 61.6668 61.6781 61.6991 61.7299 61.7415 61.7543
 61.772  61.7827 61.7972 61.8209 61.8449 61.859  61.873  61.8862 61.9002
 61.9152 61.9293 61.9498 61.9695 61.9855 61.9992 62.0123 62.0246 62.0385
 62.056  62.0819 62.1061 62.1327 62.1556 62.1822 62.203  62.2327 62.2585
 62.2756 62.2925 62.3192 62.3504 62.3689 62.393  62.4254 62.5139 62.5486
 62.6103 62.6801 62.7539 62.7946 62.8597 62.9618 63.0625 69.585  69.6209
 69.7648 69.9078 69.9584

