12.7027 13.3616 13.4328 13.5483 13.5856 13.6142 13.7058 13.7535 13.8848
 13.9188 14.0019 14.0252 14.0596 14.0828 14.1208 14.1481 14.1792 14.2108
 14.2376 14.2513 14.2727 14.2995 14.3229 14.3408 14.3606 14.3747 14.4031
 14.4167 14.4315 14.4493 14.491  14.5099 14.5576 14.5756 14.5962 14.625
 14.6408 14.6612 14.6894 14.7529 14.7876 14.8257 15.0868
22.2236 22.6935 22.7508 22.8005 22.9015 22.9401 22.9945 23.0198 23.0383
 23.0636 23.0797 23.1059 23.1274 23.1581 23.2002 23.2404 23.2616 23.2875
 23.3057 23.3225 23.3513 23.3671 23.3783 23.4494 23.4934 23.5078 23.5245
 23.5514 23.5681 23.5874 23.6041 23.618  23.6537 23.671  23.689  23.7055
 23.7249 23.7547 23.8816 23.9111 23.9318 23.9496 23.9895 24.0203 24.0815
 24.1311
30.0236 30.2355 30.5755 32.1328 32.3302 32.3847 32.4895 32.5192 32.6419
 32.6737 32.7072 32.7522 32.8008 32.9451 32.9652 32.9945 33.0205 33.0475
 33.0635 33.085  33.1082 33.1561 33.1744 33.2119 33.2464 33.2662 33.2895
 33.3138 33.3334 33.3484 33.3747 33.4186 33.4493 33.5093 33.7095
40.1725 40.5088 41.5277 41.6439 41.7348 41.7528 41.8559 41.9524 42.0492
 42.0703 42.1832 42.2147 42.2385 42.2614 42.2854 42.3079 42.3237 42.3564
 42.3826 42.4073 42.4279 42.4727 42.4889 42.5306 42.5566 42.5751 42.5939
 42.6152 42.6418 42.6794 42.7054 42.7239 42.776  42.8022 42.8178 42.8293
 42.8486 42.8705 42.9433 49.1868
50.2699 50.5925 50.6585 50.8292 50.8576 50.8848 50.9328 51.0137 51.0424
 51.2104 51.2627 51.3001 51.3564 51.404  51.431  51.4508 51.4762 51.5193
 51.5502 51.5901 51.6186 51.6546 51.6728 51.691  51.7278 51.7467 51.8662
 51.8927 51.9586 51.9788 52.0007 52.0122 52.0443 52.0609 52.0971 52.1345
 52.2205 52.3598
60.0372 60.0746 60.1996 60.3782 60.4052 60.4383 60.4885 60.6025 60.6279
 60.6514 60.6898 60.7489 60.7776 60.8228 60.8586 60.8894 60.9957 61.0321
 61.1106 61.1327 61.261  61.3347 61.4364 68.7157 69.3098 69.4876 69.5349
 69.879  69.9111 69.9414 69.9804

