10.2784 12.6222 13.1699 13.208  13.5611 13.6377 13.7908 13.8576 13.8839
 13.9134 13.9561 13.9766 13.9973 14.0207 14.063  14.0866 14.1047 14.1279
 14.1476 14.1738 14.2013 14.2197 14.2385 14.2572 14.2719 14.2917 14.3088
 14.3286 14.3498 14.3639 14.3781 14.3927 14.4111 14.4255 14.4386 14.4591
 14.4785 14.4955 14.5094 14.5242 14.5367 14.55   14.5642 14.5804 14.5979
 14.6248 14.6501 14.6626 14.6755 14.6876 14.701  14.7135 14.7284 14.7431
 14.7566 14.7701 14.7814 14.7941 14.8124 14.8243 14.841  14.8571 14.8737
 14.8858 14.8995 14.9125 14.9266 14.9399 14.9526 14.9639 14.9771 14.991
 15.0052 15.0172 15.0274 15.0384 15.0502 15.0607 15.0718 15.0835 15.096
 15.1107 15.1226 15.1366 15.1473 15.1618 15.1726 15.1829 15.1961 15.2224
 15.2385 15.2524 15.2669 15.283  15.2962 15.3123 15.324  15.3348 15.3467
 15.3617 15.3747 15.3896 15.4042 15.4161 15.4323 15.4489 15.4687 15.4883
 15.5007 15.5116 15.5293 15.5439 15.5569 15.5717 15.5873 15.5999 15.6115
 15.6324 15.65   15.6776 15.7025 15.7187 15.735  15.7532 15.7701 15.7924
 15.8308 15.854  15.8886 15.9121 15.9258 15.9516 15.974  16.0016 16.0957
 16.1638 16.2175 16.2513 16.3024
20.9646 21.2578 21.7818 22.3618 22.6852 22.7073 22.7256 22.8181 22.8776
 22.9334 22.9574 23.0048 23.0481 23.0717 23.0893 23.1129 23.1289 23.1506
 23.1693 23.1907 23.2097 23.225  23.2392 23.2523 23.2677 23.2833 23.2992
 23.3147 23.331  23.3523 23.3664 23.3818 23.3969 23.4122 23.4295 23.4416
 23.4579 23.4716 23.4853 23.4984 23.5138 23.5397 23.553  23.5641 23.5769
 23.5906 23.6076 23.6187 23.6292 23.6404 23.6539 23.6673 23.6795 23.6899
 23.7009 23.7132 23.7264 23.7372 23.7486 23.7599 23.776  23.7901 23.805
 23.8159 23.8293 23.8438 23.8575 23.8689 23.881  23.8921 23.9064 23.9181
 23.9295 23.9428 23.956  23.9693 23.9817 23.9931 24.0045 24.0173 24.0288
 24.0413 24.0517 24.0638 24.0745 24.0872 24.1021 24.1145 24.1265 24.1371
 24.1479 24.159  24.1719 24.1815 24.1918 24.2053 24.2184 24.2331 24.2432
 24.2533 24.2638 24.2732 24.2825 24.2936 24.312  24.3246 24.3368 24.3502
 24.3614 24.3708 24.382  24.3972 24.4093 24.4222 24.4357 24.4466 24.4605
 24.472  24.483  24.4948 24.5088 24.5221 24.5338 24.5461 24.5593 24.5698
 24.5811 24.5934 24.6068 24.6197 24.6321 24.6443 24.6563 24.671  24.6863
 24.7129 24.7289 24.7472 24.7678 24.7834 24.8047 24.8246 24.843  24.8561
 24.8746 24.9212 24.9391 24.9576 24.9822 25.0038 25.025  25.0433 25.0714
 25.1335 25.1598 25.2194 25.2631 25.4121
32.1578 32.2118 32.263  32.341  32.47   32.5529 32.5842 32.6238 32.6518
 32.7551 32.8067 32.8416 32.8779 32.8929 32.9087 32.9343 32.9574 32.9847
 33.0052 33.0257 33.0489 33.0758 33.1171 33.1373 33.1597 33.1811 33.1975
 33.2185 33.2322 33.2442 33.2631 33.2754 33.2896 33.3034 33.317  33.3289
 33.3442 33.3557 33.3668 33.3783 33.3951 33.4117 33.426  33.4418 33.4561
 33.467  33.482  33.4983 33.5175 33.531  33.5499 33.5659 33.5808 33.5924
 33.6052 33.6235 33.6362 33.6529 33.6686 33.6804 33.6932 33.7051 33.7181
 33.7302 33.7475 33.7598 33.785  33.7983 33.8109 33.8223 33.8349 33.8506
 33.8672 33.8832 33.8936 33.9065 33.9172 33.9308 33.9416 33.9532 33.9718
 33.9895 34.0031 34.0134 34.0334 34.0507 34.0665 34.0826 34.0953 34.1125
 34.1299 34.1452 34.16   34.1735 34.1896 34.2037 34.219  34.2368 34.2518
 34.2683 34.2815 34.2947 34.3119 34.3364 34.3543 34.3679 34.3899 34.4032
 34.4214 34.4414 34.4632 34.4807 34.5037 34.5283 34.5486 34.5678 34.5884
 34.6155 34.6679 34.7068 34.7341 34.7797 34.8207 34.8843 35.0227 38.5516
 39.4207
40.0224 40.4964 40.6694 41.068  41.7322 41.7918 41.8333 41.8828 41.9273
 41.9765 42.033  42.0678 42.125  42.1535 42.1844 42.2009 42.2239 42.2406
 42.2612 42.2766 42.3047 42.3333 42.3672 42.3883 42.4024 42.4186 42.4478
 42.4657 42.4798 42.5017 42.5198 42.5409 42.5652 42.586  42.601  42.6145
 42.632  42.6493 42.663  42.6779 42.6975 42.7146 42.7258 42.7386 42.7566
 42.7736 42.7854 42.7987 42.815  42.8288 42.8414 42.8559 42.8808 42.8944
 42.9123 42.9305 42.9468 42.9623 42.9779 42.9966 43.0121 43.0376 43.0519
 43.0699 43.092  43.1076 43.1231 43.1404 43.1542 43.1682 43.184  43.2001
 43.2113 43.231  43.2428 43.2559 43.2699 43.2903 43.3072 43.3235 43.3371
 43.3499 43.3629 43.3841 43.406  43.4184 43.4322 43.4509 43.4638 43.4806
 43.4941 43.5078 43.5268 43.5486 43.5643 43.5899 43.6066 43.622  43.6358
 43.6487 43.666  43.6902 43.7142 43.7369 43.7505 43.7703 43.7862 43.816
 43.8322 43.8467 43.8625 43.8852 43.9396 43.9595 43.9892 44.0183 44.039
 44.11   44.1562 44.1946 44.2241 44.2992
50.3539 50.7786 50.8407 50.9987 51.0602 51.1202 51.1473 51.2006 51.2486
 51.3101 51.3304 51.3592 51.4025 51.4158 51.4494 51.4739 51.4994 51.5262
 51.541  51.5595 51.5848 51.6032 51.6187 51.6398 51.6602 51.6763 51.6945
 51.7128 51.7362 51.749  51.765  51.7824 51.7999 51.8187 51.8392 51.8628
 51.88   51.9035 51.9185 51.9377 51.9536 51.9677 51.9851 52.0087 52.0227
 52.0345 52.0475 52.0609 52.0916 52.109  52.1216 52.1424 52.1564 52.1731
 52.1906 52.2085 52.2211 52.2354 52.2463 52.2632 52.2823 52.2988 52.3117
 52.3273 52.3472 52.3604 52.3853 52.4035 52.4168 52.4335 52.4583 52.4714
 52.4883 52.5009 52.5139 52.5281 52.5434 52.5604 52.5759 52.5879 52.6064
 52.6219 52.6341 52.6536 52.6729 52.6947 52.709  52.7281 52.7424 52.7576
 52.7781 52.7967 52.8144 52.8268 52.8486 52.8632 52.879  52.8968 52.922
 52.9459 52.9696 53.0004 53.0248 53.0476 53.074  53.102  53.1317 53.1548
 53.2109 53.2329 53.2698 53.289  53.3138 53.3358 53.3882 53.4523 53.4788
 53.5262 53.5631 53.8136 59.6346 59.6843
60.0965 60.1741 60.2293 60.291  60.4333 60.4589 60.4952 60.5503 60.5702
 60.6027 60.654  60.6705 60.6925 60.7374 60.7579 60.8178 60.8518 60.873
 60.8907 60.9073 60.9304 60.9471 60.9696 60.9856 61.     61.0106 61.0245
 61.0457 61.0629 61.0821 61.1006 61.115  61.1311 61.1448 61.1638 61.1823
 61.2    61.2135 61.2334 61.2491 61.2759 61.2944 61.3146 61.3308 61.3476
 61.3621 61.3769 61.3936 61.4184 61.433  61.4552 61.4716 61.4872 61.505
 61.5158 61.5304 61.5426 61.5588 61.5731 61.5914 61.6078 61.6223 61.6387
 61.6535 61.6682 61.6846 61.6975 61.7136 61.7267 61.7386 61.7521 61.7644
 61.7794 61.7958 61.8087 61.8238 61.8393 61.8559 61.8717 61.8869 61.903
 61.9209 61.9351 61.974  61.9931 62.0075 62.0249 62.0376 62.0706 62.1146
 62.1427 62.1686 62.1906 62.2066 62.2247 62.2442 62.2661 62.2914 62.3109
 62.3921 62.4554 62.4952 62.5373 62.6244 65.3972 68.5762 68.8219 69.2235
 69.364  69.523  69.6193 69.7188 69.7742 69.8212 69.8709 69.892  69.9289
 69.9953

