13.3706 14.0791 14.2419 14.3555 14.3909 14.4088 14.4218 14.4409 14.4692
 14.4843 14.5351 14.5644 14.5917 14.6178 14.6423 14.6597 14.7022 14.7311
 14.8319 14.8609 15.087
23.4537 23.5976 23.8384 23.8738 23.956  24.0074 24.0499 24.1474 24.2167
 24.2594
31.2539 31.784  32.2566 32.4973 32.535  32.5569 32.7373 32.8277 32.8818
 32.9601 33.0128 33.0553 33.084  33.1276 33.1475 33.1673 33.2167 33.2423
 33.2794 33.325  33.3515 33.3793 33.4033 33.4347 33.4951 33.6013 33.7027
 39.661
40.971  41.2192 41.2599 41.6186 41.6414 41.7829 41.8851 41.9069 41.938
 42.0367 42.1113 42.1406 42.1804 42.2102 42.2521 42.2978 42.3315 42.4339
 42.4478 42.4985 42.512  42.5612 42.5922 42.6109 42.6458 42.6812 42.7053
 42.727  42.7935 42.8252 49.6467
50.6608 50.7734 50.7996 51.0654 51.2512 51.2841 51.3294 51.4257 51.4418
 51.4715 51.4902 51.5145 51.5346 51.6    51.6186 51.6349 51.6564 51.6689
 51.7962 51.8587 51.8944 51.9161 51.9547 51.9952 52.0267 52.0458 52.1133
 52.2204
60.3888 60.4316 60.7344 60.8729 60.9139 60.9705 61.0025 61.0964 61.1268
 61.1698 61.2083 61.2469 61.3256 61.3874 61.4383 61.4586 61.4993 61.7317
 69.6422

