12.4929 12.6655 12.9074 12.9782 13.0891 13.3724 13.4104 13.4416 13.7032
 13.8598 13.9328 13.983  14.0465 14.0949 14.1515 14.1788 14.1954 14.2188
 14.2362 14.256  14.3003 14.3208 14.3345 14.3625 14.3753 14.4091 14.4338
 14.4493 14.4639 14.4956 14.5421 14.5793 14.598  14.6178 14.6377 14.6833
 14.7042 14.7228 14.7409 14.7674 14.8503 14.8951 14.9919 15.0176 15.0858
 15.1121
23.0026 23.4599 23.7524 23.8251 23.8498 23.8916 23.9638 24.0077 24.0439
 24.1721 24.2562 24.2741 24.5042 29.5495
31.2495 31.9911 32.2541 32.4457 32.4958 32.6982 32.8022 32.8216 32.8479
 32.8859 32.9804 33.0165 33.0366 33.0751 33.1188 33.1353 33.1653 33.1941
 33.302  33.3201 33.357  33.3795 33.423  33.4489 33.5002 33.5268 33.5814
 33.6562 33.6874 38.6549
40.1638 40.8248 41.0923 41.2613 41.4193 41.5422 41.5815 41.6652 41.6883
 41.7336 41.8128 41.8806 41.9339 41.9852 42.0184 42.0565 42.1385 42.1612
 42.2078 42.2402 42.2639 42.2906 42.3099 42.3289 42.354  42.383  42.4037
 42.4263 42.4964 42.5142 42.5297 42.5458 42.6313 42.6589 42.6741 42.7399
 42.7544 42.8187 42.8486 42.8739 42.9198 42.9456 43.0865
50.5033 50.8117 50.8702 50.9095 50.9735 50.9965 51.0357 51.1176 51.1917
 51.2231 51.2589 51.2765 51.3019 51.3186 51.3634 51.3779 51.4271 51.4571
 51.5336 51.5605 51.582  51.5966 51.6102 51.6365 51.6596 51.6777 51.7027
 51.7342 51.7528 51.7776 51.8126 51.8429 51.8582 51.9127 51.9603 51.985
 52.0066 52.0369 52.0596 52.1081 52.2379 52.278  58.8187 58.8519 59.3555
60.035  60.1834 60.4047 60.4793 60.5261 60.6799 60.7143 60.7699 60.7964
 60.8882 60.9236 60.9856 61.035  61.0552 61.0744 61.0958 61.1369 61.1589
 61.2052 61.2616 61.2819 61.3768 61.6104 68.8226 69.6761 69.7245

