12.7486 14.1014 14.1681 14.3357 14.7129 14.7423 14.7894 14.8107 14.9004
 14.9718 15.0693 15.1354 15.1622 15.2072 15.2478
22.9447 23.2722 23.5243 23.5746 23.7247 23.9317 24.0676 24.2108
30.0263 31.2385 32.1544 32.8262 33.1743 33.4059 33.5111 33.5381 33.6316
 33.7089 33.8387 33.865  34.1472
41.2943 42.0531 42.6209 42.665  42.7763 42.8172 42.9155 43.1139 43.1661
 43.2918
52.2216 59.4128 59.8876
60.1256 60.2378 60.5825 60.6535 60.6883 60.8478 60.9858 61.0588 61.1057
 61.1284 61.1527 61.1862 61.2207 65.6348

