14.0878 14.3222 14.4332 14.4695 14.5149 14.5593 14.5886 14.6077 14.6462
 14.6784 14.7411 14.7689 14.7888 14.8286 14.8545 14.8878 14.9095 14.9435
 14.9571 14.9859 15.0235 15.0374 15.0578 15.0864 15.11   15.124  15.1425
 15.1573 15.1709 15.1962 15.2107 15.2288 15.2751 15.2889 15.3059 15.3222
 15.3384 15.3673 15.4027 15.4168 15.4304 15.4459 15.4648 15.4896 15.5117
 15.5263 15.5432 15.5582 15.5722 15.5858 15.6015 15.6262 15.6524 15.6698
 15.6837 15.6998 15.72   15.7524 15.7739 15.7969 15.8161 15.8353 15.8542
 15.8721 15.891  15.9211 15.9388 15.9547 15.9756 16.0008 16.0265 16.0457
 16.0617 16.079  16.1026 16.13   16.154  16.1746 16.2024 16.2223 16.2469
 16.2733 16.3104 16.3352 16.3599 16.4191 16.4609 16.4852 16.5049 16.573
 16.605  16.6987 16.7666 16.8128
23.1438 23.4548 23.6111 23.6349 23.6531 23.7235 23.7468 23.8047 23.824
 23.8761 23.937  23.9611 24.0145 24.0308 24.0553 24.0853 24.1123 24.1381
 24.1634 24.1805 24.2038 24.2178 24.2431 24.2565 24.2792 24.3065 24.3221
 24.3387 24.3623 24.3763 24.3922 24.4124 24.4289 24.4431 24.4579 24.4787
 24.4946 24.5065 24.524  24.5493 24.5614 24.5788 24.5979 24.6126 24.6264
 24.6517 24.671  24.6896 24.7037 24.721  24.7514 24.7676 24.7838 24.8051
 24.8193 24.8329 24.8468 24.8614 24.8735 24.8949 24.9088 24.9246 24.9385
 24.9671 24.9838 25.0078 25.0383 25.0611 25.0787 25.1007 25.1167 25.1459
 25.1655 25.1948 25.2232 25.2375 25.2554 25.2779 25.313  25.335  25.3525
 25.3894 25.4319 25.5047 25.5276 25.5513 25.6042 25.6995 25.7654 26.0307
32.6916 32.9039 32.9732 33.0391 33.0823 33.1287 33.2293 33.3083 33.3348
 33.3777 33.5148 33.5511 33.5889 33.6367 33.6886 33.7113 33.7311 33.7542
 33.7754 33.7985 33.8205 33.8379 33.8777 33.8914 33.912  33.9327 33.9493
 33.9658 34.0042 34.0285 34.0519 34.0709 34.0958 34.114  34.1333 34.1496
 34.1664 34.185  34.216  34.2367 34.2538 34.2828 34.3302 34.3537 34.3718
 34.3861 34.4027 34.4348 34.4528 34.4655 34.4881 34.5229 34.543  34.5752
 34.5945 34.6157 34.6348 34.655  34.7143 34.7386 34.7519 34.7657 34.7795
 34.8045 34.8227 34.8505 34.9162 34.9426 34.9659 34.9997 35.0329 35.0558
 35.0985 35.1247 35.1709 35.2166 35.2478 35.2738 35.3434 35.8003
41.791  42.1589 42.3638 42.4078 42.4592 42.5567 42.5802 42.6062 42.641
 42.679  42.7169 42.7585 42.7752 42.8131 42.8626 42.8797 42.9009 42.9543
 42.991  43.0283 43.0609 43.0996 43.1429 43.1678 43.1858 43.2029 43.2197
 43.2395 43.2544 43.2813 43.3322 43.3505 43.3783 43.4075 43.4734 43.4992
 43.5286 43.561  43.5775 43.5967 43.6087 43.6316 43.6549 43.6728 43.6868
 43.7053 43.7514 43.7742 43.7977 43.8262 43.9369 43.9584 44.0007 44.0235
 44.0594 44.0873 44.131  44.171  44.2307 44.2788 44.3721 44.4146 44.5728
 44.7512 44.7835
50.7384 51.1826 51.7884 51.9733 52.2959 52.3612 52.6595 52.9589 53.1987
 53.3672 53.564  53.628  54.3529 59.0412 59.9278
60.0894 60.1196 60.1787 60.2049 60.2439 60.3867 60.4444 60.4763 60.5596
 60.5966 60.7021 60.7294 60.8034 60.8282 60.8509 60.8717 60.8998 60.9675
 60.9893 61.0279 61.0509 61.0709 61.0869 61.1015 61.1196 61.15   61.1714
 61.1937 61.2258 61.2926 61.3155 61.3395 61.3776 61.3936 61.4175 61.4338
 61.4487 61.4725 61.4906 61.5103 61.5231 61.5418 61.5557 61.5762 61.5948
 61.6135 61.6257 61.6414 61.6538 61.6746 61.6886 61.7057 61.7168 61.736
 61.7552 61.7742 61.7893 61.8066 61.8259 61.8427 61.8644 61.8788 61.898
 61.915  61.9356 61.9521 61.9675 61.9792 61.9971 62.0204 62.0514 62.0726
 62.091  62.102  62.1173 62.1381 62.1525 62.1688 62.2032 62.2198 62.2428
 62.278  62.3064 62.3245 62.3588 62.3915 62.4244 62.4736 62.5283 62.5487
 62.5781 62.6092 62.6745 62.7213 62.7714 62.8108 62.87   68.5406 68.6118
 69.6764 69.9426

