13.1043 13.5112 13.6038 13.6638 13.7542 13.8068 13.8549 13.8828 13.9305
 13.9708 13.9954 14.0183 14.0388 14.0552 14.0779 14.0975 14.1193 14.146
 14.163  14.1831 14.2008 14.2176 14.2335 14.2578 14.2918 14.3125 14.3259
 14.3418 14.3548 14.3732 14.3929 14.406  14.4257 14.4433 14.4628 14.4754
 14.4943 14.5155 14.5396 14.5558 14.5716 14.5876 14.6008 14.6229 14.6459
 14.6589 14.6755 14.6889 14.7021 14.7163 14.7298 14.7564 14.7692 14.7846
 14.7996 14.8195 14.8396 14.858  14.873  14.8891 14.9102 14.926  14.9618
 14.9832 14.9954 15.0129 15.0275 15.0416 15.0589 15.072  15.0862 15.1082
 15.1223 15.1384 15.1562 15.1836 15.2092 15.2224 15.2548 15.2695 15.2882
 15.3065 15.3278 15.3409 15.3798 15.4189 15.4528 15.4816 15.5057 15.5315
 15.5634 15.5792 15.5984 15.6308 15.6626 15.7127 15.7594 15.9203 15.9859
 16.191
21.932  21.9646 22.0218 22.075  22.1094 22.2162 22.2519 22.2852 22.3677
 22.4016 22.4325 22.4568 22.4818 22.5024 22.5303 22.5545 22.57   22.5893
 22.6056 22.6189 22.6346 22.65   22.6668 22.6964 22.7176 22.7435 22.7666
 22.7809 22.7955 22.8143 22.8328 22.849  22.8619 22.8746 22.8857 22.8968
 22.908  22.9207 22.9349 22.9468 22.9603 22.9719 22.9869 22.9971 23.007
 23.0172 23.0282 23.0405 23.0521 23.0645 23.0757 23.0871 23.0985 23.1089
 23.1181 23.1271 23.136  23.1466 23.1567 23.1679 23.1784 23.1898 23.1994
 23.2095 23.2198 23.2284 23.238  23.249  23.2582 23.2668 23.2753 23.2841
 23.2925 23.3015 23.3109 23.3206 23.3305 23.3393 23.3487 23.3586 23.3684
 23.3774 23.3855 23.3965 23.4053 23.4146 23.4237 23.4331 23.4423 23.4528
 23.462  23.4722 23.4815 23.4911 23.4996 23.5085 23.5174 23.5257 23.5337
 23.5432 23.5519 23.5609 23.5694 23.5792 23.5878 23.5966 23.6058 23.6148
 23.6242 23.6329 23.6414 23.6494 23.6578 23.6659 23.6737 23.682  23.6905
 23.6997 23.7087 23.7188 23.7274 23.7365 23.7468 23.7561 23.7647 23.7754
 23.7839 23.7927 23.8019 23.8113 23.82   23.8292 23.8379 23.8466 23.8544
 23.8621 23.8715 23.8801 23.8897 23.8986 23.9084 23.9175 23.9276 23.9363
 23.946  23.9546 23.9633 23.9719 23.9806 23.9906 23.9995 24.0094 24.0185
 24.029  24.0376 24.0462 24.0564 24.0678 24.0779 24.0876 24.0967 24.1062
 24.1151 24.1245 24.134  24.1438 24.1535 24.1651 24.1757 24.1848 24.1936
 24.2026 24.2122 24.2211 24.2297 24.239  24.2493 24.2589 24.268  24.2777
 24.288  24.2971 24.3076 24.3168 24.3258 24.3352 24.3439 24.3519 24.3616
 24.3718 24.3816 24.3931 24.4044 24.413  24.4227 24.4329 24.4422 24.4519
 24.4609 24.4706 24.4798 24.4899 24.4992 24.5087 24.5185 24.5295 24.5394
 24.5498 24.5595 24.5687 24.578  24.5876 24.5969 24.6072 24.617  24.6272
 24.6367 24.6462 24.6567 24.6667 24.6751 24.6845 24.6945 24.7039 24.713
 24.7231 24.7334 24.7442 24.7529 24.763  24.773  24.7848 24.7947 24.8055
 24.8154 24.8257 24.8365 24.8468 24.8559 24.8667 24.8771 24.8886 24.9002
 24.9116 24.9223 24.9331 24.9445 24.957  24.9705 24.9827 24.9943 25.0066
 25.0185 25.0302 25.0424 25.0534 25.0667 25.0782 25.0942 25.1086 25.1224
 25.1412 25.1542 25.1681 25.1804 25.1984 25.2118 25.2281 25.2445 25.2604
 25.2825 25.3021 25.3207 25.3385 25.3638 25.4016 25.4615 25.493  25.5241
 25.6074 25.6627 25.789  25.8265 26.0138
30.2894 31.0523 31.3002 31.3345 31.4302 31.5043 31.5763 31.6562 31.6945
 31.7339 31.7721 31.7944 31.8125 31.8365 31.8599 31.9064 31.9409 31.9682
 31.9853 32.0027 32.0195 32.0399 32.0542 32.0693 32.0858 32.104  32.1266
 32.1399 32.159  32.173  32.185  32.1953 32.2108 32.226  32.2439 32.2553
 32.2683 32.2819 32.294  32.3063 32.3157 32.3283 32.3386 32.3505 32.3631
 32.3757 32.3875 32.3987 32.409  32.4186 32.4306 32.4418 32.4524 32.4629
 32.4732 32.4811 32.4897 32.4989 32.5092 32.5186 32.5277 32.5367 32.5465
 32.5561 32.5658 32.5761 32.5852 32.5953 32.6033 32.6117 32.6199 32.6278
 32.6374 32.6461 32.6553 32.6642 32.673  32.6814 32.6898 32.7005 32.7094
 32.7177 32.7261 32.7345 32.7424 32.7504 32.7582 32.7662 32.775  32.783
 32.7913 32.8005 32.8083 32.816  32.8243 32.8329 32.8411 32.8496 32.8578
 32.8658 32.8737 32.8815 32.8891 32.8967 32.9056 32.9142 32.9234 32.9319
 32.9411 32.9502 32.96   32.9686 32.9776 32.9858 32.9942 33.0028 33.011
 33.0181 33.0259 33.0333 33.0409 33.0493 33.0571 33.0658 33.074  33.0827
 33.0902 33.0986 33.1068 33.1152 33.1239 33.132  33.1401 33.148  33.1562
 33.1643 33.1726 33.1805 33.1886 33.1964 33.2042 33.2115 33.2196 33.2288
 33.2373 33.246  33.2536 33.2613 33.2693 33.2776 33.2854 33.2943 33.3032
 33.3119 33.3196 33.3273 33.3352 33.3426 33.3508 33.3581 33.3662 33.374
 33.3824 33.3901 33.3979 33.4066 33.4152 33.4234 33.4315 33.4393 33.4477
 33.4561 33.4636 33.4715 33.4803 33.4887 33.498  33.5068 33.5157 33.5237
 33.5317 33.5396 33.5473 33.5557 33.5644 33.5733 33.582  33.5913 33.5994
 33.6077 33.6158 33.624  33.6329 33.6412 33.65   33.6579 33.6662 33.6743
 33.6829 33.6913 33.6995 33.7071 33.7154 33.7235 33.7321 33.7405 33.7488
 33.757  33.7654 33.7738 33.7818 33.7902 33.7993 33.8076 33.8158 33.8233
 33.8319 33.8401 33.8485 33.8568 33.8664 33.8751 33.8835 33.8921 33.9013
 33.9098 33.9186 33.9267 33.9351 33.9437 33.9528 33.9618 33.971  33.9794
 33.9876 33.9975 34.0066 34.0165 34.0258 34.0355 34.046  34.0549 34.0633
 34.0721 34.0804 34.0892 34.0979 34.1064 34.1145 34.1224 34.1304 34.1392
 34.1475 34.1562 34.1652 34.174  34.1821 34.1914 34.1997 34.2094 34.2174
 34.2258 34.2342 34.2439 34.2536 34.2628 34.2714 34.2803 34.2888 34.2983
 34.3071 34.316  34.3248 34.334  34.3428 34.3534 34.3627 34.3719 34.3811
 34.3911 34.4004 34.4095 34.4187 34.4287 34.4403 34.4496 34.4601 34.47
 34.4803 34.4909 34.5009 34.5107 34.5215 34.5321 34.5432 34.5535 34.5646
 34.5746 34.5848 34.5949 34.6058 34.617  34.6283 34.6429 34.6547 34.6667
 34.6779 34.6899 34.7031 34.7162 34.7269 34.7395 34.7517 34.7669 34.7791
 34.7946 34.8158 34.8367 34.855  34.8756 34.895  34.9102 34.9347 34.9512
 34.9816 35.0056 35.0455 35.1053 35.1463 35.2907 35.3467 35.414  39.3968
 39.962
40.4979 40.8749 40.9067 40.9665 41.1364 41.2041 41.2422 41.2595 41.2827
 41.2993 41.318  41.3462 41.3686 41.3898 41.4055 41.4361 41.4508 41.4728
 41.4921 41.5169 41.5302 41.5501 41.5718 41.5916 41.6087 41.6222 41.6379
 41.6561 41.6709 41.6825 41.6965 41.7103 41.7294 41.7474 41.7695 41.786
 41.8028 41.8172 41.8301 41.8445 41.8574 41.8687 41.8791 41.8886 41.899
 41.9087 41.92   41.9309 41.9419 41.9585 41.9693 41.9804 41.9943 42.0086
 42.0252 42.0379 42.0509 42.0641 42.0767 42.087  42.0999 42.1111 42.1225
 42.1324 42.1431 42.1525 42.1633 42.1737 42.1853 42.1974 42.2083 42.2223
 42.2335 42.2452 42.2572 42.2715 42.2893 42.3042 42.3174 42.3312 42.3448
 42.3557 42.3714 42.382  42.3934 42.4063 42.4188 42.435  42.4486 42.4603
 42.4761 42.4893 42.5013 42.5163 42.5287 42.5389 42.5536 42.5713 42.5837
 42.5983 42.6141 42.6309 42.6466 42.6592 42.6768 42.6914 42.7031 42.7149
 42.7262 42.7457 42.7598 42.7714 42.787  42.7999 42.8158 42.8278 42.841
 42.8526 42.8662 42.8812 42.8949 42.9133 42.9279 42.9455 42.9661 42.9832
 43.0018 43.0136 43.0288 43.0417 43.0561 43.0759 43.0942 43.1094 43.1247
 43.144  43.1612 43.1808 43.1969 43.225  43.2464 43.2778 43.3007 43.3154
 43.3482 43.384  43.4055 43.4528 43.5016 43.5549 43.6857 43.8663 45.0996
 49.3446 49.5556 49.6618 49.6931 49.7254 49.8385 49.8643 49.8937 49.9667
 49.9865
50.0053 50.0322 50.0612 50.0929 50.1133 50.1555 50.1783 50.1963 50.2187
 50.2399 50.2535 50.2747 50.2877 50.3053 50.3262 50.3406 50.3561 50.3686
 50.3852 50.3982 50.4098 50.4234 50.4379 50.4522 50.4658 50.4787 50.4901
 50.5016 50.5189 50.5316 50.5427 50.5536 50.564  50.5724 50.5838 50.595
 50.6049 50.6147 50.6254 50.6346 50.6436 50.6535 50.6642 50.6746 50.6854
 50.6957 50.705  50.7138 50.7257 50.7374 50.7489 50.7606 50.7721 50.7825
 50.7916 50.8024 50.8123 50.8218 50.8305 50.8394 50.8488 50.8585 50.8676
 50.8774 50.8862 50.8959 50.9053 50.9147 50.9255 50.9348 50.9438 50.9524
 50.9608 50.9695 50.9778 50.987  50.9962 51.0047 51.0129 51.0213 51.0297
 51.0382 51.0463 51.0552 51.0631 51.0708 51.0792 51.0886 51.0978 51.106
 51.114  51.1225 51.1301 51.1389 51.1466 51.1555 51.1641 51.173  51.1825
 51.1909 51.1987 51.2078 51.2157 51.2239 51.233  51.2406 51.2485 51.2566
 51.2643 51.2723 51.2809 51.2891 51.2977 51.3058 51.3139 51.3224 51.3306
 51.3386 51.3471 51.3552 51.3633 51.371  51.3795 51.3878 51.3957 51.404
 51.4129 51.4225 51.4306 51.4392 51.4472 51.4556 51.4644 51.4729 51.4814
 51.4901 51.4988 51.5078 51.516  51.5247 51.5326 51.5405 51.5482 51.5562
 51.5651 51.5735 51.5824 51.5911 51.5987 51.6064 51.6152 51.6237 51.632
 51.6408 51.6492 51.6569 51.6657 51.6737 51.6818 51.6899 51.6986 51.7071
 51.7153 51.7235 51.7328 51.7408 51.7492 51.7583 51.7677 51.7762 51.7859
 51.7949 51.8036 51.8119 51.8203 51.8293 51.8384 51.8482 51.8575 51.8665
 51.8752 51.8839 51.8928 51.9019 51.9105 51.9196 51.9292 51.9382 51.9465
 51.9547 51.9626 51.971  51.9799 51.988  51.9964 52.0049 52.013  52.0214
 52.0298 52.0389 52.0477 52.0563 52.0646 52.0737 52.0831 52.0933 52.102
 52.1114 52.1199 52.1285 52.1376 52.147  52.1553 52.1637 52.1727 52.1809
 52.1896 52.198  52.2064 52.215  52.2242 52.2327 52.2414 52.2504 52.2595
 52.269  52.2788 52.2875 52.297  52.3061 52.3148 52.3242 52.3327 52.3409
 52.3505 52.3594 52.3689 52.3775 52.3863 52.3966 52.4055 52.4145 52.4233
 52.4329 52.4432 52.4526 52.4618 52.4712 52.4843 52.4949 52.5042 52.5141
 52.5236 52.5344 52.5436 52.5534 52.5634 52.5728 52.5824 52.5919 52.6007
 52.61   52.6211 52.6301 52.6403 52.6509 52.6608 52.6706 52.6815 52.6913
 52.7036 52.7141 52.7269 52.7399 52.7515 52.7651 52.7754 52.786  52.7981
 52.8104 52.8225 52.8339 52.8471 52.8587 52.8722 52.89   52.9037 52.9198
 52.935  52.9491 52.9629 52.9784 52.9964 53.0119 53.0265 53.0438 53.0657
 53.0849 53.1178 53.1448 53.1633 53.1778 53.2081 53.2356 53.2817 53.3849
 53.4823 53.7514 57.7224 58.4839 58.8872 58.94   59.0043 59.0764 59.1049
 59.1376 59.1555 59.2275 59.2657 59.3055 59.3254 59.3658 59.4194 59.4423
 59.4646 59.5277 59.5585 59.5812 59.5973 59.6193 59.6364 59.6541 59.6705
 59.6872 59.7022 59.7137 59.7385 59.7628 59.7798 59.7996 59.8176 59.8339
 59.8479 59.8608 59.8734 59.8932 59.9063 59.9219 59.94   59.9536 59.9683
 59.9834 59.996
60.0074 60.0201 60.0337 60.0442 60.0548 60.0678 60.0858 60.1015 60.1142
 60.1262 60.1402 60.1522 60.1637 60.1771 60.1878 60.2003 60.2104 60.2289
 60.2428 60.2552 60.2698 60.2805 60.2909 60.3017 60.3143 60.3249 60.3367
 60.3497 60.3623 60.3739 60.384  60.3952 60.4095 60.421  60.4312 60.4432
 60.4529 60.4631 60.4722 60.485  60.4964 60.5074 60.5196 60.5328 60.5433
 60.5547 60.5662 60.5803 60.5899 60.6016 60.6133 60.6269 60.6363 60.6482
 60.662  60.6729 60.6855 60.6955 60.7068 60.7171 60.7294 60.7423 60.7539
 60.7641 60.7777 60.7907 60.8014 60.8124 60.8305 60.8455 60.8593 60.8721
 60.884  60.895  60.9083 60.9221 60.9337 60.9467 60.9574 60.9698 60.9829
 60.9959 61.0081 61.0212 61.035  61.0447 61.0574 61.0739 61.0859 61.0991
 61.1134 61.1268 61.1459 61.16   61.1721 61.1854 61.1969 61.2102 61.2218
 61.2379 61.2532 61.2694 61.2833 61.2949 61.3108 61.329  61.3507 61.3689
 61.3816 61.3975 61.4174 61.4333 61.4493 61.4655 61.4814 61.4956 61.5179
 61.5421 61.564  61.5844 61.6073 61.6348 61.6532 61.6773 61.6954 61.7361
 61.7794 61.8258 61.8892 61.9374 62.0383 62.2837 67.0817 67.6543 67.8396
 67.8903 68.0707 68.1336 68.1647 68.2165 68.2397 68.2606 68.2798 68.3015
 68.3199 68.3431 68.3753 68.3916 68.405  68.4199 68.4394 68.4639 68.4832
 68.5008 68.5144 68.5322 68.5436 68.5551 68.5656 68.5819 68.6059 68.6221
 68.6348 68.6466 68.6583 68.6723 68.6871 68.7016 68.7145 68.7297 68.7417
 68.7548 68.7677 68.7779 68.789  68.8018 68.8116 68.8235 68.8328 68.849
 68.8612 68.8723 68.8845 68.9012 68.9128 68.9269 68.9352 68.9481 68.9597
 68.9703 68.9812 68.9908 69.0008 69.0109 69.0202 69.0312 69.0406 69.0506
 69.0609 69.0699 69.081  69.0913 69.1003 69.1098 69.119  69.1282 69.137
 69.1464 69.1562 69.1658 69.175  69.1842 69.1959 69.2058 69.2151 69.2244
 69.2344 69.2431 69.2526 69.2612 69.2707 69.2807 69.2903 69.301  69.3113
 69.3212 69.3297 69.3389 69.3484 69.358  69.3685 69.3785 69.3871 69.3964
 69.4055 69.4149 69.4249 69.4347 69.4443 69.4543 69.4621 69.4706 69.48
 69.4905 69.5001 69.5083 69.5182 69.5293 69.5381 69.5464 69.5568 69.566
 69.5777 69.5888 69.5969 69.6055 69.614  69.6225 69.6324 69.6409 69.651
 69.6602 69.6692 69.6788 69.6872 69.6974 69.7065 69.7164 69.7253 69.7342
 69.7443 69.7536 69.7624 69.7723 69.7823 69.7929 69.8038 69.8126 69.8229
 69.8321 69.842  69.8519 69.8622 69.8731 69.8828 69.892  69.9006 69.9096
 69.9212 69.9325 69.9432 69.9551 69.9651 69.9754 69.9865 69.9964

