13.2376 13.4699 13.773  13.7964 13.8692 13.9517 13.9784 14.0238 14.0497
 14.1462 14.2282 14.2592 14.2834 14.3094 14.3292 14.3487 14.3932 14.4135
 14.4359 14.4511 14.4814 14.5007 14.5283 14.5607 14.5844 14.5973 14.6173
 14.6333 14.6598 14.6806 14.6966 14.7215 14.7374 14.7615 14.7821 14.7982
 14.8199 14.8448 14.8705 14.8947 14.9159 14.9366 14.9528 14.9775 14.9904
 15.0058 15.0286 15.0445 15.0792 15.1012 15.1292 15.1465 15.1631 15.183
 15.2039 15.219  15.243  15.259  15.2783 15.2914 15.3173 15.3322 15.3477
 15.3616 15.3779 15.402  15.4187 15.4346 15.4497 15.4655 15.4813 15.502
 15.5185 15.5334 15.5524 15.567  15.5849 15.5965 15.6129 15.6336 15.6489
 15.6867 15.7118 15.7264 15.7472 15.7759 15.7912 15.8062 15.8241 15.8376
 15.8563 15.8707 15.8958 15.9204 15.9484 15.9698 15.9907 16.0133 16.0369
 16.0946 16.3064
21.0359 22.0829 22.5588 22.6177 22.6806 22.7256 22.7478 22.7713 22.7992
 22.8198 22.8531 22.8749 22.8927 22.9155 22.9341 22.9532 22.9723 22.9961
 23.015  23.0316 23.048  23.0631 23.0764 23.0866 23.101  23.1125 23.1265
 23.1409 23.1565 23.1687 23.1821 23.1957 23.2102 23.2219 23.2376 23.251
 23.2638 23.2801 23.295  23.3105 23.3252 23.3365 23.3483 23.3608 23.3775
 23.3924 23.4063 23.4156 23.4265 23.4381 23.4605 23.4728 23.4846 23.4943
 23.505  23.5156 23.5283 23.5389 23.5503 23.5612 23.5746 23.5868 23.6
 23.6112 23.6227 23.6318 23.6431 23.6553 23.6649 23.6759 23.6878 23.6982
 23.7078 23.7205 23.7309 23.7415 23.7517 23.7643 23.775  23.7858 23.7967
 23.8091 23.8207 23.8301 23.8397 23.8511 23.8611 23.8704 23.8805 23.8896
 23.8988 23.9085 23.9189 23.9294 23.9401 23.9492 23.9582 23.969  23.9778
 23.9859 23.9948 24.0029 24.0123 24.0219 24.0307 24.0398 24.0489 24.0589
 24.0669 24.077  24.0849 24.0935 24.1017 24.1106 24.1194 24.128  24.1366
 24.1455 24.1537 24.1618 24.1697 24.1778 24.1869 24.1951 24.2045 24.2137
 24.222  24.2308 24.239  24.2481 24.2575 24.2662 24.2747 24.2826 24.2911
 24.2993 24.3078 24.3165 24.3243 24.3323 24.3399 24.3485 24.3566 24.3653
 24.3735 24.3815 24.3895 24.3982 24.4069 24.4147 24.4229 24.4317 24.4403
 24.4483 24.4579 24.4661 24.4744 24.4829 24.4913 24.4992 24.507  24.5147
 24.5229 24.5306 24.5395 24.5478 24.556  24.5643 24.5727 24.5809 24.5893
 24.5976 24.6057 24.6144 24.6227 24.6317 24.64   24.6484 24.6573 24.6658
 24.6738 24.6818 24.69   24.6986 24.7066 24.7149 24.7233 24.7317 24.7395
 24.7478 24.756  24.7642 24.7728 24.7815 24.7899 24.7986 24.807  24.8153
 24.8238 24.8317 24.8399 24.8482 24.8565 24.8643 24.8723 24.8799 24.8872
 24.8957 24.9034 24.9111 24.9197 24.928  24.9358 24.9443 24.9525 24.9609
 24.9694 24.9776 24.9859 24.9943 25.0035 25.012  25.0202 25.0293 25.0375
 25.0463 25.0555 25.0647 25.0731 25.0829 25.0911 25.1008 25.1103 25.1194
 25.1286 25.1379 25.1469 25.1566 25.1652 25.1743 25.184  25.194  25.2033
 25.2135 25.2231 25.2332 25.244  25.2542 25.2656 25.2759 25.2858 25.2959
 25.3065 25.3186 25.3287 25.3394 25.3496 25.3599 25.3698 25.3814 25.3942
 25.4062 25.4196 25.4322 25.4438 25.4561 25.4684 25.4816 25.4952 25.5094
 25.524  25.5427 25.554  25.5704 25.585  25.6004 25.6175 25.6349 25.6514
 25.6655 25.6881 25.7081 25.7288 25.7559 25.7755 25.7905 25.8075 25.8539
 25.9128 25.9558 28.42
30.7957 30.9327 31.1488 31.3999 31.5656 31.669  31.8447 31.8692 31.9326
 31.9919 32.0335 32.0546 32.0764 32.1013 32.121  32.1465 32.1711 32.1888
 32.2148 32.2451 32.2627 32.2787 32.292  32.3123 32.3291 32.3539 32.3757
 32.3974 32.4166 32.447  32.4626 32.4885 32.5018 32.5135 32.5248 32.5368
 32.5502 32.5638 32.577  32.5898 32.6053 32.6183 32.6342 32.6457 32.6567
 32.6671 32.6801 32.6926 32.703  32.7153 32.724  32.7355 32.7477 32.761
 32.7725 32.7861 32.7979 32.8092 32.8211 32.8329 32.8444 32.8554 32.8645
 32.8746 32.8864 32.8985 32.9109 32.9214 32.9324 32.942  32.9532 32.9639
 32.9754 32.9857 32.994  33.0024 33.0127 33.0225 33.0313 33.043  33.0522
 33.0618 33.0726 33.0823 33.0927 33.1043 33.1147 33.1281 33.1384 33.148
 33.1587 33.1678 33.178  33.1879 33.1985 33.2078 33.2173 33.2259 33.2356
 33.2447 33.2536 33.2637 33.2737 33.2841 33.2936 33.3023 33.3118 33.3204
 33.3299 33.3393 33.348  33.3565 33.3649 33.3737 33.3823 33.3919 33.4004
 33.4086 33.4169 33.4253 33.4336 33.4422 33.4506 33.4589 33.4674 33.4758
 33.4843 33.4919 33.5001 33.5082 33.5173 33.5263 33.5347 33.543  33.5509
 33.5594 33.5673 33.5754 33.5828 33.5907 33.598  33.6057 33.6141 33.622
 33.6304 33.6383 33.6458 33.6532 33.6608 33.6685 33.6761 33.6835 33.6916
 33.6999 33.7072 33.7149 33.7226 33.73   33.7378 33.745  33.7526 33.7611
 33.769  33.7772 33.7852 33.7929 33.8008 33.8087 33.8167 33.8246 33.8319
 33.8397 33.8479 33.8558 33.8636 33.8709 33.8791 33.8871 33.8952 33.9028
 33.9102 33.9177 33.9256 33.933  33.9401 33.9476 33.9547 33.9625 33.97
 33.9776 33.9852 33.9928 33.9999 34.0074 34.0148 34.0221 34.0296 34.0366
 34.0443 34.0523 34.0597 34.0672 34.0745 34.0823 34.0902 34.0978 34.1054
 34.1129 34.1204 34.128  34.1355 34.1428 34.1504 34.1581 34.1655 34.1727
 34.18   34.1876 34.1952 34.203  34.2105 34.2178 34.2254 34.2331 34.2405
 34.2484 34.2559 34.2636 34.2709 34.2784 34.2862 34.2939 34.3015 34.3094
 34.3169 34.3242 34.3319 34.3394 34.3468 34.3545 34.3622 34.37   34.378
 34.3855 34.3932 34.4003 34.4083 34.416  34.4242 34.4322 34.4401 34.4482
 34.4558 34.4633 34.4707 34.4781 34.4858 34.4935 34.5013 34.509  34.5171
 34.5248 34.5323 34.5407 34.5488 34.5571 34.5646 34.5727 34.5807 34.5883
 34.5959 34.6044 34.6126 34.6204 34.629  34.6376 34.6454 34.6537 34.6618
 34.6698 34.6787 34.6874 34.6962 34.7047 34.714  34.7226 34.731  34.7396
 34.7475 34.7558 34.7648 34.7737 34.7838 34.7933 34.8021 34.8125 34.8226
 34.8322 34.8416 34.8506 34.86   34.8692 34.8789 34.8889 34.8992 34.9088
 34.9187 34.9298 34.9411 34.9511 34.9629 34.9742 34.9878 34.9999 35.0133
 35.0278 35.0406 35.0523 35.0663 35.0807 35.093  35.1078 35.1195 35.1345
 35.146  35.1605 35.174  35.191  35.2054 35.2221 35.237  35.2532 35.269
 35.2907 35.3081 35.3294 35.347  35.3647 35.3862 35.4229 35.4542 35.4987
 35.5662
41.0197 41.1573 41.1925 41.2218 41.2507 41.2843 41.3028 41.3293 41.4127
 41.4368 41.4667 41.4979 41.5259 41.5463 41.5762 41.5919 41.6083 41.6269
 41.6469 41.6721 41.7148 41.727  41.7582 41.785  41.8113 41.838  41.8535
 41.8775 41.8918 41.9136 41.9319 41.9669 41.9847 42.0078 42.0455 42.059
 42.0808 42.0921 42.1129 42.134  42.1479 42.1713 42.1837 42.1961 42.209
 42.2269 42.2424 42.2624 42.2776 42.2937 42.3071 42.3209 42.3378 42.3529
 42.3668 42.3821 42.3935 42.406  42.4201 42.4353 42.4466 42.471  42.482
 42.4956 42.5076 42.5226 42.5382 42.5512 42.5638 42.5846 42.6006 42.6149
 42.6309 42.6449 42.6553 42.6688 42.6813 42.6953 42.7092 42.7217 42.7355
 42.7525 42.7648 42.7794 42.7939 42.8075 42.8195 42.8333 42.8485 42.8596
 42.871  42.8883 42.9033 42.9147 42.9261 42.9387 42.9543 42.9649 42.9803
 42.9912 43.0019 43.0146 43.0283 43.0411 43.0533 43.0668 43.0808 43.0938
 43.1059 43.1186 43.1288 43.1398 43.1503 43.1617 43.18   43.1922 43.2032
 43.2156 43.2254 43.2373 43.2488 43.2648 43.2768 43.2885 43.301  43.315
 43.3271 43.3385 43.351  43.3631 43.375  43.3888 43.4053 43.4171 43.431
 43.4433 43.4588 43.4712 43.4856 43.498  43.5115 43.5265 43.5406 43.5532
 43.572  43.5906 43.6094 43.6294 43.6466 43.6635 43.6849 43.7129 43.7424
 43.7623 43.7815 43.8014 43.8374 43.8799 43.9045 43.9309 43.9696 44.0029
 44.0547 44.0822 47.5184 49.5799 49.9522
50.0276 50.0559 50.1458 50.1716 50.2002 50.2341 50.2576 50.322  50.3438
 50.3612 50.3839 50.4049 50.4226 50.4416 50.4695 50.4891 50.5181 50.5324
 50.5543 50.5716 50.5864 50.6036 50.6218 50.6353 50.6519 50.6734 50.6869
 50.7004 50.7197 50.7406 50.765  50.7818 50.7983 50.81   50.8245 50.8455
 50.8604 50.8752 50.8917 50.9066 50.9192 50.9296 50.9434 50.9537 50.9648
 50.9749 50.9866 50.9975 51.0088 51.021  51.0327 51.0479 51.0594 51.0748
 51.0878 51.1014 51.1163 51.1265 51.1372 51.1472 51.1576 51.1678 51.1811
 51.1941 51.2043 51.2161 51.226  51.2365 51.2477 51.2586 51.2687 51.2804
 51.2917 51.3018 51.3123 51.3239 51.3327 51.3416 51.3499 51.3593 51.3689
 51.3776 51.386  51.3941 51.4035 51.413  51.4217 51.4301 51.4392 51.4484
 51.4585 51.4668 51.4748 51.4837 51.492  51.5003 51.5095 51.5191 51.5283
 51.5368 51.545  51.5541 51.5639 51.5724 51.5815 51.591  51.5998 51.6089
 51.6185 51.6277 51.6392 51.6487 51.6576 51.6662 51.6751 51.6836 51.6926
 51.7014 51.7098 51.7194 51.728  51.7366 51.7447 51.7536 51.7625 51.7707
 51.7792 51.7884 51.7965 51.8044 51.8126 51.8205 51.8279 51.8357 51.8437
 51.8522 51.8602 51.8682 51.8766 51.8845 51.893  51.9007 51.9084 51.9161
 51.9243 51.932  51.9403 51.9487 51.9567 51.9644 51.9722 51.9808 51.9886
 51.9959 52.0035 52.0119 52.0195 52.0273 52.0353 52.0431 52.051  52.059
 52.0666 52.0742 52.0822 52.0901 52.098  52.1055 52.1134 52.1213 52.1289
 52.1364 52.1441 52.1521 52.1596 52.1674 52.1748 52.1829 52.1906 52.1978
 52.2056 52.2131 52.221  52.229  52.2365 52.2441 52.2518 52.2593 52.2668
 52.2749 52.2821 52.2897 52.2979 52.3055 52.3135 52.3212 52.3291 52.3366
 52.3441 52.3519 52.3596 52.3673 52.3749 52.3823 52.3899 52.3976 52.4054
 52.413  52.4206 52.4285 52.4367 52.4443 52.4521 52.4595 52.4667 52.4745
 52.4822 52.4896 52.4972 52.5045 52.5123 52.5201 52.5283 52.5357 52.5434
 52.551  52.5591 52.5675 52.5758 52.5832 52.5914 52.5992 52.6066 52.6145
 52.6222 52.6302 52.6383 52.6459 52.6539 52.6615 52.6695 52.6775 52.6854
 52.6937 52.7015 52.7092 52.7179 52.7257 52.7337 52.7419 52.7495 52.7575
 52.7655 52.7741 52.7829 52.7909 52.7993 52.8069 52.8154 52.8237 52.8325
 52.8406 52.8489 52.8584 52.8668 52.8754 52.8841 52.8935 52.9021 52.9108
 52.919  52.9281 52.9364 52.9452 52.9548 52.9634 52.9727 52.9817 52.9921
 53.0012 53.0106 53.0204 53.0304 53.0391 53.049  53.059  53.068  53.0768
 53.0871 53.098  53.1081 53.1176 53.1275 53.1387 53.15   53.1618 53.1725
 53.1834 53.1943 53.2075 53.2215 53.2359 53.2503 53.2644 53.2787 53.2909
 53.3093 53.3225 53.3372 53.3561 53.3694 53.3848 53.4007 53.4162 53.4321
 53.4598 53.4802 53.5024 53.5298 53.5519 53.5731 53.5889 53.6099 53.6331
 53.6957 58.1481 58.9886 59.1952 59.415  59.4377 59.4888 59.5229 59.5604
 59.6427 59.6833 59.6998 59.7376 59.7634 59.8098 59.8301 59.8504 59.8729
 59.902  59.9298 59.9468 59.9664 59.9859
60.0004 60.0123 60.0272 60.0495 60.0697 60.0889 60.1133 60.1313 60.1471
 60.1708 60.1821 60.195  60.2175 60.2336 60.2471 60.2592 60.2714 60.2876
 60.3042 60.321  60.3361 60.3543 60.3711 60.3884 60.4015 60.4149 60.4367
 60.4554 60.4666 60.4796 60.4948 60.5048 60.5144 60.525  60.5379 60.5504
 60.5631 60.5743 60.587  60.6028 60.6133 60.6238 60.6382 60.6495 60.6629
 60.6748 60.6857 60.6998 60.7117 60.7268 60.737  60.7504 60.7624 60.774
 60.7861 60.7965 60.8092 60.8227 60.8346 60.8478 60.8588 60.8723 60.8855
 60.898  60.9117 60.9251 60.9407 60.9519 60.9617 60.973  60.9847 60.9961
 61.0059 61.0168 61.0281 61.0393 61.0507 61.0636 61.0762 61.0873 61.0968
 61.1076 61.1186 61.1287 61.1394 61.1503 61.1594 61.1695 61.1805 61.1909
 61.2011 61.2115 61.2222 61.2319 61.2424 61.2535 61.2645 61.2745 61.2847
 61.2953 61.3056 61.3151 61.3272 61.3375 61.3476 61.3606 61.3713 61.3821
 61.3932 61.4044 61.4157 61.4276 61.441  61.4516 61.4653 61.4763 61.4865
 61.4982 61.5094 61.5202 61.5302 61.5402 61.5508 61.5626 61.5743 61.5858
 61.5953 61.6078 61.6191 61.6303 61.6423 61.6532 61.665  61.6782 61.6937
 61.7095 61.7234 61.7358 61.7474 61.7602 61.7723 61.7844 61.7966 61.8138
 61.8292 61.8461 61.8594 61.8781 61.8971 61.9172 61.9397 61.9686 61.9882
 62.0138 62.0316 62.0452 62.0674 62.0857 62.1124 62.1387 62.1564 62.1874
 62.2792 62.3345 62.3643 67.5869 67.7678 67.8226 67.8556 67.9828 68.0314
 68.1101 68.3233 68.3964 68.4211 68.4399 68.4642 68.4816 68.5023 68.5263
 68.5548 68.5974 68.6316 68.6743 68.7053 68.73   68.752  68.7643 68.7811
 68.8002 68.8123 68.8319 68.8549 68.868  68.8789 68.8917 68.9111 68.9247
 68.9398 68.9583 68.9706 68.9832 68.993  69.0068 69.0215 69.0379 69.052
 69.0655 69.0802 69.095  69.1073 69.121  69.1336 69.1516 69.165  69.1766
 69.1899 69.209  69.2206 69.2316 69.2455 69.2581 69.2693 69.2792 69.2904
 69.3008 69.3124 69.324  69.3366 69.3523 69.3649 69.3761 69.3879 69.3993
 69.4152 69.4266 69.4387 69.4504 69.4629 69.4758 69.4892 69.499  69.5102
 69.5211 69.532  69.5424 69.5532 69.5637 69.5755 69.5849 69.5947 69.6064
 69.6171 69.6283 69.6409 69.6527 69.6626 69.6752 69.6869 69.7001 69.71
 69.7208 69.7308 69.7419 69.7515 69.7624 69.7721 69.7832 69.7943 69.8036
 69.8132 69.8228 69.8318 69.8405 69.8506 69.8599 69.8699 69.8795 69.8895
 69.8989 69.9099 69.9196 69.9294 69.9386 69.9483 69.9581 69.9688 69.9787
 69.9873 69.9963

