11.6129 12.7078 13.6799 14.1252 14.1598 14.1752 14.2186 14.2538 14.2727
 14.3148 14.3375 14.353  14.3985 14.4309 14.4611 14.4878 14.5024 14.5142
 14.5355 14.552  14.5691 14.5937 14.6125 14.6475 14.6603 14.6811 14.6954
 14.7086 14.7235 14.7425 14.7614 14.7781 14.7913 14.8039 14.8215 14.8364
 14.851  14.8686 14.8867 14.8996 14.9115 14.9235 14.942  14.955  14.9682
 14.9955 15.0442 15.1055 15.1286 15.1418
21.4411 21.6228 21.7123 21.806  21.9807 22.1391 22.222  22.2471 22.2856
 22.344  22.3746 22.4087 22.4337 22.4819 22.4988 22.5168 22.543  22.5808
 22.6011 22.6216 22.6696 22.6874 22.7034 22.7175 22.7296 22.7399 22.752
 22.7655 22.7791 22.7931 22.8098 22.8202 22.8314 22.8446 22.8641 22.8792
 22.8903 22.9018 22.9183 22.9309 22.9399 22.9493 22.9627 22.973  22.9823
 22.9925 23.0028 23.0135 23.0222 23.0325 23.0417 23.0507 23.0606 23.0693
 23.0778 23.0868 23.0954 23.104  23.1149 23.1235 23.1323 23.1423 23.151
 23.1603 23.1681 23.1765 23.1848 23.1931 23.2013 23.2102 23.2184 23.226
 23.2341 23.2441 23.2522 23.2603 23.269  23.2774 23.2864 23.2949 23.303
 23.3115 23.3206 23.3282 23.3355 23.3434 23.3514 23.3587 23.3664 23.374
 23.3814 23.3895 23.3967 23.4041 23.4115 23.4192 23.4263 23.4348 23.4418
 23.4494 23.4569 23.4642 23.4715 23.4791 23.4861 23.493  23.5003 23.5075
 23.5149 23.5217 23.5289 23.5363 23.5434 23.5506 23.5579 23.565  23.5723
 23.5799 23.5873 23.5947 23.602  23.6093 23.6164 23.6234 23.6306 23.6386
 23.6458 23.6529 23.66   23.6671 23.674  23.6815 23.6889 23.6959 23.703
 23.7099 23.7174 23.7247 23.7318 23.7389 23.7459 23.7532 23.7604 23.7672
 23.774  23.7809 23.7877 23.7943 23.8011 23.8078 23.8146 23.8216 23.8285
 23.8352 23.8425 23.8501 23.857  23.864  23.8707 23.8777 23.8847 23.8916
 23.8982 23.9052 23.9122 23.919  23.9256 23.9328 23.94   23.947  23.9539
 23.9608 23.9681 23.9748 23.982  23.9894 23.9971 24.004  24.0107 24.0178
 24.0248 24.0324 24.0396 24.0469 24.054  24.0612 24.0684 24.0755 24.0825
 24.0904 24.0976 24.105  24.1123 24.1195 24.127  24.1345 24.1419 24.1494
 24.1567 24.165  24.1726 24.18   24.1878 24.1954 24.2034 24.2111 24.2193
 24.2283 24.2363 24.2447 24.2533 24.2616 24.2696 24.2773 24.2859 24.2934
 24.3017 24.3101 24.3188 24.3276 24.338  24.3479 24.3561 24.3662 24.3799
 24.3913 24.405  24.418  24.43   24.4466 24.4624 24.4764 24.4985 29.3895
30.7483 31.5439 31.6492 31.7354 31.7559 31.7846 31.8329 31.8784 31.8977
 31.9173 31.9636 31.9807 31.9978 32.0179 32.0359 32.0631 32.0812 32.0921
 32.1041 32.1165 32.1331 32.1446 32.1629 32.1868 32.2001 32.2129 32.2256
 32.2366 32.2469 32.2594 32.2719 32.2828 32.2978 32.3128 32.3216 32.3316
 32.3418 32.3534 32.3646 32.3749 32.3881 32.3976 32.4078 32.4185 32.4299
 32.4395 32.4511 32.4605 32.4699 32.4798 32.4885 32.4988 32.5073 32.5156
 32.5252 32.5346 32.544  32.5522 32.5639 32.5724 32.5807 32.589  32.5964
 32.6047 32.6124 32.6197 32.6278 32.6357 32.6438 32.6518 32.66   32.6686
 32.6756 32.6832 32.6907 32.698  32.7059 32.7129 32.7201 32.7277 32.735
 32.7427 32.7507 32.7582 32.7656 32.7728 32.7799 32.7869 32.7943 32.8016
 32.8093 32.8165 32.8233 32.8305 32.8377 32.8448 32.8519 32.859  32.8671
 32.8749 32.8822 32.8892 32.8965 32.9036 32.9104 32.9174 32.9245 32.9317
 32.939  32.9458 32.9529 32.9598 32.9668 32.9735 32.9802 32.9872 32.994
 33.0009 33.0077 33.0149 33.0221 33.029  33.0364 33.0432 33.0503 33.0569
 33.0635 33.0704 33.0775 33.0842 33.0908 33.0974 33.1041 33.1109 33.1179
 33.1244 33.131  33.1374 33.1441 33.1507 33.1571 33.1636 33.1703 33.1769
 33.1837 33.1903 33.197  33.2037 33.2102 33.2167 33.2234 33.2301 33.2365
 33.243  33.25   33.2564 33.2632 33.27   33.2766 33.2835 33.2903 33.2968
 33.3036 33.3103 33.3168 33.3233 33.3298 33.3363 33.3428 33.3491 33.3559
 33.3624 33.3689 33.3755 33.382  33.3885 33.3951 33.4018 33.4084 33.4151
 33.4221 33.4287 33.4351 33.4416 33.4482 33.4549 33.4614 33.468  33.4745
 33.4809 33.4877 33.4943 33.5013 33.5079 33.5146 33.5214 33.5279 33.5344
 33.5412 33.5477 33.5544 33.5612 33.5679 33.5746 33.5814 33.5883 33.5951
 33.6022 33.6088 33.6156 33.6225 33.6291 33.6358 33.6427 33.6494 33.6559
 33.6627 33.6697 33.6768 33.6841 33.6915 33.6987 33.7062 33.7135 33.7203
 33.7273 33.7351 33.7424 33.7498 33.7571 33.7646 33.7721 33.7797 33.7873
 33.7951 33.8027 33.8107 33.8186 33.8263 33.8344 33.8422 33.8497 33.8577
 33.8655 33.8734 33.8816 33.8904 33.9    33.909  33.9201 33.9301 33.9409
 33.9513 33.9615 33.9737 33.9855 33.9995 34.0106 34.0223 34.0331 34.0526
 34.0667 34.0801 34.0937 34.1111
40.3506 40.6014 40.7045 40.9941 41.1222 41.3332 41.3929 41.4256 41.4837
 41.5125 41.5255 41.5422 41.5597 41.5834 41.6004 41.6177 41.6297 41.6498
 41.6645 41.6876 41.7035 41.7222 41.7351 41.7465 41.7573 41.7761 41.7911
 41.8076 41.8181 41.8318 41.8439 41.8554 41.8722 41.8834 41.8987 41.9109
 41.9301 41.9413 41.9546 41.9677 41.9766 41.9866 41.9967 42.0062 42.0169
 42.0287 42.0399 42.0539 42.0642 42.0747 42.0832 42.0928 42.1019 42.1117
 42.123  42.1372 42.1477 42.1576 42.1684 42.1797 42.1905 42.2013 42.211
 42.2219 42.2324 42.241  42.2507 42.2603 42.2705 42.2812 42.2924 42.3025
 42.311  42.3229 42.3328 42.3431 42.3546 42.3659 42.3759 42.3896 42.4013
 42.4129 42.4249 42.4398 42.4525 42.4629 42.4782 42.4902 42.499  42.5084
 42.5205 42.5297 42.5395 42.5555 42.5659 42.5795 42.5897 42.6105 42.6218
 42.6412 42.6556 42.7025 48.3917 49.7008 49.9449 49.9672 49.9882
50.0083 50.0366 50.052  50.068  50.0895 50.1196 50.1498 50.1717 50.1974
 50.2279 50.2424 50.2545 50.2726 50.2931 50.3065 50.3245 50.3359 50.3513
 50.3628 50.3751 50.3862 50.4018 50.4202 50.4311 50.449  50.4628 50.4812
 50.4963 50.5095 50.5219 50.5361 50.5497 50.5587 50.5702 50.5829 50.5928
 50.6036 50.6122 50.6227 50.6318 50.6416 50.6506 50.6611 50.6705 50.6791
 50.6879 50.6954 50.7038 50.7128 50.7207 50.7289 50.7367 50.7445 50.7529
 50.761  50.7687 50.7772 50.7874 50.7972 50.808  50.8156 50.8236 50.8318
 50.841  50.8481 50.8564 50.8646 50.8723 50.8798 50.8885 50.8965 50.904
 50.9114 50.9191 50.927  50.9343 50.9416 50.9494 50.9567 50.9641 50.9713
 50.9797 50.9873 50.9951 51.0025 51.0098 51.0175 51.0246 51.0321 51.0392
 51.0467 51.0536 51.061  51.0682 51.076  51.083  51.0903 51.0973 51.1045
 51.1119 51.1193 51.1273 51.1353 51.1424 51.1496 51.1566 51.1637 51.1704
 51.1774 51.1842 51.1913 51.1983 51.2054 51.2122 51.219  51.2261 51.2328
 51.2394 51.2465 51.2534 51.2601 51.2669 51.2738 51.2808 51.2874 51.2941
 51.3005 51.3072 51.3141 51.3212 51.3276 51.3344 51.3411 51.348  51.3547
 51.3615 51.3684 51.3751 51.3816 51.3882 51.3948 51.4015 51.4081 51.4146
 51.4213 51.4278 51.4345 51.4409 51.4477 51.4541 51.4608 51.4675 51.474
 51.4805 51.4871 51.4938 51.5004 51.5071 51.5137 51.5201 51.5269 51.5338
 51.5407 51.5473 51.554  51.5605 51.5673 51.5738 51.5808 51.5876 51.5943
 51.6009 51.6076 51.6143 51.6218 51.6285 51.6355 51.6423 51.6492 51.6562
 51.663  51.6699 51.6763 51.6832 51.6898 51.6968 51.7038 51.7109 51.7178
 51.7251 51.7319 51.7393 51.7458 51.7525 51.7596 51.7665 51.7732 51.7807
 51.7876 51.795  51.8024 51.8094 51.8165 51.8233 51.83   51.8371 51.8442
 51.8512 51.8583 51.8654 51.8728 51.8799 51.8868 51.8951 51.9022 51.9094
 51.9168 51.9248 51.933  51.9404 51.9479 51.9557 51.9634 51.9718 51.9797
 51.9876 51.9958 52.0046 52.0129 52.022  52.0308 52.0396 52.0498 52.0598
 52.0683 52.0765 52.0846 52.0934 52.1024 52.1128 52.1228 52.1345 52.1452
 52.155  52.1694 52.1849 52.1982 52.2114 52.2293 52.2497 52.2746 52.3047
 58.3227 58.4187 58.6495 58.9684 59.1365 59.2588 59.2829 59.3767 59.3907
 59.4258 59.4626 59.5056 59.5188 59.5429 59.5878 59.6053 59.619  59.6357
 59.6547 59.6762 59.6887 59.6996 59.718  59.7347 59.7461 59.7601 59.7868
 59.8045 59.8186 59.8471 59.8619 59.8727 59.885  59.8974 59.9143 59.9285
 59.9392 59.9521 59.9634 59.9756 59.9888
60.0013 60.0145 60.0241 60.0347 60.0514 60.0653 60.0754 60.0854 60.097
 60.1065 60.1164 60.126  60.1354 60.1459 60.1605 60.1724 60.1851 60.1949
 60.2044 60.214  60.2243 60.2355 60.2444 60.255  60.2635 60.2739 60.2862
 60.2956 60.3036 60.3133 60.3218 60.3325 60.3442 60.3541 60.3628 60.3744
 60.3837 60.3935 60.4037 60.4134 60.4224 60.4309 60.4423 60.4519 60.4619
 60.4722 60.4826 60.4923 60.5018 60.5106 60.5193 60.5288 60.5391 60.5489
 60.5594 60.5685 60.5782 60.5873 60.5969 60.6073 60.618  60.627  60.6372
 60.6496 60.659  60.6682 60.6792 60.6869 60.6982 60.7066 60.7153 60.7292
 60.7381 60.7504 60.7621 60.7765 60.7875 60.797  60.8082 60.8181 60.8323
 60.8434 60.8576 60.8721 60.8838 60.8973 60.9169 60.9535 65.0039 67.6739
 67.8891 67.9857 68.0168 68.104  68.1668 68.1928 68.2231 68.2842 68.3247
 68.3522 68.3655 68.3831 68.4124 68.4386 68.4608 68.491  68.5075 68.5244
 68.5397 68.5551 68.5788 68.5922 68.6142 68.6276 68.6416 68.6584 68.671
 68.6836 68.697  68.7115 68.7224 68.7352 68.7468 68.7572 68.7674 68.779
 68.79   68.801  68.8112 68.8247 68.8348 68.8456 68.8581 68.8685 68.8774
 68.8872 68.8975 68.9082 68.9182 68.9308 68.9396 68.9488 68.9572 68.9662
 68.9753 68.9865 68.9949 69.0051 69.0151 69.0243 69.0336 69.0434 69.0532
 69.0629 69.0723 69.0804 69.089  69.0988 69.108  69.1164 69.1243 69.1326
 69.1409 69.149  69.1572 69.1655 69.1733 69.1821 69.1898 69.1993 69.2079
 69.2157 69.2248 69.2347 69.2434 69.2516 69.259  69.2663 69.2742 69.282
 69.2904 69.2985 69.307  69.3148 69.3222 69.3304 69.3381 69.3454 69.353
 69.3611 69.3683 69.3754 69.3828 69.3903 69.3977 69.4055 69.4136 69.4211
 69.428  69.4351 69.4422 69.4496 69.4566 69.4645 69.4719 69.4799 69.4871
 69.4944 69.5018 69.5094 69.5174 69.5246 69.5318 69.5389 69.546  69.5533
 69.5606 69.5675 69.5747 69.5821 69.5892 69.5971 69.6041 69.6111 69.6184
 69.626  69.633  69.6399 69.6473 69.6547 69.6624 69.6703 69.6775 69.6847
 69.6923 69.7    69.7074 69.7146 69.7223 69.7296 69.7379 69.7458 69.7536
 69.761  69.7688 69.7765 69.785  69.7937 69.8016 69.8093 69.8166 69.8249
 69.8325 69.8403 69.8484 69.8564 69.8638 69.8721 69.8812 69.8892 69.8968
 69.9049 69.9128 69.9213 69.9293 69.9377 69.9473 69.9577 69.968  69.9779
 69.9876 69.997

