13.9597 14.064  14.1929 14.4137
20.768  21.3288 21.9949 22.055  22.1605 22.2422 22.3793 22.4614 22.4823
 22.5269 22.6011 22.6688 22.7023 22.754  22.7726 22.8596 22.8874 22.9412
 22.9807 22.9973 23.0765 23.107  23.135  23.1525 23.1696 23.2028 23.2334
 23.3012 23.341  23.3702 23.4043 23.428  23.5395 23.6197 23.6547
30.8569 31.4379 31.5629 31.6056 31.6692 31.7303 31.8046 31.8577 31.9089
 31.9989 32.1375 32.1638 32.231  32.2603 32.2795 32.2975 32.3266 32.3431
 32.3635 32.4292 32.4519 32.4675 32.486  32.4987 32.5176 32.5472 32.5796
 32.5922 32.6058 32.625  32.6394 32.6508 32.673  32.6867 32.7146 32.7409
 32.7596 32.7789 32.8054 32.819  32.8299 32.877  32.9002 32.9162 32.9373
 32.9508 32.9725 33.0145 33.0319 33.0543 33.1018 33.1229 33.2827
41.1896 41.2342 41.2905 42.0193 42.0523 49.7947
50.0528 50.1901 50.2254 50.3567 50.3802 50.4487 50.475  50.5098 50.5252
 50.5707 50.6028 50.6295 50.6557 50.6745 50.6917 50.7154 50.7316 50.753
 50.7672 50.7804 50.7974 50.8166 50.8491 50.8669 50.8804 50.8971 50.9112
 50.928  50.9545 50.9761 50.9914 51.0193 51.0468 51.0675 51.1056 51.1334
 51.1465 51.1676 51.1929 51.2281 51.2516 51.2705 51.2866 51.3074 51.3377
 51.3624 51.4494 58.8676 59.1096 59.399  59.4444 59.5334 59.7636 59.7899
 59.8102 59.8384
60.1183 60.151  67.9139 68.0907 68.1372 68.1663 68.2242 68.4401 68.5068
 68.533  68.558  68.5737 68.6292 68.677  68.7124 68.7502 68.7709 68.8098
 68.8636 68.9245 68.9377 68.9704 68.9932 69.0214 69.0472 69.0744 69.0902
 69.1093 69.1253 69.1816 69.2218

