12.1501 12.785  13.4669 13.5304 13.5736 13.7595 13.8459 13.8765 13.9164
 13.9384 13.9789 14.0614 14.0765 14.1115 14.1525 14.1865 14.1962 14.2415
 14.2787 14.2949 14.3482 14.3834 14.3974 14.4629
20.8468 21.4148 21.4577 21.6338 21.7573 21.9212 22.054  22.1627 22.1805
 22.2285 22.2476 22.2679 22.2809 22.3013 22.3323 22.36   22.3776 22.3961
 22.4139 22.4305 22.458  22.4803 22.5039 22.5202 22.5332 22.5695 22.6062
 22.6266 22.6418 22.6539 22.6651 22.6785 22.6892 22.6984 22.7079 22.717
 22.7366 22.7515 22.7625 22.7794 22.789  22.8    22.8185 22.8288 22.8394
 22.8497 22.8594 22.8672 22.8773 22.8859 22.8949 22.9045 22.9131 22.9247
 22.9358 22.9497 22.9614 22.9776 22.987  22.9973 23.0095 23.0256 23.035
 23.0449 23.0544 23.0645 23.0763 23.0857 23.0963 23.1065 23.1164 23.1256
 23.134  23.1438 23.1539 23.1631 23.1703 23.1811 23.19   23.1996 23.209
 23.2188 23.2314 23.2433 23.2525 23.2609 23.2699 23.2802 23.2896 23.2997
 23.3077 23.3177 23.3264 23.3351 23.3454 23.3548 23.3629 23.3731 23.3829
 23.3942 23.403  23.4119 23.4225 23.434  23.4517 23.4613 23.476  23.4861
 23.4958 23.507  23.5182 23.5286 23.5433 23.5522 23.5654 23.5779 23.5994
 23.6165 23.6395 23.6486 23.6777 23.6953 23.7203 23.7633
30.7513 31.2639 31.3176 31.3707 31.4095 31.4765 31.4965 31.5253 31.5412
 31.587  31.6435 31.6941 31.7339 31.7495 31.7629 31.7807 31.8084 31.8295
 31.8569 31.8696 31.8827 31.8993 31.9139 31.9265 31.9417 31.9562 31.9678
 31.9805 31.9952 32.006  32.0173 32.0289 32.0455 32.0576 32.0677 32.0771
 32.094  32.1114 32.124  32.1354 32.1475 32.1581 32.1675 32.1779 32.1879
 32.1996 32.2093 32.2195 32.2301 32.2406 32.25   32.2604 32.2698 32.2818
 32.2897 32.3021 32.3131 32.3235 32.3349 32.3444 32.3526 32.363  32.373
 32.3819 32.3908 32.3994 32.4086 32.4186 32.4269 32.4371 32.4489 32.4586
 32.4713 32.4818 32.491  32.5023 32.5119 32.5211 32.5301 32.5387 32.5476
 32.5554 32.5645 32.5745 32.5863 32.5968 32.6073 32.6161 32.6264 32.6371
 32.6471 32.6573 32.6652 32.6752 32.684  32.6925 32.7014 32.711  32.721
 32.7301 32.7388 32.7492 32.7582 32.7693 32.7771 32.7859 32.7947 32.8035
 32.8119 32.8216 32.8299 32.8384 32.8473 32.8568 32.8652 32.8748 32.8822
 32.8916 32.8993 32.9069 32.9173 32.929  32.9384 32.9487 32.9573 32.965
 32.9761 32.9847 32.9927 33.0043 33.0127 33.0204 33.0292 33.0393 33.0501
 33.0612 33.0731 33.0823 33.0935 33.105  33.1169 33.1274 33.1417 33.1608
 33.1751 33.1886 33.1982 33.2168 33.2276 33.3001 33.3158 33.3288 33.3572
 39.8242
40.4889 40.7495 40.9806 41.0096 41.0839 41.1087 41.1758 41.2284 41.2436
 41.2591 41.2749 41.3588 41.3768 41.3998 41.4204 41.4433 41.4967 41.5211
 41.5396 41.5607 41.5766 41.5973 41.609  41.629  41.6492 41.6966 41.7128
 41.7237 41.7337 41.7464 41.7638 41.7779 41.7899 41.8012 41.8126 41.8223
 41.8704 41.884  41.9022 41.9497 41.9633 41.9821 42.0068 42.021  42.0362
 42.0526 42.1239 49.4729 49.5066 49.5357 49.63   49.7025 49.7878 49.8215
 49.8429 49.8803 49.8986 49.9163 49.9385 49.9559 49.9668 49.9787 49.9928
50.0167 50.0698 50.086  50.1002 50.1195 50.1327 50.146  50.1615 50.1749
 50.1946 50.2072 50.221  50.2343 50.2452 50.2557 50.2647 50.276  50.2915
 50.3019 50.3208 50.3339 50.3451 50.355  50.3646 50.3755 50.3846 50.3959
 50.4085 50.4199 50.4281 50.4374 50.4458 50.4554 50.4649 50.4746 50.4847
 50.494  50.5034 50.5132 50.5234 50.5319 50.5442 50.5532 50.5651 50.5741
 50.5852 50.5973 50.6062 50.615  50.6241 50.6323 50.6408 50.6495 50.6598
 50.6684 50.6769 50.686  50.6944 50.7051 50.7144 50.7234 50.7314 50.7402
 50.7488 50.7565 50.7644 50.7726 50.7828 50.7921 50.8001 50.8086 50.8172
 50.8256 50.8346 50.8434 50.8518 50.8603 50.8696 50.8782 50.8875 50.8967
 50.9053 50.9157 50.9263 50.934  50.9491 50.9589 50.9674 50.9763 50.9849
 50.993  51.003  51.0132 51.0218 51.031  51.04   51.0484 51.057  51.0647
 51.0726 51.0821 51.0915 51.099  51.1075 51.116  51.1254 51.1365 51.1458
 51.1543 51.1649 51.1731 51.183  51.1912 51.2001 51.2108 51.2192 51.2289
 51.238  51.2475 51.2589 51.2691 51.2812 51.291  51.3006 51.315  51.3255
 51.3375 51.3495 51.3636 51.3749 51.3871 51.3962 51.4078 51.4188 51.4318
 51.4449 51.4614 51.4733 51.484  51.529  56.8709 58.7815 58.8766 59.1502
 59.1743 59.2011 59.2657 59.2886 59.3214 59.3367 59.3548 59.3786 59.4023
 59.4497 59.4685 59.4908 59.527  59.5793 59.5984 59.6307 59.654  59.6644
 59.6819 59.6985 59.7134 59.7293 59.7578 59.7698 59.7817 59.7943 59.8108
 59.8251 59.8407 59.8591 59.8709 59.8845 59.8974 59.9076 59.9183 59.9481
 59.9675 59.9812 59.9909
60.0015 60.0109 60.0216 60.0369 60.0559 60.0732 60.0976 60.1098 60.1445
 60.1606 60.1693 60.1863 60.1985 60.2211 60.2398 60.2706 60.305  66.6042
 67.7652 67.9106 67.9645 67.9934 68.0341 68.0634 68.1029 68.1289 68.1493
 68.1631 68.1825 68.1987 68.2196 68.2308 68.242  68.2569 68.2818 68.3108
 68.3425 68.368  68.3838 68.3976 68.4096 68.4206 68.4309 68.4414 68.4518
 68.4671 68.4879 68.5049 68.5163 68.5283 68.5386 68.5491 68.558  68.5711
 68.585  68.5958 68.6066 68.6159 68.6255 68.6358 68.6459 68.6589 68.6706
 68.6819 68.691  68.7011 68.7167 68.7271 68.7388 68.7498 68.7595 68.7687
 68.7804 68.7884 68.7967 68.8081 68.8189 68.8299 68.844  68.8535 68.8664
 68.8787 68.8901 68.8996 68.9083 68.9171 68.9294 68.9397 68.9498 68.9576
 68.9666 68.9753 68.9849 68.9962 69.0068 69.0152 69.026  69.0351 69.0448
 69.0574 69.0678 69.0798 69.092  69.1017 69.1166 69.125  69.1362 69.1456
 69.1547 69.1664 69.1783 69.192  69.2033 69.2149 69.2249 69.2355 69.2474
 69.2611 69.2694 69.2781 69.2958 69.312  69.3248 69.3359 69.3569 69.3715
 69.3929 69.4079 69.4453 69.5208

