10.8047 11.8396 12.2546 12.7279 12.8304 13.0762 13.1004 13.1314 13.2412
 13.2635 13.2857 13.3564 13.3769 13.5266 13.5546 13.6948 13.7586 13.8016
 13.8215 13.8598 13.8783 13.9023 13.9451 13.9845 14.0221 14.0629 14.1191
 14.1322
21.0612 22.5021 23.0112 23.0727 23.1021 23.1609 23.2417 23.4181 23.4839
 23.5622
31.0214 31.1027 31.4559 31.6793 31.6956 31.7233 31.7876 31.8314 31.8529
 31.9004 31.9469 31.9749 32.0223 32.0418 32.0926 32.137  32.2137 32.2397
 32.3326 32.5566 39.1355 39.4966 39.5506
40.4984 40.5214 40.5476 40.6243 40.6798 40.7264 40.7614 40.7737 40.8406
 40.9069 40.9468 41.0437 41.1118 41.1998 41.2205 41.2395 41.2767 41.3014
 41.3836 41.4263 41.4478 41.4819 41.5188 41.5419 41.6719 48.8348 49.0655
 49.1169 49.1997 49.3441 49.6593 49.8182 49.8764 49.9144 49.9903
50.0752 50.1468 50.1875 50.209  50.2489 50.3409 50.4043 57.8632 58.1063
 58.2952 58.3908 58.448  58.4747 58.5488 58.5728 58.6539 58.9287 59.0011
 59.0485 59.093  59.1544 59.2316 59.2514 59.2878 59.3141 59.4245 59.476
 59.5681
66.3115 66.9422 67.1877 67.2629 67.6509 67.9178 67.9633 68.0134 68.0703
 68.1179 68.2147 68.3014 68.3299 68.3748 68.3998 68.5959 68.6793 68.7344
 68.7798 68.8371

