10.9562 12.2598 12.3649 12.4934 12.5302 12.8328 12.9158 12.9506 12.9811
 13.0028 13.0345 13.1624 13.1926 13.2238 13.2525 13.266  13.2893 13.3104
 13.3304 13.353  13.3726 13.3958 13.4245 13.4501 13.4643 13.483  13.5028
 13.5206 13.5337 13.5443 13.5559 13.5675 13.5819 13.5936 13.6036 13.614
 13.6244 13.6382 13.6503 13.6621 13.6738 13.6835 13.6928 13.7032 13.713
 13.7266 13.7376 13.747  13.7588 13.7718 13.7845 13.7953 13.8054 13.8167
 13.8268 13.8373 13.8473 13.8593 13.8697 13.8787 13.8877 13.8968 13.9062
 13.9154 13.9261 13.9354 13.9456 13.9544 13.9626 13.9717 13.9802 13.9883
 13.9967 14.0066 14.0159 14.0254 14.0333 14.0415 14.0497 14.0594 14.0681
 14.0769 14.0857 14.0941 14.1036 14.1123 14.1203 14.1288 14.1377 14.1466
 14.155  14.1634 14.1718 14.1804 14.1884 14.1968 14.2054 14.2131 14.2219
 14.2305 14.2397 14.2484 14.2575 14.2664 14.2749 14.2825 14.2913 14.3013
 14.3115 14.3215 14.3302 14.3384 14.3465 14.3542 14.3622 14.3705 14.3786
 14.3864 14.3945 14.4028 14.4117 14.4195 14.4272 14.4359 14.4448 14.454
 14.4624 14.4705 14.4783 14.4871 14.4954 14.5042 14.5125 14.5208 14.5297
 14.5384 14.5474 14.5561 14.5653 14.5748 14.5851 14.5937 14.602  14.6105
 14.6204 14.6289 14.6385 14.6478 14.6574 14.6659 14.6744 14.6833 14.6916
 14.7001 14.708  14.7167 14.726  14.7347 14.7438 14.7518 14.7612 14.7712
 14.7826 14.7942 14.8047 14.8129 14.821  14.8318 14.8403 14.8498 14.8588
 14.8678 14.8776 14.8897 14.8998 14.9095 14.9187 14.9291 14.9397 14.9495
 14.9604 14.9716 14.9825 14.9918 15.0016 15.0115 15.0233 15.0364 15.0477
 15.0587 15.0691 15.0795 15.09   15.1024 15.113  15.1236 15.1345 15.1453
 15.157  15.1681 15.1785 15.1888 15.2027 15.2158 15.2288 15.2418 15.2536
 15.2657 15.2771 15.2877 15.2998 15.3098 15.3207 15.3314 15.3439 15.3581
 15.3685 15.3832 15.3966 15.4088 15.4237 15.4364 15.4537 15.4674 15.4842
 15.4999 15.5172 15.531  15.5493 15.5665 15.5808 15.5972 15.6186 15.6391
 15.6556 15.6727 15.688  15.7034 15.7207 15.7428 15.7712 15.8165 15.8939
22.2305 22.3378 22.7203 22.749  22.8281 22.8576 22.8867 22.9117 22.9689
 22.9948 23.0129 23.0278 23.045  23.065  23.0859 23.1029 23.1169 23.1657
 23.1963 23.2139 23.2302 23.2481 23.2656 23.2901 23.315  23.3315 23.3541
 23.3661 23.3799 23.3957 23.4085 23.4254 23.4396 23.451  23.4618 23.4736
 23.4879 23.5145 23.5272 23.5394 23.5515 23.5625 23.5741 23.5852 23.5958
 23.6058 23.6158 23.6288 23.6408 23.6516 23.6641 23.6738 23.6873 23.6979
 23.7088 23.7219 23.7347 23.7477 23.7584 23.768  23.7796 23.7907 23.8025
 23.8155 23.825  23.8365 23.8524 23.8643 23.878  23.8899 23.9023 23.9115
 23.9229 23.9342 23.9441 23.9554 23.9674 23.9785 23.9881 23.9992 24.0088
 24.0201 24.0332 24.0428 24.0538 24.065  24.075  24.0874 24.098  24.1133
 24.1241 24.1381 24.1499 24.1629 24.1758 24.1902 24.202  24.2136 24.2237
 24.2352 24.2524 24.2628 24.2747 24.2883 24.3023 24.3168 24.3275 24.343
 24.3567 24.3739 24.3941 24.4097 24.4242 24.4481 24.4684 24.4873 24.5004
 24.5162 24.5298 24.5461 24.564  24.5843 24.6022 24.6168 24.6394 24.654
 24.6694 24.6853 24.7055 24.7253 24.7446 24.7726 24.7902 24.8066 24.8379
 24.8574 24.8752 24.9004 24.9137 24.9321 24.9527 25.0006 25.0259 25.0645
 25.0959 25.1198 25.1548 25.2138 25.6224
30.1124 30.7838 30.8551 30.9539 31.2088 31.297  31.3643 31.3906 31.4168
 31.4515 31.4866 31.513  31.5407 31.5543 31.578  31.5957 31.6165 31.6325
 31.6528 31.6811 31.7086 31.7291 31.7455 31.7683 31.7851 31.7983 31.8124
 31.825  31.8381 31.8519 31.8629 31.8756 31.8892 31.9036 31.9176 31.9316
 31.9431 31.9565 31.9692 31.981  31.9906 32.0046 32.0145 32.0252 32.0347
 32.0471 32.0569 32.0681 32.0786 32.0894 32.0995 32.1116 32.1225 32.1337
 32.1441 32.1542 32.1629 32.1725 32.1822 32.192  32.2017 32.2109 32.22
 32.2285 32.2375 32.2475 32.2575 32.2684 32.2769 32.2867 32.2951 32.3034
 32.3129 32.3229 32.3322 32.3419 32.3505 32.3596 32.3686 32.377  32.386
 32.3948 32.4031 32.4115 32.4193 32.4274 32.4363 32.4451 32.4533 32.4625
 32.4717 32.4819 32.4916 32.5005 32.5087 32.5168 32.5253 32.533  32.5409
 32.5489 32.557  32.5648 32.5736 32.5818 32.5901 32.5988 32.6072 32.6157
 32.6242 32.6329 32.641  32.6492 32.6568 32.6651 32.673  32.6812 32.6902
 32.6991 32.7077 32.7158 32.7242 32.7338 32.7433 32.7516 32.7604 32.7693
 32.7782 32.7867 32.7952 32.8029 32.8111 32.8189 32.8275 32.8374 32.846
 32.8541 32.8627 32.8706 32.8785 32.8869 32.8952 32.9035 32.9123 32.9204
 32.9289 32.9379 32.9466 32.9555 32.9659 32.9752 32.9845 32.9933 33.0023
 33.0108 33.0194 33.0277 33.0366 33.0461 33.0551 33.0636 33.0728 33.082
 33.0916 33.1024 33.1113 33.1209 33.1295 33.1394 33.1498 33.1599 33.168
 33.1768 33.1858 33.196  33.2052 33.2156 33.2262 33.2377 33.247  33.2572
 33.2668 33.2764 33.2874 33.2994 33.3097 33.3198 33.3295 33.3389 33.3481
 33.3577 33.3668 33.3768 33.3882 33.398  33.4076 33.4171 33.4275 33.4376
 33.4475 33.4579 33.4682 33.4787 33.4897 33.501  33.5115 33.5224 33.5328
 33.5432 33.5563 33.5677 33.5772 33.5923 33.604  33.615  33.6276 33.6375
 33.6488 33.6598 33.6712 33.6835 33.6941 33.7079 33.7228 33.7337 33.7452
 33.7553 33.7686 33.7849 33.7968 33.813  33.8268 33.8425 33.8629 33.8806
 33.8993 33.9133 33.9303 33.9457 33.9622 33.9808 34.0097 34.0265 34.0428
 34.0679 34.1568 34.1949 34.2437 34.3229 34.3807 34.5197 38.7923 39.5367
 39.839
40.1087 40.1388 40.2633 40.3985 40.4578 40.5017 40.5423 40.6215 40.6583
 40.6867 40.7115 40.729  40.7575 40.7828 40.799  40.8211 40.8585 40.8793
 40.9006 40.9182 40.9353 40.9458 40.9593 40.9703 40.9846 40.9982 41.0097
 41.0213 41.033  41.0438 41.0559 41.0712 41.0843 41.0997 41.1147 41.1242
 41.1363 41.1495 41.1596 41.171  41.1857 41.1961 41.2057 41.2154 41.2261
 41.235  41.2447 41.2552 41.2658 41.2791 41.2913 41.3013 41.3136 41.3282
 41.3376 41.3481 41.3573 41.3667 41.3755 41.3852 41.3945 41.4033 41.412
 41.4215 41.4307 41.4397 41.4496 41.4587 41.4686 41.4777 41.4875 41.4965
 41.5051 41.514  41.5237 41.5331 41.5416 41.5505 41.5598 41.568  41.577
 41.5858 41.5946 41.6034 41.6123 41.6211 41.6301 41.6391 41.6488 41.6577
 41.6664 41.6746 41.6828 41.6912 41.6999 41.709  41.7179 41.7265 41.7353
 41.7436 41.7531 41.7622 41.7712 41.7796 41.7887 41.7966 41.8055 41.814
 41.8225 41.8309 41.8396 41.8491 41.8591 41.8679 41.8762 41.8845 41.8924
 41.9012 41.9105 41.9195 41.9282 41.9381 41.9466 41.9549 41.9638 41.9729
 41.9813 41.9911 42.0002 42.0077 42.0166 42.0251 42.0341 42.0422 42.0503
 42.0591 42.0676 42.0761 42.0846 42.0932 42.1026 42.1105 42.1185 42.1287
 42.138  42.1475 42.1565 42.1655 42.1746 42.1839 42.1923 42.2009 42.2105
 42.219  42.2276 42.2376 42.2475 42.2562 42.2651 42.2759 42.2865 42.2956
 42.305  42.3135 42.3215 42.3305 42.34   42.3484 42.3579 42.3681 42.3791
 42.3892 42.3986 42.4079 42.4177 42.4292 42.4393 42.4502 42.4619 42.4722
 42.4824 42.4927 42.5025 42.5133 42.5231 42.5339 42.5456 42.5573 42.5692
 42.5801 42.5933 42.6059 42.6191 42.6297 42.6424 42.6534 42.6634 42.6748
 42.6859 42.6989 42.7116 42.7241 42.7356 42.7478 42.7595 42.7728 42.7834
 42.7944 42.8109 42.8228 42.8352 42.8482 42.8619 42.874  42.889  42.9009
 42.9131 42.9278 42.9415 42.959  42.9746 42.9877 43.0103 43.0307 43.0506
 43.0743 43.0911 43.1088 43.1428 43.1616 43.1849 43.2051 43.2284 43.2598
 43.2855 43.3156 43.3612 48.1419 48.8985 49.098  49.2004 49.3328 49.3675
 49.4993 49.5751 49.6035 49.6217 49.6494 49.6873 49.7638 49.7874 49.813
 49.8303 49.8455 49.8633 49.8829 49.9077 49.9293 49.9673 49.9878
50.0048 50.0204 50.0456 50.0606 50.0751 50.0927 50.1077 50.1253 50.1397
 50.155  50.1678 50.1799 50.1927 50.2046 50.2154 50.2288 50.2442 50.257
 50.2679 50.2815 50.2957 50.3065 50.3172 50.3293 50.3419 50.3612 50.3722
 50.3847 50.3968 50.406  50.417  50.4282 50.4389 50.4495 50.4609 50.4714
 50.4831 50.4941 50.5069 50.5184 50.5272 50.5383 50.5477 50.5583 50.5683
 50.5794 50.5885 50.5986 50.6083 50.62   50.6331 50.6429 50.6532 50.6619
 50.6731 50.6824 50.6927 50.7021 50.7123 50.7206 50.7293 50.7394 50.7481
 50.7577 50.7672 50.7766 50.7862 50.7958 50.8049 50.8137 50.8229 50.8315
 50.8412 50.8497 50.8596 50.8696 50.878  50.8874 50.8958 50.9062 50.9157
 50.9245 50.9333 50.9421 50.9514 50.9601 50.9692 50.9809 50.9905 51.0002
 51.0093 51.0172 51.0256 51.0348 51.0447 51.0543 51.0638 51.075  51.0846
 51.0949 51.1056 51.1153 51.1238 51.1322 51.1418 51.1511 51.1602 51.1701
 51.1799 51.1887 51.1978 51.2089 51.2177 51.2274 51.2391 51.2495 51.261
 51.271  51.2811 51.2912 51.303  51.3145 51.3263 51.3381 51.3498 51.3608
 51.3727 51.3846 51.3955 51.405  51.4159 51.4272 51.4385 51.45   51.4614
 51.4723 51.484  51.4975 51.5099 51.5206 51.533  51.5439 51.5552 51.5649
 51.5781 51.5911 51.6017 51.6148 51.6274 51.6411 51.6536 51.666  51.678
 51.6914 51.7032 51.7155 51.7322 51.744  51.7556 51.7667 51.7797 51.7903
 51.8017 51.8125 51.8258 51.8388 51.8511 51.8643 51.8812 51.8955 51.9111
 51.9256 51.9416 51.956  51.9747 52.0009 52.0172 52.0393 52.058  52.0828
 52.1026 52.1196 52.1473 52.1764 52.2056 52.23   52.2675 52.3022 52.418
 56.5964 57.0407 57.6429 58.0749 58.2693 58.3329 58.7456 58.8854 58.9034
 58.9215 58.9506 58.9666 58.9875 59.004  59.0225 59.0476 59.0677 59.0807
 59.1024 59.1239 59.1509 59.1785 59.1946 59.2118 59.2287 59.2438 59.2572
 59.2737 59.2852 59.2966 59.3094 59.3205 59.3329 59.3459 59.358  59.3709
 59.3845 59.3985 59.4107 59.4221 59.4327 59.4431 59.4563 59.4678 59.4779
 59.4878 59.4975 59.5081 59.5172 59.5269 59.5366 59.547  59.5573 59.5691
 59.5801 59.5909 59.6017 59.6111 59.6211 59.6317 59.6432 59.6546 59.6631
 59.6741 59.6831 59.6926 59.7024 59.7134 59.722  59.7324 59.7417 59.7523
 59.7623 59.7711 59.7807 59.7892 59.7992 59.8086 59.8177 59.8275 59.8376
 59.8469 59.8572 59.8675 59.8788 59.8892 59.8994 59.9099 59.9209 59.9323
 59.9426 59.9522 59.9617 59.9732 59.982  59.9918
60.002  60.013  60.0233 60.0321 60.041  60.0509 60.0593 60.0685 60.0774
 60.0866 60.0966 60.1069 60.1178 60.13   60.1404 60.1496 60.1593 60.1707
 60.1796 60.1903 60.2009 60.2104 60.2197 60.2299 60.2415 60.2505 60.2597
 60.2697 60.278  60.2876 60.2986 60.3075 60.3172 60.3271 60.3367 60.3468
 60.3568 60.3675 60.3774 60.3873 60.3978 60.4091 60.4204 60.4312 60.4428
 60.453  60.4644 60.4777 60.4884 60.4976 60.5092 60.5207 60.5332 60.5451
 60.5553 60.5649 60.5755 60.5879 60.5984 60.6086 60.6196 60.6296 60.6415
 60.6519 60.6626 60.6769 60.6926 60.7047 60.7163 60.7281 60.7398 60.7505
 60.7632 60.7743 60.7882 60.8039 60.8176 60.8304 60.8459 60.8612 60.8721
 60.8839 60.8966 60.9092 60.9184 60.9308 60.9452 60.9596 60.9742 60.9869
 61.0018 61.0166 61.0288 61.0434 61.0577 61.0701 61.0864 61.1007 61.1182
 61.1325 61.1471 61.1629 61.1835 61.2001 61.2126 61.2312 61.2604 61.2807
 61.3214 61.3721 61.4415 61.5097 61.8838 65.0589 65.1213 65.4399 66.5585
 67.2327 67.5327 67.6037 67.6377 67.6807 67.7002 67.7739 67.8458 67.8862
 67.9342 68.0179 68.0457 68.0645 68.0827 68.1059 68.131  68.1571 68.1801
 68.2099 68.2227 68.2339 68.2534 68.2657 68.2801 68.2926 68.3046 68.3182
 68.3353 68.3493 68.3619 68.373  68.3845 68.3956 68.4085 68.4222 68.4353
 68.4516 68.4652 68.4803 68.4902 68.5028 68.5126 68.5261 68.5373 68.5495
 68.5616 68.5742 68.5851 68.5951 68.606  68.6166 68.6267 68.6376 68.648
 68.6577 68.6672 68.6768 68.6867 68.6967 68.7118 68.7226 68.7332 68.7425
 68.7524 68.7612 68.7702 68.7793 68.7888 68.7975 68.8081 68.8171 68.8289
 68.8401 68.8502 68.8605 68.8689 68.8782 68.889  68.8991 68.9093 68.9207
 68.9309 68.9419 68.9515 68.9616 68.971  68.9803 68.9885 68.9977 69.0068
 69.0155 69.0236 69.0336 69.0423 69.0518 69.0617 69.0706 69.0795 69.0897
 69.0989 69.1085 69.1165 69.1247 69.1341 69.1434 69.1529 69.1615 69.1707
 69.1793 69.189  69.2    69.2091 69.22   69.2298 69.2399 69.2475 69.2559
 69.264  69.2722 69.2809 69.2891 69.2973 69.3061 69.3144 69.324  69.3357
 69.3459 69.3551 69.3649 69.3745 69.3872 69.4008 69.4107 69.4207 69.4312
 69.442  69.4507 69.4602 69.469  69.4781 69.4882 69.4993 69.5106 69.5209
 69.5322 69.5423 69.5533 69.565  69.5748 69.5852 69.5966 69.6056 69.6145
 69.625  69.6351 69.6447 69.6559 69.6673 69.6795 69.691  69.7031 69.7135
 69.7248 69.7346 69.7484 69.7613 69.7719 69.7819 69.7945 69.8056 69.8182
 69.8292 69.8388 69.8504 69.8615 69.8721 69.8874 69.8994 69.9115 69.9244
 69.9355 69.9477 69.9587 69.9716 69.9836 69.9978

