10.8949 12.8368 12.9934 13.0265 13.1158 13.1816 13.239  13.2667 13.3261
 13.3513 13.4499 13.4719 13.4869 13.5145 13.5391 13.5735 13.6369 13.6849
 13.7806 13.8445 13.875  13.9544
22.3448 22.4335 22.7169 22.8517 23.076  23.1802 23.2459 23.3078 23.4244
 23.5041
30.2992 31.1113 31.1674 31.2737 31.4087 31.4602 31.511  31.6069 31.6405
 31.6595 31.6775 31.697  31.7199 31.8306 31.8781 31.9439 31.9649 31.986
 32.0214 32.1519 32.1956 32.3144 39.9317 39.9858
40.5403 40.5657 40.6418 40.6704 40.6998 40.8029 40.8198 40.8454 40.9801
 41.1258 41.1613 41.225  41.4201 47.5115 48.9078 49.6915 49.7745 49.8173
 49.8601 49.8893 49.9439 49.9917
50.0666 50.1165 50.1537 50.2004 50.2377 50.2799 50.4646 58.7974 58.8333
 58.9055 58.9898 59.0164 59.0698 59.2267 59.2929 59.3858 59.5317 59.5558
 59.5791 59.6555
66.2029 67.5392 67.7409 67.8443 67.8898 67.9396 68.0599 68.0841 68.1653
 68.182  68.3191 68.3512 68.4071 68.4673 68.5141 68.5767 68.7381

