11.1133 11.9834 12.4185 12.5986 12.765  12.8258 12.8844 12.9056 12.9374
 12.9513 13.0042 13.0294 13.0698 13.0864 13.1028 13.135  13.154  13.1706
 13.1928 13.2231 13.2465 13.2636 13.286  13.3093 13.3286 13.3522 13.3709
 13.3902 13.4032 13.4219 13.433  13.4528 13.468  13.4815 13.4947 13.5035
 13.5202 13.5354 13.5506 13.5649 13.5747 13.5877 13.5991 13.6113 13.6243
 13.6386 13.6527 13.6665 13.6782 13.6917 13.7031 13.7171 13.7366 13.7484
 13.7585 13.7695 13.7823 13.7949 13.8046 13.8154 13.8254 13.8362 13.8467
 13.8573 13.8679 13.8778 13.8872 13.897  13.9071 13.9184 13.9286 13.9385
 13.9511 13.9614 13.9722 13.9811 13.9932 14.003  14.0122 14.0199 14.0298
 14.0383 14.0472 14.0559 14.0658 14.0744 14.0849 14.0937 14.1026 14.1123
 14.1208 14.131  14.1405 14.1496 14.1589 14.1679 14.1764 14.186  14.1957
 14.205  14.2142 14.223  14.2325 14.2423 14.251  14.2604 14.2707 14.2799
 14.2891 14.2985 14.3089 14.3168 14.3251 14.3334 14.3423 14.3517 14.3603
 14.368  14.3769 14.3853 14.3948 14.4028 14.4105 14.4184 14.4267 14.4349
 14.4439 14.4515 14.4596 14.4679 14.4763 14.4847 14.4927 14.5006 14.5086
 14.5164 14.5245 14.5322 14.5401 14.5478 14.5556 14.5641 14.5721 14.5804
 14.5882 14.5964 14.6048 14.6134 14.6215 14.6298 14.6382 14.6462 14.6542
 14.6625 14.67   14.6783 14.6866 14.6944 14.7025 14.7106 14.7187 14.7278
 14.7367 14.745  14.7535 14.7626 14.7712 14.7795 14.7876 14.796  14.8036
 14.8114 14.8191 14.8269 14.8346 14.8422 14.8506 14.858  14.8667 14.8744
 14.8823 14.8901 14.8981 14.9059 14.9138 14.9214 14.93   14.9381 14.9461
 14.9549 14.9633 14.9716 14.9803 14.9885 14.9967 15.0047 15.0122 15.0204
 15.0277 15.0359 15.0435 15.0518 15.0601 15.0686 15.077  15.0843 15.0921
 15.1    15.1081 15.1161 15.1239 15.1319 15.1403 15.1488 15.1583 15.166
 15.1739 15.1818 15.19   15.1979 15.2059 15.2131 15.2208 15.2285 15.2367
 15.2449 15.2529 15.2608 15.2691 15.2772 15.2853 15.2944 15.3025 15.3113
 15.3199 15.3277 15.3355 15.3435 15.3517 15.3592 15.3671 15.3755 15.3835
 15.3919 15.4008 15.4091 15.4173 15.4259 15.4338 15.4428 15.4516 15.4597
 15.4684 15.4771 15.4852 15.4935 15.5017 15.5103 15.5184 15.5277 15.5361
 15.5446 15.5549 15.5651 15.5745 15.5833 15.5939 15.6035 15.6122 15.6216
 15.631  15.6414 15.6511 15.6605 15.6707 15.6809 15.691  15.7011 15.7116
 15.7225 15.7328 15.743  15.7544 15.7662 15.777  15.7913 15.8024 15.8128
 15.8274 15.8416 15.8565 15.8704 15.8849 15.8993 15.9133 15.9289 15.9491
 15.9644 15.9929 16.0127 16.0333 16.0847 16.1453 16.1868
22.0352 22.4197 22.5005 22.6338 22.7446 22.7896 22.8137 22.8338 22.8669
 22.8976 22.9169 22.9435 22.9798 23.0529 23.0755 23.0991 23.1356 23.1632
 23.1779 23.2069 23.2275 23.2448 23.2688 23.2899 23.3104 23.3273 23.3405
 23.3549 23.375  23.3952 23.4153 23.4301 23.4478 23.4619 23.4731 23.4882
 23.5048 23.5161 23.5309 23.5442 23.5547 23.5681 23.5793 23.5906 23.6024
 23.6189 23.6311 23.6426 23.6561 23.6685 23.6799 23.693  23.7047 23.7159
 23.7277 23.7395 23.7523 23.7651 23.7744 23.7849 23.7975 23.8078 23.8196
 23.8318 23.8462 23.8568 23.8658 23.8792 23.8925 23.9044 23.9155 23.9285
 23.9392 23.9496 23.9589 23.9688 23.9792 23.991  24.0021 24.0133 24.026
 24.0379 24.0559 24.0709 24.0831 24.0953 24.106  24.1164 24.1279 24.1391
 24.1509 24.1623 24.1734 24.1854 24.1995 24.2129 24.2266 24.2391 24.2514
 24.2623 24.2744 24.2847 24.2957 24.3116 24.326  24.3385 24.3478 24.359
 24.3701 24.3814 24.3924 24.4072 24.4191 24.4327 24.4436 24.4551 24.4696
 24.4838 24.4952 24.5123 24.5239 24.5352 24.5454 24.5563 24.5677 24.5845
 24.5987 24.6113 24.623  24.634  24.647  24.6586 24.6702 24.6846 24.6968
 24.7119 24.7295 24.7418 24.7545 24.771  24.7833 24.7954 24.8109 24.8229
 24.8358 24.849  24.8651 24.8795 24.894  24.9102 24.9238 24.9374 24.9494
 24.9642 24.9758 24.9918 25.0071 25.0261 25.0424 25.0556 25.0699 25.0819
 25.0954 25.1122 25.1289 25.1457 25.1614 25.1765 25.194  25.2146 25.2359
 25.2559 25.2766 25.2967 25.3165 25.3514 25.38   25.4003 25.4277 25.4925
 25.5373 29.5347
30.3848 30.8071 31.0626 31.2488 31.2999 31.3312 31.3692 31.4128 31.4806
 31.5048 31.5194 31.5698 31.5826 31.6022 31.6296 31.6449 31.6594 31.6733
 31.6887 31.7026 31.7168 31.7319 31.7452 31.762  31.7773 31.7919 31.8046
 31.8242 31.8385 31.8547 31.8682 31.8868 31.9011 31.9132 31.9275 31.9414
 31.9542 31.9643 31.9768 31.9892 31.9999 32.0096 32.0215 32.0327 32.0448
 32.0588 32.071  32.0824 32.0957 32.1095 32.121  32.1326 32.1422 32.1553
 32.1684 32.1793 32.1888 32.1987 32.2086 32.2185 32.2282 32.2373 32.2484
 32.2605 32.2695 32.2812 32.2909 32.3    32.3091 32.3171 32.3265 32.3358
 32.3449 32.3551 32.365  32.3751 32.3848 32.3934 32.4026 32.4125 32.4231
 32.4332 32.4421 32.451  32.4587 32.467  32.4756 32.4839 32.4923 32.5026
 32.5133 32.5225 32.5309 32.5398 32.5479 32.5561 32.5653 32.5759 32.5857
 32.5945 32.6022 32.6115 32.6213 32.6297 32.6385 32.6477 32.6578 32.6666
 32.6747 32.683  32.6918 32.7004 32.7087 32.7173 32.7254 32.7345 32.7425
 32.7499 32.7579 32.7661 32.7736 32.782  32.7906 32.7993 32.8071 32.8156
 32.8251 32.8332 32.8414 32.849  32.8571 32.865  32.8725 32.8808 32.8884
 32.8967 32.905  32.913  32.923  32.9313 32.9392 32.9493 32.9585 32.9669
 32.976  32.9843 32.9926 33.0019 33.0108 33.0195 33.0271 33.0343 33.0421
 33.051  33.0584 33.0657 33.0738 33.0816 33.09   33.0978 33.1056 33.1149
 33.1233 33.1312 33.1391 33.1474 33.1554 33.1634 33.1714 33.1787 33.187
 33.1955 33.2038 33.2121 33.2211 33.2298 33.2379 33.246  33.2541 33.2632
 33.2713 33.2792 33.2872 33.296  33.305  33.3137 33.322  33.3297 33.3374
 33.3454 33.353  33.3607 33.3695 33.3774 33.3856 33.3933 33.4011 33.4096
 33.4182 33.4266 33.4351 33.4437 33.4515 33.4596 33.467  33.4753 33.4828
 33.4907 33.4983 33.5065 33.5154 33.5237 33.5324 33.5404 33.5491 33.5575
 33.5662 33.5753 33.584  33.5923 33.6004 33.61   33.618  33.626  33.6342
 33.6421 33.6509 33.6594 33.6674 33.6755 33.6834 33.6915 33.6993 33.7077
 33.7169 33.7268 33.7359 33.7448 33.7538 33.7622 33.7704 33.7798 33.7896
 33.7983 33.8073 33.8173 33.8268 33.8357 33.8452 33.8545 33.8649 33.8747
 33.8843 33.8938 33.9046 33.9144 33.9234 33.9347 33.9458 33.9557 33.967
 33.98   33.9925 34.004  34.0155 34.0275 34.0386 34.0505 34.0626 34.0745
 34.0848 34.098  34.1119 34.1269 34.14   34.1536 34.17   34.1847 34.2031
 34.2171 34.2281 34.248  34.2617 34.2796 34.3076 34.3297 34.3539 34.3852
 34.4148 34.4509 38.1409 38.8054
40.1664 40.3345 40.3965 40.529  40.5528 40.5763 40.6094 40.6235 40.6648
 40.7097 40.7242 40.7422 40.7594 40.7755 40.7978 40.8133 40.8348 40.8548
 40.8695 40.8919 40.9131 40.929  40.9422 40.958  40.9731 40.9851 40.998
 41.0102 41.0279 41.0449 41.0628 41.0776 41.0924 41.1028 41.1177 41.1345
 41.1452 41.1609 41.1725 41.1849 41.1945 41.2049 41.2145 41.227  41.2414
 41.2508 41.2616 41.273  41.2838 41.2948 41.3062 41.3184 41.3297 41.3395
 41.3515 41.3632 41.3722 41.3825 41.3919 41.4009 41.4102 41.4197 41.4295
 41.44   41.454  41.464  41.4742 41.4833 41.4928 41.5028 41.5132 41.523
 41.5344 41.544  41.5546 41.564  41.5737 41.5824 41.5916 41.6004 41.6092
 41.6202 41.6292 41.6387 41.648  41.6575 41.6651 41.6733 41.683  41.6923
 41.7017 41.7101 41.7187 41.7279 41.7369 41.7457 41.7544 41.762  41.7704
 41.7791 41.7887 41.7973 41.8053 41.8136 41.822  41.8297 41.8379 41.8472
 41.8559 41.8648 41.874  41.883  41.894  41.9022 41.9109 41.9188 41.927
 41.9352 41.945  41.9531 41.9617 41.9706 41.9788 41.9872 41.9955 42.0046
 42.0129 42.0213 42.0295 42.0378 42.0467 42.0541 42.0619 42.0703 42.078
 42.0868 42.0953 42.1035 42.1117 42.1197 42.1279 42.1359 42.1442 42.1529
 42.1608 42.1697 42.1779 42.1861 42.1936 42.2014 42.2103 42.2187 42.2266
 42.2342 42.243  42.2515 42.2601 42.2683 42.2761 42.2839 42.2911 42.2988
 42.3072 42.3152 42.3226 42.3301 42.3386 42.347  42.3555 42.3638 42.3721
 42.3805 42.3882 42.3963 42.4048 42.4131 42.4202 42.4279 42.4359 42.4436
 42.4513 42.4594 42.4674 42.4752 42.4827 42.4912 42.4988 42.5071 42.5151
 42.5234 42.5315 42.5408 42.5494 42.558  42.5664 42.5744 42.5821 42.5904
 42.5981 42.6064 42.6143 42.6226 42.6304 42.6383 42.6464 42.6549 42.6628
 42.672  42.6806 42.6887 42.6961 42.7049 42.7134 42.7218 42.7298 42.7376
 42.746  42.7541 42.7622 42.7703 42.7778 42.7859 42.794  42.8025 42.8107
 42.8187 42.8266 42.8348 42.8424 42.8509 42.8599 42.8679 42.8765 42.8853
 42.8937 42.9019 42.9098 42.9175 42.9265 42.9348 42.9433 42.952  42.9602
 42.9697 42.9799 42.989  42.9972 43.0056 43.0141 43.0241 43.0331 43.0422
 43.052  43.0616 43.071  43.0798 43.0884 43.0983 43.1078 43.1175 43.1276
 43.1385 43.148  43.1593 43.1696 43.1799 43.1912 43.2021 43.2141 43.2257
 43.2388 43.2499 43.2617 43.2734 43.2862 43.301  43.3155 43.3282 43.3399
 43.3523 43.3666 43.3851 43.4004 43.4147 43.4269 43.4414 43.4665 43.4841
 43.5136 43.5358 43.5599 43.5944 43.6369 49.2084 49.3121 49.3567 49.4558
 49.5129 49.5316 49.5549 49.577  49.6206 49.6753 49.6922 49.7218 49.7391
 49.7854 49.8072 49.8382 49.8627 49.8821 49.9179 49.9297 49.9417 49.9559
 49.9812 49.998
50.0156 50.0315 50.0553 50.0724 50.0861 50.1037 50.1203 50.1345 50.1507
 50.1631 50.175  50.1864 50.203  50.2189 50.2329 50.2486 50.2631 50.2775
 50.2932 50.3069 50.3198 50.3318 50.3447 50.3546 50.3663 50.3769 50.3885
 50.3999 50.4112 50.4239 50.4346 50.4454 50.4577 50.4664 50.4754 50.4854
 50.4959 50.5062 50.5159 50.5256 50.5368 50.547  50.5584 50.569  50.5805
 50.59   50.6025 50.6114 50.6227 50.6342 50.6438 50.6559 50.6655 50.6747
 50.6844 50.6951 50.7063 50.7163 50.7287 50.7379 50.7469 50.756  50.7649
 50.7736 50.7829 50.792  50.8023 50.811  50.8205 50.83   50.8387 50.8478
 50.8568 50.8675 50.8755 50.8835 50.8928 50.903  50.9126 50.9222 50.9318
 50.9408 50.9497 50.9582 50.9672 50.9755 50.985  50.9931 51.0023 51.0117
 51.0205 51.0299 51.0395 51.0495 51.0588 51.0677 51.0777 51.0864 51.0967
 51.1045 51.1127 51.1209 51.1297 51.1383 51.1462 51.1553 51.1639 51.1734
 51.1819 51.1921 51.2025 51.2126 51.223  51.2335 51.243  51.2519 51.2622
 51.2714 51.2809 51.2899 51.2987 51.3082 51.3179 51.3271 51.336  51.345
 51.3549 51.365  51.3736 51.3826 51.3911 51.3993 51.4078 51.417  51.4268
 51.4342 51.4434 51.4527 51.4627 51.4711 51.4796 51.4891 51.497  51.5061
 51.5145 51.523  51.5321 51.541  51.5504 51.5595 51.5685 51.5777 51.5866
 51.5953 51.6056 51.616  51.6251 51.6355 51.6445 51.6543 51.6632 51.6721
 51.6817 51.6916 51.7003 51.7093 51.7176 51.726  51.7351 51.7443 51.7539
 51.7629 51.7717 51.781  51.791  51.8003 51.8105 51.8194 51.8289 51.8377
 51.8475 51.8564 51.8653 51.8754 51.8852 51.8941 51.904  51.9135 51.9222
 51.9323 51.941  51.9499 51.9611 51.9715 51.9812 51.991  52.0006 52.012
 52.0219 52.0309 52.0422 52.0533 52.0648 52.0766 52.0881 52.0988 52.1091
 52.1209 52.1339 52.1443 52.1587 52.1709 52.1842 52.1965 52.2102 52.2217
 52.2356 52.2496 52.2635 52.2801 52.2995 52.3184 52.3323 52.3488 52.3675
 52.3963 52.4188 52.4441 52.4691 52.4946 58.1748 58.2369 58.4323 58.511
 58.5516 58.6651 58.6992 58.7595 58.8639 58.892  58.9169 58.9403 58.9537
 58.9755 58.9973 59.026  59.0403 59.0699 59.0846 59.0969 59.1128 59.1323
 59.1544 59.1694 59.1819 59.1971 59.2155 59.2289 59.2424 59.2548 59.266
 59.283  59.2958 59.3065 59.3167 59.3277 59.3381 59.3489 59.3616 59.3714
 59.384  59.3958 59.4063 59.4167 59.4285 59.4378 59.4526 59.4656 59.4769
 59.489  59.5035 59.517  59.5284 59.5421 59.5548 59.566  59.5782 59.5884
 59.6016 59.6145 59.6256 59.6357 59.6443 59.6543 59.6646 59.6754 59.6847
 59.6937 59.7032 59.7139 59.7239 59.7323 59.7414 59.7514 59.7609 59.771
 59.7808 59.7921 59.8016 59.8106 59.8194 59.8296 59.8396 59.8493 59.8612
 59.8717 59.881  59.8902 59.8989 59.9082 59.9176 59.9271 59.9363 59.9456
 59.9555 59.964  59.9727 59.9825 59.9927
60.0036 60.0163 60.0286 60.0375 60.0469 60.0566 60.0665 60.0772 60.0858
 60.0953 60.106  60.1161 60.1264 60.1351 60.1435 60.1524 60.1618 60.1698
 60.1798 60.1891 60.1977 60.2073 60.2163 60.2247 60.2351 60.2449 60.2545
 60.2638 60.2724 60.2818 60.2902 60.2995 60.3089 60.3179 60.3273 60.3366
 60.3452 60.3548 60.364  60.3726 60.3822 60.3921 60.402  60.4107 60.4195
 60.4288 60.4373 60.4468 60.457  60.4655 60.4735 60.4824 60.4913 60.5001
 60.5091 60.5183 60.528  60.5369 60.5456 60.5541 60.5626 60.5717 60.5819
 60.5918 60.6008 60.6118 60.6219 60.6313 60.6403 60.6484 60.6584 60.6672
 60.6759 60.6851 60.6937 60.7043 60.7142 60.7233 60.7318 60.74   60.7492
 60.7581 60.766  60.7752 60.784  60.7934 60.8018 60.8103 60.82   60.8288
 60.838  60.8462 60.8546 60.8642 60.8737 60.8836 60.8923 60.9015 60.9098
 60.918  60.9275 60.9381 60.9471 60.9565 60.9655 60.9753 60.9843 60.9937
 61.0026 61.0115 61.0214 61.0302 61.0399 61.0496 61.06   61.0684 61.079
 61.0895 61.0996 61.1093 61.1197 61.1302 61.1437 61.1538 61.1648 61.1753
 61.1853 61.1952 61.2054 61.2168 61.2278 61.2402 61.2521 61.2625 61.2736
 61.2854 61.2964 61.3078 61.3204 61.3336 61.3486 61.3632 61.3758 61.3878
 61.4007 61.413  61.4315 61.4467 61.4638 61.4852 61.5103 61.529  61.5475
 61.5639 61.5827 61.6031 61.6295 67.4699 67.5409 67.6689 67.6961 67.7578
 67.7866 67.8638 67.8867 67.9194 67.9487 67.9921 68.0344 68.0507 68.0757
 68.1137 68.1441 68.1631 68.1742 68.1887 68.2027 68.2179 68.2422 68.2598
 68.2755 68.2886 68.3132 68.3255 68.3406 68.3535 68.3652 68.3786 68.3914
 68.4052 68.4164 68.4265 68.4401 68.4526 68.4627 68.4723 68.4832 68.4976
 68.508  68.519  68.5311 68.5419 68.5514 68.563  68.5744 68.5844 68.5951
 68.6058 68.616  68.626  68.6372 68.6487 68.6599 68.6732 68.6829 68.6933
 68.7043 68.7133 68.7225 68.7329 68.7448 68.7546 68.765  68.7739 68.7859
 68.7966 68.808  68.8195 68.8306 68.8427 68.8544 68.8633 68.8744 68.8832
 68.8926 68.9014 68.9109 68.9204 68.9299 68.9395 68.949  68.9594 68.9699
 68.9804 68.9913 69.0029 69.0139 69.0239 69.0353 69.0446 69.0543 69.0632
 69.0738 69.0833 69.094  69.1027 69.1124 69.1221 69.1318 69.1411 69.152
 69.1621 69.172  69.1816 69.192  69.2007 69.21   69.2199 69.2288 69.2379
 69.2459 69.2558 69.2652 69.2738 69.2823 69.2913 69.2997 69.308  69.3165
 69.3251 69.334  69.3427 69.3523 69.3619 69.3706 69.3793 69.3879 69.3964
 69.4055 69.4144 69.4238 69.4341 69.4426 69.4519 69.4608 69.4694 69.4787
 69.4874 69.4962 69.5058 69.5143 69.5222 69.5304 69.5388 69.5469 69.5561
 69.5656 69.5745 69.5839 69.5931 69.6024 69.6119 69.6208 69.6292 69.6377
 69.6466 69.657  69.6656 69.6744 69.684  69.6921 69.701  69.709  69.7176
 69.7262 69.7352 69.7452 69.7551 69.7644 69.7732 69.7817 69.7904 69.7985
 69.8072 69.8153 69.8244 69.8339 69.8423 69.8527 69.8614 69.8706 69.8796
 69.8878 69.8961 69.9055 69.9149 69.9249 69.9345 69.9437 69.9531 69.9627
 69.9721 69.9812 69.992

