11.9635 12.4195 13.141  13.3303 13.3688 13.6153 13.6757 13.731  13.7489
 13.7826 13.8129 13.9419
22.7731 22.9854 23.139  23.2162 23.4107 28.1071
30.3716 30.6029 30.9899 31.1553 31.2826 31.3676 31.4223 31.5029 31.5357
 31.5526 31.5842 31.6036 31.6379 31.6604 31.6888 31.756  31.9767 32.0354
 32.0539 32.0987 32.214  37.1203 39.7323
40.4458 40.4766 40.7056 40.7948 40.9474 41.0144 41.0556 41.0816 49.2039
 49.3678 49.5109 49.5356 49.8793
50.0268 50.1078 50.1747 50.2247 57.252  58.0937 58.1399 58.2698 58.6268
 58.7607 58.8045 58.8398 58.9285 58.9453 59.0799 59.3265 59.3996 59.5433
65.9718 66.4347 66.8881 67.3407 67.5681 67.6774 67.7008 67.7696 68.0055
 68.1078 68.1626 68.3716 68.3952 68.4949 68.5649 68.6023

