12.6009 13.2519 13.346  13.4032 13.4231 13.4512 13.477  13.515  13.5528
 13.58   13.6121 13.6329 13.6643 13.6794 13.694  13.7106 13.7309 13.7508
 13.7636 13.7849 13.8024 13.8198 13.834  13.8496 13.863  13.8871 13.9027
 13.9154 13.9297 13.9434 13.9557 13.9725 13.9907 14.006  14.0175 14.0326
 14.0447 14.0579 14.0721 14.0838 14.0967 14.1125 14.1243 14.1384 14.1516
 14.162  14.1748 14.1854 14.1949 14.2076 14.2184 14.2291 14.2416 14.2525
 14.2633 14.2731 14.2835 14.294  14.3041 14.3152 14.3257 14.3354 14.3457
 14.3559 14.3655 14.3764 14.3866 14.3975 14.4079 14.4188 14.4283 14.44
 14.4506 14.4619 14.4716 14.4837 14.4945 14.5066 14.5156 14.5242 14.5334
 14.5434 14.5534 14.5631 14.5723 14.5809 14.5899 14.5988 14.6075 14.619
 14.6291 14.6378 14.647  14.6581 14.6677 14.677  14.687  14.6975 14.7085
 14.7191 14.7282 14.738  14.748  14.7576 14.7668 14.7767 14.7867 14.7957
 14.8055 14.8148 14.8251 14.8355 14.8449 14.8557 14.869  14.8799 14.8901
 14.8999 14.9095 14.9194 14.9289 14.939  14.9499 14.9608 14.9706 14.9814
 14.9911 15.0004 15.0101 15.0204 15.0308 15.0401 15.0494 15.0597 15.0714
 15.0836 15.0961 15.1074 15.1199 15.1313 15.1418 15.1553 15.1693 15.1819
 15.1932 15.2035 15.2141 15.2237 15.2344 15.2461 15.2569 15.27   15.282
 15.2951 15.3072 15.3209 15.3322 15.3437 15.3547 15.3663 15.379  15.3886
 15.4044 15.4184 15.4347 15.4484 15.4614 15.4723 15.4845 15.4974 15.51
 15.5238 15.5379 15.553  15.5675 15.5837 15.6035 15.6191 15.6346 15.6544
 15.6732 15.69   15.7075 15.7279 15.7491 15.7835 15.8024 15.8323 15.8888
 15.9318 15.9561 16.0157 16.0738 16.1159
21.8612 22.0524 22.145  22.3936 22.5779 22.6344 22.6639 22.6813 22.7006
 22.7798 22.8309 22.8658 22.8895 22.9239 22.968  22.9956 23.0332 23.0589
 23.0768 23.0944 23.1157 23.133  23.1481 23.1797 23.2023 23.2211 23.2375
 23.2588 23.2851 23.3038 23.3163 23.3278 23.3395 23.3516 23.3722 23.3907
 23.4042 23.4191 23.4374 23.4512 23.4672 23.4818 23.4968 23.5109 23.527
 23.542  23.5599 23.578  23.589  23.6008 23.6144 23.6256 23.6387 23.6524
 23.6634 23.6738 23.6849 23.6964 23.7083 23.7212 23.7372 23.7491 23.7645
 23.7765 23.7904 23.8019 23.8143 23.8258 23.8359 23.8486 23.8597 23.8742
 23.8877 23.9023 23.9146 23.9282 23.944  23.9608 23.9782 23.9934 24.0063
 24.0184 24.0345 24.0495 24.0667 24.0854 24.0987 24.1135 24.1263 24.14
 24.1543 24.1695 24.1827 24.199  24.211  24.2258 24.2462 24.2601 24.2727
 24.2874 24.3047 24.3204 24.3381 24.3581 24.3758 24.3891 24.4005 24.4123
 24.4248 24.4368 24.4511 24.4677 24.4819 24.4965 24.512  24.5262 24.5471
 24.5638 24.5865 24.6101 24.6293 24.6454 24.674  24.6998 24.7284 24.7515
 24.7697 24.7927 24.8133 24.8313 24.8549 24.8847 24.9023 24.9976 25.0349
 25.0779
31.8986 31.9487 32.1204 32.1718 32.2288 32.2847 32.3509 32.3734 32.4066
 32.438  32.4527 32.4808 32.4969 32.5473 32.5648 32.5783 32.5929 32.6103
 32.6363 32.6622 32.6791 32.7018 32.719  32.735  32.7506 32.7694 32.7805
 32.7974 32.8172 32.8312 32.8486 32.8663 32.8811 32.8926 32.906  32.9249
 32.9423 32.9602 32.9763 32.9984 33.0109 33.0228 33.0369 33.049  33.0613
 33.0749 33.0886 33.1054 33.1216 33.1374 33.151  33.1647 33.1775 33.1911
 33.2079 33.2245 33.2395 33.2551 33.2691 33.2898 33.3052 33.3265 33.3487
 33.3694 33.3901 33.4078 33.4288 33.4491 33.4642 33.479  33.4899 33.5066
 33.5196 33.5333 33.5481 33.5613 33.577  33.5929 33.6052 33.6208 33.6443
 33.6657 33.6851 33.703  33.7196 33.7341 33.7484 33.7623 33.7769 33.7902
 33.816  33.8354 33.8535 33.8852 33.9037 33.9252 33.9453 33.9665 33.9895
 34.0077 34.0307 34.0499 34.0727 34.1065 34.136  34.184  34.2018 34.2195
 34.2507 34.3076 34.3499 34.4217 34.4776 34.6015
40.8836 41.0343 41.0636 41.1414 41.1728 41.201  41.2284 41.2478 41.3071
 41.3565 41.4103 41.4405 41.462  41.4875 41.5163 41.5404 41.5615 41.579
 41.5938 41.61   41.6235 41.6507 41.6724 41.6858 41.7029 41.7276 41.7458
 41.7658 41.7805 41.7925 41.8034 41.8157 41.8274 41.8399 41.8543 41.8669
 41.882  41.894  41.9075 41.9202 41.9311 41.9477 41.9656 41.9768 41.9899
 42.0011 42.0137 42.026  42.0356 42.0475 42.0602 42.0714 42.0828 42.0949
 42.1051 42.1158 42.1271 42.1363 42.1481 42.161  42.172  42.1846 42.196
 42.2086 42.2193 42.2311 42.245  42.2561 42.2711 42.2858 42.2962 42.3102
 42.3221 42.3321 42.3441 42.3565 42.3741 42.3889 42.4021 42.4136 42.426
 42.4391 42.45   42.462  42.4741 42.4853 42.495  42.5062 42.5175 42.5322
 42.5456 42.5584 42.571  42.5874 42.6015 42.6195 42.6305 42.6439 42.6576
 42.6725 42.6858 42.7049 42.721  42.7358 42.7541 42.7662 42.7804 42.7986
 42.8146 42.834  42.8542 42.8706 42.8864 42.9022 42.9188 42.9325 42.9501
 42.9699 42.99   43.0046 43.0221 43.0389 43.0618 43.0827 43.1118 43.1452
 43.1645 43.1818 43.2033 43.2514 43.2669 43.2846 43.3063 43.3353 43.3629
 43.4198 43.5219 43.5667 49.75   49.8636 49.9776
50.0399 50.0846 50.1097 50.129  50.147  50.1791 50.1964 50.2115 50.231
 50.2572 50.2789 50.3174 50.3395 50.3554 50.3666 50.3795 50.3989 50.4116
 50.4254 50.4429 50.458  50.474  50.4944 50.5188 50.5329 50.5472 50.5584
 50.574  50.5936 50.6091 50.6222 50.633  50.6481 50.659  50.6718 50.6856
 50.6965 50.7071 50.7217 50.7338 50.7443 50.7571 50.771  50.7824 50.793
 50.8029 50.8126 50.8245 50.8348 50.8458 50.8575 50.8674 50.8788 50.8909
 50.8999 50.91   50.9202 50.9294 50.9412 50.9519 50.9638 50.9743 50.9829
 50.9955 51.0057 51.0162 51.026  51.0364 51.0464 51.0574 51.0671 51.077
 51.0873 51.1    51.112  51.1247 51.1346 51.1438 51.1552 51.167  51.1764
 51.185  51.1947 51.206  51.2163 51.2263 51.2358 51.2462 51.2595 51.2686
 51.2777 51.2884 51.2994 51.3102 51.3218 51.3324 51.3427 51.352  51.3619
 51.3734 51.3855 51.3967 51.409  51.421  51.4307 51.4403 51.4492 51.4589
 51.4699 51.4818 51.4928 51.505  51.5159 51.5261 51.5379 51.5481 51.5584
 51.5677 51.5774 51.5872 51.5982 51.6078 51.6206 51.6323 51.6441 51.6541
 51.6643 51.6746 51.6873 51.6996 51.7092 51.7226 51.7339 51.7441 51.7545
 51.765  51.7749 51.7859 51.797  51.813  51.8243 51.8373 51.848  51.8628
 51.8747 51.8856 51.9001 51.9114 51.9245 51.9359 51.9492 51.9599 51.9745
 51.9901 52.0059 52.024  52.0401 52.0546 52.0692 52.0865 52.1035 52.1208
 52.1367 52.1504 52.1728 52.1881 52.2098 52.2253 52.2434 52.2661 52.2846
 52.3059 52.3292 52.3506 52.4045 52.4408 52.4674 52.4903 52.6446 52.6844
 52.7753 53.7119 58.5155 58.8546 58.9519 59.0065 59.2125 59.2342 59.2791
 59.3279 59.348  59.4144 59.4415 59.4573 59.475  59.5085 59.5554 59.5727
 59.5993 59.6218 59.6374 59.65   59.6647 59.6915 59.7164 59.7372 59.7501
 59.7633 59.7784 59.7929 59.8088 59.8218 59.8424 59.8609 59.8819 59.9012
 59.9142 59.9256 59.9357 59.9482 59.9629 59.9794 59.9929
60.0042 60.018  60.0309 60.0413 60.0507 60.0624 60.0735 60.0873 60.1012
 60.1144 60.1247 60.1351 60.1463 60.1581 60.1747 60.186  60.1983 60.211
 60.2251 60.2397 60.2514 60.2632 60.2783 60.2911 60.3058 60.3174 60.3304
 60.3397 60.3511 60.3631 60.3734 60.3836 60.3933 60.4032 60.4123 60.4266
 60.4377 60.4501 60.4625 60.4732 60.4842 60.4945 60.5066 60.5243 60.5375
 60.5478 60.5584 60.5719 60.5821 60.5937 60.6047 60.6159 60.6292 60.6407
 60.655  60.6659 60.6776 60.6915 60.7072 60.7218 60.736  60.7488 60.7618
 60.7762 60.7874 60.7986 60.8104 60.826  60.842  60.8555 60.8695 60.8811
 60.8952 60.9091 60.9243 60.9426 60.9542 60.9653 60.9774 60.992  61.0066
 61.0252 61.0411 61.0589 61.0785 61.0957 61.1121 61.1274 61.1431 61.1587
 61.1751 61.1923 61.2144 61.2363 61.2515 61.2663 61.2863 61.3084 61.3236
 61.3572 61.3801 61.4008 61.4212 61.4886 61.5136 61.569  61.6016 61.6362
 66.2007 68.0057 68.2699 68.327  68.3681 68.4023 68.4534 68.4859 68.5243
 68.5487 68.5614 68.5834 68.6111 68.6527 68.6718 68.6908 68.7158 68.7347
 68.7562 68.7704 68.7837 68.8013 68.8155 68.8283 68.8391 68.8543 68.8708
 68.8896 68.9024 68.9203 68.9358 68.9507 68.9618 68.9788 68.9931 69.0075
 69.0258 69.0389 69.0555 69.0757 69.0896 69.1025 69.1157 69.1293 69.1484
 69.1643 69.1804 69.1938 69.2069 69.2198 69.2348 69.2509 69.2668 69.2802
 69.2923 69.3052 69.3175 69.3279 69.3388 69.3508 69.3607 69.3742 69.3842
 69.3951 69.406  69.4198 69.431  69.4428 69.4599 69.4724 69.4841 69.4942
 69.5054 69.5153 69.53   69.541  69.5524 69.5634 69.5766 69.5908 69.6051
 69.6171 69.6295 69.6511 69.6645 69.6781 69.6944 69.7074 69.723  69.7374
 69.7519 69.7638 69.7782 69.7915 69.8083 69.8226 69.841  69.8581 69.8724
 69.8865 69.9009 69.9129 69.9237 69.9393 69.9525 69.9656 69.9842 69.999

