12.2935 12.9476 13.3214 13.407  13.5404 13.579  13.6047 13.6355 13.671
 13.693  13.7661 13.8135 13.8577 13.8908 13.9185 14.0896 14.2389 14.2666
 14.3899 19.3356
22.4178 22.4791 22.6134 22.7006 22.8871 23.0137 23.0933 23.4533 23.5288
 23.5553 28.9103
32.4637 32.7476 39.1811 39.533
40.7947 40.8678 40.9317 41.0393 41.1075 41.1522 41.1767 41.2595 41.3637
 41.5047 47.5127 49.3739 49.557  49.7633 49.8132 49.9964
50.061  50.205  50.2656 50.3481 50.8235 58.8541 59.2771 59.5269 59.6462
 59.9902
60.009  67.7785 68.1469 68.3087 68.3745 68.3913 68.6317 68.6631 68.6932
 68.7658 68.9951 69.2328

