11.1295 12.7047 12.7448 12.8726 12.9788 13.0922 13.131  13.168  13.2144
 13.2343 13.3045 13.3402 13.386  13.4109 13.4237 13.4429 13.4566 13.4791
 13.5275 13.5419 13.5678 13.6051 13.6207 13.6327 13.6815 13.6975 13.7113
 13.7276 13.7411 13.7627 13.7793 13.7919 13.8023 13.8158 13.8556 13.8714
 13.8914 13.9253 13.9543 13.9882 14.0117 14.0236 14.0436 14.0852 14.1021
 14.1339 14.2366 14.2828 14.2948
20.2829 21.4914 21.5707 21.7188 22.2868 22.3413 22.3769 22.4175 22.4687
 22.4956 22.6021 22.8118 22.8299 22.8468 22.8634 22.8868 22.9251 22.9519
 22.9739 22.9886 23.0029 23.0176 23.0409 23.0564 23.0727 23.0941 23.1129
 23.1493 23.203  23.2411 23.2857 23.3532 23.4381
30.3149 31.5498 31.5917 31.7594 32.026  32.0556 32.094  32.1123 32.1588
 32.1973 32.2248 32.3034 32.3618 32.4002 32.4412 32.4584 32.479  32.5092
 32.6873 32.7341
40.602  40.7585 40.7883 40.9196 40.9759 40.9999 41.0415 41.0818 41.0954
 41.1378 41.1562 41.1784 41.2039 41.241  41.2587 41.2807 41.3094 41.3341
 41.3467 41.3635 41.3807 41.4485 41.4714 41.4905 41.5133 41.5348 41.5493
 41.5699 41.5933 41.6489 41.6607 41.6809 41.6975 41.8104 41.9003 48.7846
 49.3361 49.3745 49.4379 49.4827 49.5278 49.5598 49.5781 49.6024 49.6288
 49.7105 49.7307 49.7565 49.7774 49.8032 49.8591 49.896  49.9116 49.9515
 49.9665 49.9816
50.006  50.0314 50.053  50.0819 50.0998 50.1308 50.1531 50.1671 50.1832
 50.2022 50.2241 50.2462 50.2765 50.2991 50.3405 50.3614 50.3805 50.4029
 50.4142 50.4486 50.4889 50.501  50.5196 50.54   50.5825 50.6147 50.6327
 50.6877 50.7318 57.1394 57.6618 57.7813 58.3151 58.3519 58.5298 58.6536
 58.6792 58.7147 58.8319 58.8727 58.8954 58.9752 58.9949 59.0289 59.0554
 59.0843 59.1005 59.1225 59.1428 59.1997 59.2215 59.2435 59.2993 59.3278
 59.3424 59.3866 59.4119 59.431  59.4434 59.4602 59.4734 59.4891 59.5073
 59.5228 59.5357 59.5534 59.5692 59.5915 59.612  59.6575 59.6982 59.7695
 59.9885
67.3702 67.688  67.8049 68.0106 68.0551 68.1485 68.1705 68.1959 68.2826
 68.3168 68.3775 68.4068 68.4657 68.4972 68.5816 68.6012 68.6195 68.6356
 68.6856 68.7003 68.7608 68.782  68.8293 68.8944 68.9457 68.9586 69.0098

