12.979  13.0389 13.0662 13.2139 13.2569 13.281  13.3215 13.3399 13.3596
 13.3859 13.4039 13.4317 13.4491 13.4634 13.4791 13.4933 13.5132 13.533
 13.5462 13.5632 13.5775 13.5927 13.6132 13.6268 13.6388 13.6515 13.664
 13.7004 13.7174 13.7374 13.7475 13.7585 13.7699 13.7825 13.7988 13.8144
 13.8279 13.8384 13.8517 13.8638 13.8756 13.888  13.9013 13.9181 13.9297
 13.9418 13.9535 13.9639 13.9746 13.99   14.0043 14.0164 14.0259 14.0364
 14.0481 14.0589 14.0708 14.0821 14.093  14.103  14.1155 14.1288 14.1418
 14.1528 14.1628 14.1732 14.187  14.197  14.2068 14.218  14.2289 14.2389
 14.2497 14.2602 14.2695 14.2782 14.2869 14.2965 14.3059 14.3165 14.3264
 14.3361 14.3464 14.3554 14.3645 14.3744 14.3852 14.395  14.4065 14.4171
 14.4269 14.4372 14.4476 14.4612 14.4712 14.48   14.4907 14.5007 14.5102
 14.5194 14.529  14.5384 14.5495 14.5592 14.5714 14.5827 14.5925 14.6035
 14.613  14.6233 14.633  14.6457 14.6566 14.6691 14.681  14.6909 14.7024
 14.7117 14.7227 14.7332 14.7452 14.7559 14.7664 14.7755 14.7863 14.798
 14.8073 14.8168 14.8276 14.8393 14.85   14.8602 14.8706 14.8807 14.8907
 14.9015 14.9115 14.9218 14.9327 14.9429 14.9544 14.9643 14.9733 14.9832
 14.9928 15.0026 15.0137 15.0248 15.0362 15.0484 15.062  15.0737 15.0855
 15.095  15.1058 15.1167 15.1273 15.1412 15.1534 15.1682 15.1786 15.1912
 15.2041 15.2157 15.2332 15.246  15.2597 15.2781 15.2935 15.3086 15.3307
 15.3466 15.3598 15.3751 15.3912 15.4071 15.4188 15.4354 15.4484 15.4679
 15.4828 15.5003 15.5194 15.5397 15.5586 15.5776 15.5986 15.6173 15.6487
 15.6789 15.7259 15.7527 15.7771
21.4355 22.2458 22.3081 22.3515 22.3888 22.469  22.4843 22.5441 22.6297
 22.6763 22.6976 22.7169 22.7389 22.7815 22.8048 22.8195 22.8427 22.8587
 22.8738 22.8933 22.9074 22.9247 22.9405 22.952  22.9666 22.9906 23.0128
 23.0286 23.0403 23.0516 23.0642 23.083  23.095  23.1066 23.1192 23.133
 23.1454 23.1589 23.1768 23.19   23.2019 23.2173 23.2322 23.2452 23.2592
 23.2729 23.2839 23.2985 23.3087 23.3213 23.332  23.3458 23.3584 23.372
 23.3868 23.4031 23.4157 23.4267 23.4384 23.4511 23.4614 23.4736 23.4875
 23.5058 23.5206 23.5355 23.5463 23.5575 23.5715 23.5871 23.6009 23.6122
 23.6256 23.6387 23.6522 23.6646 23.6795 23.6956 23.7122 23.7224 23.7347
 23.7449 23.7567 23.7707 23.7842 23.7969 23.8116 23.826  23.8394 23.8514
 23.8619 23.8753 23.8858 23.8957 23.9083 23.9198 23.9322 23.9506 23.9639
 23.9758 23.9866 23.9984 24.0115 24.0251 24.0373 24.0492 24.0618 24.0732
 24.0849 24.0991 24.1134 24.1287 24.144  24.1587 24.1739 24.1905 24.2026
 24.2161 24.2272 24.2406 24.2556 24.2699 24.2937 24.3092 24.3239 24.3397
 24.352  24.3665 24.3803 24.396  24.4117 24.4241 24.4518 24.4668 24.4821
 24.5012 24.5234 24.5386 24.552  24.5676 24.5914 24.6116 24.6312 24.6474
 24.671  24.6939 24.7161 24.7361 24.7546 24.7758 24.8134 24.8359 24.8638
 24.8997
31.6055 31.7098 31.8267 31.8659 31.9313 31.9619 32.0158 32.0397 32.0855
 32.1097 32.1401 32.1639 32.1879 32.2089 32.2439 32.2644 32.2853 32.3126
 32.3308 32.3462 32.3588 32.3711 32.3929 32.4051 32.4262 32.4441 32.4617
 32.478  32.4966 32.5183 32.5317 32.5477 32.5601 32.5739 32.5895 32.6
 32.6149 32.6279 32.6423 32.6558 32.6789 32.6921 32.7054 32.7175 32.7354
 32.7492 32.7703 32.7882 32.8046 32.8187 32.8302 32.842  32.8542 32.8673
 32.8825 32.8953 32.911  32.9281 32.9418 32.9605 32.9762 32.9886 33.0011
 33.0134 33.0268 33.0445 33.0616 33.076  33.0874 33.0987 33.1135 33.1294
 33.1424 33.156  33.1719 33.1881 33.203  33.216  33.231  33.2438 33.2605
 33.2796 33.2932 33.305  33.3184 33.3318 33.3447 33.3554 33.3672 33.3807
 33.3945 33.4077 33.4194 33.4342 33.4534 33.4648 33.4784 33.4931 33.5101
 33.529  33.5423 33.5575 33.5788 33.5951 33.6089 33.6265 33.6437 33.6672
 33.6789 33.7083 33.7232 33.7417 33.7628 33.7758 33.7934 33.8056 33.8195
 33.8376 33.855  33.871  33.8929 33.9104 33.9265 33.9381 33.9523 33.9707
 33.9891 34.0049 34.0181 34.0407 34.0591 34.0848 34.1062 34.1481 34.2476
 34.2672 34.3019 34.3382 34.5392 38.4602 39.4532
40.0219 40.4355 40.6867 40.7703 40.7966 40.8702 40.9089 40.9527 40.9746
 40.9911 41.0552 41.0818 41.1019 41.1315 41.1585 41.1744 41.1938 41.2235
 41.2455 41.2664 41.2963 41.3097 41.3242 41.3415 41.3694 41.3836 41.3954
 41.4066 41.4203 41.4342 41.4529 41.4701 41.4946 41.5081 41.5203 41.5359
 41.5493 41.5671 41.5842 41.5985 41.6132 41.6278 41.6411 41.656  41.6715
 41.6915 41.7033 41.7155 41.7299 41.7434 41.7541 41.7664 41.7813 41.7932
 41.8049 41.8167 41.8271 41.8402 41.8538 41.8693 41.8852 41.8969 41.9077
 41.9215 41.935  41.9477 41.9618 41.9756 41.9855 41.9998 42.0122 42.0271
 42.0383 42.0484 42.0619 42.0745 42.0865 42.0983 42.113  42.123  42.1384
 42.1546 42.1683 42.1787 42.1894 42.2024 42.2144 42.2257 42.2366 42.2474
 42.2573 42.2685 42.2798 42.2918 42.3062 42.3178 42.3314 42.3441 42.356
 42.3667 42.3832 42.3953 42.4062 42.4177 42.4326 42.4419 42.4519 42.4631
 42.4776 42.4937 42.5086 42.5221 42.5334 42.5441 42.5569 42.5686 42.5811
 42.5973 42.6088 42.6215 42.6327 42.6485 42.6621 42.6756 42.6877 42.7024
 42.7137 42.7252 42.7406 42.7535 42.7697 42.7849 42.798  42.8106 42.8297
 42.8483 42.8641 42.8792 42.8943 42.9103 42.9244 42.9383 42.9526 42.9698
 42.9904 43.0103 43.0254 43.0406 43.0622 43.0772 43.0953 43.1136 43.1401
 43.1593 43.1838 43.2166 43.2934 43.342  43.3726 47.8679 49.0188 49.459
 49.6138 49.6593 49.7825 49.8108 49.8666 49.9004 49.9232 49.9637 49.99
50.006  50.0271 50.0421 50.0541 50.082  50.0949 50.1121 50.1272 50.1437
 50.1607 50.1731 50.1856 50.2012 50.2128 50.2241 50.2385 50.251  50.266
 50.2823 50.294  50.3069 50.318  50.3313 50.3463 50.3588 50.3753 50.3901
 50.4091 50.4205 50.4327 50.446  50.4552 50.4642 50.4762 50.4898 50.5008
 50.5112 50.5231 50.5386 50.5524 50.5636 50.5789 50.5883 50.599  50.6104
 50.622  50.6344 50.6523 50.6635 50.6737 50.6863 50.7005 50.7135 50.7257
 50.7366 50.7466 50.7596 50.7691 50.7785 50.7887 50.8008 50.8118 50.8262
 50.8382 50.8467 50.8571 50.8663 50.8752 50.8849 50.8955 50.9064 50.9169
 50.9292 50.939  50.9495 50.961  50.9709 50.9816 50.9919 51.0006 51.0092
 51.0189 51.0311 51.0429 51.0571 51.0681 51.0782 51.0878 51.0971 51.1077
 51.1188 51.1288 51.1399 51.1514 51.1604 51.1701 51.1791 51.19   51.2004
 51.2109 51.221  51.2334 51.2437 51.2538 51.2657 51.2747 51.2855 51.2958
 51.3067 51.3154 51.3267 51.3363 51.3457 51.3567 51.3672 51.377  51.387
 51.3979 51.4072 51.4185 51.4302 51.4409 51.4531 51.4673 51.4807 51.4904
 51.4998 51.5117 51.5224 51.5343 51.5446 51.5552 51.5661 51.578  51.5896
 51.6017 51.6128 51.6249 51.6358 51.6464 51.6603 51.6713 51.6843 51.6968
 51.7101 51.7216 51.734  51.7478 51.7623 51.7774 51.7917 51.809  51.8213
 51.8334 51.8489 51.8618 51.8721 51.8849 51.8976 51.9104 51.9217 51.9372
 51.9503 51.9635 51.9804 51.9943 52.0115 52.0259 52.0402 52.0551 52.0733
 52.0947 52.1152 52.1354 52.1563 52.1737 52.232  52.2635 52.2903 52.3671
 52.4176 52.8339 53.4919 58.3705 58.4717 58.8431 58.8932 58.9713 58.9938
 59.047  59.1294 59.1725 59.2095 59.2284 59.2567 59.2778 59.313  59.3539
 59.3696 59.3831 59.3965 59.4068 59.4273 59.4443 59.4602 59.48   59.4927
 59.5069 59.5264 59.5403 59.5527 59.5664 59.5782 59.59   59.6056 59.6212
 59.6409 59.6519 59.6671 59.6862 59.7036 59.7177 59.7363 59.7522 59.7694
 59.7805 59.7935 59.8108 59.8215 59.8326 59.8442 59.8561 59.8702 59.8846
 59.8989 59.9115 59.9247 59.9388 59.9548 59.9676 59.9812 59.993
60.0089 60.0198 60.0304 60.0448 60.0556 60.0653 60.0768 60.0946 60.106
 60.1179 60.1285 60.1432 60.1597 60.1744 60.1857 60.1984 60.2107 60.2212
 60.2333 60.2434 60.2541 60.2637 60.2783 60.2906 60.3052 60.3168 60.3279
 60.3397 60.3526 60.364  60.3755 60.3883 60.3992 60.4108 60.422  60.4348
 60.4482 60.46   60.4716 60.4823 60.4983 60.5123 60.5283 60.5429 60.555
 60.5679 60.5789 60.591  60.6059 60.6183 60.631  60.6431 60.6563 60.6688
 60.6804 60.6914 60.7044 60.7151 60.7277 60.7399 60.7515 60.7656 60.7812
 60.799  60.8114 60.8237 60.8382 60.8555 60.8716 60.8858 60.9003 60.9174
 60.9313 60.945  60.9585 60.9787 60.9948 61.0075 61.023  61.0356 61.0509
 61.0693 61.089  61.1011 61.114  61.127  61.1477 61.1628 61.1781 61.2028
 61.2249 61.2517 61.2697 61.2924 61.3099 61.3706 61.4144 61.4425 61.4719
 61.5039 61.6494 64.8591 66.3875 66.5886 67.768  67.8116 67.9119 67.9769
 68.0668 68.1033 68.1523 68.1913 68.2391 68.2735 68.3212 68.3457 68.3614
 68.3794 68.4038 68.4166 68.4364 68.4529 68.4786 68.5052 68.5223 68.5421
 68.5573 68.5798 68.6028 68.617  68.632  68.6447 68.6588 68.6757 68.6904
 68.7048 68.7165 68.7358 68.7518 68.7657 68.7781 68.7879 68.8006 68.8182
 68.8381 68.8531 68.8718 68.8816 68.8928 68.9113 68.9272 68.9404 68.9518
 68.9664 68.9774 68.9878 69.     69.0147 69.0298 69.041  69.0558 69.0674
 69.0876 69.1006 69.1136 69.1234 69.1344 69.1465 69.1597 69.1692 69.1808
 69.1913 69.2082 69.2198 69.2326 69.2433 69.2561 69.2735 69.2862 69.3023
 69.3174 69.3338 69.3474 69.3589 69.372  69.3853 69.4026 69.4153 69.4286
 69.4425 69.455  69.4663 69.4805 69.4971 69.5084 69.5197 69.5333 69.546
 69.5595 69.5739 69.5873 69.6023 69.6146 69.6266 69.6432 69.6579 69.6745
 69.6872 69.7017 69.7186 69.7341 69.7485 69.7642 69.779  69.7917 69.8075
 69.8301 69.845  69.8595 69.883  69.9025 69.9239 69.9466 69.9615 69.9758
 69.994

