11.6579 11.9705 12.7963 13.0337 13.0697 13.1379 13.1761 13.2104 13.2297
 13.3174 13.3724 13.4012 13.4304 13.485  13.5228 13.5457 13.5589 13.5745
 13.5906 13.6068 13.6226 13.6395 13.6638 13.678  13.6947 13.7082 13.7277
 13.7428 13.7541 13.7667 13.7799 13.7927 13.8053 13.8169 13.8324 13.8447
 13.8558 13.8735 13.8895 13.9001 13.9138 13.925  13.9357 13.947  13.9576
 13.9677 13.9792 13.9905 14.0021 14.014  14.026  14.0403 14.0511 14.0632
 14.0735 14.0833 14.0924 14.1026 14.1147 14.1306 14.1409 14.152  14.1636
 14.1735 14.1828 14.1925 14.2031 14.2156 14.2277 14.2371 14.2454 14.2557
 14.2676 14.2769 14.2872 14.2964 14.3072 14.3185 14.3277 14.3383 14.3467
 14.3577 14.3681 14.379  14.3892 14.3997 14.4083 14.4168 14.4266 14.437
 14.445  14.4542 14.4641 14.4745 14.4838 14.493  14.5023 14.5124 14.5217
 14.5306 14.5392 14.5487 14.5582 14.5678 14.5766 14.5848 14.5929 14.601
 14.61   14.6211 14.6302 14.6386 14.6475 14.6574 14.6667 14.6766 14.6872
 14.6993 14.7097 14.7194 14.7289 14.738  14.7467 14.7567 14.7657 14.7749
 14.7841 14.7929 14.8034 14.8133 14.8235 14.8328 14.8423 14.8536 14.8649
 14.8757 14.886  14.8976 14.9084 14.919  14.9304 14.946  14.9582 14.9697
 14.98   14.9909 15.0014 15.0119 15.0252 15.0384 15.0485 15.0596 15.0713
 15.0851 15.0986 15.1108 15.1219 15.1342 15.1479 15.1611 15.1736 15.1869
 15.1983 15.2105 15.2256 15.2443 15.2587 15.2735 15.2894 15.3064 15.3274
 15.346  15.3617 15.3782 15.3927 15.4066 15.4287 15.4477 15.4649 15.4871
 15.5093 15.5293 15.5507 15.6048 15.6377 15.6838 15.8321
22.0004 22.4102 22.4379 22.4873 22.6242 22.6478 22.7429 22.7813 22.8018
 22.828  22.8764 22.9066 22.9275 22.9459 22.9724 22.993  23.025  23.0385
 23.0588 23.0755 23.0935 23.1153 23.1322 23.1514 23.1792 23.1989 23.2173
 23.2323 23.2453 23.2575 23.2706 23.2864 23.3069 23.3244 23.3394 23.3559
 23.3752 23.3878 23.3983 23.4116 23.424  23.4408 23.4539 23.4644 23.4788
 23.4901 23.5025 23.5126 23.5244 23.5354 23.5461 23.5564 23.5668 23.5792
 23.5901 23.6009 23.6124 23.6222 23.6323 23.6426 23.6531 23.6641 23.6766
 23.6881 23.7012 23.7115 23.7221 23.7325 23.7417 23.7523 23.7649 23.7774
 23.7882 23.798  23.8083 23.8175 23.8284 23.8409 23.8508 23.8598 23.8693
 23.8799 23.89   23.9009 23.9099 23.9193 23.9301 23.9402 23.9494 23.9601
 23.9729 23.982  23.9928 24.0053 24.0157 24.0253 24.0345 24.045  24.0556
 24.0678 24.0766 24.0851 24.0939 24.103  24.1113 24.1212 24.1309 24.1401
 24.1508 24.1606 24.1693 24.179  24.1874 24.1986 24.2118 24.2224 24.2339
 24.2438 24.2531 24.2634 24.275  24.286  24.2959 24.3056 24.32   24.3309
 24.3433 24.3547 24.3654 24.3762 24.3861 24.3959 24.4073 24.418  24.4283
 24.4402 24.4519 24.4658 24.4769 24.4894 24.5022 24.5151 24.5312 24.5463
 24.5604 24.5733 24.5921 24.6073 24.6196 24.6336 24.648  24.6597 24.6755
 24.6885 24.7027 24.7167 24.7346 24.7622 24.78   24.7966 24.8168 24.8385
 24.8591 24.8771 24.894  24.9186 24.9395 24.9596 24.9787 24.998  25.0138
 25.0372 25.0574 25.0952 25.2008 29.4744
30.2006 30.2538 31.0048 31.054  31.1075 31.1717 31.2135 31.2859 31.3323
 31.4872 31.5182 31.5434 31.6354 31.6569 31.6762 31.6913 31.715  31.7332
 31.7657 31.7846 31.8115 31.8352 31.8735 31.9299 31.9512 31.9694 31.9846
 32.0013 32.0155 32.0309 32.042  32.0561 32.0689 32.082  32.0945 32.1113
 32.1248 32.1374 32.1496 32.1622 32.1763 32.19   32.2014 32.2118 32.2224
 32.2333 32.2427 32.2533 32.2643 32.2742 32.2841 32.2967 32.3078 32.3224
 32.3392 32.3536 32.366  32.3815 32.3912 32.4024 32.4131 32.4237 32.4365
 32.4476 32.4581 32.4712 32.4829 32.4954 32.5101 32.5214 32.5354 32.5482
 32.5596 32.57   32.5794 32.5886 32.598  32.6075 32.6175 32.6287 32.6381
 32.6475 32.6584 32.6686 32.6789 32.689  32.6993 32.7088 32.7205 32.7339
 32.7481 32.76   32.7714 32.7847 32.7959 32.8054 32.816  32.8265 32.8369
 32.8514 32.8635 32.8773 32.8903 32.9011 32.9132 32.9248 32.9348 32.9473
 32.9602 32.9712 32.9848 32.9962 33.0061 33.0179 33.0298 33.0416 33.0525
 33.0727 33.0861 33.0972 33.1132 33.1291 33.1393 33.1508 33.1673 33.1797
 33.1958 33.207  33.2217 33.236  33.2567 33.2712 33.2858 33.2988 33.3138
 33.3273 33.3436 33.3558 33.3718 33.3919 33.4157 33.4365 33.4558 33.4908
 33.5101 33.5277 33.5444 33.564  33.5883 33.605  33.6317 33.6586 33.6791
 33.6997 33.7373 33.7764 33.8912 33.9405 33.9902 34.1219
40.4275 40.4875 40.5693 40.6408 40.6849 40.7147 40.7463 40.7652 40.7878
 40.8092 40.8488 40.8675 40.8796 40.908  40.9284 40.9476 40.977  40.998
 41.0147 41.0334 41.0507 41.0662 41.0824 41.0983 41.1147 41.1348 41.1478
 41.1611 41.1768 41.1986 41.2208 41.2351 41.2509 41.2638 41.2768 41.2876
 41.3001 41.3126 41.3263 41.3376 41.3523 41.3713 41.3835 41.3935 41.4049
 41.4168 41.4308 41.4412 41.4516 41.4604 41.4702 41.4808 41.492  41.5026
 41.5132 41.5224 41.5337 41.5432 41.5545 41.5642 41.5756 41.5872 41.5965
 41.6067 41.6167 41.6254 41.6356 41.6457 41.6566 41.6666 41.6767 41.6858
 41.6966 41.7061 41.7145 41.7252 41.7367 41.7491 41.7584 41.771  41.7805
 41.7899 41.8006 41.8095 41.8193 41.8293 41.838  41.8468 41.8562 41.8662
 41.8797 41.8892 41.8992 41.9079 41.918  41.9284 41.9378 41.9483 41.9593
 41.9683 41.9777 41.9869 41.9955 42.0047 42.0144 42.024  42.0334 42.0439
 42.0532 42.0621 42.0716 42.0825 42.0926 42.1013 42.1111 42.1218 42.1305
 42.1394 42.1485 42.1587 42.1694 42.1803 42.1911 42.2001 42.2104 42.2228
 42.2347 42.2461 42.2565 42.2667 42.2779 42.2883 42.2986 42.311  42.324
 42.3375 42.3485 42.3602 42.3696 42.3795 42.3932 42.404  42.4142 42.425
 42.4374 42.4503 42.4605 42.4711 42.484  42.4942 42.5058 42.5186 42.5341
 42.546  42.5572 42.5682 42.5789 42.5931 42.6076 42.6192 42.6329 42.6467
 42.6598 42.6745 42.6916 42.7086 42.73   42.7509 42.7656 42.7797 42.7983
 42.8269 42.8475 42.8782 42.8929 42.9091 42.9244 42.9521 42.9793 43.0166
 43.0335 43.0825 43.1425 43.2564 49.4403 49.4909 49.5773 49.6089 49.7536
 49.7919 49.8268 49.8529 49.8819 49.9212 49.9657 49.9885
50.0126 50.0333 50.0599 50.079  50.0975 50.112  50.1322 50.1469 50.1656
 50.2106 50.2279 50.2393 50.2531 50.2708 50.2863 50.3032 50.3159 50.3333
 50.345  50.3611 50.3747 50.3859 50.3953 50.4065 50.4215 50.433  50.4449
 50.4597 50.4705 50.487  50.5003 50.511  50.5211 50.5343 50.5459 50.5572
 50.5715 50.5833 50.5929 50.6091 50.625  50.6368 50.6512 50.6626 50.6753
 50.6901 50.7046 50.715  50.7255 50.7362 50.746  50.7556 50.7662 50.7774
 50.7891 50.7996 50.8123 50.8236 50.8336 50.8431 50.8552 50.8662 50.8766
 50.8884 50.9012 50.9115 50.9217 50.9316 50.9434 50.9546 50.9649 50.9748
 50.9839 50.9933 51.0044 51.015  51.0263 51.0405 51.0533 51.0635 51.0737
 51.0849 51.0962 51.1062 51.1162 51.1275 51.1381 51.1487 51.1581 51.1683
 51.1793 51.1895 51.1991 51.2109 51.2214 51.232  51.2445 51.2547 51.264
 51.2741 51.2847 51.2985 51.3131 51.325  51.3354 51.3459 51.3565 51.367
 51.3782 51.3897 51.4003 51.4107 51.4235 51.4363 51.4518 51.4663 51.4825
 51.4945 51.5136 51.5258 51.5382 51.5522 51.5685 51.5825 51.5968 51.613
 51.6302 51.6479 51.6617 51.6866 51.7039 51.7255 51.7488 51.7693 51.8005
 51.8149 51.8497 51.889  51.9158 51.9535 51.9957 52.0266 52.0668 52.1107
 52.1731 54.5266 58.4318 58.6422 58.936  59.0277 59.0561 59.1499 59.1888
 59.2309 59.2509 59.2786 59.3383 59.3596 59.3984 59.4207 59.4469 59.4616
 59.4898 59.5047 59.5182 59.5346 59.5691 59.5832 59.6046 59.619  59.6362
 59.6501 59.6703 59.6847 59.701  59.7155 59.7317 59.7447 59.7648 59.7804
 59.8027 59.822  59.8351 59.8506 59.8641 59.88   59.8921 59.9079 59.9196
 59.9315 59.9431 59.9554 59.9664 59.9787 59.9976
60.0095 60.0195 60.0303 60.043  60.054  60.0656 60.0774 60.0914 60.1014
 60.1136 60.1254 60.1363 60.1493 60.1597 60.1705 60.1827 60.1958 60.2073
 60.2235 60.2356 60.2472 60.2596 60.2724 60.2834 60.2952 60.3058 60.3178
 60.3305 60.3425 60.3558 60.3689 60.3805 60.3943 60.4083 60.4182 60.4273
 60.438  60.449  60.4587 60.4704 60.4814 60.4942 60.5089 60.5224 60.5325
 60.5424 60.5538 60.5658 60.5784 60.59   60.6014 60.6134 60.6251 60.6384
 60.6484 60.659  60.6697 60.6807 60.6935 60.7052 60.7152 60.726  60.7379
 60.75   60.761  60.7721 60.7841 60.7959 60.806  60.8203 60.8301 60.8432
 60.8561 60.868  60.8795 60.8959 60.9087 60.9235 60.9413 60.9535 60.9673
 60.9843 61.0009 61.0201 61.0342 61.0538 61.0698 61.0908 61.1107 61.1298
 61.1473 61.1654 61.1894 61.2046 61.2214 61.2388 61.2641 61.297  61.318
 61.3423 61.3818 61.4034 61.4305 61.5006 61.5608 66.5485 67.2705 67.609
 67.8298 67.8511 67.9312 67.9975 68.0279 68.05   68.0715 68.087  68.1121
 68.1465 68.1664 68.1935 68.2072 68.2247 68.2528 68.2809 68.3035 68.3236
 68.3531 68.3685 68.384  68.3989 68.4151 68.4409 68.4705 68.4917 68.5075
 68.5236 68.539  68.5542 68.5733 68.585  68.5977 68.6183 68.6319 68.6436
 68.6595 68.6811 68.6973 68.7133 68.7269 68.7427 68.7607 68.7766 68.7905
 68.8077 68.8202 68.8389 68.8538 68.867  68.8777 68.8888 68.8987 68.9105
 68.921  68.9304 68.9406 68.9508 68.9622 68.9749 68.9884 69.0028 69.0141
 69.0247 69.0359 69.0493 69.0649 69.0747 69.0859 69.0967 69.1084 69.1216
 69.1365 69.1503 69.1629 69.1795 69.1916 69.2033 69.2144 69.2262 69.2386
 69.2515 69.264  69.2743 69.2855 69.2978 69.3091 69.3195 69.3356 69.3478
 69.3599 69.3724 69.3861 69.4001 69.4158 69.4342 69.4458 69.4587 69.4742
 69.4873 69.4975 69.5121 69.523  69.5369 69.549  69.5636 69.5847 69.6074
 69.6235 69.6382 69.6562 69.6685 69.6821 69.6982 69.7114 69.726  69.7433
 69.7614 69.7752 69.7943 69.8123 69.8315 69.8544 69.8729 69.8926 69.9121
 69.9337 69.9778

