13.2644 13.3008 13.413  13.4406 13.5596 13.5916 13.7179 13.7444 13.7904
 13.8741 13.9767 14.0033 14.0448 14.0691 14.0981 14.125  14.1489 14.2003
 14.2427 14.3666 14.4376
22.1823 22.8701 22.9602 22.9884 23.0828 23.1032 23.2097 23.2322 23.2646
 23.2993 23.3149 23.355  23.3753 23.3963 23.5078 23.5435 23.6993 23.8487
30.4985 30.6363 30.7645 31.4156 31.6145 31.6705 31.7258 31.8078 31.8603
 31.8796 31.9753 32.0497 32.0947 32.1379 32.1662 32.2444 32.2837 32.3273
 32.4508 39.0518
40.3057 40.6328 40.7006 40.7691 40.9894 41.0159 41.0314 41.159  41.2468
 41.2705 41.3537 41.4056 41.43   41.4881 41.5061 41.5539 41.5979 41.6883
 41.8467 49.9717
50.0879 50.3019 50.3289 50.3496 50.4307 50.5569 50.6326 50.6838 50.7399
 58.3557 59.3759 59.4178 59.4608 59.4923 59.5142 59.5718 59.6976 59.7274
 59.7825 59.8161 59.847  59.8647 59.8822 59.9048 59.9436 59.9666 59.9875
60.0168 60.0849 60.1114 60.2592 60.293  67.8448 67.8911 68.1557 68.2933
 68.3486 68.4764 68.5469 68.5881 68.6286 68.6742 68.7277 68.8678 68.9887

