13.1369 13.2503 13.3046 13.3507 13.3773 13.3954 13.4408 13.4557 13.4808
 13.5112 13.5368 13.5687 13.5922 13.6226 13.6593 13.6755 13.6919 13.7113
 13.7267 13.7453 13.7579 13.7868 13.8013 13.8137 13.829  13.8421 13.8539
 13.8654 13.8779 13.8889 13.9029 13.9207 13.9347 13.9451 13.9551 13.9681
 13.9796 13.9888 14.0005 14.0119 14.0222 14.0342 14.0521 14.0739 14.0866
 14.0989 14.1121 14.1248 14.1352 14.1507 14.1633 14.1728 14.1836 14.1935
 14.2052 14.215  14.2262 14.2382 14.2468 14.256  14.2665 14.2773 14.2887
 14.3015 14.3112 14.3207 14.3343 14.3454 14.3572 14.3697 14.3818 14.3922
 14.4037 14.4157 14.4268 14.4353 14.4454 14.4553 14.4638 14.4727 14.4808
 14.4905 14.5001 14.509  14.5183 14.5295 14.5391 14.5489 14.559  14.57
 14.5791 14.5924 14.6025 14.6117 14.621  14.6301 14.6391 14.6475 14.6563
 14.6663 14.6751 14.6853 14.6964 14.7062 14.7157 14.7265 14.7363 14.7459
 14.7569 14.7678 14.777  14.7866 14.7956 14.8047 14.8139 14.8237 14.836
 14.846  14.858  14.8699 14.8822 14.8942 14.9062 14.9169 14.93   14.942
 14.953  14.9639 14.9771 14.9864 14.9974 15.0101 15.0214 15.032  15.0422
 15.0537 15.0666 15.0766 15.0876 15.0987 15.1118 15.1242 15.1398 15.1552
 15.1735 15.1869 15.2003 15.2134 15.2267 15.2391 15.2515 15.2625 15.2781
 15.2947 15.3083 15.3241 15.3401 15.3536 15.3711 15.3861 15.3969 15.4112
 15.4254 15.4409 15.456  15.4676 15.4805 15.4983 15.5194 15.5366 15.5511
 15.5669 15.5817 15.5963 15.6136 15.6292 15.6456 15.6615 15.6789 15.7044
 15.7378 15.7556 15.7969 15.8434 15.8884 15.9251 15.9606 15.9994 16.2819
 16.3984 16.56
22.5112 22.5878 22.645  22.7386 22.7717 22.7964 22.837  22.9324 22.9587
 22.9844 23.0842 23.1072 23.1296 23.1572 23.2089 23.2289 23.2483 23.2661
 23.2828 23.3115 23.3277 23.345  23.3592 23.3734 23.3952 23.4126 23.429
 23.4496 23.4637 23.4816 23.4953 23.5122 23.5263 23.5413 23.5623 23.5733
 23.5874 23.6034 23.6152 23.6324 23.6445 23.6553 23.6678 23.6809 23.6959
 23.7068 23.7197 23.7309 23.7444 23.7568 23.7671 23.7772 23.7937 23.8041
 23.8153 23.827  23.8381 23.8496 23.8605 23.872  23.8843 23.8941 23.9038
 23.9147 23.9254 23.9358 23.9479 23.96   23.9706 23.9822 23.9912 24.002
 24.0117 24.0216 24.0321 24.0451 24.0559 24.0682 24.0794 24.0912 24.103
 24.114  24.1238 24.1336 24.1431 24.1525 24.1637 24.1756 24.1892 24.1996
 24.2106 24.2193 24.23   24.2416 24.2544 24.2652 24.276  24.2844 24.2942
 24.3048 24.317  24.3274 24.3387 24.3524 24.3642 24.3775 24.387  24.4001
 24.4125 24.424  24.4362 24.4484 24.4602 24.473  24.4827 24.494  24.5071
 24.5178 24.5298 24.5406 24.5547 24.5672 24.5809 24.5921 24.6063 24.617
 24.6308 24.6417 24.6532 24.6649 24.6758 24.689  24.7007 24.714  24.7293
 24.7397 24.7509 24.7625 24.7814 24.7952 24.8103 24.8202 24.8321 24.8441
 24.8585 24.871  24.8818 24.8959 24.9119 24.9282 24.9425 24.9585 24.9728
 24.9858 25.0017 25.0169 25.0315 25.0428 25.0584 25.0772 25.0979 25.1155
 25.134  25.1534 25.1691 25.2187 25.2437 25.2671 25.3074 25.3294 25.362
 25.4238 25.5045 25.5421 25.5779 25.9968
31.0509 31.1979 31.4546 31.5052 31.5535 31.5764 31.6291 31.6762 31.7017
 31.7214 31.7769 31.8045 31.8345 31.8659 31.909  31.9302 31.9487 31.9682
 31.9854 32.0013 32.0322 32.0555 32.069  32.0883 32.1037 32.1174 32.1303
 32.1438 32.1627 32.1749 32.1874 32.1996 32.2134 32.2257 32.2386 32.2493
 32.262  32.2726 32.2847 32.2955 32.3104 32.3201 32.3328 32.3473 32.3595
 32.3771 32.3919 32.405  32.4164 32.4269 32.4389 32.4518 32.4631 32.475
 32.4922 32.507  32.519  32.5314 32.5424 32.5528 32.5655 32.5763 32.5888
 32.6015 32.6134 32.6246 32.6347 32.6449 32.6559 32.6683 32.6812 32.6964
 32.7092 32.7222 32.7321 32.7435 32.7555 32.7708 32.7828 32.7954 32.8072
 32.8175 32.8283 32.8398 32.8546 32.8687 32.8803 32.8904 32.9031 32.9184
 32.938  32.9546 32.9697 32.9869 32.9977 33.0091 33.0206 33.0348 33.0473
 33.0616 33.0716 33.0832 33.0956 33.1062 33.1227 33.1399 33.1523 33.1683
 33.1796 33.1933 33.208  33.2243 33.2386 33.2512 33.2623 33.2798 33.2967
 33.3106 33.3235 33.3425 33.3591 33.3743 33.388  33.4    33.4189 33.4311
 33.4516 33.4642 33.4777 33.493  33.5093 33.5272 33.5435 33.5593 33.5761
 33.5946 33.6089 33.6308 33.6545 33.6755 33.693  33.7096 33.7356 33.7515
 33.7818 33.8106 33.8341 33.8596 33.8755 33.9062 33.9375 34.0593 34.0884
 34.1677 34.2722 34.3837 34.5405 34.6147 39.1179
40.3394 40.4105 40.5497 40.6325 40.6569 40.6931 40.7989 40.8389 40.891
 40.9174 40.941  40.9685 40.9902 41.0173 41.0505 41.0644 41.0878 41.1148
 41.1313 41.1674 41.1808 41.1936 41.2123 41.2289 41.2543 41.2646 41.2754
 41.2899 41.3067 41.3213 41.3337 41.3453 41.3587 41.3735 41.3861 41.3978
 41.4115 41.4282 41.4388 41.4536 41.4651 41.4774 41.4878 41.5007 41.5144
 41.5254 41.5358 41.5495 41.5604 41.5739 41.5864 41.5982 41.6105 41.6224
 41.6334 41.6424 41.652  41.6649 41.6751 41.6867 41.6979 41.7106 41.7247
 41.7374 41.7517 41.7643 41.7739 41.785  41.7963 41.8084 41.8218 41.8386
 41.8506 41.8603 41.8693 41.8798 41.8891 41.8999 41.9096 41.9193 41.9298
 41.9404 41.9499 41.9601 41.9708 41.982  41.9922 42.0019 42.0127 42.0233
 42.0323 42.0422 42.0515 42.0629 42.0742 42.0838 42.0948 42.1051 42.1156
 42.1253 42.136  42.146  42.1547 42.1642 42.1749 42.1855 42.1972 42.207
 42.2165 42.2291 42.2442 42.2544 42.2641 42.2748 42.2853 42.2967 42.3104
 42.3223 42.3365 42.3495 42.3615 42.3726 42.3851 42.3977 42.4083 42.4198
 42.4331 42.444  42.4548 42.4655 42.4785 42.4921 42.5058 42.5189 42.5351
 42.5474 42.5606 42.5707 42.5827 42.5941 42.6074 42.6194 42.6298 42.6404
 42.6507 42.6634 42.6746 42.6888 42.702  42.7149 42.7264 42.7375 42.7496
 42.7625 42.7754 42.7897 42.8026 42.8138 42.8273 42.8429 42.8581 42.8747
 42.8903 42.906  42.9203 42.9323 42.9495 42.9619 42.9776 43.0007 43.0163
 43.0317 43.0475 43.072  43.1018 43.126  43.1478 43.1685 43.1861 43.2029
 43.2195 43.2411 43.284  43.3157 43.3548 43.3886 43.4539 43.4767 43.7442
 49.3141 49.4855 49.6766 49.7142 49.8371 49.8785 49.9108 49.9367 49.9531
 49.9815
50.0138 50.0331 50.0694 50.0857 50.1368 50.1641 50.1874 50.207  50.2389
 50.2629 50.2895 50.3225 50.344  50.3597 50.3806 50.4129 50.4304 50.4479
 50.4638 50.4825 50.4995 50.5149 50.5296 50.5578 50.573  50.5861 50.6043
 50.621  50.6346 50.6491 50.6634 50.6748 50.6928 50.706  50.7218 50.7362
 50.7504 50.76   50.7723 50.7855 50.7968 50.8103 50.8205 50.8336 50.8489
 50.8643 50.8752 50.8853 50.8945 50.9082 50.9199 50.9303 50.941  50.9515
 50.9645 50.9754 50.9876 50.9983 51.0099 51.0203 51.0306 51.0398 51.05
 51.0607 51.0712 51.083  51.098  51.111  51.1231 51.136  51.1472 51.158
 51.1717 51.1848 51.1952 51.2057 51.2183 51.2316 51.2444 51.2601 51.2702
 51.2845 51.2963 51.309  51.3256 51.3421 51.3559 51.3709 51.3854 51.3981
 51.4123 51.4272 51.445  51.4617 51.4766 51.4924 51.5063 51.5179 51.5309
 51.5445 51.5582 51.5685 51.5823 51.5951 51.6066 51.6209 51.6351 51.6489
 51.6703 51.6828 51.6943 51.7085 51.7208 51.7359 51.7499 51.7626 51.7766
 51.7941 51.8131 51.8366 51.8494 51.8634 51.8767 51.8957 51.9144 51.9287
 51.9438 51.9609 51.9834 52.0038 52.025  52.0526 52.0704 52.0879 52.1087
 52.1297 52.1498 52.1709 52.1935 52.2219 52.2613 52.2842 52.3104 52.3734
 52.4089 52.4399 52.4652 52.5139 52.5762 52.9818 53.1117 58.6596 59.0629
 59.1462 59.173  59.2379 59.3117 59.4013 59.4797 59.502  59.5224 59.548
 59.5756 59.5905 59.6165 59.6392 59.6594 59.6896 59.728  59.7724 59.7928
 59.8145 59.831  59.8504 59.8705 59.8932 59.9222 59.9383 59.9527 59.966
 59.9809 59.993
60.0121 60.0246 60.0402 60.0562 60.0699 60.0829 60.0949 60.1083 60.1271
 60.14   60.1543 60.1694 60.1832 60.1969 60.2111 60.2297 60.2433 60.2634
 60.2756 60.2857 60.2986 60.3112 60.3296 60.3458 60.3594 60.3743 60.3865
 60.4002 60.4101 60.4206 60.4323 60.4448 60.4549 60.4654 60.4762 60.4896
 60.5011 60.513  60.5245 60.5397 60.5646 60.577  60.5876 60.5987 60.6091
 60.6211 60.6334 60.6433 60.6568 60.6696 60.6803 60.6921 60.7073 60.7183
 60.7288 60.7418 60.7541 60.7667 60.7771 60.7902 60.8024 60.812  60.8211
 60.832  60.8456 60.8592 60.8732 60.8872 60.9007 60.9121 60.9265 60.94
 60.9561 60.9703 60.9828 61.0004 61.0145 61.0297 61.0502 61.0686 61.084
 61.0992 61.1116 61.1355 61.1477 61.1601 61.1746 61.1877 61.2026 61.2189
 61.2365 61.2537 61.2662 61.2836 61.3063 61.324  61.3386 61.3548 61.3759
 61.3925 61.4139 61.43   61.4461 61.4622 61.4834 61.5122 61.5319 61.5632
 61.6185 61.6412 61.6764 61.7228 61.7517 61.7884 61.8061 61.9971 62.0305
 62.0818 66.0786 67.3703 67.5137 67.7635 67.7919 67.85   67.9897 68.045
 68.0796 68.1635 68.1799 68.2377 68.2575 68.2787 68.3086 68.3416 68.3818
 68.4218 68.4364 68.4646 68.4909 68.5059 68.5299 68.5454 68.5632 68.5862
 68.623  68.6422 68.6605 68.6746 68.6906 68.7124 68.728  68.7395 68.7594
 68.7813 68.7967 68.8132 68.8393 68.8616 68.876  68.8885 68.8985 68.9104
 68.9215 68.9348 68.9483 68.9584 68.968  68.9807 68.993  69.0061 69.0201
 69.0362 69.0538 69.0733 69.0855 69.0991 69.1118 69.1295 69.1441 69.1571
 69.1707 69.1871 69.1969 69.2088 69.2198 69.2342 69.252  69.2643 69.278
 69.2899 69.3016 69.3149 69.3265 69.3409 69.3506 69.3606 69.3761 69.3883
 69.4009 69.4136 69.4274 69.4447 69.4596 69.4744 69.4874 69.502  69.5158
 69.5275 69.54   69.5514 69.567  69.5838 69.5968 69.6096 69.6226 69.6364
 69.6503 69.6631 69.6796 69.6985 69.7163 69.733  69.7501 69.7754 69.7926
 69.8071 69.827  69.846  69.8625 69.8812 69.8999 69.9125 69.9345 69.9504
 69.9673 69.9871

