12.1125 12.7814 13.0243 13.0509 13.1447 13.1847 13.302  13.3654 13.3828
 13.4157 13.4502 13.4703 13.5126 13.5782 13.6424 13.6907 13.7873 13.8177
 13.8425 13.9139 13.9439 14.0142 14.0558 14.1291
21.3768 22.3758 22.5663 22.6839 22.7348 22.8208 22.8609 22.881  22.9337
 22.9493 23.0172 23.1376 23.1654 23.3658 23.3818 23.4124 23.4614 23.5418
31.2099 31.2928 31.6634 31.6855 31.7376 31.8147 31.8483 31.9062 32.0403
 32.0867 32.3543
40.2809 40.5209 40.665  40.6937 41.0327 41.074  41.1042 41.3354 41.3927
 41.4082 41.4455 41.485  49.1729 49.5531 49.7295 49.8841 49.9153
50.1126 50.1519 50.169  50.2455 50.3695 57.6464 58.4911 58.975  59.2352
 59.3765 59.4399 59.4672 59.5024 59.5762 59.621  59.7829 59.8103 59.8832
67.4277 67.761  67.805  67.8658 67.9401 68.019  68.2129 68.2697 68.2847
 68.3122 68.3477 68.4376 68.4555

