13.1274 13.1742 13.2408 13.3159 13.3516 13.442  13.5658 13.5806 13.6214
 13.6474 13.6793 13.7324 13.7502 13.7703 13.7988 13.8329 13.8873 13.9104
 13.9252 13.9379 13.9533 13.9674 13.9993 14.025  14.1206 14.145  14.1632
 14.1837 14.2523 14.2768 14.3222 14.3667 14.4258 14.4409 14.4603
21.0987 21.8687 21.9999 22.1144 22.5858 22.6388 22.6678 22.7225 22.7814
 22.8464 22.8986 22.9374 23.0402 23.0725 23.1042 23.2731 23.2957 23.3132
 23.3392 23.3524 23.3826 23.4144 23.4568 23.4686 23.4834 23.4957 23.5248
 23.5411 23.5585 23.5713 23.5884 23.6087 23.6294 23.6503 23.7037 23.7468
 23.7605 23.7801 23.7934 23.8077 23.8275 23.8574 23.8735 23.8962 23.9227
30.9443 31.4297 31.7144 31.7432 31.9241 31.9448 31.9658 32.0304 32.0501
 32.0656 32.0974 32.1726 32.1999 32.2203 32.2388 32.2602 32.2936 32.3414
 32.3598 32.4085 32.4327 32.4461 32.4585 32.4827 32.4987 32.5245 32.5393
 32.5607 32.576  32.5998 32.6157 32.6965 32.736  32.815  32.8609 32.8869
 39.6655 39.8379 39.8738
40.0243 40.207  40.3989 40.4233 40.5409 40.5751 40.6575 40.6878 40.7118
 40.7341 40.7506 40.7905 40.8099 40.8486 40.8774 40.9071 40.9308 40.9613
 40.9803 40.996  41.0204 41.048  41.1034 41.1202 41.1334 41.1467 41.1631
 41.1826 41.2028 41.215  41.2262 41.2394 41.2533 41.2818 41.2925 41.3063
 41.328  41.3559 41.3692 41.4054 41.4212 41.4339 41.4545 41.4792 41.5027
 41.5244 41.5531 41.5741 41.6281 41.6418 47.2492 47.8511 48.6577 49.7255
 49.996
50.0995 50.2732 50.3402 50.3597 50.3984 50.4626 50.5395 50.5549 50.5877
 50.6515 50.6958 50.7496 50.8748 50.9206 51.0372 51.0744 56.8449 58.4339
 59.1596 59.2009 59.2315 59.3405 59.3664 59.4939 59.5869 59.6203 59.6494
 59.6689 59.6839 59.7089 59.7477 59.8027 59.8271 59.849  59.8642 59.8859
 59.9069 59.9354 59.9673
60.0173 60.0342 60.0909 60.1068 60.1464 65.6207 68.1185 68.4507 68.5153
 68.5608 68.7064 68.8256 68.8413 68.9003 68.9877 69.0424 69.0699 69.1108
 69.1318 69.1577 69.2128

