10.9675 12.1755 12.813  12.8698 13.1146 13.3419 13.3868 13.4086 13.5594
 13.6155 13.8005 13.8212 13.8761 13.9268 14.0449 14.1556 14.1923 14.2525
21.7128 21.8929 22.1662 22.3846 22.5867 22.6315 22.7047 22.7787 22.8105
 22.8303 22.8594 22.9525 23.0028 23.038  23.0569 23.1338 23.1519 23.1856
 23.2474 23.2898 23.3409 23.3881 23.4338 23.4593
30.0259 31.1631 31.5927 31.6698 31.97   31.999  32.0209 32.0623 32.1492
 32.1711 32.2477 32.2678 32.3374 32.3586 32.3943 32.4908 32.5339 32.705
 39.0648 39.3479 39.7094 39.7405 39.8614
40.098  40.1176 40.2734 40.3515 40.4425 40.558  40.5866 40.661  40.6946
 40.7198 40.7569 40.8708 40.9022 40.9516 40.9686 41.0174 41.0788 41.1396
 41.1832 41.2468 41.2808 49.4286 49.7806 49.8428
50.0115 50.0317 50.0558 50.1452 50.231  50.2773 50.292  50.3061 50.3296
 50.3727 50.4364 50.4741 50.4919 50.5882 50.6567 50.7109 59.1305 59.3273
 59.3838 59.4638 59.4949 59.5799 59.6144 59.6375 59.6906 59.7088 59.8108
 59.8409 59.8569 59.882
60.0248 67.86   68.0534 68.2568 68.5662 68.5829 68.6863 68.7069 68.7787
 68.8895 68.9619 69.0205 69.1087

