11.9433 12.9548 13.0256 13.1528 13.2956 13.4099 13.4409 13.4927 13.5215
 13.5785 13.6002 13.6358 13.6547 13.6703 13.6886 13.7045 13.721  13.7338
 13.7548 13.7732 13.7914 13.8106 13.8247 13.8368 13.8481 13.861  13.8719
 13.8849 13.9006 13.9151 13.9286 13.9404 13.9593 13.971  13.9813 13.9913
 14.0006 14.0096 14.0222 14.0336 14.044  14.0536 14.0656 14.0757 14.086
 14.0948 14.1031 14.1125 14.1246 14.1351 14.1451 14.1555 14.1637 14.1726
 14.1823 14.1919 14.2022 14.2113 14.2211 14.2292 14.2376 14.2466 14.2549
 14.2631 14.2712 14.2792 14.2881 14.2963 14.3039 14.3122 14.3209 14.3292
 14.3383 14.3466 14.3549 14.3633 14.3713 14.38   14.388  14.396  14.4035
 14.4117 14.4195 14.4273 14.4362 14.4455 14.4537 14.4617 14.4695 14.4777
 14.4858 14.4932 14.5008 14.508  14.5158 14.5234 14.5313 14.5396 14.5474
 14.5546 14.5621 14.5702 14.5782 14.5865 14.5939 14.6014 14.6084 14.6156
 14.6228 14.6303 14.6375 14.6448 14.6523 14.6602 14.6676 14.675  14.6824
 14.6898 14.6976 14.7053 14.7126 14.7202 14.7279 14.7351 14.7424 14.75
 14.7572 14.7645 14.7718 14.7798 14.7872 14.7942 14.8016 14.8091 14.8161
 14.8239 14.8315 14.8388 14.8465 14.8539 14.861  14.8684 14.8759 14.8837
 14.8917 14.8994 14.9073 14.9147 14.9233 14.9308 14.9383 14.9463 14.9539
 14.9616 14.9692 14.9766 14.9841 14.9917 14.9998 15.0076 15.0154 15.0231
 15.0303 15.0377 15.0458 15.0531 15.0617 15.0693 15.0767 15.0844 15.0925
 15.1008 15.1092 15.1172 15.1246 15.1322 15.1396 15.1474 15.1557 15.1643
 15.1722 15.1804 15.1888 15.1977 15.2057 15.214  15.2219 15.2298 15.2377
 15.2452 15.2528 15.2604 15.2691 15.2781 15.2875 15.2969 15.3074 15.3164
 15.3249 15.3351 15.3444 15.3537 15.3638 15.3736 15.3833 15.3943 15.404
 15.4139 15.4232 15.4326 15.4427 15.4516 15.4636 15.4742 15.4842 15.4945
 15.5059 15.516  15.5302 15.5411 15.5533 15.5655 15.576  15.5896 15.6029
 15.6186 15.6316 15.6487 15.6595 15.6728 15.6892 15.702  15.7174 15.7319
 15.7455 15.762  15.7767 15.7925 15.8165 15.8347 15.8515 15.8674 15.8925
 15.9269 15.9466 15.9699 15.9888 16.0176 16.0515 16.1009
22.3189 22.5712 22.6375 22.7591 22.7982 22.8287 22.8767 22.8991 22.9252
 22.9434 22.9767 22.9986 23.0263 23.0551 23.0696 23.1105 23.1369 23.1516
 23.1668 23.1797 23.1942 23.2076 23.2184 23.2296 23.2453 23.2566 23.2673
 23.2782 23.29   23.3069 23.3176 23.3272 23.3367 23.3473 23.356  23.368
 23.3778 23.3874 23.3975 23.4078 23.4195 23.4305 23.4416 23.4511 23.4601
 23.4705 23.4805 23.4904 23.499  23.5083 23.5166 23.5261 23.5345 23.5444
 23.5541 23.5635 23.5725 23.5806 23.5894 23.5976 23.6056 23.6135 23.6214
 23.63   23.6378 23.6469 23.6549 23.6628 23.6704 23.6779 23.6861 23.6938
 23.7016 23.71   23.7179 23.7257 23.733  23.7412 23.7491 23.7566 23.7648
 23.7725 23.7806 23.7882 23.7958 23.8034 23.8109 23.8191 23.8276 23.8356
 23.8433 23.8506 23.858  23.8658 23.8741 23.8817 23.889  23.8968 23.9043
 23.912  23.9199 23.928  23.936  23.9445 23.9523 23.9608 23.9684 23.9755
 23.9828 23.9897 23.9973 24.0046 24.012  24.0194 24.0272 24.0342 24.0421
 24.0493 24.0567 24.0638 24.0712 24.0788 24.0862 24.0933 24.1008 24.108
 24.115  24.122  24.1293 24.1364 24.1436 24.1508 24.1582 24.1656 24.1733
 24.1808 24.188  24.196  24.2032 24.2103 24.2178 24.2249 24.2324 24.2403
 24.2483 24.2562 24.264  24.2712 24.2789 24.2865 24.2935 24.3009 24.3082
 24.3153 24.3226 24.3304 24.3385 24.3468 24.3548 24.3626 24.3701 24.3782
 24.3857 24.3934 24.4011 24.4091 24.4168 24.4239 24.4316 24.4392 24.4474
 24.4547 24.4627 24.4707 24.4794 24.488  24.4952 24.5034 24.5117 24.5195
 24.5271 24.5362 24.5448 24.5529 24.5611 24.5699 24.5791 24.5881 24.5979
 24.6068 24.6151 24.6234 24.6322 24.6407 24.6493 24.6577 24.6658 24.6753
 24.6846 24.6941 24.704  24.7138 24.724  24.7346 24.7451 24.7563 24.7667
 24.779  24.7889 24.7989 24.8118 24.8219 24.8329 24.8437 24.8583 24.8676
 24.8786 24.8906 24.904  24.9202 24.9353 24.95   24.9669 24.9782 24.9923
 25.0096 25.0266 25.051  25.0668 25.0845 25.1001 25.1157 25.1308 25.1505
 25.1682 25.1895 25.212  25.2461 25.2951 25.3174 25.3341 25.3602 25.3959
 25.4711
31.4075 31.5582 31.8047 31.8764 31.9115 31.9432 31.9717 31.9939 32.0423
 32.0678 32.0867 32.1043 32.1171 32.1374 32.1567 32.1726 32.1923 32.2072
 32.2195 32.2479 32.2621 32.284  32.2994 32.3095 32.3225 32.3423 32.3548
 32.3706 32.3862 32.4006 32.4124 32.4234 32.436  32.4488 32.4632 32.4723
 32.4827 32.4928 32.5023 32.5113 32.52   32.5306 32.5413 32.5509 32.561
 32.5716 32.5811 32.5904 32.5996 32.6093 32.6194 32.6288 32.639  32.6478
 32.6571 32.6664 32.6748 32.6831 32.6924 32.7016 32.7103 32.7191 32.7294
 32.7384 32.7476 32.7561 32.765  32.7737 32.7827 32.7913 32.7994 32.8077
 32.8159 32.8242 32.8327 32.8409 32.8492 32.8567 32.8651 32.8731 32.881
 32.8899 32.8974 32.9046 32.9118 32.9193 32.9271 32.9352 32.9439 32.952
 32.9596 32.9674 32.9759 32.9834 32.9914 32.9993 33.0066 33.0143 33.0222
 33.0304 33.0384 33.0467 33.0544 33.0622 33.0699 33.0775 33.0847 33.0925
 33.0999 33.1081 33.1158 33.1236 33.1311 33.1385 33.1455 33.1534 33.1605
 33.1681 33.1752 33.1824 33.1894 33.1972 33.2046 33.2124 33.2199 33.2271
 33.2349 33.2429 33.2508 33.2583 33.2656 33.2729 33.2803 33.2876 33.2953
 33.3026 33.3106 33.3183 33.3267 33.3346 33.3419 33.3504 33.3581 33.366
 33.3738 33.3815 33.3887 33.3966 33.4043 33.412  33.4202 33.4276 33.435
 33.4426 33.4506 33.4582 33.4659 33.4735 33.481  33.4884 33.496  33.5035
 33.5106 33.5181 33.5258 33.5333 33.5408 33.5482 33.5561 33.564  33.5718
 33.5795 33.5873 33.595  33.6032 33.612  33.6197 33.6278 33.6367 33.6452
 33.6529 33.6614 33.6695 33.6783 33.6863 33.6944 33.7024 33.7107 33.72
 33.7282 33.7372 33.7468 33.7564 33.7649 33.7739 33.7819 33.7906 33.7991
 33.8076 33.8168 33.8276 33.8377 33.8486 33.8591 33.8677 33.8768 33.8866
 33.8984 33.908  33.9192 33.9293 33.9408 33.9514 33.9647 33.9768 33.9881
 33.999  34.0109 34.0211 34.0355 34.0511 34.064  34.0775 34.0897 34.1064
 34.1193 34.1334 34.1443 34.1633 34.1808 34.2069 34.2229 34.2426 34.2574
 34.2765 34.2944 34.3116 34.3416 34.3807 34.4023 34.4225 34.4427 34.5154
 34.5557 34.5975 39.0893 39.5138 39.6609 39.7227
40.1908 40.3496 40.4117 40.4653 40.4845 40.5114 40.5455 40.5629 40.5804
 40.5945 40.6166 40.641  40.6604 40.6782 40.6893 40.7053 40.7185 40.735
 40.7498 40.7655 40.781  40.7968 40.8106 40.8286 40.842  40.8552 40.8693
 40.8818 40.8985 40.9103 40.9223 40.9332 40.9444 40.9582 40.9682 40.9777
 40.9871 40.9969 41.0069 41.0184 41.0275 41.0388 41.0487 41.0579 41.0679
 41.0777 41.0886 41.0973 41.1063 41.1154 41.1243 41.1331 41.1412 41.1504
 41.1605 41.1696 41.1796 41.1898 41.2001 41.2094 41.2189 41.2297 41.2383
 41.2464 41.2551 41.2644 41.2725 41.2804 41.289  41.2973 41.3049 41.3132
 41.3211 41.3296 41.3377 41.3448 41.3531 41.361  41.3689 41.3766 41.3849
 41.3934 41.4017 41.4097 41.4178 41.4256 41.433  41.4402 41.4481 41.4554
 41.4632 41.4709 41.4786 41.4864 41.4938 41.501  41.5084 41.5158 41.5232
 41.5308 41.5386 41.5457 41.553  41.5604 41.5678 41.5753 41.5828 41.5898
 41.5976 41.6052 41.6127 41.6201 41.6273 41.6346 41.6422 41.6493 41.6562
 41.6635 41.6709 41.6785 41.6855 41.6926 41.7    41.7067 41.7138 41.7208
 41.7279 41.7348 41.7418 41.7486 41.7555 41.7627 41.7698 41.7766 41.7837
 41.7909 41.7979 41.8053 41.8123 41.8191 41.8262 41.833  41.8398 41.8467
 41.8537 41.8608 41.8677 41.8748 41.8817 41.8886 41.8956 41.9027 41.9097
 41.9164 41.9233 41.9298 41.9366 41.9432 41.9501 41.9571 41.964  41.9708
 41.9776 41.9847 41.9918 41.9988 42.0058 42.0126 42.0194 42.0262 42.0334
 42.0402 42.0472 42.0541 42.0608 42.0676 42.0743 42.0812 42.0883 42.0951
 42.1023 42.1092 42.1163 42.1232 42.1303 42.137  42.1444 42.1514 42.158
 42.1651 42.1722 42.1789 42.1857 42.1928 42.2001 42.2075 42.2144 42.2217
 42.2291 42.2364 42.2435 42.2505 42.2575 42.2643 42.2713 42.2782 42.2851
 42.2924 42.2997 42.3064 42.3134 42.3201 42.3268 42.3338 42.3407 42.3479
 42.3552 42.3624 42.3696 42.377  42.3842 42.3914 42.399  42.4063 42.4141
 42.4216 42.429  42.4364 42.4445 42.4521 42.4604 42.4682 42.4761 42.4839
 42.4914 42.4988 42.5062 42.5137 42.5215 42.5294 42.5372 42.5451 42.5532
 42.5611 42.5692 42.5771 42.5853 42.5934 42.602  42.6107 42.6191 42.6271
 42.6355 42.6445 42.653  42.6624 42.6727 42.6827 42.6927 42.7019 42.7118
 42.7211 42.7297 42.7382 42.7479 42.7571 42.7668 42.7756 42.7854 42.7968
 42.8073 42.8183 42.8308 42.8422 42.8526 42.863  42.875  42.8849 42.8956
 42.9092 42.924  42.9362 42.9496 42.9623 42.9755 42.9912 43.0069 43.0195
 43.0338 43.0499 43.0627 43.0761 43.0906 43.1076 43.1231 43.1399 43.1561
 43.1696 43.1987 43.2194 43.247  43.2748 43.3534 43.3799 47.4033 49.4199
 49.6275 49.6707 49.892  49.9357
50.0881 50.1826 50.2157 50.236  50.2743 50.3026 50.3158 50.3333 50.3546
 50.3789 50.3925 50.4077 50.4243 50.4396 50.4559 50.4707 50.4833 50.4942
 50.5073 50.5187 50.5303 50.5415 50.554  50.5659 50.5753 50.5859 50.6017
 50.6127 50.6242 50.6355 50.6441 50.6533 50.6646 50.6759 50.6867 50.6975
 50.707  50.7185 50.7298 50.7396 50.7501 50.7602 50.7709 50.7801 50.7903
 50.7989 50.8093 50.8184 50.8282 50.838  50.8471 50.8554 50.864  50.8725
 50.8813 50.8904 50.8985 50.907  50.9158 50.9242 50.934  50.9433 50.9511
 50.96   50.9675 50.976  50.9847 50.9932 51.0018 51.0104 51.0186 51.0262
 51.0341 51.0424 51.0503 51.0588 51.0663 51.0736 51.0816 51.0897 51.0973
 51.1059 51.1142 51.1225 51.1306 51.1388 51.1467 51.1546 51.1632 51.1708
 51.1785 51.186  51.1949 51.2029 51.2109 51.2189 51.2265 51.2344 51.2422
 51.2495 51.2571 51.2648 51.273  51.2816 51.2904 51.2984 51.3065 51.3139
 51.3213 51.3291 51.3365 51.3441 51.352  51.3608 51.3684 51.3764 51.3842
 51.3922 51.3996 51.4075 51.4149 51.4224 51.4305 51.4382 51.4456 51.4531
 51.4606 51.4688 51.4767 51.485  51.4931 51.5005 51.5079 51.5162 51.524
 51.5323 51.5399 51.5478 51.5557 51.5631 51.5707 51.5786 51.5865 51.5941
 51.6019 51.6098 51.6176 51.6259 51.6337 51.6414 51.6492 51.657  51.6652
 51.6735 51.6814 51.6893 51.6972 51.7048 51.7129 51.7215 51.7301 51.7384
 51.7468 51.755  51.7638 51.7725 51.7815 51.7911 51.8002 51.8097 51.8184
 51.8279 51.837  51.8457 51.8567 51.8654 51.8753 51.884  51.8927 51.9034
 51.9145 51.9246 51.9343 51.9442 51.9547 51.9663 51.9763 51.9887 52.
 52.0103 52.0231 52.0344 52.0465 52.059  52.071  52.0812 52.0915 52.1029
 52.1179 52.1361 52.1473 52.1617 52.1792 52.1915 52.2035 52.2171 52.2313
 52.2505 52.2667 52.2845 52.3044 52.3244 52.3442 52.3609 52.3794 52.3965
 52.4177 52.4456 52.472  52.4978 52.5154 52.55   52.6105 52.6396 52.7958
 57.2266 57.4905 59.1777 59.3279 59.3766 59.3962 59.4318 59.4611 59.493
 59.5167 59.5394 59.5578 59.5733 59.5971 59.6172 59.64   59.6579 59.68
 59.6938 59.708  59.7246 59.7398 59.7531 59.7697 59.786  59.8047 59.8211
 59.8342 59.849  59.8586 59.8704 59.8819 59.8937 59.9032 59.9146 59.9256
 59.9386 59.9491 59.9586 59.9689 59.9779 59.9869 59.997
60.0064 60.0158 60.0267 60.0359 60.046  60.0559 60.0648 60.0742 60.0829
 60.0917 60.1014 60.1103 60.1184 60.1273 60.1355 60.145  60.1544 60.1636
 60.1726 60.1819 60.1911 60.2005 60.2102 60.2189 60.227  60.2346 60.2427
 60.2511 60.2594 60.2675 60.2758 60.2835 60.291  60.2989 60.3065 60.3145
 60.3226 60.3307 60.3391 60.3469 60.3546 60.3622 60.3698 60.3773 60.3849
 60.3924 60.3998 60.4074 60.416  60.4231 60.4302 60.4373 60.445  60.4523
 60.4595 60.467  60.4744 60.4818 60.4891 60.4967 60.5041 60.5121 60.5195
 60.5272 60.5345 60.5417 60.5499 60.5574 60.5649 60.5721 60.5801 60.5882
 60.5956 60.6033 60.6112 60.6192 60.6274 60.6356 60.6432 60.6511 60.6589
 60.6667 60.6737 60.681  60.6885 60.6957 60.7026 60.7098 60.7172 60.7244
 60.7319 60.7398 60.7471 60.7542 60.7613 60.7687 60.7765 60.7838 60.7914
 60.799  60.8062 60.8137 60.8209 60.8282 60.8359 60.8433 60.8506 60.8584
 60.8662 60.874  60.8815 60.8891 60.8966 60.9046 60.913  60.9213 60.9296
 60.9375 60.9452 60.9529 60.9604 60.9679 60.975  60.9831 60.9913 60.999
 61.0064 61.0143 61.0221 61.0294 61.0381 61.0464 61.0546 61.0627 61.0715
 61.0801 61.0881 61.0962 61.1044 61.1128 61.1213 61.1298 61.1385 61.1486
 61.1569 61.1651 61.174  61.1825 61.191  61.1995 61.2088 61.2184 61.2288
 61.2396 61.2503 61.2597 61.2694 61.2802 61.2894 61.3007 61.3109 61.3222
 61.3339 61.3475 61.3605 61.3743 61.3858 61.3971 61.4135 61.4246 61.4365
 61.4523 61.4623 61.4775 61.4929 61.506  61.5213 61.5347 61.5469 61.5626
 61.5814 61.5968 61.6164 61.635  61.6586 61.6862 61.7136 61.737  61.7616
 61.828  61.9746 62.0118 64.5924 68.3507 68.6747 68.722  68.7398 68.7623
 68.7979 68.8318 68.8555 68.8959 68.9211 68.9598 68.9832 68.9982 69.0139
 69.0384 69.0632 69.095  69.1151 69.1291 69.1432 69.158  69.1744 69.1865
 69.1994 69.2113 69.2233 69.2341 69.2451 69.26   69.2725 69.286  69.3006
 69.3108 69.3203 69.3315 69.3449 69.3563 69.3665 69.3768 69.3893 69.401
 69.4154 69.4259 69.4358 69.4454 69.4551 69.4657 69.475  69.4866 69.4963
 69.5063 69.5176 69.5264 69.5369 69.5491 69.5603 69.5711 69.5814 69.5938
 69.6066 69.6174 69.6311 69.6418 69.6543 69.6662 69.6763 69.6882 69.6988
 69.7119 69.7223 69.7336 69.7438 69.7528 69.7617 69.7706 69.7797 69.7893
 69.7998 69.8095 69.8197 69.8316 69.8435 69.855  69.8644 69.8746 69.8857
 69.896  69.9111 69.9223 69.9328 69.945  69.9548 69.969  69.9807 69.9934

