10.6516 11.2588 11.8197 12.9229 13.3312 13.5927 13.621  13.6644 13.6925
 13.7704 14.0538 14.1725 14.2366 14.2877 14.3547
23.1432 23.2838 23.4325 23.7344 24.0661
31.5866 32.0417 32.1446 32.2311 32.5932 32.6826 32.8026 32.8699 32.9244
 32.9544 33.0338 33.0747 33.1429 33.2878 33.3356
41.6302 41.9615 42.3099 42.4064 42.4675 42.6133
50.2019 50.8527 51.1625 51.2216 51.2593 51.3772 51.4069 51.6983 59.2315
 59.4726 59.6413 59.8233 59.8603
60.1445 60.1643 60.2012 60.2516 60.4791 60.6958 67.6254 68.7747 69.0076
 69.3595 69.6569 69.6949 69.7885

