12.9827 13.1922 13.6553 13.86   13.8801 14.0617 14.1461 14.1738 14.2468
 14.2892
20.9484 22.0449 22.08   23.0648 23.1653 23.4518 23.4741 23.5033 23.6947
 23.7105 23.7783 23.812  23.8893
31.5445 31.7726 31.8446 31.8816 32.5451 32.5912 32.6435 32.7018 32.7959
 32.9621 33.0031 33.0169 33.0375 33.0866 33.1896 33.3003 33.3399 33.37
 33.385  33.4006 33.5008 39.6028
41.4803 41.6184 41.9221 42.5444 42.5753 49.4341 49.5737
50.8238 50.9469 50.9734 51.0626 51.1014 51.2296 51.2805 51.3198 51.4399
 51.5727 51.6109 51.6382 58.8889 59.0948 59.2898 59.4591 59.897
60.0073 60.0503 60.0952 60.1851 60.229  60.2621 60.3027 60.5586 60.6041
 60.6214 68.3514 69.225  69.2465 69.4789 69.6476

