12.2199 13.5685 13.6794 13.7661 13.7989 13.8918 13.9669 14.0215 14.0694
 14.1324 14.1779 14.2055 14.2501 14.2732 14.3059 14.5605
22.9258 23.4991 24.2299
30.6474 32.6388 32.7647 32.797  32.8189 33.0318 33.1258 33.2659 33.2861
 33.3202 33.3599 33.4842 33.5163 33.5452 33.6077 33.6769
40.5626 41.0899 41.6579 42.0975 42.2023 42.3053 42.3562 42.3963 42.5775
 42.6208 42.6615 42.694  42.7717 42.892
50.8133 50.9424 51.2806 51.3194 51.3676 51.4102 51.4541 51.5136 51.5574
 51.5812 51.6353 51.7256 51.8062 51.8244 52.0035 59.9863
60.0502 60.1083 60.1465 60.2095 60.2328 60.3506 60.388  60.4287 60.5216
 60.5884 60.6394 60.7506 60.7742 69.2787 69.5649 69.6297 69.6865 69.8846
 69.972

