11.1137 13.0899 13.1353 13.3269 13.597  13.6249 13.9031 13.9648 14.1312
 14.1879 14.2176 14.3775
22.3336 22.825  23.1413 23.3319 23.3854 23.5571 23.6561 23.6839 23.8241
 23.8588 27.9447
32.2993 32.3925 32.4228 32.4659 32.5743 32.7625 32.7813 32.8187 32.8687
 33.002
41.0706 41.3268 42.0024 42.38
50.2774 50.3218 50.5638 51.2518 51.3085 51.4224 51.7042 51.7957 58.9419
 59.8474 59.9317
60.2329 60.3018 60.3615 60.3829 60.4652 60.4915 60.8648 68.9275 69.0645
 69.2229 69.4068 69.7243 69.7586 69.8063 69.8409 69.8589 69.9458

