13.6966 14.1483 14.1947 14.2467 14.2848 14.3269 14.3881 14.4007 14.454
 14.5449 14.5892 14.7364 14.9338 15.0728
22.5014 23.0209 23.0736 23.1202 23.2743 23.3528 23.3993 23.4609 23.4956
 23.6212 23.6835 23.7722 23.8385 23.8726 23.9135 23.9276 23.9445 23.9629
 24.0004 24.038  24.1206 24.143  24.2133 24.2348
32.6752 32.9276 33.146  33.1771 33.2332 33.2713 33.3601 33.3859 33.4337
 33.4835 33.5524 33.5908 33.6324 33.7507 33.7852 33.9606
41.7912 42.1753 42.2005 42.2727 42.3719 42.4194 42.5558 42.5765 42.6625
 42.7238 42.7798 42.8046 42.8598 42.8926 42.9086 43.0028 43.0374 43.067
 43.1082
50.5635 51.0408 51.1039 51.184  51.2275 51.3598 51.3794 51.4067 51.4643
 51.4849 51.5177 51.5838 51.6386 51.6627 51.6843 51.702  51.7741 51.7922
 51.8118 51.8944 51.9087 51.9479 52.0589 52.2427
60.3098 60.3618 60.4903 60.5285 60.8441 61.0402 61.1006 61.2571 61.2744
 61.2986 61.3328 69.4808 69.597  69.6444 69.6739 69.7771 69.8448 69.9043
 69.9446 69.9802

