11.2057 13.1017 13.2386 13.5709 13.6203 13.6671 13.7202 13.9065 13.9513
 14.0165 14.0902 14.1393 14.2049 14.2325 14.2558 14.2829 14.3081 14.328
 14.3519 14.3798 14.3982 14.4188 14.4378 14.4578 14.5031 14.5519 14.5791
 14.6073 14.6252 14.6563 14.7637 14.7817 14.9043 14.937  14.9661 19.5406
20.6871 21.0566 22.3653 22.4623 22.8446 23.1917 23.2488 23.3095 23.3522
 23.4289 23.4853 23.5137 23.5439 23.5886 23.6869 23.76   23.7877 23.803
 23.8946 23.9398 23.9802 24.02   24.059  24.0788 24.0922 24.1575 24.1721
 24.1942 24.2226 24.2719 24.3133 24.4659 29.513
31.3777 32.2289 32.5726 33.223  33.3589 33.3848 33.4716 33.5838 33.6649
 33.8476
41.3293 41.5004 41.8805 41.9543 41.9915 42.0629 42.1009 42.1323 42.1828
 42.2067 42.2271 42.3224 42.3545 42.3839 42.4427 42.4998 42.5173 42.5529
 42.6766 42.7103 42.7641 42.8764 42.8956 42.91   42.9881 42.9996 43.0288
 43.0424 43.0745 43.0969 43.2323 43.2879 49.8095
50.4375 51.0235 51.0827 51.1568 51.1927 51.2672 51.2973 51.3627 51.3817
 51.4182 51.4466 51.5058 51.5225 51.5496 51.6389 51.6757 51.7126 51.7385
 51.7882 51.8213 51.8547 51.9515 52.0445 52.0598 52.0988 59.5462 59.7816
 59.868
60.4494 60.472  60.8867 60.9241 61.0121 61.0709 61.1867 61.3301 69.1307
 69.1528 69.3139 69.4128 69.5028 69.7321 69.8682 69.9007 69.9981

