13.2078 13.6976 13.7513 13.9718 14.0291 14.1635 14.2212 14.2466 14.3638
 14.4757 14.5092 14.7445
22.8711 22.9398 23.2437 23.3887 23.4127 23.5093 23.5674 23.593  23.6167
 23.6531 23.7515 23.7828 23.86   23.8812 24.0124
32.8584 32.9027 33.1999 33.2397 33.3703
40.8739 41.6809 41.9001 42.1817 42.2238 47.4169 49.8915
50.4744 50.781  50.8346 50.8747 51.0055 51.0341 51.1062 51.1312 51.275
 51.3397 51.3595 51.4185 51.5517 51.6275 51.6811 59.1806 59.6142
60.0944 60.1633 60.1977 60.2597 60.3455 60.5374 60.7427 68.2069 68.4313
 68.5088 69.1596 69.3077 69.3574 69.3898 69.4215 69.4509 69.5914 69.6368
 69.8518

