13.4237 13.7289 14.0336 14.4784 14.5153 14.5361 14.5721 14.6182 14.6433
 14.7217 14.7622 14.8079 14.8334 14.8607 14.8846 14.9095 14.9591 15.0494
 15.0756 15.2364 15.3277 15.3412
21.6397 22.2898 22.6252 23.0242 23.1048 23.3545 23.3951 23.4264 23.4976
 23.5488 23.612  23.6755 23.7445 23.8192 23.8949 23.9138 23.9351 23.9619
 23.9793 23.9919 24.0098 24.0322 24.0542 24.0692 24.0968 24.1172 24.1394
 24.1597 24.2139 24.2777 24.3102 24.3279 24.3466 24.363  24.3773 24.3953
 24.5091 24.5358 24.6123 24.6773 24.7456 29.7977
31.6328 32.2722 33.0125 33.1835 33.1992 33.2219 33.2575 33.3047 33.3711
 33.4641 33.492  33.5312 33.6119 33.7313 37.6878
40.6082 41.6867 41.766  41.8006 41.9586 41.9959 42.0641 42.0966 42.1338
 42.1836 42.2281 42.2509 42.2776 42.3283 42.3468 42.4415 42.4669 42.5248
 42.5631 42.5908 42.6393 42.6646 42.6785 42.6909 42.7111 42.73   42.7499
 42.7647 42.8066 42.8335 42.8543 42.9137 42.9332 42.9856 43.0065 43.0213
 43.0549 43.0773 43.1027 43.1351 43.1764 43.3001 49.1556 49.911
50.3041 50.8943 50.9779 51.001  51.0363 51.0873 51.1252 51.2187 51.2345
 51.2539 51.3106 51.3345 51.3718 51.4006 51.4384 51.4531 51.5062 51.5267
 51.5472 51.5794 51.6041 51.6165 51.6386 51.6629 51.6977 51.7259 51.7462
 51.7655 51.7803 51.7972 51.8146 51.8331 51.8514 51.8709 51.8884 51.905
 51.9284 51.9531 51.9765 51.9949 52.0153 52.0379 52.0519 52.0731 52.0887
 52.109  52.1297 52.1469 52.1615 52.1769 52.2011 52.2275 52.2899 52.3069
 52.3308 52.3486 52.3633 52.3771 52.4065 52.441  52.4783 52.4945 52.5068
 52.5429
60.0796 60.4022 60.6744 60.7088 60.7498 60.7686 60.8188 60.8466 60.8928
 60.9236 60.9563 60.9962 61.0482 61.0708 61.0869 61.1181 61.143  61.1661
 61.1858 61.2327 61.2505 61.3077 61.3395 67.2777 68.7114 69.2473 69.3783
 69.5259 69.5547 69.635  69.7409 69.7666 69.8474 69.8744 69.8976 69.9137
 69.9454 69.9633 69.9812

