13.8726 13.9917 14.0854 14.1253 14.1787 14.2164 14.2731 14.3218 14.3406
 14.3616 14.4529 14.5038 14.5763 14.5928 14.6588 14.6915 14.7429 14.8396
 14.8682 14.9372
21.445  21.4796 21.5895 22.883  23.1453 23.3351 23.4142 23.4374 23.4907
 23.5244 23.5633 23.5803 23.6076 23.6871 23.7089 23.7288 23.8467 23.9704
 24.0017 24.0288 24.0727 24.1008 24.1704 24.2222 24.2682
31.2678 32.5685 32.6859 32.9829 33.2263 33.2447 33.2978 33.3329 33.4487
 33.5346 33.6467 33.713  33.9811
41.3877 41.6331 41.7618 41.8901 41.9078 41.9307 41.9794 42.0132 42.0699
 42.0906 42.1218 42.1557 42.2332 42.2592 42.3865 42.4233 42.4507 42.5161
 42.5946 42.6115 42.6333 42.7439 42.8314 42.8604 42.9652 43.0826
50.2572 50.4621 50.5948 50.6522 50.7005 50.7416 50.7699 50.9438 51.0478
 51.193  51.2165 51.2784 51.3265 51.4083 51.4208 51.4513 51.466  51.4802
 51.5135 51.5591 51.5903 51.6745 51.8569 51.9093 52.034  59.4173
60.1564 60.3556 60.4029 60.4885 60.5164 60.5628 60.6113 60.6356 60.7327
 60.753  60.857  60.9163 60.9507 60.9892 61.0514 61.1197 61.2039 61.2361
 61.3047 68.3379 68.4681 68.9767 69.0403 69.2327 69.3572 69.3714 69.3972
 69.4134 69.4637 69.5285 69.5452 69.576  69.7281 69.757  69.823  69.8407
 69.8617 69.896  69.9185

