12.8867 13.3453 13.5206 13.6505 13.7519 13.9057 13.9381 14.0026 14.0559
 14.1228 14.182  14.2059 14.2861 14.3774 14.6361
22.2842 22.3187 22.3704 22.4336 22.6544 22.9704 23.052  23.0928 23.3135
 23.3833 23.4643 23.4919 23.6474 23.7224 23.8101
30.9086 31.0942 31.2418 31.4426 32.1688 32.2139 32.4198 32.4399 32.5647
 32.6569 32.7584 32.8415 32.8742 32.8988 32.9646 33.0062 33.2393 33.4852
40.3146 41.4929 41.6558 41.7199 41.9698 42.0084 42.0374 42.0668 42.1015
 42.1245 42.1617 42.2177 42.2456 42.3029 42.3338 42.4379 42.5854
50.2086 50.4165 50.4467 50.6533 50.7711 50.9047 51.1098 51.1618 51.2649
 51.4499 51.4937 51.58   51.6114 51.6413 51.6625 57.3877 57.4228 59.9124
 59.9362
60.1642 60.1925 60.3258 60.4089 60.488  60.6661 60.6878 60.7344 60.8336
 60.8529 60.9296 60.9862 66.4048 67.8869 68.0507 68.1492 68.3649 68.5393
 68.7374 68.8914 68.9888 69.1463 69.1736 69.2237 69.4059 69.4545 69.5124
 69.7549

