12.6708 12.9789 13.3576 13.4688 13.5983 13.6304 13.8552 13.8875 13.9829
 14.0166 14.083  14.2956 14.4394 14.5176 14.5661 14.5961 14.6894
21.3499 22.8578 22.9166 23.0159 23.2609 23.2908 23.3939 23.4634 23.5353
 23.7321 29.4973
30.924  31.6188 32.1822 32.3778 32.5669 32.7389 32.8296 32.8612 39.4947
 39.9766
41.0307 41.6774 41.7624 41.8905 42.1505 42.3042 48.6934 49.7853
50.9389 51.0612 51.208  51.4226 57.2236 58.0396 59.5688 59.9165
60.2902 60.4192 60.5759 60.6217 60.7348 60.8873 68.7589 69.0714 69.1453
 69.2474 69.4194 69.5143 69.5739 69.6396 69.8006

