12.345  13.7734 14.1434 14.1883 14.2285 14.2552 14.3009 14.3631 14.3892
 14.4439 14.4927 14.5493 14.617  14.6645 14.6861 14.8932
20.2728 21.8694 22.0482 22.4183 23.0514 23.1413 23.1603 23.1818 23.3295
 23.3427 23.3637 23.4149 23.4396 23.4841 23.5063 23.5251 23.5535 23.5979
 23.6206 23.6671 23.7161 23.7309 23.7674 23.7825 23.8188 23.884
30.3828 31.1106 31.5513 31.9099 32.1007 32.2786 32.3406 32.3726 32.4093
 32.5518 32.5695 32.6297 32.6597 32.6903 32.8679 32.8953 32.9569 33.0096
 33.1188 33.1706 33.1922 33.2548
40.5837 41.6728 41.7593 41.8876 41.9867 42.0261 42.0573 42.1005 42.1538
 42.1751 42.2387 42.27   42.2861 42.318  42.3299 42.4253 42.4637 42.4788
 42.5004 42.5194 42.5442 42.6123 42.6397 42.7146
50.7407 51.0215 51.135  51.3246 51.3563 51.3778 51.3949 51.4456 51.4637
 51.5074 51.613  51.6357 51.6754 51.6975 51.7117 51.7377 51.767  58.6759
 59.6637 59.7414 59.8976
60.0417 60.2349 60.2701 60.2988 60.3943 60.412  60.4417 60.4839 60.5008
 60.5241 60.5738 60.6102 60.6389 60.6675 60.6956 60.8006 60.8224 60.8431
 60.9499 60.9826 68.2427 68.7706 68.8217 68.9299 68.9859 69.0946 69.171
 69.2502 69.3358 69.4357 69.4625 69.4738 69.5467 69.6056 69.6465 69.6855
 69.7179 69.769  69.7919 69.8241

