10.3049 14.1094 14.2238 14.2956 14.3322 14.5658 14.7461 14.9311 14.97
 15.1261 15.1874
22.7542 23.3037 23.3811 23.5404 23.7005 23.7261 23.8279 23.8517 23.9392
 24.0008 29.6168
31.3358 32.1807 32.4416 32.4895 32.5333 32.7627 32.884  32.9762 33.0183
 33.0808 33.1103 33.1363 33.1839 33.2148 33.2959 33.3617 33.4139 33.5119
 33.5386 33.5953
40.0018 42.0821 42.1359 42.1759 42.2335 42.4721 42.5435 42.6606 42.7044
 42.8884 42.9581 42.994  43.0568
51.0958 51.2195 51.3891 51.5169 51.6867 51.72   51.9537 51.9861 52.1643
 52.2631 58.9727 59.7622 59.9758
60.0188 60.1786 60.2245 60.4249 60.6369 60.7093 60.8196 60.8495 60.8948
 61.0066 61.1064 61.1458 61.33   61.3719 68.6792 69.2524 69.6206 69.8705

