13.3672 13.5113 13.8718 14.0961 14.2006 14.23   14.3903 14.5621 14.5935
 14.6265 14.6546 14.7007 14.7936 14.8206 14.8582 14.9066 14.9298 15.0702
 15.291
21.9243 21.9706 22.1013 22.4747 22.5803 22.8588 23.0315 23.08   23.1389
 23.2393 23.2655 23.3758 23.3891 23.4579 23.5141 23.5616 23.6006 23.6424
 23.6603 23.6942 23.7077 23.7318 23.7583 23.7806 23.8233 23.8542 23.9208
 23.9435 23.9563 24.0936
31.2657 32.0641 32.3681 32.405  32.5574 32.7235 32.7922 32.8637 32.8938
 32.9467 32.9883 33.087  33.1074 33.1192 33.179  33.1991 33.234  33.3522
 33.3924 33.4098 33.4415 33.4588 33.5137 33.5349 33.6075
41.2279 42.1799 42.2139 42.3628 42.3909 42.4762 42.6346 42.7775 42.8179
 42.8427 42.8863 42.9095 42.982  43.0863 43.1422 49.3003
50.1045 50.4486 50.8393 50.882  50.9168 50.9317 50.9695 51.0304 51.0983
 51.1247 51.1804 51.2059 51.2236 51.2728 51.3053 51.3304 51.3642 51.3864
 51.409  51.4394 51.4586 51.5106 51.5363 51.5498 51.5859 51.6034 51.6305
 51.6648 51.8073 51.8247 51.8428 51.8857 59.166  59.3785
60.0457 60.1388 60.2826 60.3296 60.4253 60.4448 60.5366 60.5578 60.5974
 60.6354 60.6672 60.6783 60.7793 60.8525 60.8716 61.0245 61.0629 61.2932
 68.444  68.9687 69.0517 69.0966 69.1849 69.2208 69.2986 69.3285 69.3499
 69.3735 69.4585 69.4832 69.6108 69.6528 69.6716 69.8713 69.8905

