13.9261 13.9568 14.6181 14.688  14.7602 14.8709
22.3177 22.4379 22.5819 22.7405 22.7813 22.8124 22.9201 22.9959 23.0413
 23.1027 23.1539 23.2067 23.2843 23.3412 23.3605 23.4066 23.4292 23.489
 23.5331 23.5785 23.6845 23.7267 23.7756 28.055  28.2768 29.6574
31.5783 32.0145 32.1298 32.1637 32.3939 32.4421 32.5364 32.5711 32.5867
 32.6129 32.6354 32.6939 32.7573 32.8134 32.9205 32.9923 33.0806 33.1175
 33.1339 33.176  33.2405 33.3142
41.4792 41.55   41.9983 42.1578 42.2689 42.3445 42.3627 42.4816 42.515
 42.6378 49.674  49.7877
50.2282 50.3766 50.4797 50.7301 50.8032 50.8416 50.8581 50.9265 51.0716
 51.1372 51.1641 51.228  51.2784 51.2956 51.5852 59.7452
60.0556 60.1539 60.2141 60.2441 60.3149 60.4036 60.4657 60.4835 60.5263
 60.6867 60.7699 60.8106 60.8647 60.9399 66.5124 68.2381 68.4822 68.6998
 68.9496 69.1066 69.1417 69.2444 69.291  69.4031

