13.6328 13.7626 13.8489 13.9659 14.0525 14.0893 14.227  14.2695 14.3186
 14.3995 14.4214 14.4417 14.485  14.5314 14.5556 14.5965 14.618  14.6368
 14.6873 14.7046 14.7195 14.7655 14.7892 14.8358 14.8732 14.8951 14.9076
 14.9252 14.9394 14.9542 14.9783 14.9977 15.0159 15.0306 15.0541 15.0751
 15.0911 15.1087 15.1718 15.1866 15.2073 15.2209 15.2361 15.2537 15.2682
 15.2831 15.3057 15.3184 15.333  15.3543 15.3768 15.3897 15.4055 15.4278
 15.4487 15.4655 15.4847 15.5    15.5209 15.5438 15.5675 15.5873 15.6122
 15.6264 15.6508 15.6703 15.6885 15.7092 15.7318 15.756  15.7793 15.8139
 15.8341 15.8594 15.8831 15.8997 15.9412 15.9631 15.9924 16.0198 16.0489
 16.0835 16.1258 16.1932 16.2523 16.4248
21.7078 22.5584 22.6025 22.6729 22.7731 22.9605 22.9915 23.0376 23.1485
 23.1852 23.2185 23.3026 23.4043 23.4402 23.4659 23.5023 23.5249 23.5574
 23.5852 23.6017 23.6154 23.6392 23.6516 23.6694 23.6846 23.6989 23.7307
 23.7559 23.778  23.793  23.8138 23.8367 23.852  23.873  23.8849 23.9017
 23.9163 23.9317 23.9551 23.9688 23.9797 23.9943 24.008  24.0203 24.038
 24.0573 24.072  24.0861 24.1004 24.1108 24.1207 24.1352 24.1486 24.1601
 24.1707 24.1839 24.1972 24.21   24.2233 24.2341 24.25   24.2637 24.2762
 24.2863 24.2984 24.3094 24.3228 24.3363 24.3543 24.3741 24.3925 24.4102
 24.4231 24.4416 24.4565 24.4731 24.4905 24.5035 24.5238 24.5407 24.5525
 24.5678 24.5852 24.5985 24.6122 24.6285 24.6445 24.6692 24.6869 24.7013
 24.7151 24.7294 24.745  24.764  24.7808 24.8004 24.8149 24.8342 24.8566
 24.8847 24.9056 24.9304 24.9717 25.0028 25.0264 25.0598 25.0835 25.1162
 25.1542 25.1953
32.2229 32.4177 32.5108 32.6596 32.6826 32.7146 32.7534 32.8079 32.8309
 32.8518 32.9514 32.9758 33.0192 33.0449 33.0776 33.1018 33.1647 33.1851
 33.2117 33.2315 33.2546 33.2806 33.2981 33.3171 33.3339 33.3482 33.3671
 33.3919 33.4096 33.4278 33.444  33.4626 33.4842 33.5096 33.5242 33.5398
 33.556  33.5704 33.5822 33.5969 33.6113 33.6278 33.6445 33.66   33.6728
 33.6873 33.7037 33.7281 33.7428 33.7599 33.7729 33.7879 33.8002 33.8147
 33.83   33.8436 33.8609 33.8834 33.8957 33.9078 33.9201 33.935  33.9513
 33.9677 33.9881 34.0042 34.0204 34.0327 34.0548 34.0783 34.0973 34.1136
 34.1386 34.1582 34.1795 34.2078 34.2276 34.2425 34.2612 34.2765 34.3152
 34.335  34.3514 34.3646 34.3861 34.4023 34.419  34.4394 34.4605 34.4798
 34.5142 34.5628 34.583  34.6073 34.7459 34.7729 36.4941
41.6553 41.9794 42.0706 42.1307 42.2744 42.3044 42.3888 42.4389 42.4586
 42.4933 42.5172 42.5428 42.5587 42.5854 42.6192 42.6458 42.6682 42.6959
 42.7386 42.7652 42.7946 42.82   42.8459 42.8642 42.8925 42.9119 42.9293
 42.9534 42.9682 42.9851 43.0075 43.0333 43.0498 43.0652 43.0843 43.0972
 43.1151 43.137  43.1531 43.1731 43.1929 43.2096 43.2276 43.2543 43.2746
 43.2928 43.3099 43.3269 43.3428 43.3625 43.3828 43.3951 43.4114 43.4252
 43.4422 43.459  43.4835 43.518  43.5349 43.5502 43.5696 43.5965 43.6166
 43.6461 43.663  43.6779 43.6991 43.7107 43.7359 43.7694 43.8005 43.8369
 43.8783 43.9152 43.9438 43.962  43.9869 44.014  44.0534 44.0858 44.1168
 44.1838 44.2048 49.2128 49.8707
50.2788 50.3897 50.4429 50.5765 50.6378 50.6894 50.7207 50.8682 50.9977
 51.0753 51.1113 51.1402 51.1602 51.2279 51.3007 51.3241 51.3546 51.3872
 51.4068 51.436  51.48   51.5326 51.5488 51.5817 51.6058 51.629  51.6457
 51.6682 51.6877 51.7085 51.7329 51.7484 51.7636 51.7807 51.7939 51.8103
 51.8302 51.8534 51.8705 51.8914 51.9042 51.9159 51.929  51.9484 51.9634
 51.9767 51.9932 52.0066 52.0195 52.0338 52.0449 52.0567 52.0709 52.0836
 52.0958 52.111  52.1229 52.1359 52.1526 52.17   52.1849 52.2037 52.2158
 52.2317 52.2452 52.26   52.2742 52.287  52.3024 52.3195 52.3319 52.3441
 52.357  52.3781 52.402  52.4163 52.4312 52.4445 52.4589 52.4727 52.4896
 52.5059 52.5429 52.5575 52.5727 52.5864 52.6098 52.6282 52.6457 52.6616
 52.6785 52.7051 52.7234 52.7444 52.7636 52.7925 52.8349 52.859  52.8842
 52.9858 53.1083 59.0407 59.4463 59.9298 59.9621
60.1025 60.1679 60.1994 60.2227 60.2542 60.3046 60.341  60.3809 60.4205
 60.4442 60.4836 60.508  60.5276 60.5496 60.5709 60.6014 60.6335 60.6578
 60.6752 60.7018 60.7163 60.7414 60.7617 60.7828 60.7985 60.8142 60.8386
 60.858  60.8805 60.8979 60.9182 60.9326 60.9541 60.9715 60.9877 61.0041
 61.0232 61.0422 61.0642 61.0814 61.0958 61.1183 61.1345 61.1526 61.1678
 61.1815 61.2001 61.2213 61.2323 61.2466 61.267  61.2833 61.2994 61.3142
 61.3319 61.3462 61.3623 61.3762 61.3902 61.4071 61.4189 61.4348 61.4475
 61.4643 61.4816 61.4959 61.5074 61.5231 61.5375 61.5525 61.567  61.5806
 61.5946 61.6092 61.6296 61.6529 61.6714 61.6923 61.7084 61.7419 61.7642
 61.7834 61.8024 61.8333 61.8664 61.8927 61.9192 61.9438 61.9763 61.997
 62.0188 62.0564 62.0848 62.1134 62.1588 62.249  62.3299 66.4599 66.759
 68.6489 68.6719 68.7037 68.9479 69.0643 69.1007 69.1443 69.2484 69.2861
 69.3253 69.3405 69.3581 69.3954 69.4241 69.4588 69.4834 69.5067 69.5198
 69.5661 69.5898 69.6136 69.6396 69.6703 69.6902 69.7059 69.7231 69.7454
 69.764  69.7831 69.8108 69.8367 69.8547 69.8703 69.8844 69.9003 69.9156
 69.9312 69.9656 69.9832

