13.8604 14.3209 14.4003 14.4654 14.5342 14.6263 14.6759 14.6977 14.7452
 14.7648 14.8299 14.8742 14.9939 15.0424 15.083  15.1073 15.1759 15.2171
 15.2456 15.2967 15.3822
23.1305 23.4407 23.689  23.7843 23.9489 24.1249 24.2943 24.3468 24.3715
 24.3938 24.5234 24.5449 24.6949 24.7136 24.8539 24.872  24.9236 24.9429
 24.957  25.0479 25.0884 25.1464 25.2257 25.3655
33.6476 33.6758 33.734  33.8185 33.8622 33.9362 34.0506 34.0703 34.0894
 34.1535 34.1888 34.2197 34.2353 34.2721 34.3076 34.3365 34.3673 34.4149
 34.4638 34.5229 34.5559 34.5858 34.6323 34.6662 34.7056 34.7218 34.7543
 34.7822 34.8062 34.8253 34.8515 34.884  34.9781 34.9971 35.0106 35.0329
 35.0574 39.3279
42.8149 43.2737 43.2965 43.3497 43.4069 43.5071 43.5521 43.5791 43.5978
 43.6292 43.6586 43.7025 43.7489 43.7813 43.8189 43.8866 43.9184 43.9798
 44.2111 44.2386 44.257  44.2752 44.3392 44.5205 44.5942 44.6401
52.2979 52.4009 53.3239 53.3962 53.4867 53.5229 53.6135 53.6539 53.7076
 53.7301 53.8102 53.9382 53.9623 54.0069 54.0573 54.122  54.1885 54.2329
 59.3461
60.6158 63.1887 63.2199 63.2509 63.2741 63.3772 63.4777 63.5209 63.5402
 63.6037 63.6319 63.7107 63.8547 63.881  63.9282 63.949  63.9814 63.9954
 64.0167 64.0356 64.1167 64.1678 64.2288 64.3588 64.4104 64.4436 64.4729
 64.5062 64.5317 64.7289

