11.7072 11.7303 12.7559 12.9337 13.1829 13.2422 13.3762 13.4083 13.5288
 13.5567 13.5888 13.6381 13.6572 13.6947 13.7911 13.8763 13.89   13.9061
 13.9325 13.9616 13.9756 13.9942 14.0279 14.0621 14.0869 14.1044 14.159
 14.1762 14.1987 14.2136 14.235  14.2505 14.2658 14.2896 14.3069 14.3225
 14.3691 14.4099
21.9937 22.5268 22.6093 22.9694 23.1037 23.1407 23.2248 23.3913 23.6436
 23.7312 23.7899 23.8263 23.8829 23.9182 23.9512 23.9908 24.0323 24.0577
 24.0715 24.0897 24.103  24.1173 24.1371 24.1674 24.1925 24.219  24.2527
 24.2736 24.2873 24.3004 24.3306 24.3493 24.374  24.3877 24.4641 24.4908
 24.5322 24.5537 24.5879 24.6038 24.6223 24.6518 24.7394 24.7688 24.8113
 24.8683
33.3337 33.6321 33.6639 33.6882 33.8378 33.8545 33.8767 33.9328 33.9786
 34.0157 34.0664 34.0909 34.1444 34.1717 34.1865 34.2108 34.2379 34.2554
 34.2816 34.2972 34.3449 34.3711 34.3888 34.4169 34.4491 34.4699 34.4858
 34.4993 34.5427 34.5743 34.5893 34.6024 34.6279 34.6528 34.6775 34.7284
 34.7721 34.8075 34.8278 34.8697
42.9073 43.3458 43.3732 43.5241 43.6229 43.7888 43.8932 43.9249 44.0546
 44.0743 44.0893 44.1151 44.1394 44.1578 44.1998 44.2171 44.259  44.2798
 44.3788 44.3927 44.4128 44.5377
52.8027 52.8549 52.8747 52.9357 53.076  53.1218 53.1613 53.2819 53.3107
 53.3907 53.4353 53.4633 53.4917 53.5151 53.5384 53.5512 53.6212 53.6455
 53.6811 53.7028 53.7204 53.7605 53.7886 53.8054 53.8351 53.8579 53.8784
 53.8939 53.9552 53.9734 54.0382 59.7695
61.8204 62.1127 62.3829 62.5265 62.6007 62.6587 62.7216 63.0389 63.0876
 63.1564 63.2301 63.2638 63.2915 63.3192 63.3659 63.3815 63.419  63.4427
 63.4766 63.4929 63.5082 63.5264 63.5404 63.5619 63.6043 63.6428 63.6618
 63.6783 63.694  63.7069 63.7275 63.7394 63.765  63.7815 63.7944 63.8112
 63.8276 63.8487 63.8756 63.9255 63.9443 63.9856 64.0128 64.0651 64.1157

