10.4856 12.3916 13.3478 13.5403 13.6557 13.6788 13.8939 13.9284 14.0179
 14.1661 14.1929 14.2843
23.3277 23.649  23.8646 23.9961 24.0338 24.0855 24.1459 24.2069 24.4143
 24.4559 24.5455
32.2514 32.7898 32.842  32.9296 33.3598 33.6576 33.7059 33.8277 33.9355
 33.9772 34.0397 34.1536 34.2862 34.4608 34.5148 34.5378 34.5994 34.6827
43.1567 43.5523 44.3812
51.1171 52.6113 52.6809 52.9204 53.0099 53.4257 53.7723 53.9043 53.9684
60.4228 60.5787 62.5505 62.6853 62.9376 63.0528 63.1257 63.1446 63.5385
 63.5917 63.6189 63.7117 63.7373 63.8017 63.8515 63.9408

