10.3628 13.5153 13.555  13.5867 13.6574 13.7045 13.7717 13.802  13.8236
 13.8504 13.9472 13.9738 14.0045 14.0458 14.0886 14.1156 14.1348 14.1557
 14.1784 14.2224 14.2564 14.2802 14.3049 14.3235 14.3761 14.3994 14.4187
 14.4364 14.4724 14.4989 14.5219 14.5469 14.5666 14.5839 14.6045 14.6211
 14.6459 14.6658 14.6821 14.6957 14.7091 14.7279 14.7449 14.7593 14.7752
 14.7887 14.8048 14.8168 14.8329 14.8562 14.8736 14.8878 14.8989 14.9107
 14.9277 14.9388 14.9567 14.9731 14.9855 15.0045 15.0157 15.0292 15.0475
 15.0623 15.0801 15.0961 15.1135 15.1265 15.142  15.1591 15.1774 15.191
 15.204  15.2161 15.2308 15.2459 15.2584 15.2698 15.2829 15.2969 15.3098
 15.3214 15.3334 15.3449 15.3557 15.3658 15.3781 15.3925 15.4062 15.4216
 15.4342 15.4528 15.4651 15.4751 15.4879 15.4995 15.5111 15.5235 15.5366
 15.5487 15.5618 15.575  15.5861 15.5979 15.6092 15.6209 15.6343 15.6478
 15.6588 15.6717 15.6842 15.6995 15.7121 15.7269 15.7371 15.7514 15.7648
 15.7766 15.7894 15.8028 15.816  15.8284 15.8396 15.851  15.8611 15.8763
 15.889  15.8998 15.9136 15.9267 15.9437 15.9559 15.969  15.9824 15.9954
 16.0089 16.0216 16.0377 16.0555 16.0717 16.0963 16.1108 16.1275 16.1424
 16.1554 16.1675 16.1796 16.1924 16.2066 16.2251 16.244  16.2617 16.2769
 16.3041 16.3272 16.3439 16.3616 16.3785 16.3958 16.4133 16.4315 16.4554
 16.4879 16.5066 16.5304 16.5585 16.5773 16.6035 16.6418 16.6669 16.7346
 17.7837 18.9937
22.5029 22.9333 23.3558 23.7204 23.7651 23.8154 23.8526 23.9277 23.9531
 23.9848 24.005  24.032  24.0676 24.17   24.2124 24.2498 24.3005 24.3325
 24.357  24.3837 24.4009 24.4373 24.4543 24.4797 24.501  24.5273 24.5496
 24.5751 24.5931 24.6063 24.6264 24.6437 24.6612 24.6844 24.7147 24.7293
 24.7465 24.7601 24.776  24.7914 24.8102 24.825  24.8477 24.8616 24.8738
 24.892  24.9064 24.9265 24.9455 24.9612 24.9754 24.9893 25.0017 25.0227
 25.0387 25.0532 25.0636 25.0754 25.0879 25.1043 25.1176 25.1396 25.1526
 25.1669 25.1806 25.1961 25.212  25.2245 25.236  25.2486 25.2615 25.2788
 25.2898 25.3031 25.316  25.3291 25.3429 25.3545 25.37   25.3821 25.396
 25.4074 25.4185 25.4296 25.441  25.4536 25.4654 25.4781 25.4897 25.5005
 25.512  25.5242 25.539  25.551  25.5636 25.5787 25.5902 25.6024 25.6167
 25.6287 25.6408 25.6521 25.6663 25.678  25.6921 25.7047 25.717  25.7308
 25.7427 25.7553 25.7693 25.7828 25.7984 25.8107 25.8236 25.8333 25.8478
 25.8596 25.8717 25.8844 25.8963 25.91   25.9207 25.9324 25.9442 25.954
 25.9655 25.9776 25.992  26.004  26.0154 26.0266 26.0386 26.0504 26.0629
 26.0779 26.0963 26.1098 26.1232 26.1371 26.1507 26.1639 26.1763 26.1933
 26.2079 26.2216 26.235  26.2503 26.2724 26.2905 26.3056 26.324  26.3383
 26.3534 26.3698 26.3858 26.4051 26.4203 26.4381 26.4537 26.472  26.4869
 26.5112 26.5273 26.5409 26.5553 26.5698 26.589  26.6053 26.6297 26.6499
 26.6697 26.6857 26.7049 26.725  26.7474 26.7765 26.8108 26.8439 26.8934
 26.9387
32.7301 33.7742 33.8146 33.8612 33.9242 34.0145 34.0721 34.1203 34.2344
 34.2559 34.3008 34.3533 34.3736 34.4456 34.4661 34.5017 34.5322 34.5478
 34.5687 34.5864 34.6052 34.6249 34.6499 34.6689 34.6822 34.6996 34.7214
 34.7396 34.7556 34.7896 34.8057 34.8376 34.8516 34.8704 34.8855 34.898
 34.9135 34.9298 34.9478 34.9653 34.9846 34.998  35.0165 35.0316 35.0477
 35.0706 35.0891 35.1028 35.1184 35.1296 35.1446 35.1603 35.1773 35.1969
 35.209  35.2219 35.2342 35.2537 35.2673 35.2845 35.3033 35.3197 35.3345
 35.3474 35.3576 35.3694 35.3811 35.3956 35.4111 35.4259 35.4419 35.4581
 35.4683 35.4821 35.4951 35.511  35.5236 35.5387 35.5544 35.5672 35.5804
 35.5939 35.6069 35.6192 35.631  35.6419 35.6551 35.6712 35.6832 35.698
 35.7129 35.7266 35.7416 35.7598 35.77   35.786  35.7983 35.81   35.8243
 35.8381 35.8529 35.864  35.8794 35.8943 35.9073 35.9227 35.9376 35.9541
 35.9681 35.9871 36.0013 36.0185 36.0351 36.0528 36.088  36.1057 36.122
 36.1361 36.1482 36.1624 36.1792 36.202  36.2204 36.2431 36.2572 36.2759
 36.2978 36.3179 36.3337 36.3515 36.3749 36.3954 36.4124 36.4342 36.4624
 36.4817 36.4974 36.5129 36.5318 36.5566 36.5809 36.6022 36.6231 36.6507
 36.6768 36.6964 36.7262 36.7615 36.7835 36.8081 36.83   36.8684 36.8949
43.5204 43.5949 43.7112 43.8209 44.003  44.0938 44.1292 44.1588 44.2115
 44.2762 44.3037 44.3261 44.3573 44.3872 44.4073 44.4394 44.4683 44.4921
 44.5214 44.5969 44.618  44.6586 44.6844 44.7045 44.7255 44.7623 44.807
 44.8241 44.8417 44.8715 44.8982 44.9151 44.9338 44.9491 44.9662 44.991
 45.0156 45.0345 45.0516 45.066  45.0896 45.1107 45.1277 45.1494 45.1695
 45.1927 45.2139 45.2478 45.2618 45.2888 45.311  45.327  45.3417 45.3593
 45.3763 45.3979 45.4176 45.4353 45.459  45.4778 45.5041 45.5216 45.5441
 45.5644 45.58   45.6066 45.629  45.6505 45.6716 45.6891 45.7106 45.7296
 45.7472 45.7712 45.7879 45.8136 45.8414 45.8613 45.9196 45.9393 45.9665
 45.9929 46.0203 46.0475 46.0688 46.1018 46.1342 46.1985 46.2317 46.2557
 46.3088 46.3695 46.4316 46.468  46.9251
51.7387 52.5023 52.6647 52.8471 52.9427 53.0846 53.3145 53.3761 53.3968
 53.5    53.6445 53.6724 53.7241 53.743  53.7609 53.7908 53.8099 53.8348
 53.8589 53.8999 53.9252 53.951  53.9914 54.0147 54.0299 54.0475 54.0677
 54.0908 54.1113 54.1268 54.1474 54.2108 54.2263 54.2484 54.2762 54.2978
 54.3146 54.3288 54.3492 54.3719 54.3906 54.4072 54.4265 54.4438 54.4707
 54.485  54.5088 54.5343 54.5718 54.5962 54.6113 54.6269 54.6414 54.6562
 54.6801 54.6939 54.7108 54.7267 54.7462 54.761  54.7891 54.8017 54.8173
 54.8296 54.8454 54.8576 54.8728 54.8874 54.9015 54.918  54.9385 54.9625
 54.9771 55.0051 55.0279 55.0469 55.0606 55.0781 55.0939 55.1116 55.1263
 55.1434 55.1587 55.1953 55.2091 55.2255 55.2394 55.2522 55.2656 55.2861
 55.308  55.3219 55.3447 55.3679 55.3931 55.4151 55.4309 55.4649 55.4919
 55.5094 55.5278 55.5534 55.5701 55.5863 55.6133 55.6346 55.6617 55.7053
 55.733  55.7526 55.7717 55.8244 55.8499 55.8904 55.9243 55.9568 55.9836
 56.0046 56.0359 56.1297
61.6485 62.2756 62.5608 63.0434 63.1403 63.1879 63.2524 63.361  63.3968
 63.4428 63.5022 63.5539 63.6054 63.6317 63.6563 63.673  63.6874 63.7027
 63.7218 63.7354 63.7682 63.7902 63.8077 63.8278 63.843  63.8598 63.8849
 63.9073 63.9242 63.9404 63.9546 63.9694 63.9854 64.0034 64.0213 64.0329
 64.0476 64.0645 64.0822 64.1015 64.1181 64.1359 64.1477 64.1652 64.1771
 64.1887 64.2006 64.2152 64.2303 64.2464 64.2599 64.2779 64.2915 64.3045
 64.322  64.3359 64.35   64.3671 64.3815 64.3946 64.4103 64.4273 64.4442
 64.4616 64.4796 64.4944 64.506  64.5189 64.5299 64.5408 64.5516 64.565
 64.5756 64.5888 64.6019 64.6148 64.6304 64.6414 64.6535 64.6658 64.6787
 64.6895 64.6999 64.7095 64.72   64.7414 64.7536 64.7677 64.7774 64.7915
 64.8042 64.8151 64.8277 64.8395 64.8502 64.8613 64.8807 64.8964 64.9119
 64.9259 64.937  64.9489 64.962  64.9754 64.9876 65.0002 65.0145 65.0266
 65.0394 65.05   65.0624 65.0778 65.0898 65.1033 65.1176 65.1288 65.1397
 65.1517 65.1624 65.1737 65.1859 65.1984 65.2112 65.224  65.2367 65.2513
 65.2627 65.2773 65.2926 65.3054 65.3195 65.3344 65.3497 65.3664 65.3782
 65.3912 65.403  65.42   65.4338 65.449  65.4617 65.473  65.4878 65.5039
 65.5235 65.5393 65.5519 65.5646 65.5799 65.5936 65.61   65.6308 65.6538
 65.6723 65.6924 65.7086 65.7244 65.7388 65.7534 65.7687 65.7849 65.8052
 65.8216 65.8445 65.86   65.8779 65.9047 65.9218 65.9386 65.9559 65.9759
 65.9968 66.0293 66.0554 66.0847 66.1322 66.1593 66.1971 66.2719 66.319

