12.1059 12.2909 12.5986 12.9379 13.0722 13.2981 13.4926 13.5886 13.6148
 13.6406 13.7243 13.7393 13.772  13.8036 13.8459 13.8645 13.9218 13.9623
 13.9987 14.0289 14.0511 14.0796 14.0989 14.1163 14.1468 14.1647 14.1882
 14.2051 14.2193 14.2394 14.2662 14.2837 14.3009 14.3175 14.3326 14.346
 14.3668 14.3827 14.3963 14.4094 14.4246 14.4366 14.4504 14.4668 14.4808
 14.5009 14.5179 14.5338 14.5466 14.557  14.5746 14.5916 14.6157 14.6275
 14.6381 14.6495 14.6628 14.6754 14.6919 14.7032 14.7177 14.7294 14.7446
 14.7577 14.7767 14.7908 14.8025 14.8132 14.83   14.844  14.8593 14.8811
 14.8971 14.9126 14.9234 14.9342 14.9455 14.9565 14.9667 14.9774 14.992
 15.0055 15.018  15.0315 15.0447 15.0565 15.0685 15.0806 15.0917 15.1054
 15.1175 15.1282 15.1403 15.1509 15.1615 15.1741 15.1871 15.1998 15.2138
 15.2257 15.2396 15.253  15.2627 15.2721 15.2841 15.2955 15.3054 15.3166
 15.3282 15.3402 15.356  15.3665 15.3808 15.3931 15.4026 15.4126 15.4242
 15.4349 15.4472 15.4588 15.4691 15.4788 15.4884 15.5005 15.5121 15.5244
 15.5344 15.5468 15.5564 15.5671 15.5795 15.5918 15.6035 15.6147 15.6265
 15.638  15.6532 15.6668 15.6782 15.689  15.7018 15.7131 15.7239 15.7343
 15.7455 15.7603 15.7733 15.7865 15.7972 15.8086 15.8199 15.8328 15.8446
 15.8553 15.8686 15.8798 15.8923 15.9086 15.9219 15.9382 15.9548 15.9698
 15.9828 15.9985 16.0115 16.0278 16.0419 16.0554 16.0683 16.0799 16.0934
 16.1054 16.1205 16.1331 16.149  16.1628 16.1804 16.1961 16.2087 16.221
 16.2346 16.2482 16.2639 16.2784 16.3015 16.3188 16.3447 16.3637 16.3787
 16.3927 16.4102 16.4299 16.4451 16.4659 16.4845 16.5009 16.5164 16.5432
 16.5615 16.5809 16.5977 16.6163 16.6367 16.6609 16.6893 16.7131 16.746
 16.7707 16.8003 16.8293 16.8529 16.8748 16.8977 16.9307 16.9564 16.9954
 17.0236 17.0533 17.0825 17.1307 17.1687 17.1953 17.2305
23.5453 23.6092 23.6568 23.7425 23.7648 23.8013 23.8232 23.8938 23.9772
 24.0098 24.0647 24.0863 24.1281 24.1548 24.1769 24.2394 24.2663 24.2847
 24.3079 24.3229 24.3438 24.3697 24.3864 24.4042 24.4234 24.4377 24.4577
 24.4773 24.4964 24.5099 24.5248 24.5376 24.5491 24.5647 24.578  24.5975
 24.6098 24.6233 24.6406 24.6572 24.6751 24.6869 24.7059 24.7195 24.7384
 24.7517 24.765  24.7831 24.7989 24.8147 24.8272 24.8396 24.8514 24.8622
 24.8744 24.886  24.8964 24.91   24.9208 24.9352 24.95   24.9613 24.9705
 24.9813 24.9938 25.0105 25.0244 25.0344 25.0485 25.0612 25.0715 25.0816
 25.0938 25.1051 25.1193 25.1308 25.1456 25.1586 25.1709 25.1818 25.1919
 25.2039 25.2145 25.2247 25.2361 25.2484 25.2606 25.2718 25.2849 25.2959
 25.3067 25.3179 25.3307 25.3412 25.3542 25.3646 25.3766 25.3878 25.4045
 25.4153 25.4279 25.4388 25.4512 25.4649 25.4765 25.4903 25.502  25.5149
 25.5275 25.54   25.5506 25.5612 25.5732 25.5868 25.5975 25.6083 25.624
 25.6344 25.646  25.6553 25.6651 25.6751 25.6855 25.6944 25.707  25.717
 25.728  25.7392 25.751  25.7662 25.7784 25.7919 25.804  25.8152 25.8261
 25.8426 25.8538 25.8647 25.8751 25.8874 25.9001 25.9114 25.9216 25.9332
 25.9435 25.9563 25.9663 25.9767 25.9862 26.0001 26.0104 26.0226 26.0332
 26.0448 26.0566 26.0686 26.0802 26.0926 26.1064 26.1223 26.1335 26.1461
 26.1566 26.1709 26.1824 26.193  26.2054 26.2199 26.2341 26.2452 26.2578
 26.2739 26.2864 26.3005 26.3132 26.3289 26.3427 26.3577 26.373  26.3878
 26.403  26.4211 26.4386 26.457  26.474  26.4874 26.5074 26.5208 26.536
 26.5531 26.5672 26.5825 26.6046 26.6248 26.6415 26.6619 26.6867 26.7043
 26.7318 26.761  26.7857 26.8078 26.825  26.8473 26.8703 26.8941 26.9227
 26.9493 26.9692 26.9963 27.0223 27.0484 27.0728 27.093  27.1515 27.1858
 27.2058 27.2284 27.2579 27.294  27.3337 27.3856
32.4397 33.6598 33.9743 34.0077 34.0346 34.0676 34.1068 34.1451 34.1746
 34.2    34.2258 34.2576 34.2774 34.2935 34.3185 34.3387 34.353  34.3677
 34.3919 34.4189 34.4429 34.4581 34.474  34.4955 34.5133 34.5302 34.551
 34.5641 34.5795 34.5961 34.6192 34.6326 34.6505 34.6631 34.6772 34.6888
 34.7027 34.7145 34.7254 34.7381 34.7531 34.7679 34.7799 34.7971 34.8152
 34.8312 34.8432 34.8548 34.8652 34.8811 34.8954 34.9078 34.9195 34.9318
 34.9439 34.9583 34.9706 34.9911 35.0046 35.0159 35.0321 35.0486 35.0622
 35.0811 35.0934 35.1072 35.1188 35.1302 35.1443 35.159  35.1752 35.1868
 35.1966 35.21   35.2216 35.2337 35.2454 35.2573 35.2713 35.2849 35.2967
 35.3062 35.3166 35.3292 35.3387 35.3511 35.3638 35.379  35.3919 35.4044
 35.4168 35.4317 35.4453 35.4562 35.4677 35.4797 35.4943 35.5059 35.5172
 35.529  35.5456 35.5564 35.5691 35.5846 35.5976 35.6099 35.6269 35.6398
 35.6516 35.6665 35.6783 35.6922 35.7035 35.7176 35.7289 35.7398 35.7561
 35.7688 35.7829 35.794  35.8056 35.8221 35.8333 35.8455 35.8586 35.8756
 35.8914 35.9069 35.9212 35.936  35.9535 35.9654 35.9769 35.9908 36.0111
 36.0267 36.0444 36.0576 36.0702 36.0903 36.1044 36.1183 36.1341 36.1508
 36.166  36.1795 36.1952 36.2151 36.2323 36.2448 36.262  36.2798 36.2972
 36.3112 36.3269 36.3475 36.3632 36.3839 36.3978 36.4192 36.4386 36.4571
 36.4735 36.4932 36.5171 36.5387 36.5586 36.5743 36.5954 36.6138 36.6429
 36.6803 36.7033 36.7311 36.7481 36.774  36.8001 36.8207 36.8428 36.8653
 36.9231 36.9507 36.98   37.0118 37.0324 37.0561 37.0799 37.1346 37.1533
 37.1755 37.2368 37.2791 37.4047
41.1206 43.8375 43.9087 44.0459 44.0793 44.1278 44.1486 44.1959 44.2385
 44.3291 44.3616 44.4008 44.4457 44.4676 44.4906 44.5087 44.5228 44.5448
 44.5621 44.581  44.5977 44.635  44.6639 44.6761 44.7001 44.7295 44.7468
 44.7608 44.7838 44.802  44.8168 44.8326 44.8494 44.8693 44.8886 44.9048
 44.9197 44.9384 44.9564 44.9742 44.9895 45.0043 45.021  45.0389 45.0588
 45.0749 45.0897 45.1088 45.1217 45.1395 45.1628 45.1784 45.1936 45.2092
 45.2254 45.2398 45.2562 45.2687 45.2843 45.3037 45.3201 45.3409 45.3607
 45.3753 45.3889 45.4038 45.4216 45.443  45.4619 45.4766 45.4895 45.5064
 45.5239 45.539  45.5528 45.5676 45.5876 45.6029 45.6174 45.6414 45.6618
 45.6794 45.6991 45.7175 45.7407 45.7579 45.7887 45.8073 45.8299 45.8677
 45.9002 45.9231 45.9688 46.0477 46.0713 46.1021 46.1667 46.1959 46.216
 46.2465 46.2824 46.3332 46.3629 46.4033 46.5829 46.6169 46.6414 46.7178
 46.7488 46.898
52.4222 52.6641 52.7729 53.0544 53.0883 53.1241 53.1626 53.1978 53.26
 53.3305 53.4105 53.4874 53.5366 53.5907 53.6065 53.6524 53.6852 53.7051
 53.724  53.7477 53.7664 53.8009 53.8198 53.8424 53.8546 53.8703 53.882
 53.8968 53.9425 53.9555 53.9704 53.9874 54.0086 54.0252 54.0502 54.0669
 54.0863 54.1056 54.1211 54.1346 54.1481 54.1648 54.1832 54.1964 54.2121
 54.2243 54.2392 54.2554 54.2735 54.2869 54.299  54.3139 54.3287 54.3446
 54.3615 54.3753 54.3873 54.3988 54.4136 54.4276 54.4491 54.4649 54.4847
 54.5115 54.528  54.5435 54.5575 54.5715 54.5855 54.6025 54.6147 54.6412
 54.6547 54.6706 54.6855 54.7004 54.7146 54.7261 54.7393 54.7537 54.7676
 54.7822 54.7954 54.8103 54.8223 54.8338 54.847  54.8688 54.8856 54.8992
 54.9122 54.9246 54.9404 54.962  54.9791 54.9954 55.0066 55.0216 55.0355
 55.0564 55.0704 55.0838 55.0973 55.1127 55.1263 55.1425 55.1551 55.1671
 55.1814 55.1955 55.2084 55.2205 55.2347 55.2492 55.2623 55.2778 55.2966
 55.3119 55.3289 55.3486 55.3633 55.388  55.4075 55.4314 55.4526 55.473
 55.4865 55.5037 55.5226 55.5383 55.5547 55.5714 55.5891 55.6309 55.6466
 55.6909 55.7201 55.7353 55.7544 55.7823 55.8074 55.8295 55.8585 55.8803
 55.9093 55.9293 55.9697 55.9929 56.0159 56.0377 56.0672 56.0908 56.112
 56.1438 56.1684 56.1985 56.2309 56.2737 56.3144 56.343  56.3763 56.4057
 56.4336 56.5028 56.5293 56.5795
62.5223 62.9004 63.0716 63.1187 63.2495 63.2954 63.3336 63.3536 63.3719
 63.4296 63.4552 63.4751 63.4885 63.5354 63.5539 63.5711 63.5877 63.6111
 63.6518 63.6786 63.6966 63.7104 63.7283 63.7439 63.7626 63.7773 63.7925
 63.8076 63.8267 63.8431 63.8623 63.8769 63.8876 63.9001 63.9119 63.9225
 63.9354 63.9489 63.96   63.9718 63.9839 63.9954 64.0075 64.0202 64.0326
 64.0427 64.0541 64.0658 64.076  64.0867 64.0982 64.1129 64.1247 64.1372
 64.1497 64.1646 64.1759 64.188  64.2012 64.2119 64.2237 64.2337 64.2443
 64.2561 64.269  64.2824 64.2936 64.3032 64.313  64.3253 64.3404 64.3508
 64.3624 64.3725 64.3846 64.4002 64.4132 64.4246 64.437  64.4505 64.4629
 64.4795 64.4915 64.5035 64.5137 64.5268 64.5365 64.5495 64.5613 64.5727
 64.5854 64.5975 64.609  64.6209 64.6316 64.6425 64.6537 64.664  64.6753
 64.6871 64.7003 64.7121 64.7241 64.7352 64.7497 64.7648 64.7761 64.7881
 64.8001 64.8136 64.8272 64.8374 64.8505 64.8615 64.8728 64.884  64.8935
 64.9041 64.915  64.9264 64.9359 64.9454 64.9558 64.9667 64.9768 64.9872
 64.9979 65.0084 65.0189 65.0305 65.0416 65.0525 65.0622 65.0739 65.0882
 65.0985 65.109  65.1199 65.1306 65.1421 65.1564 65.17   65.1827 65.1949
 65.2098 65.2224 65.2367 65.2478 65.259  65.2695 65.2797 65.2906 65.3038
 65.3147 65.328  65.34   65.3552 65.3722 65.3902 65.4051 65.416  65.4296
 65.4418 65.4561 65.469  65.4823 65.5    65.5174 65.5301 65.5427 65.5596
 65.573  65.5874 65.6004 65.6145 65.6329 65.648  65.6606 65.6742 65.6907
 65.7079 65.73   65.7461 65.7704 65.7976 65.8181 65.8366 65.8507 65.8691
 65.8882 65.9214 65.957  65.9791 65.9988 66.0281 66.0553 66.0806 66.1027
 66.1218 66.1485 66.1821 66.205  66.2298 66.2495 66.2809 66.3209 66.3549
 66.3749 66.3921 66.4294 66.4541 66.5087 66.5412 66.583  66.6341 66.6876
 66.7192

