12.8905 13.0978 13.2379 13.3755 13.4641 13.5166 13.5594 13.6103 13.7457
 13.8026 13.8194 13.9153 13.9577 13.977  14.0088 14.0538 14.1078 14.1248
 14.1489 14.1771 14.2672 14.3078 14.3276 14.3435 14.3577 14.4283 14.4471
 14.4652 14.4844 14.5357 14.6406 14.6571 14.6886 14.7095 14.7377 14.8068
 14.897
23.0172 23.0542 23.2379 23.6985 23.7405 23.8139 23.8446 23.8885 23.9483
 23.9803 24.0834 24.0992 24.1863 24.2141 24.241  24.2832 24.4258 24.478
 24.5159 24.5321 24.5472 24.5614 24.5737 24.5937 24.6382 24.6569 24.6824
 24.729  24.7619 24.7815 24.8444 24.9593 25.0242
33.3597 33.5004 33.6455 33.7529 33.8815 33.9906 34.0145 34.0842 34.1001
 34.1716 34.2072 34.2888 34.3924 34.4723 34.5292 34.7299 34.7975 34.8525
42.4003 42.9992 43.123  43.1958 43.3056 43.4128 43.5817 43.6348 43.7433
 43.9278 44.2172 44.3094 44.3628 49.1786
50.5389 51.1607 51.6576 52.4554 52.5778 52.9427 53.0305 53.1895 53.2411
 53.473  53.5908 53.8468 53.9358 54.0086 54.0337 54.0816 54.1955 59.1619
61.2956 62.437  62.6255 62.7114 62.9036 62.9398 63.0308 63.1426 63.2384
 63.2749 63.3016 63.3693 63.3979 63.445  63.5207 63.5497 63.5688 63.5925
 63.6103 63.7036 63.7602 63.7999 63.8379 63.9447 63.9621 63.9979 64.0111
 64.055  64.0981 64.1596 64.1887 64.2186 64.2787

