13.0877 13.2098 13.5517 13.6368 13.7083 13.8226 13.9357 14.0068 14.0328
 14.0679 14.0845 14.0987 14.1445 14.2226 14.2434 14.2639 14.3156 14.3719
 14.4015 14.4647 14.5239 14.5545 14.5733 14.5909 14.6171
21.4419 23.3555 23.7443 23.8405 23.8688 24.0027 24.0532 24.0937 24.1172
 24.1854 24.2222 24.2568 24.3055 24.3185 24.3351 24.3655 24.3898 24.4401
 24.4543 24.4893 24.506  24.5469 24.5775 24.6018 24.644  24.679  24.7558
 24.7794
32.1288 32.3173 33.3966 33.6255 33.9989 34.1016 34.1794 34.2083 34.3384
 34.3659 34.4807 34.6098 34.7357 34.8073 34.8634
43.5065 43.5825 43.6378 43.8395 43.8953 44.0951 44.1245 44.1482 44.1824
 44.2046 44.3949
52.5598 53.0368 53.1093 53.1495 53.1918 53.3243 53.4119 53.4519 53.4922
 53.5421 53.5581 53.5889 53.6692 53.754  53.7937 53.8142 53.8522 53.8648
 53.929  53.9533 53.9955 54.0397 54.0989 59.6839
62.03   62.2538 62.8912 63.0279 63.1023 63.1325 63.2501 63.3854 63.4164
 63.4766 63.5136 63.5671 63.5962 63.636  63.653  63.6729 63.6918 63.7346
 63.7547 63.7766 63.8242 63.8539 63.8897 63.9086 64.0108 64.0419

