14.0873 14.1436 14.4609 14.5223 14.5884 14.6219 14.6498 14.6972 14.7267
 14.7519 14.7832 14.8591 14.879  14.9135 14.9487 14.9645 14.9787 15.006
 15.0374 15.0532 15.0747 15.0969 15.1149 15.1338 15.1554 15.1826 15.2051
 15.2192 15.2331 15.2456 15.2595 15.2703 15.2813 15.3012 15.3169 15.3297
 15.347  15.3584 15.3724 15.384  15.3942 15.4075 15.4213 15.4353 15.4506
 15.4617 15.4731 15.4851 15.4992 15.5122 15.5244 15.542  15.5563 15.5675
 15.5782 15.5895 15.5997 15.6104 15.6231 15.6371 15.6483 15.6615 15.6721
 15.6852 15.6972 15.7071 15.7193 15.7293 15.7459 15.7572 15.769  15.7836
 15.7935 15.8042 15.8167 15.8295 15.8406 15.8526 15.8669 15.8782 15.8901
 15.9056 15.916  15.9265 15.937  15.9494 15.961  15.9731 15.9836 15.9963
 16.0083 16.0192 16.0339 16.0486 16.0645 16.076  16.0893 16.1016 16.1128
 16.1239 16.1342 16.1476 16.1599 16.1777 16.1905 16.2042 16.2167 16.2325
 16.2435 16.2546 16.2668 16.2804 16.2922 16.3043 16.3174 16.3343 16.347
 16.3606 16.3739 16.3849 16.3959 16.4064 16.4204 16.4353 16.4543 16.4719
 16.4845 16.5031 16.5171 16.5302 16.5434 16.5563 16.5706 16.5829 16.5963
 16.6127 16.6327 16.6559 16.6783 16.6954 16.7146 16.7339 16.7559 16.789
 16.8052 16.8287 16.8535 16.8905 16.912  16.9579 16.9976 17.1227 17.1762
22.6465 23.2986 23.5437 23.5863 23.9994 24.1926 24.229  24.2879 24.3369
 24.3628 24.3903 24.4456 24.4667 24.5464 24.5631 24.5852 24.6171 24.6396
 24.6715 24.6943 24.7326 24.7529 24.7733 24.8028 24.8284 24.853  24.8769
 24.8937 24.9135 24.9322 24.9539 24.9747 24.996  25.0109 25.0258 25.0384
 25.0523 25.0707 25.1024 25.1196 25.1337 25.1448 25.1582 25.1698 25.1938
 25.2068 25.2209 25.2341 25.2509 25.2714 25.2896 25.3069 25.3273 25.3411
 25.3523 25.3666 25.3879 25.4012 25.4131 25.4271 25.4395 25.4555 25.4701
 25.4841 25.5045 25.5191 25.5321 25.547  25.5643 25.5796 25.5984 25.6158
 25.638  25.6525 25.688  25.7088 25.7319 25.7462 25.7694 25.7895 25.81
 25.8248 25.846  25.8772 25.8963 25.9105 25.9337 25.9476 25.9649 25.9809
 25.9978 26.0183 26.0296 26.0599 26.0851 26.1029 26.1212 26.153  26.1726
 26.1903 26.2509 26.2775 26.3015 26.344  26.3654 26.4075 26.4888 28.6416
32.0889 32.5713 33.1995 33.3952 33.4557 33.5367 33.5707 33.6437 33.6655
 33.6919 33.7275 33.7498 33.7775 33.8114 33.8337 33.852  33.8646 33.8945
 33.9166 33.9421 33.9637 33.9832 34.0008 34.0203 34.0364 34.0506 34.0648
 34.0804 34.0968 34.1136 34.1285 34.1418 34.156  34.171  34.1904 34.2003
 34.2176 34.229  34.2404 34.2541 34.269  34.2814 34.2924 34.3056 34.3198
 34.3337 34.3461 34.358  34.3723 34.384  34.394  34.405  34.416  34.4256
 34.4401 34.4512 34.4617 34.4713 34.4804 34.4936 34.5069 34.5188 34.5294
 34.5413 34.5527 34.5653 34.5767 34.5869 34.5984 34.611  34.6214 34.6328
 34.6437 34.6536 34.6656 34.6749 34.6853 34.6984 34.7103 34.7207 34.7307
 34.7414 34.752  34.7624 34.774  34.7845 34.7963 34.8076 34.8217 34.8319
 34.8456 34.859  34.8714 34.885  34.8979 34.9084 34.9212 34.932  34.9434
 34.9555 34.9653 34.9756 34.9867 34.9993 35.0114 35.0234 35.0336 35.0445
 35.054  35.0641 35.0743 35.0854 35.0974 35.1119 35.1223 35.1341 35.1438
 35.1548 35.1667 35.1773 35.1868 35.198  35.2108 35.2213 35.2336 35.247
 35.2603 35.2728 35.2844 35.2968 35.3103 35.32   35.3324 35.3434 35.3565
 35.369  35.3849 35.4036 35.416  35.4323 35.4468 35.4605 35.4726 35.4852
 35.4974 35.5139 35.5275 35.5424 35.5545 35.5699 35.5839 35.6024 35.6175
 35.6319 35.6549 35.7053 35.7238 35.7503 35.7705 35.8106 35.8339 35.8553
 35.8883 35.919  35.9586 35.9997 39.9006
40.8514 41.6349 41.7219 41.7915 41.8726 42.0116 42.1475 42.1918 42.4139
 42.4594 42.5149 42.6174 42.64   42.6691 42.7057 42.7494 42.7777 42.8023
 42.8218 42.8394 42.8547 42.8694 42.8809 42.8956 42.9131 42.9326 42.9502
 42.9649 42.9775 42.9902 43.0058 43.0181 43.0353 43.0526 43.0653 43.0766
 43.0894 43.1067 43.1234 43.1345 43.1495 43.1672 43.1784 43.1932 43.2055
 43.2184 43.2292 43.2401 43.2502 43.2611 43.2712 43.2823 43.2929 43.303
 43.3161 43.327  43.3373 43.3485 43.3605 43.3693 43.3815 43.3947 43.4058
 43.4152 43.4254 43.4355 43.4474 43.4578 43.4683 43.4778 43.4882 43.4991
 43.5085 43.518  43.5279 43.5365 43.5471 43.5576 43.5676 43.5783 43.5881
 43.5978 43.6076 43.6175 43.6271 43.6393 43.6498 43.6595 43.6692 43.6801
 43.6893 43.6989 43.7071 43.7156 43.7243 43.7334 43.7425 43.7526 43.7629
 43.7718 43.7804 43.7899 43.7996 43.8088 43.8188 43.8276 43.8363 43.8465
 43.8564 43.8663 43.8753 43.8857 43.896  43.9049 43.9152 43.9245 43.9338
 43.9449 43.9543 43.9644 43.9734 43.9838 43.9922 44.0006 44.0109 44.0206
 44.0322 44.0425 44.0526 44.0626 44.073  44.0815 44.0906 44.1004 44.1102
 44.1196 44.1306 44.1408 44.1522 44.1621 44.1725 44.1831 44.1944 44.2035
 44.2124 44.2239 44.2347 44.2455 44.2568 44.2686 44.2792 44.2902 44.3
 44.3097 44.3188 44.3306 44.3413 44.3522 44.3634 44.3761 44.3882 44.4009
 44.4142 44.4265 44.4367 44.4472 44.4567 44.4672 44.4786 44.4911 44.501
 44.5154 44.5265 44.5378 44.5502 44.5613 44.5749 44.5868 44.5972 44.6096
 44.6209 44.632  44.6469 44.6645 44.6804 44.6995 44.7168 44.7335 44.7476
 44.7626 44.7781 44.7908 44.8165 44.8328 44.8476 44.8622 44.8804 44.9027
 44.9207 44.9489 44.9793 44.9996 45.0184 45.0557 45.0801 45.1088 45.1564
 45.1891 45.2715
50.6917 51.8945 52.0878 52.1425 52.3947 52.423  52.5158 52.5334 52.5767
 52.6029 52.6351 52.6553 52.6827 52.7164 52.7402 52.7609 52.7843 52.8075
 52.8241 52.8482 52.8695 52.8893 52.9043 52.9195 52.939  52.9608 52.9798
 52.9987 53.0238 53.0502 53.0737 53.0858 53.0959 53.1098 53.1303 53.1457
 53.161  53.1816 53.1973 53.2077 53.2231 53.2369 53.2553 53.2682 53.2797
 53.2925 53.3059 53.3211 53.3326 53.3431 53.3544 53.3688 53.3829 53.3966
 53.41   53.4254 53.4405 53.4557 53.4664 53.4792 53.4903 53.5027 53.5182
 53.5347 53.5495 53.5622 53.575  53.5869 53.6038 53.6179 53.6343 53.6525
 53.6742 53.6956 53.7115 53.7264 53.7455 53.7602 53.7917 53.8101 53.8292
 53.8466 53.8596 53.8732 53.8918 53.9077 53.9217 53.9365 53.949  53.9651
 53.9824 54.0005 54.0294 54.0462 54.0576 54.0739 54.0867 54.1003 54.1178
 54.1373 54.1531 54.1706 54.1909 54.214  54.2322 54.2468 54.2697 54.2885
 54.3122 54.3279 54.3573 54.3728 54.3906 54.4138 54.4576 54.4807 54.5088
 54.5338 54.5689 54.5886 54.6094 54.636  57.8608
61.9427 62.1514 62.275  62.374  62.4159 62.4412 62.4956 62.5453 62.6206
 62.6447 62.6861 62.7216 62.7489 62.7926 62.8091 62.8238 62.8442 62.8717
 62.8888 62.9069 62.929  62.9456 62.9657 62.9818 63.0033 63.0327 63.0483
 63.0627 63.0752 63.0932 63.1041 63.1171 63.1296 63.1471 63.1593 63.1745
 63.1937 63.2075 63.2204 63.2361 63.251  63.2643 63.2763 63.2863 63.3026
 63.3135 63.325  63.3371 63.3494 63.3624 63.3759 63.3901 63.4022 63.4152
 63.4273 63.4413 63.4527 63.4661 63.4772 63.4955 63.5064 63.5187 63.5307
 63.5433 63.5553 63.5656 63.5758 63.587  63.5986 63.6173 63.6314 63.646
 63.6594 63.6746 63.6856 63.6986 63.7102 63.7266 63.7387 63.7489 63.7605
 63.7717 63.7835 63.7946 63.8108 63.8256 63.8383 63.8527 63.8644 63.8753
 63.8865 63.8997 63.9095 63.9218 63.9369 63.9492 63.9603 63.9721 63.9875
 64.0005 64.0118 64.0224 64.0321 64.0441 64.0563 64.0703 64.083  64.0961
 64.1088 64.1219 64.133  64.1444 64.1567 64.1688 64.1844 64.1943 64.2084
 64.2269 64.2386 64.25   64.2629 64.2762 64.2865 64.2992 64.3138 64.3311
 64.3468 64.3608 64.3757 64.3872 64.3979 64.4145 64.4354 64.4475 64.4576
 64.4739 64.4883 64.5041 64.5163 64.5322 64.5527 64.5697 64.5863 64.6037
 64.6209 64.6705 64.6978 64.7264 64.7451 64.7724 64.8023 64.8303 64.8956

