13.8612 14.1114 14.2004 14.2485 14.3042 14.3955 14.4429 14.4708 14.5056
 14.5316 14.5849 14.6181 14.6426 14.6702 14.6898 14.7055 14.7235 14.7635
 14.8199 14.8417 14.8888 14.9209 14.9559 14.9787 15.0413 15.055  15.0699
 15.0823 15.1075 15.1386 15.1992 15.2206 15.2355 15.2564 15.2714 15.2932
 15.3142 15.3438 15.3612 15.3783 15.402  15.4155 15.4283 15.4417 15.4702
 15.4886 15.5039 15.5365 15.5495 15.5595 15.6038 15.656  15.6809 15.7127
21.7296 22.7967 22.9485 23.6341 23.8766 23.9333 23.9649 24.1632 24.2355
 24.2809 24.4049 24.4216 24.4779 24.5084 24.5397 24.6047 24.6291 24.6424
 24.6782 24.6935 24.7257 24.7427 24.7736 24.7968 24.8186 24.8301 24.8667
 24.9683 24.9896 25.013  25.0654 25.1444 25.1923
30.1172 33.4468 33.67   33.734  33.8163 33.8407 33.9039 33.9803 34.054
 34.0811 34.1128 34.1869 34.2122 34.254  34.2998 34.3717 34.3885 34.4164
 34.4582 34.4749 34.4969 34.5225 34.5653 34.5785 34.6044 34.6251 34.6669
 34.6957 34.776  34.8404 34.8565 35.1073
41.7031 41.8103 42.6361 42.6957 42.7482 42.8722 43.0609 43.123  43.1612
 43.1904 43.2146 43.2318 43.2952 43.3148 43.3298 43.345  43.3745 43.4129
 43.4272 43.4478 43.4821 43.4985 43.5207 43.5344 43.5485 43.5722 43.5936
 43.6304 43.6618 43.6805 43.6917 43.7054 43.722  43.7397 43.754  43.7694
 43.7986 43.8782 43.8969 43.9309 43.9464 44.0163 44.0712 44.0943 44.2143
50.9652 51.5785 51.8267 51.928  52.0902 52.1586 52.2195 52.2513 52.2856
 52.3047 52.3256 52.3584 52.3818 52.4069 52.5246 52.5546 52.6121 52.6299
 52.6455 52.6629 52.6866 52.7355 52.7491 52.7634 52.7774 52.8019 52.8265
 52.8442 52.8672 52.8854 52.9003 52.9331 52.9649 52.9822 53.0379 53.0504
 53.0749 53.1348 53.1787 53.2254 53.2436 53.2742 53.3234
60.1336 60.9639 61.7039 61.7769 61.85   62.1077 62.1996 62.2366 62.288
 62.3343 62.3484 62.4267 62.4685 62.5036 62.5346 62.5541 62.6142 62.6359
 62.6596 62.6743 62.6855 62.7219 62.7608 62.7867 62.8004 62.8147 62.8329
 62.8424 62.8536 62.8686 62.8807 62.9489 62.9637 63.001  63.0188 63.0531
 63.0688 63.083  63.1375 63.1617 63.181  63.193  63.2068 63.2264 63.2451
 67.3789 68.6929 69.4576 69.6568 69.9175

