12.2497 12.9155 13.5949 13.7946 14.0475 14.1234 14.1556 14.3897 14.4457
 14.5086 14.6852 14.717  14.7648 14.7833 14.8018 14.8572 14.8852 14.9017
 15.1003 15.1821
22.7286 23.3406 23.7593 23.8278 23.9399 24.0188 24.2057 24.3104 24.642
 24.6855 24.7053 24.7509
33.4108 33.9619 34.2571 34.4434 34.6657
40.9665 42.679  42.8523 42.9091 42.9897 43.1397 43.2395 43.298  43.3414
 43.3848 43.5335 43.5863 43.6738
50.853  50.8836 51.3354 51.9056 52.1051 52.2718 52.3369 52.3642 52.465
 52.503
60.493  60.9126 61.8897 62.0987 62.231  62.2704 62.5499 62.6063 62.6506
 62.8311 63.0985 63.1185

