12.6767 14.1688 14.2751 14.6324 14.6536 14.737  14.7738 14.8047 14.8721
 15.0188 15.0768 15.1513 15.272  15.5015 15.6534
22.1907 22.3145 23.2016 23.2998 23.541  23.5863 23.8095 23.9123 23.9321
 24.0407 24.0784 24.1158 24.1579 24.1896 24.2852 24.3063 24.3459 24.3631
 24.4007 24.4168 24.4582 24.52   24.5526 24.5788 24.5908 24.7339 24.8621
32.903  33.4593 33.7024 33.7597 34.1246 34.1717 34.2004 34.3858 34.4674
 34.4977 34.6648 34.8015
42.8425 42.98   43.1423 43.4148 43.4554 43.4886 43.7007 43.7727 43.8084
 43.9378 44.0707
51.1482 51.3589 51.4005 51.5698 52.2575 52.3636 52.4782 52.5267 52.5574
 52.593  52.6376 52.6723 52.7184 52.7714 52.8299 52.8508 52.9173 52.9588
 52.9841 53.0101 53.0239 53.1563 53.1718
61.122  61.1942 61.7379 62.2075 62.2638 62.3525 62.3903 62.4266 62.5909
 62.6313 62.6835 62.7091 62.7293 62.8017 62.8209 62.8423 62.8869 62.9046
 62.9387 63.0741 63.1626 63.2195 63.2932 63.3308 63.342  63.3833 63.4081
 67.4445 68.2158

