13.167  13.3705 13.8884 14.2479 14.3811 14.4232 14.4808 14.5192 14.5566
 14.5764 14.6039 14.7007 14.7274 14.7689 14.8384 14.8556 14.8785 14.9084
 14.9264 14.9444 14.96   14.9851 15.0027 15.0214 15.0564 15.0824 15.0965
 15.1169 15.1296 15.1449 15.1611 15.1724 15.1898 15.2039 15.2189 15.2317
 15.2482 15.2619 15.2773 15.2904 15.3093 15.3217 15.3363 15.3518 15.3644
 15.3753 15.3871 15.4063 15.4205 15.4356 15.4493 15.4625 15.4748 15.4881
 15.4986 15.5144 15.529  15.5431 15.5563 15.5699 15.5832 15.5946 15.6051
 15.6206 15.6388 15.652  15.6648 15.6776 15.6909 15.7016 15.7141 15.7257
 15.7372 15.7489 15.7589 15.7694 15.7841 15.7954 15.8066 15.8199 15.8369
 15.8535 15.8661 15.8784 15.8895 15.9005 15.9134 15.9238 15.9377 15.9513
 15.9649 15.9794 15.9902 16.0068 16.0213 16.0437 16.0609 16.0745 16.0897
 16.1019 16.1135 16.1265 16.1392 16.1502 16.162  16.1751 16.1858 16.1965
 16.2132 16.2241 16.2382 16.2537 16.2646 16.2755 16.2889 16.3018 16.3131
 16.3236 16.337  16.3487 16.3664 16.3775 16.3893 16.4034 16.4179 16.4311
 16.4434 16.4577 16.4693 16.4842 16.4961 16.5132 16.5285 16.5439 16.5552
 16.5686 16.5816 16.5942 16.6064 16.6213 16.636  16.6514 16.6684 16.6824
 16.6974 16.7134 16.7348 16.7509 16.7714 16.7873 16.8066 16.8654 16.8901
 16.9174 16.9445 16.9645 17.0026 17.0209 17.0564 17.1107 17.132  17.2471
22.6083 23.4544 23.6362 23.6734 23.6975 23.7773 23.8083 23.8393 23.8607
 23.89   23.9096 23.9314 23.9796 24.005  24.0224 24.0552 24.0692 24.0832
 24.1    24.1219 24.1431 24.1679 24.1883 24.2025 24.2249 24.244  24.2681
 24.2828 24.3127 24.3422 24.3685 24.3871 24.3997 24.4148 24.4285 24.44
 24.4533 24.4717 24.4891 24.5007 24.5133 24.5291 24.5401 24.5538 24.5676
 24.578  24.5893 24.599  24.61   24.6202 24.6304 24.6413 24.6509 24.6626
 24.6716 24.6829 24.6938 24.7061 24.7181 24.7287 24.7378 24.7526 24.7627
 24.7749 24.7856 24.7977 24.8101 24.8202 24.8308 24.8415 24.8555 24.8687
 24.8806 24.8905 24.903  24.9149 24.9253 24.9351 24.9449 24.9546 24.9658
 24.9764 24.9865 24.9963 25.0082 25.0182 25.0295 25.0409 25.0519 25.0627
 25.073  25.0833 25.0927 25.1015 25.1119 25.1218 25.1326 25.1414 25.1512
 25.1618 25.1774 25.1901 25.2014 25.212  25.2225 25.2333 25.2456 25.2562
 25.2662 25.2772 25.2875 25.2973 25.3077 25.3177 25.3283 25.3401 25.3516
 25.3629 25.3722 25.3813 25.3907 25.4008 25.4127 25.4247 25.4346 25.4447
 25.4541 25.464  25.4756 25.4873 25.4993 25.5106 25.5211 25.5319 25.5431
 25.5538 25.5644 25.5743 25.5853 25.5957 25.6063 25.6151 25.6254 25.6361
 25.6468 25.6574 25.6663 25.6759 25.6857 25.6959 25.7066 25.7176 25.728
 25.7388 25.7501 25.7618 25.7722 25.7816 25.7916 25.8009 25.8127 25.8238
 25.8349 25.846  25.8557 25.865  25.8749 25.8852 25.8957 25.9083 25.9189
 25.9304 25.9411 25.9525 25.9648 25.9796 25.9915 26.0024 26.0141 26.0257
 26.0363 26.0528 26.0678 26.079  26.0903 26.1055 26.1198 26.1318 26.1465
 26.1598 26.1736 26.1863 26.2032 26.2205 26.2369 26.2605 26.2816 26.2982
 26.3171 26.3451 26.3666 26.3908 26.4237 26.476  26.5047 26.6414
31.4738 33.1542 33.4899 33.6512 33.7249 33.7558 33.7909 33.8174 33.8517
 33.8694 33.9001 33.9211 33.9604 33.9831 34.0036 34.0185 34.0617 34.1027
 34.1266 34.1415 34.1643 34.1893 34.2038 34.2215 34.2348 34.255  34.2708
 34.2892 34.3063 34.3275 34.3462 34.3639 34.3746 34.3861 34.4013 34.4142
 34.4273 34.4421 34.4554 34.4671 34.4813 34.4975 34.511  34.5204 34.5319
 34.5416 34.555  34.5682 34.5813 34.594  34.6052 34.6197 34.6325 34.6457
 34.6593 34.6712 34.6832 34.6954 34.7068 34.7184 34.7297 34.7403 34.751
 34.7607 34.775  34.7883 34.7981 34.8128 34.8235 34.834  34.8457 34.8553
 34.8675 34.8809 34.8925 34.9044 34.9163 34.9286 34.9403 34.9528 34.9639
 34.9774 34.9873 35.0018 35.0117 35.0228 35.0327 35.0448 35.058  35.0696
 35.0836 35.0931 35.1064 35.1151 35.1259 35.1373 35.1516 35.1625 35.1728
 35.1835 35.1941 35.2034 35.2171 35.227  35.2373 35.2475 35.2587 35.2698
 35.2797 35.2919 35.3041 35.3181 35.3294 35.341  35.3524 35.3636 35.3734
 35.3862 35.3967 35.4098 35.4219 35.4356 35.4452 35.4578 35.4686 35.4804
 35.4933 35.5039 35.5145 35.5256 35.5384 35.5484 35.5608 35.5732 35.5837
 35.5977 35.6117 35.624  35.6356 35.6468 35.6606 35.6736 35.6872 35.6985
 35.7148 35.7294 35.7416 35.7552 35.7669 35.7783 35.7905 35.8019 35.8138
 35.8281 35.8431 35.8581 35.8744 35.8892 35.9035 35.9161 35.941  35.9612
 35.9762 35.9921 36.0156 36.0434 36.0577 36.0703 36.0879 36.1052 36.1248
 36.1461 36.1779 36.1967 36.216  36.3394
42.3481 43.2848 43.3395 43.3608 43.3869 43.4265 43.4503 43.4699 43.5243
 43.5441 43.5586 43.6062 43.6292 43.6579 43.6773 43.7012 43.7411 43.7668
 43.7867 43.8067 43.8309 43.8599 43.8836 43.9077 43.937  43.9533 43.9793
 43.994  44.023  44.0459 44.0628 44.0765 44.0915 44.1063 44.1295 44.1668
 44.1894 44.2146 44.2305 44.2468 44.2633 44.2806 44.2925 44.308  44.3208
 44.3365 44.3525 44.3717 44.3862 44.4083 44.4226 44.4337 44.4476 44.4625
 44.4784 44.4952 44.5164 44.532  44.5498 44.5718 44.5886 44.6084 44.6348
 44.6489 44.6868 44.7054 44.7196 44.7355 44.7456 44.7612 44.779  44.7982
 44.8158 44.8273 44.8448 44.863  44.8834 44.8992 44.9153 44.9325 44.9489
 44.9629 44.9802 44.992  45.0167 45.0289 45.045  45.0595 45.0735 45.0889
 45.1025 45.1156 45.1301 45.1509 45.1621 45.1804 45.1961 45.2226 45.2388
 45.2529 45.2706 45.2946 45.3224 45.3413 45.3614 45.3798 45.4072 45.4254
 45.4515 45.4717 45.4933 45.5075 45.5418 45.5706
51.0595 51.5807 51.6468 51.8128 52.1283 52.1682 52.2339 52.2809 52.3193
 52.3559 52.4071 52.4279 52.4684 52.4946 52.5184 52.54   52.5751 52.596
 52.6187 52.6424 52.6588 52.6867 52.711  52.7425 52.7538 52.7854 52.8009
 52.8161 52.8275 52.8481 52.867  52.8829 52.8953 52.9062 52.9181 52.9338
 52.9446 52.9638 52.9753 52.9895 52.9992 53.0098 53.0236 53.0336 53.0439
 53.0562 53.0698 53.0839 53.0952 53.1063 53.1168 53.1346 53.1469 53.1592
 53.1706 53.1812 53.1926 53.2036 53.2157 53.2264 53.2393 53.2501 53.2608
 53.2704 53.2812 53.2935 53.303  53.3121 53.3213 53.3324 53.343  53.3524
 53.3633 53.3726 53.3827 53.3926 53.4017 53.4113 53.4204 53.4314 53.4421
 53.4521 53.4608 53.4703 53.4805 53.4908 53.5025 53.5114 53.5226 53.5331
 53.5412 53.5505 53.5596 53.5685 53.58   53.5909 53.6016 53.6104 53.6211
 53.6307 53.6398 53.6495 53.6591 53.6695 53.6793 53.688  53.6979 53.7083
 53.7189 53.7302 53.7436 53.7539 53.7661 53.7754 53.7853 53.7969 53.8063
 53.8168 53.8254 53.8347 53.8448 53.8549 53.8638 53.8731 53.8842 53.8946
 53.9059 53.9143 53.9246 53.9336 53.9421 53.9525 53.963  53.9738 53.9844
 53.9951 54.0046 54.0148 54.0249 54.035  54.0459 54.0563 54.066  54.0768
 54.0862 54.0968 54.1071 54.1174 54.1275 54.1371 54.1462 54.1552 54.1641
 54.1734 54.183  54.1928 54.2036 54.2141 54.2246 54.2353 54.2455 54.2586
 54.2695 54.2806 54.293  54.3051 54.3203 54.3307 54.3428 54.3526 54.3631
 54.3752 54.3868 54.3996 54.4135 54.4258 54.4367 54.4472 54.4588 54.4706
 54.4807 54.4933 54.5057 54.5165 54.5271 54.5397 54.5522 54.5661 54.5784
 54.5914 54.6084 54.6243 54.6432 54.6568 54.6702 54.6827 54.6969 54.7126
 54.727  54.7485 54.7649 54.7804 54.8053 54.824  54.8473 54.8819 54.9093
 54.9302 54.9647 55.0023 55.024
61.6136 61.9916 62.217  62.377  62.4706 62.5283 62.5718 62.6031 62.6211
 62.6382 62.6649 62.7213 62.7571 62.7713 62.7872 62.8017 62.8136 62.8319
 62.8489 62.8683 62.8877 62.9022 62.9156 62.9339 62.9473 62.9616 62.9725
 62.9831 62.9965 63.0151 63.0314 63.0462 63.0565 63.0675 63.0843 63.0986
 63.1133 63.1249 63.1369 63.1493 63.1599 63.1709 63.1831 63.1938 63.2067
 63.2183 63.2288 63.2381 63.2491 63.2607 63.2714 63.2819 63.2911 63.3016
 63.3113 63.3198 63.3303 63.3408 63.3527 63.3633 63.3752 63.3885 63.3979
 63.4088 63.4198 63.4302 63.4404 63.4519 63.4619 63.4717 63.481  63.4916
 63.5016 63.5125 63.5243 63.5341 63.5452 63.5563 63.5712 63.581  63.5918
 63.6007 63.6092 63.6184 63.6287 63.6395 63.649  63.6585 63.6696 63.68
 63.6908 63.6996 63.7085 63.718  63.727  63.7359 63.7438 63.7537 63.7628
 63.7719 63.7813 63.7933 63.8021 63.8121 63.8227 63.8336 63.8464 63.8558
 63.8655 63.8774 63.8873 63.8975 63.9083 63.9174 63.9266 63.9362 63.9461
 63.958  63.9674 63.9773 63.9872 63.9991 64.0104 64.0214 64.0319 64.0416
 64.0512 64.0634 64.0729 64.0814 64.0914 64.1014 64.1109 64.1205 64.13
 64.1426 64.1519 64.1605 64.1701 64.1792 64.189  64.1989 64.2083 64.2184
 64.2271 64.2375 64.248  64.2596 64.2741 64.2847 64.2962 64.3094 64.3218
 64.3331 64.3426 64.3545 64.3655 64.3765 64.3868 64.3964 64.4068 64.4174
 64.4287 64.4398 64.4521 64.4626 64.4736 64.489  64.5006 64.5118 64.5261
 64.537  64.5496 64.5615 64.5751 64.5866 64.5993 64.6088 64.6206 64.6364
 64.6519 64.6671 64.68   64.6965 64.7089 64.7251 64.7457 64.77   64.7869
 64.81   64.8262 64.8575 64.8749 64.9138 64.9529 64.9788 64.9977 65.0424
 65.091  68.1333 68.8303

