13.3733 13.8193 14.0318 14.0964 14.3633 14.3918 14.4188 14.6144 14.6519
 14.6787 14.7673 14.7868 14.8163 14.8462 14.8885 14.9382 14.9589 14.9749
 15.0098 15.0397 15.0621 15.0853 15.1    15.1223 15.1366 15.1551 15.1796
 15.1977 15.2138 15.2288 15.2457 15.2885 15.303  15.317  15.3324 15.3525
 15.399  15.4163 15.4301 15.4436 15.4605 15.4787 15.4931 15.5065 15.5404
 15.556  15.5766 15.5967 15.6175 15.6278 15.6452 15.6648 15.6798 15.7033
 15.7199 15.7382 15.7581 15.7701 15.786  15.7962 15.8142 15.8319 15.8441
 15.8632 15.882  15.8963 15.9089 15.9228 15.9369 15.9521 15.9665 15.9832
 16.0034 16.0212 16.0346 16.0513 16.067  16.079  16.0944 16.1125 16.1436
 16.1596 16.1774 16.1968 16.2114 16.2319 16.2453 16.2594 16.2831 16.301
 16.3147 16.3302 16.346  16.3617 16.3751 16.3947 16.4128 16.4294 16.4455
 16.4598 16.4761 16.4909 16.507  16.5184 16.5356 16.5489 16.5656 16.5827
 16.5974 16.6147 16.6415 16.6625 16.6822 16.6989 16.715  16.7289 16.7509
 16.7671 16.797  16.8207 16.8491 16.8629 16.8799 16.9279 16.9758 17.0553
 17.1629 17.2222 17.4358
23.0234 23.1567 23.4848 23.5264 23.6494 23.6692 23.7685 23.8799 23.9033
 23.9241 23.9392 23.9747 24.0153 24.0479 24.0838 24.1181 24.1425 24.1734
 24.2438 24.2572 24.2899 24.3162 24.3354 24.3561 24.3766 24.3904 24.407
 24.4203 24.435  24.4588 24.4792 24.5031 24.52   24.5348 24.5529 24.5668
 24.5818 24.6067 24.622  24.6353 24.6487 24.6605 24.67   24.6887 24.7039
 24.7173 24.7316 24.7548 24.7729 24.7831 24.7951 24.8114 24.8282 24.8427
 24.8563 24.8699 24.8831 24.8979 24.9138 24.9273 24.9383 24.9534 24.9679
 24.9819 24.9968 25.0069 25.0183 25.0302 25.0453 25.0671 25.0785 25.093
 25.1102 25.1243 25.1353 25.1466 25.1638 25.177  25.1903 25.2027 25.2165
 25.2305 25.2423 25.2528 25.2633 25.2727 25.2864 25.3036 25.314  25.326
 25.3451 25.3556 25.3673 25.3767 25.3869 25.399  25.4106 25.4251 25.4356
 25.4521 25.4628 25.4765 25.4905 25.5048 25.5184 25.5286 25.5394 25.5509
 25.5627 25.575  25.5916 25.6066 25.6173 25.6312 25.6452 25.659  25.6721
 25.6858 25.6983 25.7094 25.7218 25.7364 25.7479 25.7601 25.7719 25.7855
 25.8096 25.8266 25.8417 25.8547 25.8708 25.8852 25.8986 25.9129 25.9318
 25.9476 25.9626 25.9744 25.9858 26.0034 26.021  26.0454 26.0648 26.0815
 26.0999 26.1192 26.1335 26.1468 26.1717 26.188  26.2032 26.2213 26.2455
 26.2675 26.2927 26.3133 26.3355 26.3568 26.3727 26.3966 26.4335 26.4614
 26.4972 26.5443 26.5699 26.5966 26.6188 26.6525 26.7234 26.7547 26.7769
 26.8658 26.9896
33.441  33.5056 33.7959 33.8968 33.9803 33.9962 34.0625 34.1002 34.122
 34.1463 34.1796 34.2187 34.2678 34.2967 34.317  34.3318 34.3527 34.3844
 34.4043 34.4172 34.4395 34.4568 34.4764 34.4961 34.5113 34.5234 34.5396
 34.5586 34.577  34.5899 34.6068 34.6187 34.6314 34.6463 34.6629 34.677
 34.6925 34.7082 34.7223 34.7391 34.7562 34.7704 34.7877 34.8026 34.8201
 34.8332 34.8448 34.8684 34.883  34.8976 34.9132 34.9266 34.9427 34.9592
 34.9704 34.9836 34.9968 35.0101 35.022  35.0348 35.0455 35.059  35.0723
 35.0871 35.1007 35.115  35.1343 35.1568 35.1801 35.1938 35.2059 35.2216
 35.2347 35.2493 35.2647 35.278  35.2912 35.3012 35.314  35.3276 35.3409
 35.3544 35.3673 35.38   35.3962 35.4129 35.4269 35.445  35.4589 35.4715
 35.4867 35.5012 35.5152 35.5276 35.5407 35.5538 35.5683 35.5831 35.5958
 35.6084 35.6282 35.6426 35.6575 35.6753 35.6955 35.7126 35.7294 35.7524
 35.765  35.7834 35.8034 35.821  35.8389 35.8534 35.87   35.885  35.9033
 35.9304 35.954  35.9789 35.9966 36.0154 36.0318 36.0497 36.069  36.1205
 36.1654 36.1963 36.2178 36.242  36.2849 36.4749 36.5246 36.563
40.2229 40.5149 42.8418 43.1099 43.1667 43.2613 43.4132 43.5074 43.5485
 43.604  43.667  43.6996 43.7139 43.7997 43.8439 43.897  43.9367 43.9606
 43.988  44.0247 44.0467 44.0702 44.0904 44.1485 44.1673 44.1882 44.2026
 44.2158 44.2349 44.2568 44.2787 44.2978 44.3123 44.334  44.37   44.4085
 44.4403 44.455  44.4751 44.4974 44.5153 44.5453 44.5672 44.5837 44.6017
 44.6252 44.6515 44.6805 44.7153 44.737  44.7579 44.7785 44.7973 44.8306
 44.8445 44.8646 44.8937 44.9109 44.9267 44.9499 44.9757 44.9996 45.0238
 45.0445 45.072  45.1077 45.1369 45.1781 45.1956 45.2141 45.2308 45.2552
 45.2777 45.2995 45.3258 45.3712 45.4022 45.4286 45.4861 45.539  45.5635
 45.6104 45.674  45.7135 45.7626 45.9224 46.0184
52.0229 52.1074 52.1367 52.2986 52.348  52.478  52.5228 52.5926 52.6261
 52.6477 52.6826 52.7657 52.7822 52.817  52.8355 52.8545 52.8819 52.926
 52.9413 52.9552 52.9769 52.9952 53.0171 53.0348 53.0474 53.0641 53.0815
 53.0957 53.1127 53.1329 53.1484 53.1672 53.1858 53.2003 53.2136 53.2258
 53.2368 53.2513 53.2697 53.2832 53.3022 53.3142 53.3257 53.341  53.354
 53.3673 53.381  53.3951 53.4138 53.4309 53.449  53.4656 53.478  53.4952
 53.5093 53.5235 53.5395 53.5541 53.5675 53.5813 53.5942 53.6049 53.6162
 53.6272 53.6377 53.6519 53.6664 53.678  53.69   53.7014 53.712  53.7245
 53.7368 53.7506 53.7611 53.7734 53.7889 53.8009 53.8126 53.8231 53.8361
 53.8468 53.8568 53.8676 53.8802 53.8928 53.9053 53.9162 53.9274 53.9396
 53.9508 53.9615 53.9734 53.9858 53.9969 54.0073 54.0183 54.0292 54.0406
 54.0522 54.0662 54.0784 54.089  54.1017 54.1173 54.1304 54.1424 54.1575
 54.1698 54.1822 54.1934 54.2114 54.2248 54.2393 54.253  54.2666 54.2792
 54.2918 54.3038 54.3184 54.3304 54.3499 54.3653 54.3787 54.3928 54.4059
 54.4194 54.4353 54.4473 54.4648 54.4776 54.4913 54.507  54.5221 54.5342
 54.5473 54.5627 54.5789 54.5978 54.6129 54.6299 54.6464 54.6651 54.6822
 54.6954 54.7123 54.7298 54.752  54.7886 54.811  54.8296 54.8514 54.8778
 54.8982 54.9289 54.9604 54.9879 55.0327 55.0623 55.1181 55.1468 55.2324
 55.3697
60.6248 61.7058 61.8364 62.2448 62.3653 62.4014 62.4575 62.5355 62.5838
 62.6044 62.621  62.7084 62.7978 62.8314 62.8548 62.8879 62.9034 62.9249
 62.9406 62.9561 62.9744 62.9904 63.0115 63.0328 63.0517 63.0684 63.0969
 63.1265 63.1472 63.1635 63.1762 63.1914 63.2088 63.2282 63.2508 63.2659
 63.2838 63.3017 63.3196 63.3349 63.3478 63.3679 63.3913 63.4089 63.4238
 63.4377 63.4492 63.464  63.4778 63.4912 63.5044 63.5167 63.5284 63.5456
 63.5588 63.5701 63.5894 63.6005 63.6137 63.631  63.6435 63.6564 63.6693
 63.682  63.6975 63.7083 63.725  63.7387 63.7597 63.7724 63.7852 63.7983
 63.8131 63.8227 63.8346 63.8486 63.8588 63.8728 63.8834 63.8945 63.9057
 63.9186 63.9317 63.9426 63.9546 63.9667 63.9796 63.9946 64.0072 64.0191
 64.0303 64.0425 64.0624 64.0745 64.0857 64.0973 64.1096 64.1221 64.1342
 64.1492 64.1616 64.1734 64.1863 64.1993 64.2096 64.2227 64.2358 64.2514
 64.2643 64.2787 64.2912 64.3023 64.3142 64.3268 64.3433 64.3554 64.3682
 64.3824 64.3956 64.4133 64.4251 64.4364 64.4524 64.4685 64.4823 64.5002
 64.5177 64.5309 64.5485 64.5636 64.5801 64.5965 64.6124 64.6343 64.6514
 64.664  64.6782 64.6966 64.721  64.7441 64.7656 64.7887 64.8079 64.826
 64.8399 64.8569 64.8742 64.8879 64.91   64.9332 64.9515 64.973  65.0019
 65.0428 65.0669 65.0897 65.1149 65.177  65.2188 65.2739 65.2957 65.3748
 65.4617 69.9087

