14.7232 14.7583 14.9615 15.0194 15.1314 15.2443 15.2705 15.3007 15.4211
 15.5045 15.5391 15.6607
22.6076 23.448  23.8494 23.9139 23.939  24.0167 24.1866 24.2417 24.2919
 24.5366 24.745  24.7687 24.839
30.8177 31.7802 32.0099 33.8139 33.9037 34.0428 34.0978 34.1496 34.3152
 34.4346 34.4594 34.5597 34.5917 34.6327 34.7016 34.7197 34.918
42.6889 43.3287 43.6116 43.8804 44.0303 44.3131 44.3484
51.5389 52.7    52.841  52.9077 53.1789 53.4793
62.0902 62.4758 62.5582 62.6052 62.6782 62.7267 62.7476 62.7889 62.8309
 62.8804 62.9882 63.0521 63.0733 63.1011 63.1804 63.2359 63.3343

