12.74   13.1588 13.8918 14.1666 14.5346 14.5865 14.6489 14.7445 14.7779
 14.8269 14.9469 14.9731 14.9924 15.0149 15.0947 15.1413 15.1615 15.2511
 15.2691 15.294  15.3858 15.4872 15.5447 15.6967 15.8073 15.9468
24.4858 24.5434 24.6334 24.7177 24.7758 24.8216 24.8795 24.9245 25.0346
 25.131  25.1576 25.222  25.2563 25.2771 25.3406 25.3835 25.4568 25.6892
 25.7143 25.7705 25.7909
32.3558 32.8464 33.5617 33.7941 33.8499 33.8766 33.8952 33.9816 34.0037
 34.0636 34.0831 34.1457 34.207  34.2229 34.2584 34.305  34.3414 34.3717
 34.3907 34.4087 34.4666 34.5011 34.5347 34.5606 34.5766 34.5928 34.6137
 34.6359 34.6675 34.6982 34.7177 34.7358 34.7589 34.7844 34.8031 34.8339
 34.915
40.8219 42.8884 42.9732 43.124  43.1542 43.2037 43.2448 43.2872 43.4725
 43.5064 43.5268 43.554  43.6013 43.6511 43.6868 43.7108 43.7259 43.7696
 43.7946 43.8316 43.8689 43.9256 43.9479 43.9629 43.9799 43.996  44.0715
 44.0967 44.1477 44.1635 44.1779 44.211  44.2264
51.9062 52.2473 52.351  52.5308 52.6186 52.6702 52.7808 52.8115 52.85
 52.8906 52.92   52.9579 53.0111 53.0426 53.0663 53.0938 53.1604 53.1949
 53.2329 53.2508 53.285  53.3077 53.3628 53.4192 53.4489 53.4698 53.5606
 53.6433
60.55   61.0917 61.2227 61.4221 61.4452 61.4856 61.5504 61.7297 61.8219
 61.8599 61.9256 62.0154 62.0606 62.0771 62.1431 62.2494 62.2963 62.3893
 62.43   62.4659 62.5374 62.6158 62.6489

