13.837  14.3026 14.3737 14.5612 14.6578 14.6863 14.7638 14.7858 14.8553
 14.8933 14.9439 14.9997 15.0238 15.0501 15.0699 15.1013 15.1481 15.1652
 15.1857 15.2054 15.2298 15.2657 15.286  15.3053 15.3177 15.3353 15.3512
 15.3713 15.3855 15.3977 15.4089 15.4267 15.4486 15.4657 15.4869 15.5051
 15.5194 15.5364 15.5587 15.5727 15.5959 15.611  15.6221 15.6414 15.6635
 15.692  15.7135 15.7272 15.7396 15.7542 15.7765 15.8029 15.8208 15.8833
 15.9082 15.93   15.9708 15.9894 16.0213 16.0461 16.0789 16.1964
23.61   23.9494 24.079  24.1388 24.4382 24.5534 24.6104 24.6455 24.7314
 24.7565 24.836  24.8501 24.8833 24.957  24.9802 25.0056 25.0499 25.0676
 25.1729 25.1868 25.2001 25.2355 25.261  25.2766 25.2902 25.3068 25.3197
 25.3325 25.3716 25.3883 25.4087 25.4467 25.4595 25.4707 25.5115 25.5334
 25.5454 25.5731 25.6123 25.6269 25.6617 25.6787 25.7605 25.7929 25.8113
 25.8318 25.8534 26.01
32.639  32.8613 33.0998 33.2937 33.3667 33.3935 33.4344 33.4803 33.7835
 33.8029 33.8614 33.9089 33.9896 34.0502 34.1252 34.1555 34.1702 34.1871
 34.2071 34.2345 34.2476 34.2736 34.2945 34.3195 34.3368 34.3576 34.3839
 34.3979 34.4112 34.4376 34.4523 34.4635 34.4945 34.5104 34.5216 34.5365
 34.5531 34.5654 34.5802 34.5918 34.6056 34.6187 34.635  34.6494 34.6628
 34.6828 34.7029 34.7202 34.7359 34.7465 34.758  34.7692 34.7821 34.7924
 34.8171 34.8314 34.8429 34.8551 34.8676 34.8816 34.8938 34.9149 34.9251
 34.935  34.9465 34.9562 34.9744 34.9916 35.0028 35.0151 35.0339 35.0457
 35.0671 35.0783 35.0988 35.1115 35.1359 35.1503 35.205  35.238  35.3364
 35.3479 39.9108
41.5573 42.7996 42.9977 43.071  43.1689 43.2755 43.2936 43.3347 43.3608
 43.4015 43.4189 43.4386 43.4596 43.4782 43.5038 43.5303 43.5547 43.5735
 43.5882 43.609  43.6255 43.643  43.6636 43.6821 43.7044 43.736  43.7478
 43.7656 43.7805 43.7908 43.8007 43.8172 43.8318 43.8496 43.8736 43.8858
 43.9011 43.9163 43.9308 43.9506 43.9638 43.98   43.9953 44.0082 44.03
 44.0422 44.0606 44.0728 44.0902 44.1025 44.1177 44.152  44.1639 44.1823
 44.1963 44.2101 44.2229 44.2351 44.247  44.2604 44.2772 44.3134 44.3415
 44.3533 44.3666 44.3796 44.3965 44.4057 44.4186 44.4416 44.4626 44.4792
 44.5002 44.5337
50.5229 51.6701 51.7568 51.8699 51.9941 52.0473 52.1669 52.2366 52.5169
 52.6599 52.6824 52.7071 52.7234 52.7528 52.8039 52.8258 52.8588 52.8796
 52.9042 52.9294 52.9613 52.9774 52.9959 53.0153 53.0383 53.0504 53.0656
 53.077  53.0973 53.1162 53.1286 53.1449 53.1573 53.1825 53.1949 53.2258
 53.2404 53.2552 53.2705 53.2814 53.3133 53.3263 53.339  53.3629 53.3738
 53.3867 53.4058 53.4291 53.447  53.4599 53.4878 53.5038 53.5279 53.544
 53.5602 53.5758 53.5845 53.6034 53.621  53.6343 53.6528 53.6873 53.7094
 53.7249 53.7444 53.7576 53.7797 53.8073 53.8565 53.885
60.7359 61.0389 61.0671 61.4393 61.5194 61.5605 61.6195 61.7069 61.7328
 61.7509 61.7966 61.8716 61.8935 61.9919 62.0242 62.0599 62.108  62.1339
 62.1488 62.1639 62.1781 62.1939 62.2175 62.2466 62.2641 62.3004 62.321
 62.3313 62.3424 62.3677 62.4113 62.4255 62.4527 62.4713 62.4959 62.5258
 62.5413 62.5553 62.5725 62.5913 62.6136 62.6424 62.6539 62.6694 62.6916
 62.7065 62.7276 62.7514 62.7835 62.8015 62.8338 62.8753 62.8994 62.9321
 63.1493 69.2175 69.4449 69.8751

