14.2113 14.6466 14.7884 14.8696 15.2687 15.3944 15.4805 15.5608 15.5968
 15.6661 15.6862 15.7075 15.7353 15.769  15.7912 15.8116 15.8331 15.8488
 15.8819 15.9133 15.9391 15.9687 15.9966 16.0264 16.0513 16.067  16.0813
 16.1025 16.1279 16.1463 16.1676 16.1996 16.2161 16.2467 16.2708 16.2931
 16.3112 16.3264 16.3581 16.3733 16.3987 16.4154 16.4344 16.4506 16.4641
 16.4782 16.4898 16.5017 16.5153 16.529  16.5494 16.5728 16.589  16.6024
 16.6153 16.6306 16.6483 16.6682 16.6794 16.6946 16.7085 16.7269 16.7461
 16.7608 16.7754 16.7889 16.8012 16.8153 16.8325 16.8533 16.8652 16.8771
 16.8889 16.9001 16.913  16.9273 16.9435 16.9558 16.9688 16.9864 17.0008
 17.0156 17.0309 17.0477 17.0619 17.0781 17.0946 17.1092 17.1251 17.1414
 17.1604 17.1729 17.1865 17.203  17.2188 17.2346 17.2517 17.2767 17.2936
 17.3136 17.331  17.3499 17.3683 17.3837 17.3977 17.4163 17.4309 17.4502
 17.4671 17.4829 17.5031 17.5174 17.5439 17.5664 17.586  17.6091 17.6265
 17.6428 17.6569 17.6767 17.6904 17.7161 17.7387 17.7618 17.802  17.8212
 17.8449 17.8658 17.8863 17.9106 17.9421 17.983  18.0278 18.0522 18.0771
 18.1099 18.1356 18.2138 18.2589 18.5128
24.6908 25.0585 25.1605 25.2109 25.3554 25.4902 25.6232 25.7053 25.7378
 25.7595 25.7864 25.8012 25.8255 25.8409 25.8898 25.9117 25.9517 25.9787
 25.9972 26.0202 26.0387 26.0613 26.0959 26.1165 26.1452 26.1628 26.1769
 26.2043 26.221  26.2353 26.2501 26.2636 26.2788 26.2929 26.3141 26.3342
 26.35   26.3665 26.3905 26.4024 26.4157 26.4452 26.4635 26.4845 26.504
 26.5201 26.5351 26.548  26.5606 26.5817 26.5977 26.6127 26.6277 26.6438
 26.66   26.6733 26.684  26.702  26.7146 26.7277 26.742  26.7533 26.769
 26.7951 26.8112 26.8275 26.8416 26.8657 26.8784 26.8905 26.9048 26.9193
 26.93   26.9431 26.9554 26.9688 26.9837 26.9955 27.0118 27.0243 27.0374
 27.0494 27.0634 27.0794 27.0923 27.1094 27.1235 27.141  27.1594 27.1706
 27.1849 27.1984 27.2095 27.2241 27.2365 27.2483 27.2614 27.2754 27.2904
 27.3049 27.3222 27.335  27.3457 27.3574 27.3714 27.3872 27.3989 27.4133
 27.4259 27.4374 27.4539 27.4673 27.4874 27.5059 27.5225 27.5391 27.554
 27.5734 27.5908 27.6074 27.6249 27.6455 27.6665 27.6787 27.6973 27.7164
 27.7348 27.7513 27.7724 27.7971 27.8123 27.8406 27.8595 27.8896 27.9059
 27.9341 27.9604 27.9832 28.0061 28.0468 28.0744 28.1078 28.1376 28.1575
 28.2112 28.2455 28.2721 28.3076 28.3367 28.4183 28.4624 28.4933 28.5523
 28.5936
35.3966 35.4732 35.6283 35.7386 35.7698 35.8097 35.8359 35.8626 35.8908
 35.9178 35.9366 35.9529 35.9674 35.9869 36.0117 36.0278 36.0502 36.0696
 36.0884 36.1037 36.1195 36.1469 36.1596 36.1835 36.1996 36.2163 36.236
 36.2587 36.2785 36.2927 36.3065 36.3188 36.3399 36.3559 36.3813 36.3959
 36.4106 36.4244 36.4483 36.4627 36.4812 36.4955 36.5172 36.5368 36.5638
 36.578  36.5892 36.6011 36.6157 36.6286 36.6414 36.6518 36.6638 36.6757
 36.6885 36.7018 36.7171 36.7335 36.7505 36.7625 36.7734 36.7884 36.8039
 36.8171 36.8286 36.8449 36.8597 36.8742 36.8904 36.9088 36.9247 36.945
 36.9617 36.9744 36.9879 37.0026 37.0166 37.0304 37.0446 37.0587 37.0723
 37.0837 37.097  37.1068 37.1163 37.1272 37.1405 37.1534 37.1675 37.1829
 37.2034 37.2199 37.2357 37.2476 37.2628 37.278  37.2922 37.3094 37.3224
 37.3355 37.3517 37.3686 37.3825 37.3974 37.4106 37.4353 37.4516 37.4695
 37.4845 37.5016 37.5247 37.5433 37.5586 37.58   37.5998 37.6191 37.6369
 37.6493 37.6667 37.6803 37.7007 37.7286 37.7484 37.7631 37.7775 37.7927
 37.8159 37.836  37.8948 37.9136 37.9435 38.0237 38.0451 38.0657 38.0954
 38.1836 38.3713 38.5243
42.1635 43.7551 43.9347 44.7418 44.9204 44.9473 44.9918 45.0307 45.0615
 45.0798 45.1178 45.1383 45.1653 45.1877 45.2117 45.2399 45.283  45.3216
 45.3376 45.3503 45.3638 45.3767 45.3946 45.4082 45.4289 45.4476 45.4653
 45.4809 45.4942 45.5118 45.5269 45.5452 45.5605 45.5771 45.5884 45.6052
 45.6201 45.6358 45.6476 45.6607 45.6801 45.6946 45.7074 45.7224 45.7334
 45.7466 45.7573 45.7705 45.7878 45.7991 45.8102 45.8251 45.8382 45.8533
 45.8665 45.8788 45.8918 45.904  45.9155 45.9294 45.9418 45.9552 45.9668
 45.9776 45.9887 45.9993 46.0112 46.0227 46.0339 46.0433 46.0554 46.0695
 46.0851 46.0977 46.1089 46.1226 46.1341 46.1476 46.1589 46.1735 46.186
 46.197  46.2151 46.2246 46.2376 46.249  46.2612 46.274  46.2852 46.2972
 46.3135 46.3272 46.3374 46.3494 46.363  46.3735 46.3856 46.3976 46.4124
 46.4265 46.4379 46.4483 46.4602 46.4707 46.4861 46.4962 46.5094 46.5215
 46.5325 46.5452 46.5564 46.5701 46.5833 46.5973 46.6105 46.6228 46.6365
 46.6562 46.6711 46.6876 46.7016 46.7168 46.7349 46.7545 46.7686 46.7868
 46.801  46.8117 46.8292 46.8439 46.8562 46.8696 46.8845 46.9025 46.9162
 46.9339 46.9515 46.9703 46.9852 46.9982 47.0243 47.0511 47.079  47.096
 47.113  47.1386 47.1674 47.1896 47.2114 47.2536 47.2819 47.3048 47.3408
 47.3626 47.3825 47.4032 47.4335 47.4579 47.5448 47.7054 47.8517
52.6087 53.5935 53.7716 53.9173 54.1457 54.1791 54.2238 54.2496 54.3063
 54.3829 54.4287 54.5082 54.5289 54.5517 54.5766 54.5952 54.6379 54.6619
 54.676  54.6951 54.7211 54.7499 54.7635 54.7813 54.8017 54.8156 54.8364
 54.8587 54.8765 54.8927 54.9141 54.9274 54.9476 54.9661 54.9854 54.9979
 55.0159 55.0321 55.0498 55.061  55.0739 55.0964 55.1111 55.1239 55.1396
 55.1535 55.164  55.1789 55.1915 55.2065 55.2197 55.232  55.2463 55.2581
 55.2721 55.2883 55.3033 55.3193 55.3333 55.3453 55.3624 55.3761 55.3904
 55.406  55.4221 55.4389 55.4523 55.4695 55.4849 55.5036 55.5276 55.546
 55.5626 55.575  55.5895 55.6017 55.6142 55.6305 55.6427 55.6547 55.668
 55.6859 55.6978 55.712  55.7245 55.7446 55.7589 55.7746 55.7859 55.8002
 55.8162 55.8367 55.8524 55.8644 55.8791 55.8932 55.9106 55.9292 55.9471
 55.9639 55.9781 55.9951 56.008  56.0221 56.041  56.0588 56.0724 56.0878
 56.1077 56.126  56.143  56.1644 56.1882 56.203  56.2192 56.2373 56.2528
 56.2686 56.2867 56.3059 56.3329 56.3472 56.3727 56.3918 56.4203 56.4385
 56.4592 56.4725 56.5004 56.5237 56.5431 56.5746 56.6069 56.6318 56.6523
 56.6773 56.6967 56.716  56.7862 56.8039 56.8306 56.8754 56.9424
63.1995 63.2708 63.3298 63.3542 63.4372 63.4801 63.5422 63.5613 63.6132
 63.6394 63.6629 63.7054 63.7233 63.7666 63.7902 63.8187 63.8641 63.8968
 63.9138 63.9327 63.9553 63.9725 63.9933 64.0117 64.0253 64.0469 64.0592
 64.0833 64.0984 64.113  64.128  64.1539 64.186  64.2091 64.2275 64.2466
 64.2738 64.2886 64.3141 64.3296 64.3449 64.3588 64.3721 64.3861 64.3991
 64.4132 64.4292 64.4438 64.4582 64.4718 64.4851 64.5038 64.5203 64.5336
 64.5471 64.5613 64.5759 64.5989 64.6144 64.6345 64.6489 64.6653 64.6769
 64.695  64.7064 64.7173 64.7303 64.7425 64.768  64.7891 64.8083 64.8202
 64.8358 64.8516 64.8656 64.8785 64.8925 64.9065 64.9182 64.9345 64.9492
 64.9645 64.9765 64.995  65.0155 65.0324 65.0479 65.0612 65.0759 65.0905
 65.1042 65.1191 65.1339 65.1503 65.1691 65.1843 65.1959 65.2117 65.2282
 65.242  65.2564 65.2755 65.2925 65.3065 65.3195 65.3382 65.3544 65.3706
 65.3886 65.4148 65.4426 65.4569 65.4706 65.4851 65.4996 65.5151 65.5312
 65.5504 65.573  65.5876 65.6043 65.6262 65.6499 65.6622 65.6806 65.7079
 65.7286 65.7502 65.7738 65.8009 65.8238 65.8405 65.8809 65.9093 65.9279
 65.9517 66.0109 66.0409 66.0806 66.1481 66.2392 66.3468 66.4333 66.4979
 66.6208

