14.9158 15.2077 15.2594 15.2967 15.38   15.46   15.672  15.6932 15.7998
 15.8439 15.8904 15.9586 16.0017 16.029  16.1963 16.2489
24.0583 24.4584 24.6418 25.3818 25.4453 25.5203 25.6054 25.7295 25.8454
 25.9062 25.9769 26.0365 26.084  26.1012 26.1401 26.1562 26.188  26.2413
 26.2802 26.2973 26.3115 26.3494 26.3698 26.4052 26.4636
31.5678 32.8747 34.8014 35.1133 35.2819 35.4517 35.4997 35.6227 35.7093
 35.7959 35.8863 35.9336 35.9916 36.0067 36.0407 36.0683 36.0962 36.1737
 36.2572 36.2948 36.435
43.7286 44.255  44.3069 44.463  44.507  44.5399 44.5687 44.627  44.7138
 44.7383 44.8721 44.9047 44.9758 44.9945 45.0208 45.0485 45.0729 45.0975
 45.1204 45.1593 45.1756 45.1945 45.2227 45.2531 45.2722 45.2974 45.3243
 45.3998 45.4161 45.4306 45.4511 45.4805 45.5098 45.6469
53.2235 53.4805 53.615  53.7381 54.167  54.2756 54.4065 54.4928 54.5225
 54.5488 54.5801 54.6239 54.6609 54.6888 54.7693 54.8029 54.8508 54.985
 55.0061 55.1168 55.1344
62.3148 62.3769 63.1007 63.4935 63.5281 63.6206 63.6714 63.7184 63.783
 63.8621 63.8986 63.9237 64.1753

