14.1055 14.2336 14.5095 14.6445 14.694  14.7788 14.9399 15.1884 15.2767
 15.3336 15.4374 15.4651 15.4906 15.5277 15.5443 15.6438 15.6695 15.691
 15.7161 15.7966 15.8517 15.9009 15.9303 15.969  15.9904 16.0174 16.0321
 16.1788
20.6206 24.4789 25.1917 25.2835 25.4517 25.4741 25.5087 25.5726 25.6
 25.6965 25.7215 25.7592 25.7869 25.8162 25.8327 25.8485 25.89   25.9069
 25.9216 25.9486 25.9712 25.9883 26.0893 26.1976 26.2827
34.4015 35.0616 35.3829 35.4649 35.5114 35.5563 35.6556 35.7359 35.7491
 35.7705 35.7979 35.8596 35.893  35.9178 35.9757 36.0375 36.1307 36.1584
 36.1954
43.5308 43.8771 43.9411 44.0158 44.1448 44.3774 44.4709 44.5166 44.6149
 44.6718 44.7044 44.7254 44.7446 44.7635 44.7871 44.8238 44.8378 44.898
 44.9391 44.9587 44.9798 45.0097 45.2042 45.2339 45.2902 45.3329 45.3487
 45.3797 45.4169 45.4549 45.4816
50.4147 51.2529 53.2409 53.3082 53.3588 53.5369 53.7994 53.9249 53.9558
 54.1584 54.2288 54.2626 54.3648 54.3839 54.4299 54.5464 54.571  54.6286
 54.7512 54.8204
60.7697 62.2687 62.4587 62.5077 62.6207 62.8616 63.1642 63.1858 63.2314
 63.501  63.5626 63.6112 63.6344 63.6544 63.7147 63.7696 63.8238 63.8511
 63.9457 63.9735 64.3027

