12.9675 14.4046 15.2836 15.4736 15.5323 15.6269 15.6684 15.6889 15.7354
 15.7536 15.7968 15.8225 15.8405 15.8618 15.89   15.9083 15.929  15.9498
 15.9629 15.9874 16.0176 16.0397 16.0597 16.0746 16.0864 16.1028 16.1184
 16.1362 16.1493 16.1712 16.183  16.1945 16.2069 16.2197 16.2487 16.2738
 16.2974 16.3123 16.3248 16.3359 16.3472 16.3643 16.3798 16.393  16.4025
 16.4129 16.4244 16.4399 16.4489 16.4596 16.4718 16.4828 16.497  16.5069
 16.5172 16.5268 16.5366 16.5471 16.557  16.5667 16.5798 16.5899 16.614
 16.6255 16.6362 16.6465 16.6607 16.6694 16.6804 16.6914 16.7003 16.7109
 16.7239 16.7357 16.7503 16.7609 16.7741 16.7881 16.7983 16.8092 16.8217
 16.832  16.8482 16.858  16.8677 16.8861 16.9053 16.9221 16.9346 16.9498
 16.9786 17.0091 17.0493 17.2115
23.7579 24.7368 25.1174 25.233  25.3944 25.4829 25.6111 25.6666 25.6921
 25.7156 25.7412 25.7614 25.7799 25.8191 25.8453 25.8589 25.8859 25.9043
 25.9452 25.978  25.9901 26.0074 26.0189 26.0361 26.0601 26.0742 26.0851
 26.0975 26.111  26.1252 26.1368 26.1496 26.1637 26.1756 26.189  26.1996
 26.2155 26.2275 26.2424 26.256  26.2715 26.2812 26.3015 26.3175 26.3324
 26.3461 26.3574 26.3666 26.3794 26.3941 26.4089 26.4202 26.4335 26.4479
 26.4606 26.4704 26.482  26.4944 26.5058 26.5165 26.5277 26.5374 26.5485
 26.5625 26.575  26.5831 26.5947 26.6049 26.6193 26.6322 26.6514 26.664
 26.6742 26.6878 26.7002 26.7165 26.7302 26.7391 26.7476 26.7602 26.7747
 26.7838 26.7953 26.8033 26.8157 26.8284 26.8421 26.852  26.8608 26.8823
 26.896  26.9054 26.9156 26.9284 26.9476 26.9633 26.9789 26.9926 27.0078
 27.0185 27.0316 27.0478 27.0611 27.088  27.1375 27.1594 27.1766 27.2708
33.9577 34.4769 34.8328 35.1039 35.2061 35.2268 35.3346 35.4178 35.527
 35.5714 35.5933 35.6911 35.7023 35.7238 35.7442 35.7642 35.7798 35.7927
 35.811  35.8248 35.8416 35.8591 35.8803 35.8932 35.9041 35.9182 35.9327
 35.9466 35.9595 35.9812 35.994  36.0075 36.0226 36.0356 36.0511 36.0674
 36.0785 36.0923 36.1091 36.1231 36.1361 36.1496 36.1588 36.1773 36.1919
 36.2027 36.2114 36.2237 36.2344 36.2445 36.259  36.2692 36.2796 36.2928
 36.3081 36.3202 36.3293 36.341  36.3499 36.36   36.3699 36.3782 36.3884
 36.4018 36.4106 36.4215 36.4305 36.4404 36.4515 36.4621 36.473  36.4815
 36.4897 36.5017 36.5127 36.5236 36.5348 36.5435 36.5535 36.5621 36.5703
 36.5783 36.5863 36.5948 36.6054 36.613  36.6216 36.6297 36.6389 36.6479
 36.6564 36.6643 36.6754 36.6834 36.6914 36.7006 36.7089 36.719  36.7287
 36.7386 36.7488 36.7571 36.7654 36.7735 36.7832 36.7925 36.801  36.8098
 36.8181 36.8275 36.8356 36.8464 36.854  36.8615 36.8695 36.8797 36.8899
 36.8997 36.9082 36.9172 36.9275 36.9361 36.9455 36.9548 36.9629 36.9719
 36.9795 36.9891 36.9996 37.0101 37.0234 37.0338 37.0449 37.0559 37.066
 37.0756 37.0876 37.1032 37.1138 37.1248 37.1368 37.1467 37.1575 37.1696
 37.1783 37.1904 37.2031 37.2143 37.2266 37.2425 37.2575 37.2748 37.2943
 37.3136 37.3413
43.5055 45.9102 45.9639 45.9922 46.4594 46.483  46.5021 46.5417 46.5935
 46.6448 46.6998 46.7257 46.743  46.7624 46.8026 46.8222 46.8471 46.8627
 46.8789 46.8975 46.916  46.9498 46.9729 46.9929 47.0133 47.0573 47.088
 47.1326 47.1467 47.1683 47.1855 47.2079 47.2193 47.2352 47.2461 47.2573
 47.268  47.284  47.3176 47.3299 47.3408 47.3524 47.3631 47.3767 47.3875
 47.3984 47.4121 47.4242 47.4391 47.4498 47.4692 47.48   47.4931 47.507
 47.5167 47.5262 47.5417 47.5552 47.5773 47.5881 47.6009 47.6124 47.6239
 47.6344 47.6445 47.6537 47.6649 47.6748 47.6836 47.6938 47.7081 47.7186
 47.7301 47.7402 47.7516 47.7608 47.7702 47.7787 47.7937 47.81   47.8219
 47.8374 47.8502 47.8645 47.8764 47.8922 47.9021 47.9116 47.9223 47.9356
 47.9473 47.9586 47.9693 47.9816 47.9923 48.0056 48.0166 48.0305 48.0482
 48.0616 48.1242 48.1458 48.1908 48.2616
53.1477 56.12   56.168  56.2225 56.2637 56.3473 56.4056 56.4685 56.499
 56.5909 56.6222 56.6427 56.6676 56.6851 56.7016 56.7368 56.7705 56.7954
 56.8446 56.8749 56.8876 56.9088 56.9222 56.9427 56.9619 56.9861 57.0003
 57.0125 57.0251 57.0398 57.0594 57.0745 57.09   57.1015 57.1145 57.1296
 57.1417 57.1534 57.1632 57.1733 57.184  57.196  57.2094 57.2192 57.233
 57.2466 57.2592 57.2699 57.2822 57.2959 57.3049 57.3145 57.3238 57.3329
 57.3437 57.3566 57.3657 57.3742 57.3833 57.3938 57.4035 57.4134 57.4216
 57.4298 57.4404 57.4492 57.4612 57.4707 57.483  57.4919 57.5    57.5093
 57.5174 57.5269 57.5389 57.5484 57.5596 57.5686 57.5772 57.5852 57.5953
 57.6029 57.613  57.6232 57.6324 57.6428 57.6546 57.6645 57.6753 57.6858
 57.6946 57.7039 57.7118 57.7199 57.7284 57.7361 57.7442 57.7524 57.7618
 57.7705 57.7795 57.7885 57.7979 57.8067 57.8159 57.8253 57.8354 57.8437
 57.8524 57.8631 57.8724 57.8807 57.8889 57.8978 57.9082 57.9196 57.9292
 57.9372 57.946  57.9555 57.9643 57.9719 57.9797 57.9884 57.9973 58.0111
 58.0219 58.0317 58.0424 58.0514 58.0598 58.0692 58.0801 58.0918 58.1023
 58.1126 58.1211 58.13   58.1428 58.1557 58.1683 58.1828 58.1974 58.2108
 58.219  58.2309 58.239  58.2492 58.2598 58.2697 58.2828 58.2976 58.3119
 58.3239 58.3425 58.3595 58.3813 58.4018 58.4602
66.242  66.7647 66.8478 66.9341 66.9943 67.0269 67.1028 67.1551 67.1788
 67.2082 67.223  67.2623 67.2984 67.3115 67.3234 67.3416 67.3563 67.3715
 67.3925 67.4106 67.4328 67.4455 67.4756 67.4886 67.5022 67.5208 67.5329
 67.5439 67.5551 67.5879 67.6035 67.6145 67.626  67.6417 67.6581 67.6713
 67.6858 67.7008 67.7134 67.7261 67.7368 67.7489 67.7591 67.7697 67.7821
 67.7933 67.8045 67.8188 67.834  67.8442 67.8581 67.8676 67.8806 67.8959
 67.9051 67.9185 67.9295 67.9401 67.9571 67.969  67.983  67.9951 68.0037
 68.0168 68.0267 68.0357 68.0473 68.0568 68.0689 68.0801 68.0915 68.1104
 68.1209 68.132  68.1424 68.1527 68.1677 68.1784 68.1896 68.2006 68.2143
 68.2231 68.2356 68.2468 68.2567 68.2696 68.2798 68.2919 68.304  68.3135
 68.3227 68.3321 68.3424 68.3535 68.3649 68.3767 68.3865 68.4038 68.4142
 68.4279 68.4388 68.4523 68.4675 68.49   68.5075 68.5327 68.5479 68.5584
 68.5725 68.6034 68.6308 68.6532 68.6777

