14.8053 14.9875 15.2617 15.341  15.4228 15.4479 15.5569 15.5977 15.6976
 15.9307 16.0141 16.034  16.1164 16.1362 16.1631 16.1971 16.2293 16.2865
 16.3129 16.3496 16.367  16.3859 16.4085 16.4261 16.4418 16.462  16.4755
 16.516  16.5327 16.5545 16.5904 16.6129 16.6293 16.6562 16.7052 16.7298
 16.7434 16.7884 16.8093 16.826  16.8372 16.8683 16.9253 17.0538 17.0833
 17.1339
24.6759 25.3188 25.4763 25.5327 25.5643 25.7188 25.7424 25.7785 25.8435
 25.8614 25.9462 25.9721 26.0415 26.0644 26.094  26.1389 26.1579 26.1791
 26.2002 26.2707 26.3302 26.3692 26.3993 26.4744 26.4874 26.5542 26.6052
 26.6499 26.6677 26.7029 26.7317 26.746  26.7727 26.7965 26.8263 26.8456
 26.8638 26.8772 26.8994 26.9466 26.9632 26.9781 26.9915 27.0096 27.0244
 27.0779 27.1846
32.7557 34.2595 34.2921 34.621  34.8125 35.1517 35.2002 35.3403 35.6194
 35.6903 35.721  35.7388 35.7657 35.8229 35.8511 35.8901 35.9528 35.9898
 36.0354 36.0589 36.0843 36.1025 36.1396 36.1519 36.1717 36.2018 36.2422
 36.2574 36.2789 36.3187 36.3525 36.3856 36.4327 36.4598 36.472  36.489
 36.5346 36.5504 36.5729 36.5944 36.6147 36.6288 36.644  36.6639 36.6771
 36.6894 36.7048 36.7204 36.7384 36.7513 36.7632 36.7761 36.7913 36.805
 36.8155 36.8318 36.851  36.8652 36.8825 36.8945 36.9058 36.9426 36.9624
 36.9801 36.9953 37.0106 37.0249 37.0432 37.0628 37.0818 37.1006 37.1198
 37.1356 37.1453 37.1567 37.1738 37.202
45.6629 46.1041 46.2079 46.2404 46.4464 46.4804 46.6017 46.6273 46.7024
 46.7306 46.7957 46.9547 47.0549 47.1381 47.2394 47.2956 47.3625 47.3926
 47.4128 47.4756 47.5081 47.5488 47.6017 47.6806 47.7829 47.8006 47.8374
 47.8639 47.9166 47.9469 47.9921 48.0124 48.0708 48.1032 48.1441
56.0897 56.2294 56.7207 56.8268 56.9136 56.9761 57.0368 57.065  57.0943
 57.1103 57.1585 57.1845 57.2431 57.2579 57.279  57.2995 57.3172 57.3466
 57.3614 57.4212 57.441  57.4528 57.4789 57.5015 57.5159 57.5365 57.5688
 57.5828 57.6057 57.6356 57.6709 57.6924 57.7197 57.7369 57.7558 57.7738
 57.7902 57.8047 57.8283 57.8432 57.8661 57.8829 57.8922 57.9033 57.9184
 57.9345 57.9552 57.9728 58.0211 58.0406 58.0554 58.0719 58.1023 58.1265
 58.1706 58.1884 58.2055 58.2364 58.2895 58.336
66.5986 66.695  67.2284 67.3393 67.3667 67.4052 67.4488 67.48   67.4994
 67.5386 67.5716 67.6574 67.6743 67.7006 67.7234 67.7469 67.7698 67.7989
 67.8148 67.8301 67.854  67.8819 67.8965 67.9251 67.9481 67.9662 67.9895
 68.0118 68.0329 68.0521 68.065  68.0792 68.0947 68.1076 68.1248 68.1453
 68.1615 68.1751 68.1984 68.2157 68.234  68.2648 68.2906 68.3213 68.3496
 68.3844 68.4189 68.4534 68.4798 68.5083 68.5526

