10.1749 12.4229 12.5886 12.6169 12.7177 12.7568 12.8026 12.8958 12.918
 12.9318 12.9503 13.013  13.0419 13.1118 13.1254 13.2248 13.3352 13.3795
 13.3943 13.4084 13.4426 13.458  13.4707 13.5192 13.532  13.5698 13.6139
 13.6512 13.755  13.7846 13.8515 13.9691 19.1935
20.1559 21.5505 21.7342 21.7872 22.0748 22.1425 22.2962 22.3394 22.3665
 22.3925 22.4266 22.4617 22.4856 22.5701 22.601  22.6174 22.638  22.6491
 22.6651 22.6836 22.7034 22.7373 22.9845 28.8828
30.3987 30.5656 30.9273 30.9929 31.0317 31.051  31.0988 31.1233 31.207
 31.2299 31.2716 31.3105 31.3306 31.3796 31.4784 31.5087 31.5278 31.5465
 31.5669 31.5844 31.6051 31.6887 31.7401 31.7589 31.7715 31.7831 31.7939
 31.8124 31.8708 31.8875 31.9057 31.9407 31.9728 31.9921 32.0058 32.0433
 32.1575 39.2309 39.3375 39.3971 39.9669
40.0669 40.1133 40.1429 40.1623 40.2302 40.3736 40.3973 40.4635 40.5592
 40.5915 40.6067 40.6853 40.7319 40.7675 40.7824 40.796  40.8087 40.8256
 40.8433 40.8767 40.9001 40.9194 40.9354 40.9829 41.0259 41.0602 41.0849
 41.1061 41.1318 41.1468 41.1737 41.2003 41.237  41.279  41.3074 48.6455
 48.8734 49.1346 49.3608 49.4058 49.4355 49.4686 49.4933 49.5163 49.5372
 49.6151 49.6564 49.6965 49.7384 49.7641 49.7925 49.8788 49.9079 49.9978
50.1035 56.8186 57.1867 57.8056 58.5321 59.0241 59.0858 59.1377 59.2735
 59.2994 59.3547 59.4403 59.4929 59.5157 59.5326 59.5694 59.6297 59.652
 59.6761 59.7175 59.8191 59.8504 59.8649 59.9002
60.0038 60.0786 60.161  66.0474 67.1294 67.7704 67.814  67.8785 68.0026
 68.1731 68.259  68.3031 68.3403 68.3744 68.3914 68.4521 68.4868 68.5395
 68.566  68.5876 68.6788 68.7078 68.7388 68.7882 68.8145 68.8264 68.8789
 68.9151 68.9455 68.9897 69.0198 69.0511 69.0728 69.1008 69.1285 69.1622
 69.1845 69.2027 69.2646

