12.6345 12.6939 13.1214 13.1568 13.2954 13.4799 13.4981 13.5537 13.6114
 13.626  13.645  13.6601 13.6937 13.7889 13.8286 13.866  13.8964 13.9629
21.5215 21.9323 21.9868 22.0702 22.2749 22.3215 22.3471 22.3961 22.4286
 22.4506 22.5574 22.6183 22.6736 22.7007 22.7945 22.8158 22.836  22.9439
 22.9908 23.025
30.3947 30.7549 30.9646 30.9916 31.3364 31.3965 31.4405 31.4766 31.5056
 31.5649 31.5847 31.6247 31.6489 31.6891 31.7525 31.8069 31.866  31.8957
 31.9193 31.9574 31.9933 32.0171 32.0407 32.063  32.0916 32.1206 32.1644
 32.2158 32.24   32.3154 39.7164 39.8366 39.9858
40.4483 40.5264 40.5515 40.7721 40.8075 40.8582 40.8738 40.8924 40.9122
 40.9449 40.98   41.0006 41.017  41.0441 41.074  41.1094 41.1265 41.1489
 41.1957 41.2129 41.2346 41.2496 41.2641 41.2808 41.3034 41.3447 41.3591
 41.3723 41.3862 41.4127 41.4648 49.0843 49.4459 49.6428 49.6668 49.7497
 49.7634 49.7769 49.7948 49.8278 49.8765 49.8904 49.9168 49.9634
50.0384 50.0766 50.1299 50.1485 50.1748 50.1927 50.2667 50.2855 58.6628
 58.7746 59.3605 59.3787 59.5226 59.5649 59.5883 59.6065 59.895  59.9302
 59.9443 59.9749
60.042  60.0624 60.0818 60.1395 60.1639 60.2047 60.2899 67.6637 68.0949
 68.3155 68.4099 68.5193 68.5441 68.5726 68.5994 68.669  68.7067 68.7593
 68.7799 68.8208 68.8654 68.9045 68.9294 68.9479 68.9969 69.0409 69.0704
 69.1039 69.1475 69.2053 69.2244 69.2421 69.2546 69.2745 69.3839 69.4299
 69.4517

