13.3108 13.5488 13.6441 14.1323 14.1667 14.2031 14.4361 14.5873 14.8674
20.2554 21.3723 22.4171 22.5444 22.7164 22.7406 22.7733 22.7976 22.8219
 22.9097 22.9373 23.0235 23.0813 23.0986 23.1953 23.2125 23.2366 23.2549
 23.2876 23.3269 23.4609 23.5053 23.5673 23.6389 28.2476
32.1723 32.3016 32.3518 32.4029 32.4688 32.5002
40.4263 40.8571 40.9247 40.9567 40.9851 41.0264 41.1616 41.1969 41.2193
 41.2407 41.2707 41.3176 41.4337 41.4859 41.5129 41.6175 41.8978 49.9405
50.2131 50.2774 50.365  50.3769 50.4228 50.4405 50.4577 50.7498 50.8602
 50.8818 50.9637 50.9895 57.7065 58.9069 58.9727 59.1058 59.1559 59.2039
 59.2512 59.2751 59.2937 59.3273 59.3883 59.4082 59.4381 59.4847 59.53
 59.5737 59.6248 59.6633 59.685  59.7301 59.7579 59.7767 59.8273 59.9143
 59.9504 59.9692
60.0668 60.1152 60.1736 60.2013 60.2397 68.4485 68.7483 68.9373 68.9854
 69.0043 69.1517 69.1691 69.2261 69.2545 69.2755 69.2971 69.3487 69.3827
 69.4097 69.4429 69.4816 69.5111 69.5835 69.6437 69.8315

