12.0807 12.7602 13.1977 13.2501 13.2769 13.7459 14.1305 14.1509 14.2425
21.886  22.0539 22.2196 22.3359 22.5323 22.6108 22.7332 22.7515 22.8142
 22.8615 22.923  22.9416 22.976  23.0152 23.086  29.2077
31.2722 31.3736 31.7424 31.9472 31.9734 32.0039 32.0392 32.2299 32.3747
 39.6558
40.0248 40.1055 40.4619 40.6098 40.8815 40.9113 40.9568 41.0957 41.2809
 41.4092 41.5311 48.7845 49.7529 49.8584
50.0846 50.1483 50.2047 50.3038 50.4792 57.1414 58.1237 58.4777 58.5498
 58.8745 58.9126 58.9967 59.0469 59.2294 59.5258 59.6078 59.6652 59.7464
 59.7984
65.9547 68.3475 68.3993 68.4691 68.5045 68.5959 68.6576 68.7316 68.8007
 68.9655 69.1132 69.3917 69.4915

