13.4292 13.6665 13.7422 13.8828 13.9264 14.0377 14.0564 14.1739 14.2007
 14.2768 14.5329 14.5895
21.8257 22.0589 22.5475 22.6341 22.8772
31.3639 31.4482 31.5323 32.0129 32.1228 32.1952 32.2803 32.3241 32.5482
 38.6121 39.1132 39.742  39.9698
40.231  40.5099 40.5745 40.8749 40.9077 40.9429 41.0384 41.1794 41.386
 48.2524 49.6218 49.8797
50.118  50.1898 50.241  50.2702 50.3004 50.3546 50.3925 50.5314 50.561
 57.6946 58.6989 59.4728 59.666  59.7039 59.7687 59.9651
60.0125 60.1667 60.2666 60.3197 67.622  68.1659 68.208  68.2584 68.3704
 68.4837 68.5266 68.5915 68.6412 68.6664 68.9998 69.1061 69.3119 69.4198

