11.6883 12.0109 12.8318 13.1177 13.1736 13.4452 13.649  13.7658 13.7915
 13.9739 14.0731 14.1007 14.1281 14.1569 14.1764 14.1997 14.2238 14.2766
 14.3108 14.3399 14.3776 14.4039 14.4229 14.4557 14.4807 14.5155 14.5408
 14.5824 14.6111 14.6358 14.6573 14.6789 14.7616 14.8046 14.8272 14.8526
 14.8827 14.9138 14.9354 14.9744 14.9888 15.0211 15.0509 15.0723 15.1089
 15.1533 15.2033 15.2259 15.2637 15.3143 15.3591 15.3809 15.4116 15.4306
 15.4949 15.5318 15.5605 15.5859 15.6292 15.7203 15.7697 16.028  16.3869
21.7158 21.8876 22.0976 22.1757 22.3629 22.4364 22.4517 22.4965 22.5448
 22.5658 22.6097 22.6366 22.6618 22.6896 22.7152 22.736  22.7552 22.7804
 22.8199 22.8468 22.8659 22.9148 22.9473 22.9677 22.9793 22.9967 23.0121
 23.0392 23.0581 23.0735 23.0878 23.1158 23.1298 23.1471 23.1601 23.1755
 23.1943 23.2107 23.2271 23.2413 23.2545 23.2686 23.2874 23.3001 23.3114
 23.3218 23.3353 23.3487 23.3644 23.3814 23.3953 23.4074 23.42   23.4329
 23.4545 23.4698 23.4956 23.5089 23.5232 23.5358 23.5474 23.5595 23.571
 23.583  23.5944 23.6089 23.621  23.633  23.6486 23.6634 23.6822 23.693
 23.7062 23.72   23.7326 23.7505 23.7644 23.777  23.7908 23.8017 23.8141
 23.8268 23.8386 23.8502 23.8626 23.8743 23.8868 23.8976 23.9087 23.9253
 23.9372 23.9504 23.9645 23.978  23.993  24.0046 24.0157 24.0278 24.0419
 24.0546 24.0682 24.0802 24.0921 24.1061 24.1178 24.1299 24.1433 24.1594
 24.1696 24.1822 24.1947 24.2069 24.2197 24.2305 24.2423 24.2539 24.2689
 24.2798 24.2921 24.3017 24.3131 24.3246 24.3349 24.3458 24.3569 24.3691
 24.3839 24.3943 24.408  24.4224 24.434  24.447  24.4581 24.4709 24.4836
 24.4961 24.5087 24.5215 24.5337 24.5498 24.5631 24.5754 24.5912 24.6064
 24.6258 24.6465 24.6636 24.6805 24.7004 24.7164 24.7309 24.7488 24.7676
 24.7854 24.7984 24.8116 24.8238 24.8408 24.8616 24.8837 24.9059 24.9265
 24.962  24.9941 25.0467 25.0723 25.0992 25.121  25.1569 25.2896 25.3226
 25.3738
30.1745 31.0085 31.047  31.2746 31.3899 31.7128 31.7595 31.8228 31.8718
 31.9197 31.9743 32.0046 32.0707 32.1015 32.145  32.1728 32.1969 32.2354
 32.2552 32.2746 32.2941 32.3143 32.3534 32.3673 32.3835 32.4069 32.4427
 32.4591 32.4938 32.5199 32.5408 32.5689 32.5907 32.6168 32.6322 32.6489
 32.6724 32.6909 32.7108 32.7347 32.7534 32.7683 32.7858 32.8077 32.821
 32.8356 32.8531 32.8674 32.8794 32.8956 32.9235 32.9437 32.9611 32.9775
 32.9894 33.0008 33.0118 33.0277 33.0406 33.0637 33.1036 33.1242 33.1426
 33.1807 33.2329 33.2482 33.2642 33.2833 33.3047 33.3238 33.3409 33.3606
 33.3795 33.4201 33.4604 33.4836 33.504  33.5335 33.5577 33.5766 33.5956
 33.6192 33.6354 33.6519 33.6695 33.6938 33.7207 33.7565 33.7906 33.8248
 33.85   33.8695 33.9038 33.9239 33.9759 34.0184 34.0546 34.0996 34.2141
 34.4357 34.5244 38.9999
40.2005 40.5419 40.7689 40.8027 41.0514 41.0884 41.1227 41.1489 41.2321
 41.3079 41.3545 41.37   41.4131 41.4505 41.47   41.5036 41.5317 41.5676
 41.5887 41.6239 41.6495 41.6697 41.6868 41.7074 41.7316 41.7589 41.7935
 41.8644 41.8861 41.8998 41.9244 41.9538 42.0036 42.035  42.0698 42.0836
 42.1106 42.1378 42.1857 42.2039 42.2354 42.2519 42.2972 42.3278 42.3649
 42.4022 42.4368 42.4597 42.5277 42.7317 42.8226 42.8572 42.9067 43.2139
 48.2599 49.5625 49.5863 49.7809 49.8184 49.8545 49.9122 49.9349 49.9998
50.0249 50.0633 50.0918 50.113  50.143  50.1714 50.1992 50.2195 50.2417
 50.2594 50.289  50.3003 50.3178 50.3412 50.3611 50.3746 50.4042 50.4188
 50.4398 50.4512 50.4685 50.4803 50.4925 50.5046 50.5205 50.5366 50.553
 50.5705 50.5851 50.5993 50.6115 50.6222 50.6339 50.6483 50.6619 50.6776
 50.6954 50.7115 50.7223 50.7378 50.7514 50.7668 50.7826 50.7987 50.8145
 50.8246 50.8367 50.8463 50.856  50.8677 50.8801 50.8898 50.9004 50.91
 50.9202 50.93   50.9409 50.9507 50.9607 50.9717 50.9832 50.9961 51.0096
 51.0224 51.0353 51.0481 51.0617 51.0731 51.0818 51.092  51.1026 51.116
 51.1273 51.1374 51.1513 51.1641 51.1739 51.1857 51.1975 51.2092 51.2238
 51.2355 51.2489 51.26   51.271  51.2831 51.293  51.3037 51.3139 51.3244
 51.3383 51.3503 51.362  51.3752 51.3868 51.3976 51.4101 51.4237 51.4359
 51.4468 51.4581 51.4679 51.4788 51.4886 51.4986 51.512  51.5232 51.535
 51.5457 51.5573 51.5691 51.5793 51.5908 51.6031 51.6131 51.623  51.6334
 51.644  51.6552 51.6675 51.6786 51.692  51.7028 51.7134 51.7237 51.7339
 51.745  51.7552 51.7649 51.7754 51.7848 51.7952 51.8049 51.8156 51.8269
 51.8373 51.8464 51.8571 51.8671 51.8793 51.8898 51.9006 51.9123 51.9257
 51.9359 51.9473 51.9588 51.9718 51.9844 51.9957 52.0072 52.0189 52.0307
 52.0428 52.0535 52.0654 52.0763 52.0895 52.1018 52.1144 52.1272 52.1402
 52.1554 52.169  52.1847 52.1991 52.212  52.2239 52.2445 52.2598 52.2709
 52.2841 52.2969 52.3086 52.3209 52.3359 52.3501 52.366  52.383  52.4018
 52.4158 52.4342 52.4493 52.4888 52.5115 52.5432 52.5676 52.5977 52.6273
 52.6564 52.6805 52.7049 52.7298 52.7656 52.8086 52.8921 58.6569 59.3245
 59.6704 59.7109 59.7847 59.8569 59.9612 59.9826
60.1497 60.1824 60.2241 60.2485 60.3086 60.3585 60.4392 60.4715 60.4851
 60.5318 60.5776 60.6255 60.6532 60.7565 60.7744 60.7948 60.8214 60.8486
 60.8626 60.9016 60.9253 60.9516 60.9799 61.0186 61.0446 61.0745 61.1766
 61.2055 61.39   61.5492 64.9099 67.3025 67.9858 68.0969 68.1407 68.1983
 68.2225 68.2441 68.2754 68.3064 68.4029 68.4222 68.4618 68.4789 68.4951
 68.515  68.5367 68.5618 68.5862 68.6034 68.6223 68.6438 68.6727 68.6848
 68.701  68.7208 68.7864 68.8065 68.8226 68.8345 68.8474 68.8666 68.8805
 68.8967 68.909  68.9228 68.9385 68.953  68.9689 68.9806 68.9989 69.0198
 69.0323 69.0431 69.0557 69.073  69.086  69.0965 69.1076 69.1191 69.1307
 69.1438 69.1571 69.1741 69.1918 69.2048 69.2169 69.2273 69.2377 69.2486
 69.2592 69.2698 69.2829 69.2969 69.3075 69.3242 69.3351 69.3468 69.3555
 69.3677 69.3796 69.3905 69.4047 69.4176 69.43   69.4413 69.4519 69.4635
 69.4736 69.4856 69.4963 69.5081 69.5182 69.5283 69.5384 69.5498 69.5615
 69.5731 69.5834 69.5931 69.6041 69.6137 69.6265 69.6363 69.6474 69.6573
 69.6671 69.6768 69.6874 69.6998 69.7107 69.7221 69.732  69.7425 69.7515
 69.7618 69.773  69.7827 69.7953 69.8048 69.816  69.8266 69.8383 69.8488
 69.8583 69.8672 69.8771 69.8874 69.8979 69.91   69.9192 69.9276 69.9363
 69.9458 69.9552 69.9652 69.9754 69.9846 69.9948

