11.7976 13.6652 13.8492 13.9479 14.0869 14.1811 14.2251 14.2506 14.2799
 14.3405 14.3586 14.3938 14.4151 14.5196 14.5484 14.6184 14.6459 14.6808
 14.7214 14.7628 14.8349 14.8565 14.9246 14.9736 14.992  15.0304 15.081
 15.1403 15.2217 15.2696 16.0517
21.9103 22.1288 22.1725 22.1986 22.2405 22.2688 22.3096 22.402  22.4515
 22.5168 22.5449 22.5714 22.5983 22.6208 22.6539 22.6817 22.6965 22.7463
 22.7671 22.799  22.8323 22.8515 22.8656 22.8822 22.9199 22.941  22.9665
 22.9851 22.9995 23.0145 23.0342 23.0578 23.0881 23.1141 23.1272 23.1469
 23.1807 23.2006 23.2264 23.2436 23.2641 23.2802 23.2948 23.3127 23.3286
 23.3532 23.3724 23.3933 23.4077 23.4255 23.4397 23.4633 23.4854 23.5079
 23.5216 23.5389 23.5565 23.5767 23.5925 23.6079 23.6313 23.6661 23.684
 23.7109 23.7271 23.7479 23.7595 23.7729 23.7905 23.8035 23.8206 23.8429
 23.8741 23.8915 23.9098 23.9264 23.9534 23.9869 24.0018 24.0281 24.0513
 24.0738 24.0986 24.1218 24.159  24.1778 24.2016 24.227  24.2489 24.2716
 24.2994 24.3199 24.3365 24.3576 24.3748 24.3979 24.4142 24.4358 24.4509
 24.4716 24.4882 24.512  24.5277 24.5453 24.5678 24.5887 24.6036 24.6183
 24.6518 24.6676 24.687  24.7146 24.7385 24.7623 24.7872 24.8147 24.8334
 24.862  24.8794 24.9192 24.9397 24.9835 25.0168 25.0707 25.1218 25.1679
 25.2473 25.3392 25.4088 28.0247
30.7059 31.0143 31.3328 31.4703 31.5445 31.5749 31.772  31.8016 31.8268
 31.8529 31.928  31.9821 32.0259 32.0511 32.0766 32.1572 32.1828 32.2054
 32.2472 32.2697 32.2923 32.3102 32.3278 32.3547 32.37   32.4056 32.4286
 32.4539 32.4892 32.5088 32.5425 32.5665 32.6017 32.6226 32.6417 32.6568
 32.6725 32.6892 32.7058 32.7373 32.7666 32.7968 32.8119 32.8256 32.8422
 32.8638 32.8916 32.925  32.9573 32.9929 33.0186 33.0345 33.0521 33.0679
 33.1106 33.171  33.195  33.226  33.2399 33.2633 33.2867 33.3079 33.3268
 33.3523 33.3686 33.3853 33.4478 33.4743 33.5053 33.5376 33.5886 33.6203
 33.6442 33.7057 33.7468 33.8288 33.8676 33.8957 34.0458 37.2291 39.4038
40.3149 40.7599 41.0342 41.1911 41.2188 41.2707 41.3046 41.3273 41.3908
 41.4286 41.4588 41.5188 41.5369 41.5618 41.5898 41.6488 41.6771 41.713
 41.7456 41.8452 41.8758 41.9296 41.9574 42.0171 42.0454 42.0642 42.084
 42.1272 42.1808 42.2011 42.3409 42.5757 42.8432 44.8199 46.8046 48.5688
 49.4175 49.6375 49.7597 49.8657 49.9061 49.9304 49.9651 49.9997
50.0344 50.0618 50.1082 50.1367 50.1527 50.1748 50.2129 50.2273 50.2448
 50.2595 50.2791 50.298  50.312  50.3429 50.3595 50.3796 50.4042 50.4196
 50.4362 50.4513 50.4637 50.4745 50.4863 50.5129 50.5285 50.5424 50.5581
 50.5709 50.5899 50.6009 50.6166 50.634  50.6509 50.6651 50.6786 50.6964
 50.7095 50.725  50.7355 50.7479 50.7574 50.7667 50.7807 50.7928 50.8064
 50.8183 50.8284 50.8407 50.8545 50.8644 50.8773 50.892  50.9076 50.9178
 50.9353 50.9495 50.9621 50.9755 50.9894 51.0019 51.0132 51.0257 51.0411
 51.0571 51.0761 51.0919 51.106  51.1162 51.1372 51.1537 51.1694 51.1833
 51.1949 51.2085 51.2236 51.238  51.2558 51.2737 51.2869 51.3032 51.3207
 51.347  51.364  51.3804 51.3926 51.4096 51.4266 51.4458 51.4617 51.4796
 51.4933 51.5072 51.5312 51.5433 51.5566 51.5701 51.5831 51.5968 51.6138
 51.6342 51.6575 51.6735 51.6886 51.7037 51.7237 51.7386 51.7587 51.7788
 51.8004 51.8229 51.8449 51.8631 51.8903 51.9085 51.9256 51.9417 51.9597
 51.9808 51.9974 52.0197 52.0402 52.0636 52.0913 52.1134 52.1321 52.155
 52.1759 52.1923 52.2103 52.2335 52.2471 52.2683 52.2919 52.3427 52.3632
 52.3867 52.4038 52.4627 52.4913 52.5187 52.551  52.5797 52.6158 52.6541
 52.6965 52.7519 52.8396 58.6502 59.206  59.6777 59.7537 59.9658
60.0588 60.0932 60.1419 60.1724 60.2579 60.2869 60.3196 60.3421 60.3744
 60.4196 60.4616 60.5169 60.5476 60.5738 60.593  60.7216 60.7663 60.7936
 60.8686 60.9178 60.9515 61.2006 61.2653 61.5714 68.1972 68.2369 68.267
 68.3336 68.3472 68.3795 68.5237 68.5428 68.5737 68.5964 68.6155 68.6377
 68.6608 68.6836 68.7044 68.7255 68.7491 68.7707 68.7826 68.7963 68.8107
 68.8269 68.844  68.8582 68.8726 68.901  68.9167 68.9287 68.9411 68.9626
 68.9756 68.9905 69.0022 69.0152 69.0317 69.0487 69.0651 69.0835 69.097
 69.1111 69.1281 69.1427 69.1541 69.1727 69.1896 69.2016 69.2153 69.2263
 69.2381 69.2501 69.2603 69.2698 69.282  69.2958 69.3086 69.3182 69.329
 69.3414 69.3577 69.3682 69.3808 69.3928 69.404  69.4149 69.428  69.438
 69.4467 69.4559 69.4692 69.481  69.4918 69.5019 69.5146 69.5287 69.5429
 69.5535 69.5677 69.5802 69.594  69.6079 69.6182 69.6316 69.6412 69.6516
 69.665  69.6757 69.687  69.6977 69.7086 69.7192 69.7338 69.7551 69.7685
 69.7805 69.7918 69.8048 69.8217 69.836  69.8536 69.866  69.8782 69.8919
 69.9047 69.9169 69.9349 69.9515 69.9626 69.9747 69.9877

