12.8154 13.0508 13.2375 13.5185 13.5565 13.6177 13.6728 13.756  13.8262
 13.8999 13.9163 13.9908 14.1253 14.1566 14.1886 14.2547
21.5951 22.5835 22.6289 22.6792 22.7063 22.7326 22.8626 22.9066 23.0469
 23.0806 23.1811 23.4602
30.1151 30.8598 30.9055 31.4488 31.4962 31.5422 31.5737 31.7088 31.9177
 31.9394 32.0061 32.0242 32.0675 32.0889 32.1149 32.1525 32.1839 32.2387
 32.2706 32.2923 32.364  32.4245 32.5421 39.0414 39.8096
40.4908 40.5563 40.5846 40.6667 40.7151 40.745  40.7827 40.8918 40.93
 40.9954 41.0369 41.0669 41.2358 41.2535 41.5262 48.3293 49.0551 49.1987
 49.2929 49.4151 49.5132 49.6649 49.75   49.7955 49.8119 49.8293 49.8554
 49.9289 49.9519 49.9961
50.0307 50.0564 50.0808 50.1184 50.1552 50.1967 50.2186 50.3267 50.3473
 50.4721 50.4876 50.5508 50.5877 50.612  50.6454 50.6794 50.7227 50.7808
 50.9644 58.1374 58.8697 59.3606 59.3926 59.4955 59.5571 59.5797 59.6196
 59.6514 59.7317 59.8815 59.998
60.0135 60.1562 60.2325 68.3053 68.604  68.6542 68.7045 68.8021 68.8603
 68.9619 69.008  69.1247 69.3008 69.3245 69.3463 69.3906 69.5433

