13.002  13.3305 13.794  13.8515 14.0434 14.369  19.4619
21.3867 21.928  22.2336 22.3511 22.4709 22.5211 22.6423 22.7127 22.8136
 22.8457 22.9894 29.7155
30.7866 31.2177 31.3798 31.4592 31.5664 31.7714 31.8954 31.9709 32.0319
 39.3991
40.5027 40.5799 40.7479 40.8346 40.8643 41.0079 41.1787 41.2037 41.2576
 48.4826 49.1656 49.4499 49.9396
50.1004 50.1377 50.1716 50.283  50.5531 59.1826 59.2894 59.628  59.6949
 59.8549 59.9955
67.6967 67.9848 68.3098 68.482  68.6114 68.7044 68.888  68.9081 68.9419
 69.0338 69.06   69.1361 69.1822

