11.7294 12.0309 12.5299 13.0663 13.3179 13.3968 13.6119 13.6857 13.8277
 13.8477 17.7256
21.4748 21.8634 22.0713 22.2206 22.2608 22.453  22.4822
30.3094 30.6833 30.963  31.0893 31.1131 31.2769 31.6318 39.5681 39.9769
40.2838 40.4127 40.5594 40.6377 40.6939 40.7433 46.8689 48.2135 49.7908
 49.8703
50.1496 54.2978 58.5896 58.9485 59.0465 59.0906 59.2216 59.3418 59.4354
 59.4898 59.6064 59.6554 59.7335 59.8817 59.9028
67.1793 67.706  67.851  67.9067 68.0373 68.1599 68.4686 68.5304 68.9107
 68.9755

