11.8977 12.5406 12.8563 13.1988 13.2406 13.3337 13.4581 13.5286 13.5832
 13.6198 13.6857 13.7877 13.8086 13.8581 13.8889 13.9102 13.966  13.9866
 13.9985 14.0203 14.0365 14.0577 14.0828 14.103  14.1198 14.1515 14.1678
 14.1877 14.2084 14.2313 14.2748 14.2968 14.311  14.3263 14.3427 14.3653
 14.4001 14.4224 14.4432 14.4664 14.484  14.4983 14.5117 14.5259 14.5392
 14.5568 14.5731 14.5852 14.6005 14.6192 14.6322 14.645  14.6633 14.6805
 14.6999 14.7188 14.732  14.7479 14.7595 14.7698 14.7826 14.8026 14.8191
 14.8462 14.8577 14.8706 14.8839 14.8996 14.9146 14.9322 14.9637 14.9808
 14.9956 15.0147 15.0293 15.0524 15.0679 15.0836 15.1016 15.121  15.159
 15.1774 15.1995 15.2166 15.2382 15.2541 15.2744 15.2956 15.3456 15.384
 15.4152 15.4508 15.4644 15.5122 15.5518 15.5719 15.6315 15.6859 15.718
 15.8015 15.8617 15.9006 15.9343 16.0843
20.1168 21.1714 21.4474 21.8566 21.8973 21.9448 22.0383 22.2204 22.2687
 22.3017 22.3277 22.3464 22.3837 22.4088 22.4276 22.4523 22.4982 22.5397
 22.5636 22.5848 22.6024 22.6166 22.6375 22.6639 22.6894 22.7151 22.7287
 22.7494 22.7658 22.7936 22.8142 22.827  22.8416 22.8545 22.8686 22.8888
 22.9034 22.9212 22.9354 22.9503 22.9634 22.9862 23.0012 23.0147 23.036
 23.0473 23.0592 23.0722 23.0884 23.1009 23.1131 23.1289 23.1388 23.151
 23.1708 23.1839 23.195  23.2138 23.2302 23.2448 23.2571 23.2763 23.2955
 23.3079 23.3186 23.3327 23.3456 23.362  23.3735 23.3841 23.3997 23.4146
 23.4299 23.4448 23.4578 23.4708 23.4835 23.4976 23.5104 23.5229 23.5332
 23.547  23.5611 23.5739 23.5865 23.5958 23.6096 23.6198 23.6301 23.6408
 23.6542 23.671  23.6871 23.7098 23.7236 23.7356 23.7529 23.7704 23.7868
 23.8059 23.8194 23.832  23.8489 23.8651 23.8855 23.902  23.9189 23.9337
 23.9486 23.9647 23.9843 24.0014 24.0193 24.0397 24.0579 24.075  24.1026
 24.1227 24.1447 24.1633 24.1946 24.2107 24.2227 24.2367 24.2628 24.2932
 24.3324 24.3604 24.3845 24.4202 24.4709 24.507  24.5494 24.6    24.6342
 24.7301 29.757
30.5625 30.6256 30.7467 30.7781 30.8552 30.8833 31.0749 31.11   31.1686
 31.2056 31.2438 31.2744 31.3003 31.3367 31.3601 31.3769 31.4014 31.4228
 31.4608 31.4905 31.5126 31.5307 31.5603 31.5749 31.5979 31.6247 31.6413
 31.6644 31.6818 31.7012 31.7163 31.7336 31.7509 31.771  31.7862 31.8047
 31.8204 31.8372 31.8549 31.8701 31.8831 31.8991 31.9122 31.933  31.9449
 31.9581 31.9723 31.9851 31.9971 32.0144 32.0322 32.0462 32.0586 32.0734
 32.0863 32.1025 32.1175 32.1338 32.147  32.1608 32.1716 32.1847 32.1981
 32.2125 32.2231 32.2379 32.2486 32.2639 32.2781 32.2925 32.3043 32.316
 32.3275 32.3432 32.3543 32.369  32.3807 32.3935 32.4056 32.4193 32.4303
 32.4429 32.4547 32.4643 32.4751 32.4863 32.4981 32.5117 32.5219 32.5348
 32.5462 32.5566 32.5697 32.581  32.5928 32.6052 32.6209 32.6344 32.6491
 32.6611 32.6714 32.6819 32.6951 32.709  32.7249 32.7404 32.7547 32.77
 32.7839 32.7974 32.8156 32.8306 32.8488 32.8696 32.8855 32.8975 32.9133
 32.9327 32.9502 32.9634 32.978  32.9937 33.0058 33.0259 33.0415 33.0566
 33.0692 33.0834 33.1009 33.1158 33.1361 33.1527 33.1728 33.1914 33.2116
 33.226  33.2468 33.2757 33.3069 33.3379 33.3594 33.3779 33.4108 33.4386
 33.478  33.51   33.5605 33.5981 33.6261 33.7209 33.7575 33.8171 33.9044
40.3863 40.4757 40.6686 40.6876 40.7423 40.7704 40.811  40.8769 40.9025
 40.9196 40.937  40.9607 41.0023 41.021  41.0532 41.0778 41.1098 41.152
 41.1657 41.1861 41.2082 41.2255 41.2385 41.2495 41.2648 41.2856 41.2987
 41.3116 41.3307 41.3513 41.3676 41.3828 41.3962 41.4101 41.4228 41.4375
 41.4497 41.4637 41.4756 41.4869 41.4997 41.5109 41.5256 41.5379 41.5492
 41.5666 41.5845 41.5989 41.6125 41.6251 41.6361 41.6495 41.6665 41.6799
 41.6925 41.7049 41.7185 41.7311 41.7428 41.7574 41.7733 41.7847 41.7974
 41.812  41.8317 41.8465 41.8574 41.8706 41.8828 41.8945 41.9061 41.9183
 41.9366 41.9494 41.9624 41.976  41.9913 42.0044 42.0181 42.0304 42.0489
 42.0674 42.0826 42.0996 42.1142 42.132  42.145  42.1569 42.1737 42.1852
 42.2094 42.2252 42.2412 42.2567 42.2724 42.2862 42.3076 42.3275 42.3538
 42.3722 42.3976 42.4135 42.4297 42.4489 42.4653 42.4909 42.5081 42.5245
 42.5538 42.5687 42.5865 42.6147 42.6811 42.7028 42.7222 42.7476 42.7855
 42.8099 42.8759 42.9092 42.9441 42.9757 43.0033 43.0932 46.6191 49.2425
 49.332  49.3708 49.4889 49.5289 49.6829 49.7277 49.7693 49.883  49.9196
 49.9656
50.0015 50.0275 50.0595 50.0842 50.1017 50.1232 50.1519 50.1798 50.2011
 50.2396 50.2602 50.2778 50.2983 50.3148 50.3271 50.3578 50.3743 50.3912
 50.4078 50.4262 50.4448 50.4601 50.4753 50.4987 50.5119 50.5302 50.5446
 50.5624 50.5798 50.5941 50.607  50.619  50.6346 50.6482 50.6741 50.6898
 50.7032 50.7191 50.7406 50.756  50.7708 50.7852 50.8044 50.8187 50.8326
 50.8442 50.8547 50.865  50.8803 50.8932 50.9056 50.9164 50.9279 50.9409
 50.9548 50.9727 50.9883 51.001  51.0185 51.0295 51.0423 51.0543 51.0693
 51.0819 51.094  51.1067 51.1192 51.1342 51.1516 51.1636 51.1786 51.1912
 51.2046 51.2208 51.2378 51.249  51.2608 51.2725 51.2884 51.3045 51.3223
 51.3351 51.3518 51.3783 51.3918 51.4074 51.4226 51.4546 51.4709 51.4861
 51.4986 51.5163 51.5362 51.5529 51.5668 51.5809 51.6079 51.6285 51.6481
 51.6687 51.6906 51.7153 51.7355 51.7506 51.7649 51.7825 51.8063 51.8429
 51.8641 51.8826 51.9301 51.9687 51.9919 52.0294 52.0497 52.088  52.1299
 52.1609 52.1926 52.3218 57.0496 58.4475 58.6587 58.7744 59.0758 59.3082
 59.3818 59.4134 59.5018 59.5282 59.5589 59.5836 59.6139 59.6498 59.699
 59.7335 59.8055 59.8271 59.8596 59.8848 59.9018 59.93   59.9571 59.9715
 59.9887
60.0034 60.0284 60.0501 60.0663 60.0815 60.1049 60.1283 60.1565 60.1742
 60.1928 60.2072 60.2188 60.2328 60.2437 60.2629 60.2783 60.298  60.3127
 60.3258 60.3396 60.3545 60.3691 60.3865 60.4045 60.4223 60.4396 60.4546
 60.472  60.4866 60.4999 60.5177 60.5316 60.549  60.5665 60.5786 60.5904
 60.6065 60.622  60.6346 60.646  60.6612 60.6765 60.6957 60.7086 60.7231
 60.7381 60.7545 60.7743 60.7904 60.8027 60.8178 60.8338 60.8456 60.8619
 60.8784 60.8972 60.9093 60.9223 60.9449 60.9659 60.9836 61.0036 61.0214
 61.0388 61.0624 61.086  61.0992 61.1127 61.1256 61.1458 61.1663 61.184
 61.1996 61.2178 61.2431 61.2604 61.2766 61.2945 61.3131 61.3297 61.3578
 61.3795 61.4019 61.429  61.4558 61.4774 61.5048 61.5616 61.5909 61.6248
 61.6565 61.6771 61.7188 61.7851 61.8931 61.9464 66.4844 67.6169 67.7089
 68.1485 68.1841 68.2748 68.427  68.4497 68.4795 68.5598 68.6036 68.6401
 68.6629 68.6884 68.7074 68.7245 68.7518 68.7705 68.7905 68.8058 68.8234
 68.8381 68.8621 68.8784 68.8953 68.9132 68.9392 68.9665 68.9808 68.9979
 69.0165 69.0338 69.0522 69.0798 69.0942 69.1181 69.1318 69.1457 69.1569
 69.1684 69.18   69.1948 69.206  69.2181 69.2286 69.2411 69.2542 69.2648
 69.2766 69.2899 69.3013 69.3126 69.3224 69.3364 69.3482 69.3611 69.3742
 69.388  69.4024 69.4146 69.4263 69.44   69.4518 69.4671 69.483  69.4948
 69.5059 69.5211 69.534  69.5442 69.5581 69.5706 69.5825 69.5927 69.6028
 69.6149 69.6258 69.6379 69.6493 69.661  69.6726 69.6863 69.6975 69.7103
 69.7232 69.737  69.7483 69.7583 69.7694 69.7825 69.7972 69.8091 69.8275
 69.8425 69.8546 69.8646 69.8749 69.8875 69.9004 69.9127 69.9231 69.9342
 69.9458 69.956  69.9701 69.9842 69.9972

