12.1338 13.2708 13.5499 13.7615 13.9509 14.0294 14.0606 14.0886 14.1087
 14.1599 14.18   14.2121 14.2549 14.3038 14.4144 14.475  14.4992 14.5284
 14.5975 14.6291 14.6645 14.6801 14.7137 14.7356 14.7459 14.7688 14.7979
 14.8245 14.8397 14.8962 14.928  14.9515 14.9984
20.4506 22.2348 22.6733 22.7261 23.0841 23.0976 23.1172 23.1578 23.2028
 23.2394 23.2616 23.3619 23.404  23.4386 23.455  23.4797 23.4945 23.5274
 23.551  23.5771 23.5946 23.6185 23.6347 23.6524 23.6672 23.6903 23.7174
 23.7314 23.7538 23.7732 23.7908 23.8123 23.8345 23.8544 23.8724 23.9079
 23.9197 23.9454 23.965  23.9848 24.0278 24.0457 24.0665 24.0969 24.1393
 24.1532 24.181  24.1959 24.2354 24.2498
30.5838 31.4935 31.7526 31.8405 32.1422 32.2258 32.3336 32.4272 32.5089
 32.5591 32.6005 32.6637 32.702  32.7219 32.7331 32.7548 32.8305 32.8799
 32.9056 32.937  32.9645 32.9852 33.0007 33.0765 33.0953 33.1085 33.1246
 33.1409 33.1658 33.1842 33.1961 33.2143 33.2477 33.2635 33.292  33.3058
 33.3302 33.351  33.369  33.3897 33.4462 33.5375 33.6599
41.2461 41.6756 41.7861 41.8906 42.0869 42.1468 42.2228 42.2586 42.3002
 42.3579 42.4052 42.426  42.4442 42.4699 42.4895 42.5338 42.5495 42.6032
 42.6214 42.6417 42.6545 42.6712 42.6912 42.7268 42.7438 42.7619 42.7793
 42.8269 42.8449 42.8762 42.8997 42.9119 42.9368 42.9548 42.9698 42.9906
 43.0283 43.0572 43.1057
50.1375 50.1738 50.4994 50.8616 51.0746 51.102  51.1279 51.2988 51.3459
 51.3904 51.4334 51.4613 51.5006 51.5422 51.6318 51.6729 51.7116 51.7622
 51.7809 51.7928 51.8063 51.8218 51.8436 51.8965 51.9112 51.924  51.969
 51.9904 52.0102 52.0255 52.0383 52.0669 52.0869 52.1675 52.1912 52.2211
 59.2735 59.7717
60.2675 60.8413 60.9086 60.9358 60.9957 61.0493 61.0661 61.218  61.2975
 61.3444 61.372  61.3895 61.4228 61.4517 61.4777 61.5678 69.3707 69.674
 69.8878 69.9675

