13.6312 13.7357 13.8088 13.8499 13.969  14.0864 14.3439 14.361  14.3792
 14.4591 14.4935 14.5365 14.5808 14.6641 14.8313
21.7117 21.9335 22.5678 22.9614 23.1297 23.1683 23.197  23.2154 23.362
 23.4018 23.4347 23.4935 23.51   23.5457 23.6511 23.6906 23.7706 23.8298
 23.8462 23.916  23.9363
32.1787 32.2482 32.3326 32.3698 32.5334 32.5824 32.6384 32.7097 32.7682
 32.8316 32.9731 32.9898 33.0304 33.0624 33.108  33.2444 33.264  33.3427
40.4817 41.6569 41.9538 41.982  42.09   42.1205 42.1462 42.2616 42.2983
 42.3329 42.3639 42.408  42.4406 42.5032 42.5549 42.5935 42.6108 42.6417
 42.6593 42.7023 42.738  42.8788 42.925  49.2679
50.4758 50.6659 50.8647 50.9459 51.0375 51.0949 51.1432 51.1939 51.2437
 51.3433 51.4944 51.5786 51.6109 51.6313 51.6593 51.684  51.709  51.7223
 51.7405 51.7761
60.3219 60.775  61.0247 61.0592 61.3592 61.4375 61.4736

