11.43   13.9232 14.051  14.1313 14.2161 14.3452 14.3864 14.4202 14.5176
 14.5482 14.6084 14.6346 14.6696 14.6931 14.7294 14.7497 14.8029 14.8388
 14.8681 14.8993 14.9177 14.9439 14.9922 15.0376 15.0528 15.1079 15.1669
 15.2244 15.2496
22.5478 22.9067 23.2889 23.4117 23.4717 23.5084 23.5548 23.595  23.6132
 23.6285 23.6599 23.7106 23.7299 23.7518 23.7688 23.7878 23.8024 23.827
 23.8484 23.8811 23.9158 23.9309 23.9602 23.9799 24.0072 24.0297 24.0603
 24.0835 24.1036 24.1184 24.1348 24.1521 24.1816 24.2031 24.2283 24.2592
 24.2783 24.2987 24.3189 24.3425 24.3726 24.4135 24.4366 24.4596 24.5379
 24.5732
31.2057 31.8976 32.3193 32.5001 32.6861 32.756  32.7979 32.8382 32.8677
 32.897  32.9289 32.9437 32.9816 32.998  33.0562 33.0727 33.0864 33.1369
 33.1728 33.1861 33.2044 33.2266 33.2769 33.2921 33.307  33.346  33.3663
 33.3938 33.4137 33.4298 33.4642 33.4872 33.5052 33.5381 33.561  33.5764
 33.5926 33.6225 33.6659 33.7059 33.7547 33.7793 33.7996 33.9058 39.7614
41.4757 41.9176 41.9891 42.1862 42.3162 42.343  42.3807 42.409  42.5271
 42.5496 42.5695 42.5869 42.6091 42.6448 42.6608 42.6765 42.7165 42.7304
 42.749  42.7667 42.7927 42.8082 42.8265 42.8418 42.8531 42.876  42.8903
 42.9154 42.9277 42.9506 42.9666 42.9787 42.9997 43.0156 43.0402 43.0728
 43.0969 43.1389 43.1527 43.2012 43.2408 43.2863 43.3284 43.3579 43.3909
 49.6223
50.558  50.7598 50.8284 50.9039 51.1872 51.2118 51.4872 51.5202 51.5829
 51.6353 51.6657 51.6842 51.7002 51.7155 51.7404 51.7736 51.7852 51.8042
 51.8322 51.857  51.9025 51.9169 51.9467 51.9609 51.9738 51.9957 52.0092
 52.0387 52.0598 52.0783 52.0906 52.1052 52.1544 52.1718 52.2009 52.2673
 52.2837 52.3033 52.3284 52.3552 52.3709 52.4515
60.3225 61.1289 61.404  61.5555 61.6394 68.1766 68.8016

