13.8032 13.8385 13.9303 13.9872 14.0916 14.2794 14.2927 14.3196 14.3353
 14.3669 14.397  14.4267 14.4558 14.4752 14.5008 14.5318 14.5453 14.5724
 14.5928 14.6077 14.6319 14.6525 14.6659 14.6871 14.7066 14.7215 14.7363
 14.7534 14.7858 14.798  14.8218 14.8556 14.8968 14.9309 14.9545 14.9732
 15.0016
23.4421 23.561  23.6894 23.753  23.7753 23.7959 23.8276 23.8484 23.8669
 23.8837 23.9296 23.9515 23.9713 24.0042 24.0427 24.0587 24.0759 24.0957
 24.1135 24.1286 24.1505 24.174  24.2031 24.2318 24.2557 24.2736 24.302
 24.3367 24.3541 24.376  24.4032 24.4175 24.4302 24.4524 24.4704 24.4877
 24.5077 24.6035
30.0836 32.574  32.8953 33.0866 33.2089 33.3632 33.3909 33.4159 33.4837
 33.5188 33.5447 33.5649 33.616  33.6427 33.6668 33.6895 33.7063 33.7263
 33.7768 33.7909 33.8048 33.8462 33.8644 33.9208 33.9627 34.1015 34.1462
 34.1803 34.2554
41.6448 42.399  42.5026 42.5319 42.5819 42.6377 42.6721 42.6954 42.7752
 42.8212 42.8775 42.9224 42.9496 42.9853 43.0243 43.1475 43.1686 43.1847
 43.2612 43.2816 43.3038 43.3697
51.1683 51.2264 51.4039 51.4367 51.4668 51.4989 51.6185 51.6691 51.7516
 51.7948 51.8468 51.8755 51.9081 51.9599 52.0507 52.0914 52.1246 52.1763
 52.2615 52.3846 52.4372 52.5094 52.5349
60.7183 60.9094 61.0751 61.1414 61.2084 61.229  61.2804 61.3009 61.3277
 61.3641 61.3875 61.4549 61.5035 61.5378 66.4914 68.8447 69.2615 69.8212
 69.9728

