11.741  12.8285 13.2297 13.287  13.5681 13.7154 13.733  13.7663 13.8132
 13.846  13.8614 14.0127 14.0303 14.0601 14.0788 14.102  14.1297 14.1495
 14.1878 14.2069 14.2339 14.2517 14.2675 14.3112 14.3259 14.3417 14.3637
 14.3799 14.4045 14.4209 14.4555 14.4727 14.4905 14.5031 14.5145 14.5256
 14.5553 14.5705 14.6046 14.6232 14.6346 14.6519 14.6772 14.6908 14.7111
 14.7286 14.7486 14.7602 14.7756 14.8677 14.8874 14.9294 14.9439 14.9633
 19.5935
22.7939 23.1368 23.1831 23.2066 23.2419 23.2798 23.5436 23.5754 23.6155
 23.6606 23.6813 23.7093 23.7365 23.7676 23.8173 23.8342 23.8502 23.8739
 23.8995 23.9244 23.9394 23.9583 23.9824 23.9971 24.0159 24.0391 24.0554
 24.0717 24.0866 24.1055 24.1256 24.1401 24.1556 24.1843 24.2029 24.2228
 24.2486 24.2972 24.311  24.3421 24.3874 24.4272 24.4502 24.4674 24.4806
 24.5302 24.5569 24.5949
32.1915 32.6048 32.6479 32.7306 32.8736 32.9417 33.0163 33.0643 33.0849
 33.1138 33.2135 33.2309 33.2565 33.3595 33.3967 33.4294 33.451  33.4708
 33.5097 33.5294 33.5429 33.5748 33.5932 33.6535 33.6705 33.6945 33.7586
 33.7938 33.8059 33.8273 33.8434 33.8581 33.889  33.9154 33.9448 33.9766
 34.0192 34.0467 34.1043 34.1445 34.1603 34.3823
40.8398 41.0366 41.4528 41.5965 41.8755 41.9827 42.0955 42.2832 42.3618
 42.4306 42.4752 42.5289 42.6019 42.6698 42.6869 42.7932 42.8367 42.8525
 42.8853 42.9163 42.9648 43.     43.0193 43.0456 43.0658 43.0944 43.1373
 43.1606 43.2472 43.3279 49.7925
50.6526 50.9634 51.1989 51.2232 51.3494 51.4525 51.4995 51.5326 51.5813
 51.6078 51.6316 51.6543 51.6944 51.7306 51.7456 51.8094 51.8248 51.8667
 51.9156 51.9361 51.9553 51.9909 52.047  52.0607 52.0909 52.1143 52.131
 52.1871 52.2357 52.2751 58.7058
60.2185 60.558  60.6486 60.7271 60.773  60.7913 60.888  60.9157 60.948
 60.9994 61.0683 61.0916 61.1419 61.1913 61.3048 61.3299 61.346  61.3592
 61.376  61.4556 61.4827 61.6396 69.0415 69.2883 69.3908 69.5441 69.5705
 69.5919 69.6564 69.6817 69.7315 69.766  69.8217 69.8704 69.9171 69.9401
 69.9642 69.9981

