12.1035 12.3689 13.1318 13.656  13.6908 13.7788 13.9658 13.9945 14.0549
 14.0736 14.1024 14.1377 14.1868 14.2123 14.2311 14.275  14.3262 14.4132
 14.4825 14.5688 14.6218 14.7768 14.9563 14.9759 14.9999
22.0127 22.1766 22.9491 23.0947 23.1524 23.1884 23.2887 23.3243 23.3769
 23.4915 23.5146 23.5318 23.5543 23.6351 23.6644 23.6958 23.7659 23.7974
 23.8294 23.8499 23.8887 23.9135 23.9904 24.0226 24.0451 24.0694 24.086
 24.1475 24.1692 24.1955 24.254  24.3533
32.0606 32.2941 32.5113 32.6577 32.9264 33.0212 33.0426 33.2505 33.4552
 33.4959 33.5173 33.5343 33.6408 33.7203 33.7684 33.8625 33.9323 39.5892
41.1708 41.7073 42.1165 42.1938 42.2485 42.3152 42.3486 42.3851 42.4697
 42.4874 42.588  42.6534 42.6847 42.7362 42.7528 42.8175 42.835  42.8659
 42.9607 43.0506
50.4033 50.4479 50.5658 50.8263 51.0844 51.1557 51.2094 51.2455 51.2837
 51.3004 51.3158 51.3329 51.3547 51.3741 51.4009 51.4274 51.4974 51.5381
 51.6183 51.6406 51.664  51.7169 51.7369 51.7691 51.7871 51.8079 51.8296
 51.8857 51.9442 52.033  58.0702 59.213  59.7106 59.9678
60.0229 60.0484 60.1072 60.1624 60.182  60.1996 60.226  60.2505 60.2726
 60.3269 60.3663 60.4269 60.4576 60.4799 60.5185 60.5492 60.5806 60.6194
 60.6973 60.7116 60.7405 60.7586 60.7695 60.7862 60.7987 60.8117 60.8562
 60.8856 60.9785 61.0062 61.0209 61.1178 69.268  69.4105 69.5432 69.6328
 69.6907 69.7563 69.9901

