12.4354 13.6618 13.7224 13.9088 13.9937 14.045  14.0663 14.1166 14.1557
 14.1957 14.2564 14.2805 14.2946 14.3284 14.3494 14.3796 14.3997 14.4176
 14.4346 14.4522 14.4756 14.4894 14.5041 14.5168 14.5317 14.5513 14.5662
 14.5876 14.6015 14.618  14.6295 14.6453 14.6638 14.6843 14.7023 14.7221
 14.7393 14.7527 14.7679 14.777  14.791  14.801  14.8152 14.8274 14.8474
 14.8613 14.8757 14.8886 14.9026 14.9164 14.9308 14.9438 14.9557 14.966
 14.9781 14.9903 15.0044 15.0176 15.03   15.0418 15.0565 15.0683 15.0842
 15.0962 15.1089 15.1236 15.1404 15.1544 15.1684 15.1865 15.2021 15.2199
 15.2331 15.2453 15.2617 15.2781 15.2896 15.3051 15.3205 15.333  15.3471
 15.3592 15.3741 15.3926 15.415  15.4341 15.4545 15.4701 15.4891 15.5038
 15.5198 15.5335 15.5509 15.5626 15.5753 15.6008 15.6158 15.6469 15.6617
 15.6878 15.6997 15.7172 15.7399 15.7601 15.7877 15.8218 15.8456 15.8663
 15.8889 15.929  15.9519 15.996  16.0309 16.1765 16.2627 16.3669 16.4025
21.3845 21.7959 22.3118 22.6664 23.0146 23.1324 23.2172 23.3257 23.346
 23.3647 23.4049 23.4287 23.4591 23.4914 23.5484 23.5811 23.6118 23.6401
 23.6538 23.6774 23.7178 23.7475 23.7666 23.7831 23.8078 23.8227 23.838
 23.8524 23.8744 23.888  23.9046 23.9214 23.9394 23.9566 23.9705 23.9817
 23.9929 24.0071 24.0247 24.0376 24.0516 24.0669 24.0783 24.0885 24.1023
 24.1157 24.1293 24.1404 24.1553 24.1659 24.179  24.1915 24.2052 24.216
 24.2305 24.2421 24.2563 24.2678 24.2781 24.2916 24.3036 24.316  24.3291
 24.3411 24.3523 24.3679 24.3834 24.3979 24.4081 24.4199 24.4319 24.4436
 24.4552 24.4681 24.4806 24.4936 24.505  24.5174 24.5292 24.5436 24.5543
 24.5632 24.5743 24.5899 24.6021 24.6132 24.6247 24.6362 24.6481 24.6598
 24.6721 24.6829 24.7027 24.7161 24.7273 24.7383 24.7541 24.7702 24.7842
 24.7989 24.8131 24.8272 24.8399 24.8542 24.8654 24.8784 24.889  24.9021
 24.9142 24.9263 24.9407 24.9603 24.9723 24.9908 25.0003 25.0118 25.0245
 25.0393 25.0628 25.0812 25.0932 25.1116 25.1329 25.1462 25.1751 25.1944
 25.2093 25.2263 25.247  25.2673 25.2897 25.3211 25.3438 25.3777 25.4318
 25.458  25.4867 25.5404 25.5675 25.6538 25.7026 25.7448 25.7978 25.8419
31.8676 32.5088 32.8506 32.961  33.0706 33.087  33.1125 33.1848 33.2241
 33.2515 33.2813 33.3087 33.3329 33.3847 33.4059 33.436  33.4579 33.4746
 33.4961 33.51   33.5385 33.5591 33.5782 33.5986 33.6144 33.6327 33.6462
 33.6611 33.6772 33.6962 33.7176 33.7325 33.7689 33.7815 33.7951 33.8079
 33.824  33.8419 33.8544 33.869  33.8851 33.8998 33.9097 33.9245 33.9402
 33.9536 33.9655 33.979  33.9958 34.0106 34.0254 34.0433 34.0691 34.0841
 34.0994 34.1135 34.1285 34.1417 34.1587 34.1697 34.1848 34.2049 34.2165
 34.23   34.2419 34.2592 34.2732 34.2834 34.2974 34.3156 34.3306 34.3465
 34.3588 34.3712 34.3909 34.4189 34.4306 34.4431 34.4572 34.4696 34.4941
 34.524  34.5381 34.5524 34.5657 34.5899 34.6092 34.6359 34.6569 34.675
 34.6937 34.7156 34.7505 34.768  34.8068 34.842  34.8897 34.944  34.9669
 34.9946 35.0348 35.1489 35.2656 35.3037 35.3504 35.4763
41.2788 41.6233 41.6765 41.7208 42.1624 42.275  42.3244 42.3646 42.4097
 42.444  42.47   42.505  42.524  42.5443 42.5627 42.5838 42.5955 42.6132
 42.631  42.6571 42.7128 42.7472 42.7654 42.8055 42.8218 42.8407 42.8645
 42.8806 42.9084 42.9257 42.9371 42.9546 42.9744 42.9925 43.0099 43.0225
 43.0393 43.0601 43.076  43.0915 43.1108 43.1303 43.1433 43.1604 43.1749
 43.1878 43.2048 43.22   43.2362 43.2508 43.2709 43.2932 43.3137 43.3302
 43.3547 43.3693 43.3861 43.4062 43.4189 43.4332 43.4586 43.4802 43.4973
 43.513  43.5441 43.558  43.5737 43.5957 43.6162 43.6593 43.6843 43.701
 43.7248 43.7487 43.7674 43.7919 43.8266 43.8483 43.8624 43.8768 43.8974
 43.9549 43.993  44.0139 44.0365 44.0633 44.0923 44.1379 44.1694 44.2055
 44.2266 44.2785 44.3635 44.4245 44.5159 48.1266 49.5921
50.6329 51.0147 51.1666 51.2086 51.2385 51.2656 51.2867 51.3239 51.3411
 51.3692 51.3866 51.4036 51.4246 51.4509 51.474  51.5108 51.5526 51.5895
 51.6169 51.632  51.6487 51.6605 51.6783 51.6902 51.7047 51.725  51.7442
 51.7592 51.7792 51.7936 51.8055 51.8204 51.8356 51.8471 51.8622 51.879
 51.9029 51.9164 51.9268 51.9429 51.9549 51.9698 51.9814 51.9996 52.0152
 52.0284 52.0422 52.0603 52.075  52.0857 52.0995 52.112  52.1234 52.1342
 52.1463 52.1567 52.1675 52.1791 52.1909 52.204  52.2147 52.2301 52.2466
 52.2564 52.2671 52.2833 52.2941 52.3072 52.3197 52.3313 52.347  52.3573
 52.3687 52.3804 52.3919 52.4052 52.4173 52.4292 52.4422 52.455  52.4678
 52.4815 52.4945 52.5064 52.5172 52.5297 52.5428 52.5624 52.576  52.5906
 52.605  52.6261 52.639  52.6543 52.6771 52.6944 52.7185 52.7375 52.7565
 52.7702 52.7848 52.7997 52.8191 52.8308 52.8473 52.8722 52.89   52.9185
 52.9326 52.9511 52.9685 52.9856 53.0017 53.024  53.0441 53.0741 53.0903
 53.1099 53.1489 53.1709 53.2069 53.272  53.3087 53.3934 53.4415 53.4756
 53.5065 53.5385 53.6155 57.8551 58.7912 59.4067 59.5996 59.6553 59.7664
 59.815  59.8997 59.951
60.0252 60.0798 60.1417 60.209  60.2349 60.3053 60.3327 60.3504 60.3705
 60.3923 60.4071 60.4294 60.4482 60.4648 60.4805 60.4984 60.5209 60.5515
 60.572  60.5915 60.6118 60.6256 60.6382 60.6542 60.6689 60.6815 60.6935
 60.7085 60.7205 60.7374 60.7528 60.7704 60.783  60.7973 60.815  60.8359
 60.8509 60.8619 60.8741 60.8911 60.9031 60.915  60.9305 60.9433 60.9544
 60.9671 60.9789 60.9978 61.0103 61.0239 61.0361 61.0457 61.0555 61.0685
 61.0815 61.0945 61.1066 61.118  61.1301 61.1406 61.1522 61.1637 61.1778
 61.1903 61.205  61.2166 61.2291 61.2391 61.2552 61.2707 61.2816 61.2948
 61.3076 61.3202 61.333  61.3467 61.3587 61.3711 61.3819 61.393  61.4041
 61.4142 61.4258 61.4368 61.4491 61.4624 61.4732 61.4848 61.4951 61.507
 61.5183 61.5301 61.5422 61.5541 61.5647 61.5763 61.5905 61.6045 61.6169
 61.6326 61.6446 61.6604 61.6732 61.6897 61.7056 61.7175 61.7333 61.7481
 61.769  61.7833 61.797  61.8093 61.8228 61.8342 61.8469 61.8646 61.8788
 61.8957 61.9089 61.9204 61.9364 61.9639 61.9801 61.9971 62.0139 62.0356
 62.0527 62.0669 62.0839 62.1062 62.1327 62.1477 62.1694 62.1905 62.2203
 62.2448 62.2902 62.3216 62.3452 62.3844 62.4177 62.4511 62.519  62.8002
 67.8468 69.0352 69.0613 69.2064 69.2665 69.3182 69.3475 69.4082 69.466
 69.5924 69.6365 69.7123 69.7572 69.7994 69.8261 69.8532 69.9173 69.9542
 69.9929

