13.1369 13.6496 13.874  13.9055 13.9453 13.9956 14.0277 14.0894 14.1634
 14.1833 14.3073 14.3309 14.3694 14.4583 14.6435 14.6767 18.9324
22.8788 22.9893 23.1542 23.1886 23.3604 23.4249 23.482  23.5594 23.5847
 23.6076 23.7029 23.7194 23.8491 23.9062 23.9709 23.9973 24.1575 24.2631
30.3755 32.6189 33.2637 33.3124 33.43   33.4798 33.5315 33.6028 33.6339
 33.6987 33.7834 33.9821
41.5999 41.8614 42.2999 42.3623 42.3997 42.4468 42.4897 42.8917
50.8357 51.0548 51.1993 51.2208 51.4744 51.5637 51.6552 51.7455 51.7694
 51.7893 51.8233 51.9417 51.9591 52.1527 57.5996 59.4228 59.7639
60.1529 60.1695 60.2134 60.3052 60.3799 60.4893 60.5092 60.5255 60.5858
 60.6048 60.6198 60.6462 60.7135 60.7414 61.0122 61.1282 67.939  68.7783
 69.0208 69.2408 69.3002 69.4545 69.8628 69.8888 69.9581

