13.118  13.3709 13.677  13.7077 14.0658 14.0931 14.1557 14.2041 14.3003
 14.3712 14.391  14.4155 14.4713 14.5012 14.5256 14.5486 14.5686 14.5961
 14.6386 14.6736 14.6869 14.7148 14.8233 14.8422 14.8625 14.9208 14.9425
 14.9811 19.9542
23.2324 23.3305 23.5182 23.5741 23.6339 23.6642 23.7047 23.726  23.7748
 23.7996 23.8217 23.8424 23.8657 23.9019 23.9272 23.9468 23.9772 24.0089
 24.0332 24.0849 24.1024 24.125  24.1583 24.1823 24.2155 24.2377 24.2648
 24.2895 24.317  24.4005 24.5883
31.2638 32.9706 33.0137 33.0473 33.1096 33.1598 33.2257 33.2668 33.2824
 33.3227 33.5768 33.6095 33.6471 33.68   33.722  33.7557 33.7756 33.9066
 33.925  33.9498
40.8557 41.4423 42.4686 42.4925 42.535  42.569  42.6746 42.7322 42.7795
 42.8295 42.8497 42.9372 42.9605 43.068  43.1075 43.1528
50.098  50.3393 50.6266 50.7524 50.9146 50.9513 51.0644 51.1157 51.1887
 51.2326 51.3293 51.4031 51.4345 51.4816 51.5331 51.6587 51.6755 51.71
 51.7333 51.7552 51.8092 51.8272 51.8394 51.8624 51.8836 51.9084 51.9331
 51.9482 51.9854 58.6193 59.1911 59.3585 59.5708 59.7017 59.7908 59.8889
60.0217 60.1238 60.1867 60.2658 60.2814 60.3113 60.3354 60.395  60.4167
 60.4689 60.5278 60.5481 60.6083 60.6532 60.6787 60.7196 60.752  60.7667
 60.8463 60.8637 60.8892 60.9105 60.9367 60.9584 60.995  61.0344 61.0758
 61.0953 61.1385 68.3909 69.1036 69.6493 69.6904 69.7138 69.7848 69.8697
 69.8987

