13.2716 13.4155 13.6934 13.7371 13.9745 14.0513 14.1462 14.2327 14.2635
 14.3696 14.4149 14.4358 14.5057 14.6013 14.6151 14.6303 14.6705 14.6962
 14.75   14.8301 14.8763
20.9082 22.6693 23.1227 23.1501 23.1809 23.2104 23.2501 23.2858 23.3284
 23.364  23.3975 23.4257 23.5104 23.628  23.6524 23.6927 23.7249 23.8066
 23.8179 23.8346 23.9506 23.9649 23.9841 24.002  24.0205 24.0555 24.0723
 24.0853 24.1762 24.26
31.7635 32.6692 33.0143 33.0306 33.0806 33.1793 33.2084 33.3379 33.3672
 33.3981 33.5774 33.6105 33.6452 33.6652 33.7264 33.7451 33.7745 33.7947
 33.824  33.9024
41.1016 41.937  42.1523 42.1857 42.4512 42.5877 42.6977 42.7392 42.8155
 42.8884 42.908  42.9365 42.9723 43.1118
51.0458 51.079  51.1281 51.1988 51.2146 51.2597 51.3356 51.3903 51.4185
 51.4435 51.5119 51.5437 51.5706 51.6324 51.6614 51.6813 51.7676 51.8007
 51.8241 51.8428 51.8595 51.9032 51.9178 51.9327 51.9776 52.0309 52.1137
 52.1966 57.2628 58.2089 58.8863 59.5809 59.6384 59.8915 59.97
60.0005 60.0291 60.1502 60.1857 60.2517 60.2933 60.3384 60.357  60.3818
 60.4447 60.5026 60.5195 60.5492 60.6058 60.6391 60.6587 60.7284 60.745
 60.8121 60.8637 60.8774 60.8918 60.9264 61.0175 61.0547 68.6225 68.9354
 69.063  69.3638 69.4682 69.5082 69.6038 69.6712 69.7567 69.8098 69.8519
 69.8755 69.9657

