13.5395 13.5941 14.1265 14.2271 14.2567 14.3628 14.4898 14.5735 14.899
22.1375 23.0199 23.1741 23.2746 23.3183 23.3603 23.549  23.6925 23.7882
 23.8671 23.9835
32.6393 32.7865 33.0551 33.3016 33.4933 33.5364 33.5792
40.9016 41.7203 41.7442 42.0196 42.2134 42.2778 42.3257 42.3896 42.5382
 42.6058 46.4128 48.5665 49.9118
50.2347 50.7728 50.8571 50.9314 51.0538 51.4154 51.4555 51.4786 51.5244
 51.563  51.7112 51.8096 59.8348
60.2098 60.3895 60.6934 60.7345 60.7636 60.9026 61.0003 61.059  61.1433
 61.2318 61.3759 66.5088 69.2983 69.855

