11.9593 12.0181 13.158  13.2507 13.3103 13.3575 13.4333 13.5098 13.5425
 13.5826 13.6032 13.6422 13.6666 13.6884 13.7146 13.7382 13.757  13.7719
 13.7862 13.7997 13.8176 13.8456 13.8636 13.8824 13.899  13.9162 13.9287
 13.9406 13.9582 13.9672 13.9775 13.9873 13.9994 14.014  14.0266 14.0397
 14.0535 14.0666 14.0766 14.0878 14.1009 14.1128 14.1243 14.1358 14.1482
 14.1602 14.1689 14.1781 14.1882 14.2009 14.2115 14.223  14.2356 14.2462
 14.2588 14.2723 14.2838 14.2945 14.3054 14.318  14.3296 14.3446 14.3553
 14.3651 14.3754 14.3861 14.3957 14.4061 14.4148 14.4241 14.4349 14.4453
 14.4548 14.4636 14.4726 14.4827 14.4942 14.5033 14.5125 14.5211 14.5305
 14.5398 14.55   14.559  14.5689 14.5782 14.5879 14.5974 14.6066 14.6154
 14.6251 14.6339 14.6426 14.6537 14.6631 14.6722 14.6818 14.6907 14.6993
 14.7104 14.7206 14.7298 14.7401 14.7489 14.7575 14.7695 14.7794 14.7897
 14.7988 14.8078 14.8173 14.8268 14.8361 14.8465 14.857  14.8682 14.8792
 14.8903 14.9008 14.9122 14.9218 14.9329 14.9443 14.9547 14.9648 14.9754
 14.9843 14.9946 15.0062 15.0187 15.0301 15.0419 15.0513 15.0619 15.0734
 15.0844 15.0952 15.1065 15.1169 15.1296 15.1411 15.1544 15.1686 15.1788
 15.1906 15.204  15.2157 15.2255 15.2392 15.2497 15.2618 15.2728 15.2846
 15.2964 15.3075 15.3174 15.3292 15.3395 15.3505 15.3611 15.372  15.385
 15.3969 15.4116 15.4234 15.4338 15.4459 15.4559 15.4663 15.4803 15.4932
 15.5055 15.5166 15.5303 15.541  15.5534 15.5669 15.5799 15.5937 15.6065
 15.6201 15.6321 15.6457 15.6608 15.6761 15.6896 15.7016 15.7185 15.733
 15.7501 15.7686 15.7974 15.8125 15.8341 15.8528 15.8792 15.9096 15.9433
 15.9659 16.003  16.0408 16.0934
21.5258 22.1918 22.4148 22.4807 22.4984 22.5597 22.6112 22.6471 22.6758
 22.7053 22.7469 22.7642 22.8118 22.8484 22.8783 22.8948 22.9285 22.9587
 22.9734 22.9978 23.0108 23.0219 23.0415 23.055  23.0707 23.0833 23.0973
 23.1102 23.1257 23.1392 23.1545 23.1691 23.1864 23.2006 23.214  23.228
 23.2383 23.2491 23.2581 23.2694 23.2818 23.2949 23.3078 23.3189 23.3301
 23.3408 23.3535 23.3648 23.3756 23.3882 23.4    23.4119 23.4242 23.4357
 23.4464 23.4574 23.4681 23.4778 23.4881 23.4989 23.5079 23.5176 23.5285
 23.5379 23.5488 23.558  23.5672 23.5766 23.587  23.5982 23.6079 23.618
 23.6279 23.6364 23.6453 23.6547 23.664  23.6724 23.6818 23.6913 23.7009
 23.7093 23.7193 23.7283 23.737  23.745  23.7537 23.763  23.7722 23.7813
 23.7924 23.8037 23.8138 23.8224 23.8317 23.8408 23.8507 23.8611 23.8714
 23.8802 23.8899 23.8985 23.9072 23.9158 23.9247 23.934  23.943  23.9514
 23.96   23.9693 23.9772 23.9861 23.9958 24.0046 24.0145 24.0263 24.0373
 24.0473 24.0568 24.0693 24.0796 24.0926 24.1022 24.114  24.124  24.1357
 24.1454 24.1566 24.1665 24.1791 24.1902 24.2001 24.2117 24.222  24.2351
 24.2466 24.2584 24.2694 24.2805 24.2931 24.3052 24.3192 24.3311 24.3427
 24.3544 24.3675 24.3776 24.392  24.4037 24.417  24.4286 24.4392 24.4509
 24.4616 24.4741 24.4851 24.4966 24.5094 24.5213 24.5329 24.5465 24.5566
 24.5694 24.5807 24.5936 24.609  24.6244 24.6363 24.6499 24.6604 24.6716
 24.6842 24.6969 24.7114 24.7253 24.7378 24.7514 24.7704 24.7977 24.8109
 24.8261 24.8432 24.8594 24.8743 24.89   24.9028 24.9358 24.966  24.9864
 25.0016 25.0278 25.0526 25.1012 25.1576 25.2965
31.5934 31.6753 31.7459 31.8259 31.8626 31.8995 31.9836 32.0067 32.0305
 32.0477 32.083  32.1128 32.1375 32.159  32.2108 32.2278 32.2419 32.2601
 32.287  32.3035 32.3215 32.339  32.3685 32.3912 32.4142 32.4296 32.4483
 32.464  32.4827 32.4994 32.5234 32.5408 32.5602 32.5719 32.5871 32.5995
 32.6134 32.6281 32.6456 32.6563 32.6692 32.6834 32.6965 32.7102 32.7239
 32.7412 32.7542 32.7646 32.7786 32.7909 32.8039 32.818  32.8299 32.8415
 32.8522 32.8625 32.8751 32.8873 32.9025 32.9205 32.9344 32.9472 32.9586
 32.969  32.9826 33.0062 33.0217 33.0401 33.0534 33.0679 33.0829 33.0984
 33.1101 33.1231 33.1344 33.1477 33.1614 33.1829 33.1999 33.2141 33.2299
 33.2457 33.2615 33.2793 33.2936 33.312  33.3319 33.3529 33.3658 33.3799
 33.3947 33.4082 33.4275 33.4429 33.4592 33.4912 33.5073 33.522  33.5455
 33.5612 33.581  33.5953 33.6238 33.6408 33.6614 33.6807 33.6975 33.7198
 33.7378 33.7586 33.7793 33.7969 33.8184 33.8367 33.8822 33.9116 33.9352
 33.9751 33.9977 34.0216 34.0899 34.1539 34.3353 39.5151 39.8208
40.2155 40.2579 40.2935 40.3455 40.3832 40.4232 40.4531 40.4695 40.4966
 40.5259 40.5464 40.5598 40.5804 40.5918 40.6104 40.6348 40.6527 40.672
 40.6952 40.738  40.7686 40.7828 40.7982 40.8132 40.8253 40.8384 40.8586
 40.8739 40.8889 40.9011 40.9146 40.93   40.9412 40.96   40.9713 40.9816
 40.9916 41.0051 41.0232 41.0327 41.0436 41.055  41.0664 41.0782 41.0899
 41.1022 41.1117 41.1226 41.1343 41.1449 41.1563 41.1665 41.1777 41.1893
 41.1998 41.2123 41.2236 41.2345 41.2436 41.2546 41.264  41.2737 41.2832
 41.2942 41.3043 41.3143 41.3247 41.3351 41.3454 41.3538 41.3632 41.3722
 41.3819 41.3906 41.3994 41.4073 41.4158 41.4254 41.4344 41.4435 41.4522
 41.4609 41.4701 41.4787 41.4879 41.4965 41.5053 41.5143 41.5255 41.5352
 41.545  41.5544 41.5636 41.572  41.5805 41.5896 41.598  41.6062 41.6149
 41.6229 41.632  41.6414 41.6505 41.6593 41.6696 41.6791 41.6884 41.6968
 41.7055 41.7151 41.7237 41.7329 41.7415 41.7515 41.7611 41.77   41.7787
 41.7873 41.7962 41.8048 41.8142 41.8244 41.8348 41.8437 41.8531 41.863
 41.8758 41.8849 41.8949 41.9042 41.9144 41.9242 41.9346 41.9438 41.9532
 41.9629 41.9736 41.9856 41.9961 42.0063 42.0178 42.0289 42.039  42.0491
 42.0605 42.0721 42.0848 42.0952 42.1054 42.1144 42.1247 42.1355 42.1456
 42.1557 42.1656 42.1784 42.1897 42.2004 42.2115 42.2226 42.2336 42.2475
 42.2585 42.2704 42.2827 42.2941 42.3038 42.3138 42.3239 42.3361 42.3487
 42.3616 42.3746 42.3853 42.3955 42.4055 42.417  42.4289 42.44   42.4511
 42.4632 42.4756 42.4854 42.4956 42.5083 42.524  42.5384 42.5503 42.5621
 42.5768 42.5892 42.6072 42.6248 42.6369 42.6513 42.6666 42.6854 42.7082
 42.7331 42.7632 42.7928 42.8154 42.8794 42.9352 43.0147 48.9978 49.0755
 49.2198 49.3496 49.4921 49.6709 49.7109 49.7848 49.8054 49.8349 49.8633
 49.9075 49.9728 49.997
50.0269 50.0456 50.0633 50.0819 50.0984 50.1146 50.1321 50.147  50.1628
 50.1781 50.1967 50.2115 50.2242 50.2439 50.259  50.2729 50.2842 50.2976
 50.3135 50.3292 50.3466 50.362  50.3775 50.3896 50.4037 50.4147 50.4256
 50.441  50.4554 50.4727 50.4862 50.4957 50.5105 50.5224 50.5321 50.5421
 50.5528 50.5643 50.5781 50.5895 50.5996 50.6102 50.6191 50.63   50.6388
 50.6504 50.6613 50.6733 50.6841 50.694  50.7033 50.7134 50.7227 50.7317
 50.7408 50.75   50.7599 50.7696 50.7803 50.7921 50.8041 50.8131 50.8225
 50.8324 50.8421 50.8521 50.8618 50.8723 50.8831 50.8918 50.9014 50.9111
 50.9209 50.9307 50.94   50.9507 50.9608 50.9695 50.9786 50.9869 50.9957
 51.0053 51.015  51.0259 51.0359 51.0465 51.0568 51.0667 51.076  51.0874
 51.0973 51.106  51.1137 51.1225 51.1315 51.1402 51.1495 51.1589 51.1693
 51.1795 51.1894 51.1988 51.2103 51.2211 51.2302 51.2388 51.2469 51.2571
 51.2665 51.2754 51.2854 51.296  51.3052 51.316  51.3271 51.3379 51.3474
 51.3573 51.3673 51.3775 51.3872 51.3974 51.4078 51.4195 51.4284 51.438
 51.4499 51.4612 51.4713 51.482  51.4933 51.5076 51.5205 51.5324 51.5459
 51.5576 51.5686 51.5805 51.5958 51.6082 51.6221 51.6356 51.6471 51.6592
 51.6751 51.6883 51.6997 51.71   51.7245 51.7361 51.7471 51.7572 51.7691
 51.7802 51.7915 51.804  51.818  51.8324 51.8453 51.8562 51.8685 51.8803
 51.8923 51.9045 51.9178 51.9389 51.9546 51.9693 51.9862 52.004  52.0168
 52.0292 52.046  52.0606 52.0774 52.1038 52.1195 52.1361 52.1521 52.1754
 52.1935 52.2142 52.2389 52.2632 52.2957 52.356  58.167  58.4195 58.438
 58.5573 58.6492 58.7371 58.7657 58.784  58.853  58.8915 58.9365 58.9512
 58.9712 58.9874 59.0041 59.0272 59.0461 59.0633 59.0815 59.1025 59.1177
 59.1325 59.1441 59.1668 59.1807 59.197  59.2169 59.2313 59.2449 59.2585
 59.2714 59.2861 59.301  59.3132 59.3239 59.3396 59.3523 59.364  59.3763
 59.3864 59.3977 59.4121 59.4227 59.4366 59.4502 59.4634 59.4753 59.487
 59.4998 59.512  59.5219 59.5355 59.5463 59.5574 59.5669 59.5764 59.5862
 59.595  59.6038 59.6124 59.6218 59.6323 59.6443 59.6575 59.6669 59.6754
 59.6845 59.6947 59.7055 59.7141 59.7231 59.7323 59.7433 59.7528 59.7633
 59.7735 59.7832 59.7927 59.8015 59.8099 59.8194 59.8286 59.8403 59.8493
 59.8594 59.8677 59.8777 59.8872 59.8977 59.9065 59.9167 59.926  59.9354
 59.9447 59.9538 59.9623 59.9702 59.9785 59.9869 59.9948
60.0038 60.0128 60.0241 60.0346 60.0435 60.0526 60.0612 60.0704 60.08
 60.0889 60.0999 60.1092 60.1182 60.1269 60.1351 60.1443 60.1532 60.1623
 60.171  60.1817 60.1911 60.2012 60.2107 60.2202 60.2297 60.2381 60.2488
 60.258  60.2668 60.2771 60.2869 60.2967 60.3078 60.3194 60.3311 60.3422
 60.3531 60.3635 60.3738 60.3849 60.3959 60.4079 60.4192 60.4298 60.4417
 60.4554 60.4665 60.4787 60.4899 60.5001 60.5115 60.5242 60.5338 60.5457
 60.5573 60.5692 60.5817 60.5943 60.6054 60.6167 60.6272 60.6378 60.6495
 60.6609 60.6717 60.684  60.694  60.7075 60.7197 60.7324 60.7453 60.7567
 60.7682 60.7802 60.7922 60.8088 60.8205 60.8311 60.8423 60.852  60.8642
 60.876  60.8887 60.9013 60.9135 60.9264 60.9389 60.9524 60.9669 60.9784
 60.9888 61.0037 61.0246 61.0414 61.0605 61.0823 61.1001 61.1225 61.1427
 61.1649 61.1893 61.2135 61.2466 61.2988 61.3643 61.6694 64.8035 66.0022
 66.5859 67.4578 67.6336 67.8231 67.9319 68.0748 68.2168 68.2714 68.2991
 68.323  68.3817 68.4194 68.4371 68.4674 68.4895 68.5153 68.5464 68.5826
 68.5953 68.6134 68.6307 68.6426 68.6565 68.6859 68.7014 68.7234 68.7429
 68.7558 68.7751 68.7928 68.8082 68.8227 68.8361 68.8521 68.8667 68.8788
 68.8884 68.901  68.9176 68.9292 68.9398 68.9508 68.9623 68.9741 68.9871
 69.0024 69.0125 69.0222 69.032  69.0426 69.0521 69.0622 69.0724 69.0823
 69.0921 69.1035 69.1169 69.1283 69.1389 69.1496 69.1595 69.1709 69.1816
 69.1917 69.2013 69.2122 69.2234 69.2339 69.2499 69.2591 69.2701 69.281
 69.2944 69.3043 69.3155 69.3275 69.3385 69.3517 69.3633 69.3757 69.3887
 69.3986 69.4101 69.4243 69.436  69.4484 69.4613 69.4754 69.4898 69.5
 69.5142 69.5234 69.5355 69.5477 69.5595 69.5714 69.5846 69.5967 69.6078
 69.6196 69.6339 69.6456 69.6576 69.6703 69.6833 69.6984 69.7126 69.7261
 69.737  69.7507 69.7629 69.7766 69.7885 69.8034 69.8171 69.8318 69.8485
 69.8604 69.8705 69.886  69.8981 69.9157 69.9312 69.9493 69.9673 69.9825
 69.9994

