12.6936 12.7323 12.915  13.1879 13.2504 13.2651 13.2969 13.3355 13.4184
 13.4735 13.5103 13.5241 13.5827 13.6035 13.622  13.6413 13.6817 13.704
 13.8385 13.8491 14.0073
22.055  22.2056 22.3025 22.3691 22.4294 22.4839 22.6591 22.6947 22.7256
 22.7455 22.7655 22.7932 22.8435 22.8609 22.9161 23.0955 23.2857
30.3699 31.2428 31.3389 31.3808 31.4677 31.705  31.8421 31.9001 31.9192
 32.0107 32.0315 32.0768 32.1156 32.2419 39.3065 39.8518
40.1722 40.3218 40.4805 40.6118 40.657  40.7502 40.844  41.0127 47.3409
 49.4329 49.4723 49.5268 49.6987 49.7373 49.7843 49.7995 49.8375 49.8788
 49.9394
50.1809 50.2444 50.2646 50.2879 50.3348 56.0685 57.7311 57.9839 58.3595
 58.4119 58.5348 58.5798 58.6166 58.655  58.7115 58.7544 58.8822 58.9694
 59.0346 59.0778 59.104  59.2243
65.5669 66.7319 67.7489 68.0729 68.1007 68.2236 68.246  68.2674 68.389
 68.5459 68.5924

