12.5379 12.7609 13.1266 13.2937 13.3765 13.4758 13.5059 13.5456 13.5633
 13.5874 13.6088 13.6418 13.6648 13.6851 13.6978 13.7124 13.7324 13.7525
 13.7759 13.7987 13.8171 13.8357 13.8571 13.8728 13.8918 13.9151 13.9282
 13.9423 13.9572 13.9753 13.9902 14.0042 14.0176 14.0296 14.0455 14.0574
 14.0699 14.084  14.0993 14.1099 14.1212 14.1375 14.148  14.1584 14.1684
 14.1784 14.1889 14.1991 14.2104 14.2226 14.2373 14.2494 14.2626 14.2726
 14.2819 14.2939 14.3044 14.3158 14.3277 14.338  14.3488 14.3588 14.369
 14.3794 14.39   14.3989 14.4088 14.4184 14.4285 14.4392 14.4497 14.4592
 14.4684 14.4771 14.4867 14.4966 14.506  14.5151 14.5243 14.534  14.5443
 14.5545 14.5632 14.5735 14.5854 14.5965 14.6065 14.6156 14.6254 14.635
 14.6442 14.6554 14.6668 14.6777 14.6871 14.696  14.7043 14.7139 14.7236
 14.7345 14.7431 14.7525 14.7617 14.7724 14.7813 14.7909 14.8006 14.812
 14.8238 14.8343 14.8445 14.8556 14.8658 14.875  14.884  14.8935 14.9027
 14.9133 14.9235 14.9342 14.9433 14.952  14.962  14.9729 14.9841 14.9957
 15.0066 15.0163 15.0261 15.0366 15.0466 15.059  15.0674 15.0778 15.0887
 15.0998 15.1109 15.123  15.1365 15.149  15.1612 15.1733 15.1834 15.1944
 15.2044 15.215  15.2262 15.2367 15.2466 15.2567 15.269  15.2818 15.2968
 15.3097 15.3218 15.3337 15.3455 15.3574 15.3699 15.3831 15.395  15.4066
 15.4201 15.4323 15.4455 15.4611 15.4733 15.4879 15.5045 15.5186 15.5313
 15.5427 15.5567 15.5688 15.5815 15.6017 15.6169 15.6341 15.6456 15.6567
 15.6718 15.6837 15.7032 15.7202 15.739  15.7531 15.7657 15.7795 15.7909
 15.8065 15.8201 15.8348 15.8475 15.8625 15.8739 15.8918 15.9067 15.9232
 15.9425 15.9597 15.9764 15.9911 16.0092 16.0286 16.0445 16.0626 16.0866
 16.1086 16.1263 16.1416 16.1756 16.1921 16.2106 16.235  16.251  16.2747
 16.2894 16.3106 16.3338 16.3532 16.3784 16.3978 16.431  16.4562 16.4808
 16.506  16.5299 16.5574 16.5744 16.6108 16.6324 16.6632 16.708  16.7388
 16.7702 16.8231
22.4557 22.4983 22.6883 22.7439 22.8466 22.8807 22.9082 22.9409 22.962
 22.9779 23.012  23.0455 23.0675 23.0849 23.0978 23.1201 23.1374 23.1583
 23.1731 23.1907 23.2036 23.2169 23.2309 23.2472 23.2654 23.2814 23.2914
 23.3038 23.3176 23.33   23.3448 23.3548 23.3696 23.3848 23.4011 23.4216
 23.4356 23.4506 23.464  23.4774 23.4924 23.5047 23.5155 23.5261 23.5379
 23.5541 23.5671 23.5791 23.5907 23.6037 23.6127 23.6234 23.6354 23.6449
 23.6557 23.6668 23.6779 23.693  23.7048 23.7159 23.7256 23.7376 23.7492
 23.7625 23.7762 23.7895 23.7983 23.8089 23.8192 23.8295 23.8387 23.8515
 23.8655 23.8772 23.8873 23.8979 23.9076 23.9179 23.9279 23.9391 23.9505
 23.9614 23.9714 23.9832 23.9954 24.0072 24.0193 24.0304 24.0419 24.0521
 24.062  24.0737 24.0842 24.0946 24.1055 24.1145 24.1282 24.1403 24.1519
 24.1648 24.1749 24.1857 24.1975 24.209  24.2202 24.2309 24.2433 24.2555
 24.2669 24.2775 24.2873 24.3012 24.313  24.3258 24.3402 24.3544 24.3667
 24.3802 24.3945 24.4099 24.4233 24.434  24.4457 24.457  24.4694 24.4824
 24.4941 24.5054 24.5167 24.5289 24.5416 24.5549 24.5668 24.581  24.5943
 24.6079 24.6213 24.6374 24.6506 24.6622 24.6749 24.6903 24.7052 24.7168
 24.7293 24.7432 24.7581 24.7695 24.7862 24.7985 24.8105 24.8246 24.8388
 24.8511 24.8644 24.88   24.8943 24.9074 24.9192 24.9314 24.9445 24.9587
 24.9754 24.9886 25.0043 25.0176 25.032  25.0484 25.0604 25.0719 25.0883
 25.1016 25.1218 25.1357 25.1553 25.1698 25.1844 25.1993 25.2127 25.2302
 25.2497 25.2663 25.2837 25.303  25.3198 25.3344 25.3538 25.3721 25.3879
 25.4029 25.4203 25.4347 25.4539 25.4749 25.4892 25.5095 25.536  25.5545
 25.5808 25.6016 25.6195 25.6555 25.6767 25.6939 25.7199 25.7464 25.782
 25.8129 25.8366 25.8836 25.9039 25.9267 25.9667 25.9968 26.1816 26.2256
 29.0364
30.6986 31.2398 31.5302 31.8801 31.9377 31.9629 32.0223 32.0788 32.0995
 32.1274 32.1523 32.1795 32.1995 32.219  32.2574 32.2718 32.2865 32.3173
 32.33   32.3427 32.3663 32.3844 32.4029 32.4152 32.4354 32.4497 32.4639
 32.4773 32.4919 32.5094 32.5253 32.542  32.561  32.5719 32.5869 32.6045
 32.6149 32.6271 32.6374 32.6469 32.6602 32.6764 32.6918 32.705  32.7156
 32.7301 32.7432 32.7546 32.7678 32.7786 32.7899 32.8088 32.8215 32.837
 32.8479 32.8601 32.8732 32.8853 32.8967 32.9069 32.9199 32.9334 32.9502
 32.9612 32.9721 32.9853 32.999  33.014  33.0288 33.0494 33.0632 33.0739
 33.0886 33.103  33.1173 33.1337 33.1495 33.1647 33.1816 33.1951 33.2153
 33.2329 33.2508 33.2745 33.2869 33.304  33.3164 33.3354 33.3517 33.3705
 33.3878 33.4065 33.4216 33.4453 33.4608 33.482  33.5039 33.5182 33.5351
 33.5508 33.5752 33.5923 33.6159 33.6337 33.6609 33.6835 33.6987 33.7317
 33.7543 33.7733 33.8145 33.8409 33.8719 33.9487 33.9729 34.0038 34.0228
 34.072  34.0967 34.1302 34.1572 34.1855 34.2146 34.2553 34.2969 34.3519
 34.3848 34.4383 34.5098 34.5326 34.5723 34.6191 34.6517 34.8267 35.9819
 36.7691 39.8825
40.0527 40.1657 40.329  40.3701 40.465  40.5178 40.6288 40.6441 40.672
 40.6891 40.7061 40.7333 40.772  40.7932 40.8145 40.8542 40.8726 40.8896
 40.9037 40.9321 40.9513 40.9681 40.989  41.0051 41.0215 41.0352 41.0507
 41.0656 41.0786 41.095  41.1079 41.1193 41.1314 41.1427 41.1576 41.171
 41.184  41.1951 41.2068 41.2193 41.2297 41.239  41.2524 41.2638 41.2743
 41.288  41.2996 41.3124 41.3254 41.3372 41.3503 41.3622 41.3755 41.3892
 41.4022 41.4128 41.4226 41.4341 41.4461 41.4575 41.4681 41.4802 41.493
 41.5042 41.5154 41.5258 41.5391 41.5505 41.561  41.5721 41.5826 41.5927
 41.6028 41.6135 41.6293 41.6399 41.6508 41.6614 41.6721 41.6834 41.6928
 41.7031 41.7137 41.7245 41.7339 41.7446 41.7574 41.7696 41.7823 41.7928
 41.8064 41.8173 41.8303 41.8422 41.8525 41.8633 41.8745 41.8855 41.8977
 41.9124 41.9236 41.9358 41.9476 41.958  41.9695 41.9809 41.9919 42.0022
 42.0129 42.0258 42.0372 42.0498 42.0647 42.0747 42.0851 42.0985 42.1104
 42.124  42.1349 42.1459 42.1579 42.1718 42.1849 42.197  42.2083 42.2216
 42.2358 42.249  42.2606 42.2753 42.286  42.2973 42.3102 42.3241 42.3356
 42.35   42.3613 42.376  42.3913 42.4035 42.4142 42.4296 42.4417 42.4539
 42.4653 42.4783 42.4889 42.5006 42.5161 42.5296 42.541  42.5546 42.5665
 42.5781 42.592  42.6051 42.6175 42.63   42.6431 42.6556 42.6709 42.6824
 42.6932 42.7057 42.7228 42.7394 42.7553 42.7697 42.7852 42.7993 42.8131
 42.826  42.8404 42.8542 42.8666 42.8797 42.8937 42.9048 42.9186 42.9315
 42.9437 42.9588 42.9732 42.9905 43.004  43.0193 43.0315 43.0452 43.0636
 43.0837 43.0995 43.1157 43.1314 43.1437 43.1581 43.1815 43.1969 43.2117
 43.2281 43.2423 43.2607 43.276  43.2959 43.3138 43.3355 43.3567 43.3798
 43.3999 43.4269 43.4466 43.4735 43.4899 43.5057 43.5277 43.5595 43.5832
 43.6167 43.641  43.6676 43.7128 43.7623 43.8175 43.9309 44.0508 47.2745
 48.3115 49.2458 49.3542 49.3939 49.5714 49.6338 49.7542 49.9198 49.9766
50.0006 50.1004 50.1207 50.1681 50.1895 50.2236 50.2604 50.2899 50.3138
 50.3359 50.3501 50.3724 50.3883 50.4052 50.4213 50.4352 50.4526 50.4662
 50.4839 50.4998 50.5103 50.5262 50.5371 50.5488 50.5604 50.5734 50.5867
 50.5986 50.6086 50.6248 50.6352 50.6459 50.6569 50.6696 50.6821 50.6951
 50.7135 50.7305 50.7433 50.76   50.7719 50.7825 50.7947 50.8053 50.8176
 50.8307 50.8452 50.8578 50.8709 50.885  50.8958 50.9067 50.9167 50.9259
 50.9357 50.9458 50.9565 50.9709 50.9838 50.9952 51.0066 51.0189 51.0339
 51.0515 51.0675 51.0786 51.0905 51.1043 51.1148 51.125  51.1358 51.1466
 51.1591 51.1694 51.1814 51.1937 51.2056 51.2184 51.232  51.244  51.2559
 51.2666 51.2788 51.2891 51.3008 51.3117 51.3224 51.3341 51.3488 51.3638
 51.3754 51.3912 51.4045 51.4165 51.4299 51.4425 51.4529 51.4675 51.4788
 51.489  51.4991 51.5126 51.5239 51.5338 51.5432 51.5527 51.564  51.5791
 51.59   51.6017 51.6125 51.6256 51.6363 51.6494 51.6628 51.6751 51.6869
 51.6997 51.7096 51.7252 51.7374 51.7509 51.7648 51.7781 51.7908 51.8026
 51.8142 51.8256 51.8426 51.8549 51.8686 51.8807 51.8912 51.9027 51.9158
 51.9273 51.9444 51.9549 51.9666 51.9797 51.9935 52.0057 52.0185 52.0311
 52.0468 52.0593 52.0728 52.0843 52.0995 52.115  52.1319 52.1522 52.169
 52.1825 52.1987 52.2131 52.2287 52.2447 52.2662 52.2815 52.2944 52.3126
 52.3268 52.3399 52.3527 52.37   52.3852 52.3995 52.4158 52.4305 52.4438
 52.46   52.4752 52.4961 52.5155 52.531  52.5488 52.5633 52.5806 52.5959
 52.6142 52.6318 52.6509 52.6669 52.6849 52.7101 52.7294 52.7531 52.7719
 52.7955 52.8207 52.8472 52.8713 52.8977 52.9272 52.9533 52.9787 53.0026
 53.0376 53.0623 53.0888 53.129  53.1589 53.2206 53.8783 57.5187 57.8219
 58.023  58.368  58.4084 58.5918 58.6113 58.6645 58.7039 58.7519 58.8605
 58.8948 58.9232 58.9631 58.9908 59.0177 59.0699 59.0983 59.1242 59.1456
 59.1595 59.1772 59.1939 59.2161 59.2398 59.2623 59.2737 59.2912 59.3065
 59.3207 59.3377 59.3523 59.3649 59.3875 59.4004 59.4105 59.4232 59.4368
 59.4532 59.4685 59.4818 59.4954 59.5095 59.5232 59.539  59.5547 59.569
 59.5829 59.5962 59.6124 59.6277 59.642  59.6525 59.6636 59.6759 59.6867
 59.6981 59.71   59.7218 59.7356 59.7466 59.7571 59.768  59.7808 59.7911
 59.8057 59.8167 59.8265 59.8401 59.8504 59.8615 59.8716 59.8826 59.8941
 59.9039 59.9147 59.9256 59.9365 59.9458 59.9549 59.9652 59.9751 59.9849
 59.9948
60.0047 60.0164 60.0282 60.0395 60.0508 60.0593 60.0699 60.0798 60.0888
 60.0985 60.1098 60.1201 60.1299 60.1395 60.1504 60.1602 60.1712 60.181
 60.1931 60.2044 60.2157 60.2269 60.2365 60.2489 60.26   60.2723 60.2844
 60.2993 60.3115 60.3225 60.3339 60.3498 60.3603 60.3728 60.3842 60.3961
 60.4075 60.4195 60.4321 60.4418 60.4516 60.462  60.4729 60.483  60.4947
 60.5084 60.5217 60.5349 60.5464 60.5578 60.5696 60.5805 60.5943 60.6062
 60.618  60.6329 60.6453 60.6608 60.6744 60.6884 60.6995 60.7119 60.7275
 60.7414 60.7549 60.7666 60.7808 60.7924 60.8043 60.8156 60.8278 60.8392
 60.8527 60.8708 60.8821 60.8935 60.9062 60.9208 60.9356 60.9493 60.9681
 60.9823 60.998  61.0118 61.0262 61.0408 61.054  61.068  61.0824 61.0945
 61.1116 61.1233 61.1378 61.1551 61.1654 61.1792 61.1924 61.2068 61.221
 61.2372 61.2556 61.2701 61.2843 61.2963 61.3074 61.3204 61.3336 61.3468
 61.3632 61.3767 61.3959 61.4129 61.4296 61.4473 61.4633 61.479  61.4994
 61.516  61.5348 61.5511 61.5667 61.5841 61.6032 61.6216 61.6387 61.6586
 61.6762 61.6921 61.7155 61.7363 61.7538 61.7744 61.794  61.8106 61.8308
 61.853  61.8724 61.896  61.9287 61.9534 61.9822 62.0459 62.1006 62.1479
 62.1834 62.2217 62.3852 67.8326 68.0257 68.1444 68.1768 68.2293 68.2991
 68.3299 68.3642 68.4021 68.4472 68.5006 68.5158 68.5335 68.5549 68.5905
 68.6115 68.6285 68.6508 68.6642 68.6922 68.7183 68.7328 68.7488 68.7681
 68.7928 68.8078 68.8267 68.8459 68.8629 68.8824 68.8956 68.9116 68.93
 68.9429 68.9543 68.9664 68.9778 68.9901 69.0029 69.0169 69.0315 69.0466
 69.0598 69.0762 69.0916 69.1055 69.1178 69.1299 69.1453 69.1627 69.1732
 69.1838 69.1995 69.2139 69.2266 69.2432 69.2574 69.268  69.2785 69.2913
 69.3026 69.313  69.3273 69.3381 69.3524 69.3648 69.3775 69.389  69.4025
 69.4147 69.4273 69.4414 69.4524 69.4634 69.4751 69.4873 69.4985 69.5132
 69.5267 69.5426 69.557  69.5731 69.5874 69.5989 69.6106 69.6247 69.638
 69.6534 69.6643 69.6749 69.6894 69.7032 69.7214 69.7424 69.7624 69.7744
 69.7902 69.8046 69.8223 69.8369 69.852  69.8703 69.8869 69.9015 69.9228
 69.9399 69.9529 69.9662 69.9789

