12.268  13.6178 13.7248 13.7564 13.7972 13.8258 13.8521 13.9068 13.9283
 13.9678 14.007  14.0399 14.0857 14.1153 14.1323 14.1453 14.1631 14.1833
 14.2008 14.2177 14.2367 14.2502 14.2678 14.2832 14.3021 14.3202 14.3328
 14.3437 14.3591 14.3735 14.392  14.4153 14.4297 14.449  14.4594 14.4738
 14.4868 14.5041 14.5153 14.5334 14.545  14.5587 14.5693 14.5835 14.596
 14.6081 14.6211 14.6329 14.6431 14.6543 14.6653 14.6759 14.6902 14.7014
 14.7166 14.7284 14.7412 14.7544 14.765  14.7774 14.7877 14.7974 14.8092
 14.8188 14.8297 14.8396 14.8492 14.8577 14.8693 14.8797 14.8891 14.9005
 14.9125 14.9239 14.9339 14.9458 14.9555 14.9663 14.9768 14.9877 14.9975
 15.009  15.0194 15.0298 15.0387 15.0485 15.0578 15.0685 15.0782 15.0892
 15.0989 15.1083 15.1179 15.1292 15.1404 15.1497 15.1621 15.1732 15.1839
 15.1962 15.2073 15.218  15.2273 15.2369 15.247  15.2578 15.2689 15.28
 15.2904 15.301  15.3117 15.3219 15.3351 15.3459 15.3569 15.3672 15.377
 15.3861 15.396  15.407  15.419  15.4294 15.4402 15.4523 15.4637 15.4746
 15.4852 15.4946 15.5067 15.5226 15.533  15.5445 15.5557 15.5651 15.5772
 15.5906 15.6021 15.6141 15.6264 15.6382 15.6502 15.6616 15.6748 15.6906
 15.7067 15.719  15.7307 15.7439 15.7588 15.7732 15.7858 15.7988 15.8149
 15.8311 15.846  15.8608 15.8798 15.8941 15.9066 15.9259 15.9459 15.9633
 15.979  15.9964 16.0186 16.0406 16.0694 16.1002 16.1958 16.2709 16.3161
21.6068 22.0009 22.5428 22.6125 22.6621 22.7819 22.8419 22.9388 22.9697
 23.0373 23.0784 23.104  23.1476 23.1668 23.2221 23.2667 23.2858 23.3047
 23.3277 23.3577 23.37   23.3882 23.4029 23.4245 23.4522 23.4685 23.4839
 23.4986 23.5177 23.5372 23.5584 23.5759 23.5921 23.6061 23.6222 23.6428
 23.6571 23.6713 23.692  23.7077 23.7236 23.7369 23.7495 23.7671 23.7806
 23.7946 23.8082 23.8226 23.8353 23.8511 23.8665 23.8782 23.8912 23.9012
 23.9134 23.9259 23.9387 23.9493 23.9608 23.978  23.9907 24.0026 24.015
 24.025  24.0362 24.0465 24.0576 24.0694 24.0806 24.0908 24.1022 24.1128
 24.1261 24.137  24.1472 24.1592 24.1692 24.1792 24.1902 24.2005 24.2116
 24.2245 24.2368 24.2479 24.2605 24.2718 24.2862 24.2972 24.3067 24.3186
 24.3304 24.3403 24.3507 24.3636 24.3739 24.387  24.3981 24.4078 24.4173
 24.4272 24.437  24.4491 24.4614 24.473  24.4848 24.4976 24.5119 24.5237
 24.5352 24.5459 24.5562 24.5692 24.5856 24.6009 24.6139 24.6259 24.6388
 24.651  24.6627 24.6748 24.6853 24.6961 24.7069 24.7186 24.7293 24.7413
 24.7532 24.7668 24.7782 24.7896 24.8042 24.8157 24.8314 24.8426 24.8529
 24.8666 24.88   24.8941 24.9053 24.9164 24.9325 24.9476 24.9645 24.9774
 24.9914 25.0067 25.0337 25.053  25.0682 25.0823 25.101  25.1174 25.1359
 25.1516 25.1731 25.1887 25.209  25.2276 25.2551 25.2781 25.3507 25.3721
 25.4055 25.4708 25.5387 26.4759
31.6901 31.7528 31.8424 31.9314 31.9665 32.1943 32.2319 32.2667 32.2971
 32.3287 32.3585 32.3818 32.4037 32.4196 32.4371 32.4612 32.4867 32.5113
 32.5364 32.5514 32.5689 32.5888 32.6037 32.6284 32.6515 32.6624 32.6798
 32.7067 32.7213 32.7528 32.7726 32.7867 32.8066 32.8211 32.8373 32.8515
 32.8672 32.8809 32.8988 32.9171 32.9315 32.9469 32.9663 32.9881 33.004
 33.0219 33.0385 33.0509 33.0649 33.0795 33.096  33.1073 33.1208 33.1398
 33.158  33.1743 33.1929 33.2129 33.2265 33.2391 33.2507 33.2703 33.2879
 33.3019 33.316  33.329  33.3422 33.3588 33.3733 33.3848 33.3991 33.4191
 33.4367 33.4594 33.4751 33.4898 33.5056 33.5188 33.5351 33.5522 33.565
 33.5869 33.6175 33.6325 33.646  33.6589 33.6729 33.6874 33.7044 33.7225
 33.7405 33.765  33.788  33.8159 33.8331 33.8519 33.8881 33.9117 33.9295
 33.9479 33.9647 33.9798 34.0014 34.027  34.0679 34.0875 34.1067 34.1337
 34.1758 34.2247 34.2952 34.3537
40.3174 40.4959 40.5125 40.5562 40.6084 40.661  40.7034 40.7625 40.8032
 40.8398 40.873  40.8914 40.9073 40.9783 40.9975 41.0204 41.0377 41.0529
 41.068  41.1151 41.1399 41.1534 41.173  41.1959 41.2159 41.234  41.2506
 41.2677 41.2819 41.2991 41.3146 41.3275 41.3409 41.3525 41.3784 41.3952
 41.4157 41.4344 41.449  41.4673 41.4804 41.4967 41.5139 41.5278 41.5414
 41.5562 41.5729 41.5884 41.5998 41.611  41.6266 41.6408 41.6548 41.6684
 41.6799 41.6921 41.7023 41.7153 41.7259 41.7372 41.748  41.7604 41.7708
 41.782  41.7932 41.804  41.8138 41.8245 41.838  41.8561 41.8694 41.8808
 41.8915 41.9022 41.9142 41.9248 41.9382 41.9507 41.9626 41.9736 41.9874
 42.     42.013  42.0226 42.0345 42.0474 42.0592 42.0711 42.0817 42.0936
 42.1052 42.1153 42.1264 42.1373 42.1473 42.1588 42.1715 42.1827 42.1933
 42.205  42.218  42.2322 42.2436 42.2576 42.2685 42.2808 42.2906 42.3022
 42.3135 42.3253 42.3344 42.3455 42.3551 42.364  42.3743 42.3851 42.3959
 42.4068 42.4164 42.4273 42.4414 42.4538 42.4638 42.4745 42.4858 42.499
 42.5107 42.5235 42.5355 42.5465 42.5578 42.5696 42.5803 42.5968 42.6108
 42.6224 42.6365 42.6488 42.6617 42.6761 42.6871 42.699  42.7124 42.7242
 42.7378 42.752  42.766  42.7781 42.7937 42.8081 42.8241 42.8428 42.8606
 42.8775 42.8942 42.9108 42.9246 42.9381 42.9529 42.9686 42.9862 43.0023
 43.0201 43.0363 43.059  43.0868 43.1347 43.1637 43.1918 43.2326 43.2674
 43.3293 43.3513 43.3906 48.6433 49.0563 49.837  49.9154 49.9467 49.9776
50.0189 50.0439 50.1165 50.1506 50.1798 50.2119 50.2442 50.3001 50.3255
 50.3484 50.3855 50.4017 50.4195 50.442  50.4699 50.4875 50.5386 50.5598
 50.6074 50.6196 50.6374 50.658  50.6793 50.7034 50.7231 50.7381 50.757
 50.7815 50.7977 50.8131 50.8277 50.8448 50.857  50.8696 50.884  50.8969
 50.9108 50.9244 50.9405 50.9564 50.9742 50.9885 51.0045 51.0169 51.029
 51.0493 51.0668 51.0811 51.0936 51.1048 51.1189 51.1305 51.1446 51.1572
 51.1724 51.1869 51.2001 51.2127 51.2247 51.2389 51.2502 51.2623 51.2752
 51.2845 51.296  51.3058 51.3162 51.3268 51.3371 51.3481 51.36   51.3705
 51.3841 51.3952 51.4082 51.4181 51.4308 51.4413 51.4532 51.4645 51.4783
 51.4894 51.5009 51.5115 51.5226 51.534  51.5459 51.5576 51.5699 51.5803
 51.5923 51.6035 51.6156 51.6263 51.6366 51.6478 51.662  51.6736 51.6836
 51.6942 51.7056 51.7156 51.7262 51.7412 51.7543 51.767  51.7785 51.7898
 51.8025 51.8152 51.825  51.8354 51.8471 51.8584 51.8689 51.8804 51.8922
 51.9071 51.9193 51.9342 51.945  51.957  51.9699 51.9829 51.9942 52.0063
 52.0176 52.0294 52.0414 52.0528 52.0648 52.0794 52.0909 52.1037 52.1174
 52.1317 52.1474 52.1608 52.1773 52.1928 52.2071 52.2231 52.2364 52.2518
 52.268  52.2817 52.2967 52.3138 52.3311 52.3524 52.3718 52.401  52.4272
 52.4498 52.4987 52.5307 52.5573 52.5919 52.6565 52.7046 52.7657 52.8787
 56.3589 58.6073 59.0798 59.1119 59.1466 59.1691 59.1891 59.2461 59.2664
 59.2918 59.3197 59.3738 59.4197 59.4394 59.4697 59.4886 59.5082 59.5231
 59.5456 59.5612 59.5857 59.6012 59.6283 59.6446 59.6616 59.6752 59.6939
 59.7096 59.724  59.742  59.756  59.7682 59.7829 59.7996 59.8184 59.8345
 59.8466 59.8611 59.8777 59.8911 59.9054 59.918  59.9279 59.9397 59.9548
 59.9662 59.9838 59.994
60.0084 60.0218 60.0322 60.0468 60.0606 60.0778 60.0903 60.1024 60.1128
 60.1258 60.1359 60.1469 60.159  60.1714 60.1822 60.1933 60.204  60.2139
 60.2236 60.2393 60.2499 60.2618 60.2755 60.2861 60.2974 60.3107 60.3218
 60.3367 60.3489 60.361  60.3708 60.3812 60.3924 60.4033 60.4152 60.4267
 60.4376 60.4476 60.4602 60.4699 60.4808 60.4915 60.5018 60.5115 60.5214
 60.5318 60.544  60.5568 60.5676 60.5807 60.5915 60.6036 60.6151 60.6259
 60.6373 60.646  60.6564 60.6666 60.6782 60.6928 60.7053 60.7173 60.7288
 60.7399 60.7508 60.7608 60.7705 60.7804 60.7918 60.8036 60.8145 60.8257
 60.8378 60.8511 60.8621 60.8733 60.8836 60.8947 60.9061 60.9178 60.9291
 60.9424 60.953  60.9637 60.9761 60.9897 61.0028 61.0163 61.0324 61.0462
 61.0567 61.0715 61.085  61.0968 61.1075 61.1223 61.1358 61.1519 61.1699
 61.1861 61.2003 61.2233 61.2418 61.255  61.2698 61.2832 61.2987 61.3135
 61.339  61.3577 61.3835 61.4076 61.4495 61.4725 61.5123 61.5467 61.6048
 65.9216 67.2446 67.754  67.8579 68.2227 68.3017 68.3321 68.3625 68.3896
 68.4218 68.445  68.4891 68.5418 68.5758 68.6195 68.6729 68.7061 68.7308
 68.7503 68.7773 68.8174 68.8547 68.9136 68.937  68.9592 68.9823 69.0131
 69.0384 69.087  69.1004 69.1168 69.1394 69.1575 69.1741 69.1902 69.2075
 69.2205 69.2349 69.2487 69.2655 69.2791 69.3127 69.3263 69.3414 69.3527
 69.3667 69.3785 69.3954 69.4128 69.4313 69.4483 69.4647 69.4834 69.5008
 69.5246 69.5389 69.5536 69.5695 69.5865 69.6016 69.6155 69.6287 69.6446
 69.6573 69.6729 69.6847 69.6957 69.7064 69.7175 69.735  69.7499 69.7626
 69.7756 69.7871 69.7991 69.8129 69.825  69.8387 69.8501 69.8619 69.8765
 69.8887 69.9028 69.9152 69.9276 69.9453 69.96   69.974  69.986

