12.7136 12.8086 12.8379 13.1044 13.2366 13.2806 13.3205 13.3452 13.3812
 13.4149 13.4465 13.4919 13.519  13.5567 13.5721 13.5927 13.6102 13.6542
 13.6788 13.7031 13.7208 13.7384 13.7584 13.7705 13.7873 13.8061 13.8179
 13.8421 13.8577 13.8725 13.8863 13.9004 13.9137 13.9257 13.9435 13.9562
 13.9677 13.9905 14.0019 14.0156 14.0361 14.0622 14.0739 14.0856 14.0956
 14.1074 14.1212 14.1489 14.1693 14.1835 14.1945 14.204  14.2166 14.2252
 14.2362 14.2486 14.2633 14.2745 14.2849 14.2963 14.3108 14.3275 14.3383
 14.3569 14.3675 14.3836 14.3965 14.4112 14.4216 14.4337 14.4442 14.4584
 14.4734 14.4877 14.4993 14.5143 14.5287 14.5536 14.5652 14.5768 14.5906
 14.6047 14.6261 14.6383 14.6585 14.6766 14.6912 14.7066 14.7237 14.746
 14.7739 14.7907 14.8387 14.8504 14.8751 14.8899 14.9084 14.9279 14.9578
 14.9758 14.9895 15.0141 15.0983
20.0522 20.2525 22.2682 22.3127 22.4137 22.4332 22.5316 22.5765 22.596
 22.6293 22.6606 22.6814 22.7112 22.7691 22.7876 22.8144 22.831  22.8487
 22.8622 22.8885 22.9404 22.9733 22.9939 23.0096 23.0263 23.0529 23.0898
 23.1177 23.1319 23.1449 23.158  23.1728 23.1968 23.2137 23.2271 23.2422
 23.2629 23.2754 23.2869 23.2976 23.3121 23.3277 23.3435 23.3617 23.3755
 23.3873 23.4017 23.4144 23.4279 23.4416 23.4514 23.4639 23.4776 23.4903
 23.5014 23.5141 23.5271 23.5425 23.5569 23.571  23.5878 23.6053 23.6203
 23.6365 23.6497 23.6603 23.6714 23.6873 23.7044 23.7313 23.7457 23.7814
 23.8004 23.8175 23.8336 23.8728 23.899  23.9355 23.9594 23.9724 23.9935
 24.0186 24.0366 24.0527 24.0791 24.1488
31.1738 31.3909 31.4553 31.4808 31.5857 31.7641 31.7881 31.8778 31.9045
 31.9559 32.0041 32.0301 32.0769 32.0964 32.1181 32.1379 32.163  32.1828
 32.2037 32.2197 32.2405 32.2579 32.2772 32.3052 32.3327 32.3595 32.3726
 32.3968 32.4119 32.4408 32.4528 32.4667 32.4808 32.4954 32.5123 32.5268
 32.5549 32.5723 32.5918 32.6145 32.6377 32.6539 32.6954 32.7104 32.7254
 32.7506 32.7924 32.8085 32.8317 32.8827 32.918  32.9768 37.6219 39.0069
 39.5996
40.1429 40.2124 40.2949 40.3225 40.3747 40.4141 40.4579 40.5082 40.5297
 40.5487 40.5686 40.6075 40.6521 40.6792 40.7073 40.7259 40.74   40.7567
 40.7789 40.8017 40.8189 40.8423 40.8538 40.8647 40.876  40.8919 40.9116
 40.9264 40.9565 40.9701 40.9845 40.9961 41.0095 41.022  41.04   41.0537
 41.0855 41.1042 41.1253 41.1409 41.1636 41.1775 41.1923 41.2065 41.2185
 41.2312 41.2494 41.2668 41.2851 41.2974 41.3086 41.3286 41.3393 41.3538
 41.379  41.3972 41.4194 41.4485 41.4698 41.4896 41.5027 41.5181 41.5494
 41.5631 41.5787 41.6117 41.6248 41.6438 41.6749 41.7117 41.7307 41.7514
 41.7673 41.7858 41.8056 41.8231 41.8404 41.8841 41.9018 41.9244 41.9511
 41.9759 42.0004 42.1089 49.1566 49.3273 49.4826 49.5289 49.5709 49.6191
 49.7616 49.8492 49.8989 49.9674
50.0053 50.0356 50.0644 50.095  50.1274 50.1524 50.171  50.1842 50.2046
 50.2299 50.2654 50.2806 50.2955 50.3237 50.3672 50.3893 50.4009 50.4147
 50.4489 50.4718 50.4918 50.5016 50.5147 50.5311 50.5466 50.5715 50.5998
 50.6137 50.6255 50.6386 50.6489 50.6635 50.6792 50.6974 50.7109 50.7234
 50.737  50.751  50.7654 50.7825 50.7949 50.8127 50.8278 50.843  50.8618
 50.8856 50.8961 50.9122 50.9227 50.9409 50.9583 50.9767 51.0109 51.0328
 51.0499 51.0751 51.0897 51.1029 51.1539 51.1836 51.2219 51.2399 51.2664
 51.2805 51.3206 51.3963 51.4487 55.9778 56.9349 58.4387 58.4688 58.54
 58.6985 58.7526 58.7771 58.8546 58.8784 58.9045 58.9209 58.9366 58.9526
 58.9968 59.0393 59.0699 59.0885 59.1125 59.1405 59.1596 59.1739 59.1916
 59.2075 59.2251 59.2456 59.2602 59.2795 59.2998 59.3139 59.3311 59.3489
 59.3642 59.3762 59.3878 59.4049 59.4194 59.4331 59.4441 59.4748 59.4939
 59.5105 59.5241 59.5391 59.5521 59.5664 59.5805 59.5969 59.6095 59.6193
 59.6345 59.6488 59.6589 59.674  59.6868 59.6977 59.7107 59.7272 59.7397
 59.7541 59.7676 59.7808 59.7937 59.8066 59.8286 59.8473 59.8711 59.8946
 59.9072 59.9295 59.9541 59.9688 59.9831
60.0107 60.0392 60.0573 60.0862 60.1139 60.159  60.1798 60.1928 60.2096
 60.2263 60.2447 60.2658 67.3475 67.6769 67.7192 67.7665 68.1042 68.1894
 68.3447 68.3648 68.3909 68.4208 68.4644 68.4891 68.5181 68.5639 68.596
 68.6146 68.6395 68.6561 68.6854 68.6979 68.7134 68.7259 68.7439 68.7586
 68.7713 68.7884 68.8007 68.8136 68.8269 68.8433 68.871  68.8894 68.9024
 68.9166 68.928  68.9464 68.9612 68.9738 68.9876 69.0066 69.0323 69.0492
 69.0629 69.0787 69.09   69.1047 69.1217 69.1508 69.1737 69.2065 69.2235
 69.2531 69.2766 69.2976 69.4004 69.6036

