12.0969 12.7985 12.8494 12.8946 13.0578 13.1286 13.1533 13.2526 13.294
 13.307  13.3438 13.4043 13.4299 13.4684 13.488  13.5076 13.5363 13.5728
 13.5893 13.602  13.6139 13.6248 13.6392 13.6611 13.6744 13.6856 13.6975
 13.7142 13.7283 13.7414 13.7503 13.7621 13.7751 13.7861 13.8043 13.8173
 13.8287 13.8435 13.8592 13.8726 13.8848 13.8971 13.9096 13.9232 13.9335
 13.9445 13.9551 13.964  13.9748 13.9868 13.9981 14.0085 14.0183 14.0299
 14.0399 14.0503 14.0593 14.0686 14.078  14.0866 14.0964 14.1046 14.1134
 14.1228 14.1323 14.1429 14.1533 14.1635 14.1724 14.1819 14.1917 14.2012
 14.2101 14.219  14.2289 14.2392 14.2483 14.2559 14.265  14.2747 14.2843
 14.2932 14.3024 14.3123 14.3209 14.33   14.3409 14.3518 14.36   14.3686
 14.3762 14.3847 14.3943 14.4022 14.4109 14.4201 14.429  14.4385 14.4475
 14.4563 14.4654 14.4751 14.4842 14.4932 14.5033 14.5121 14.5212 14.5303
 14.5397 14.5497 14.559  14.568  14.5773 14.5867 14.5948 14.6031 14.6134
 14.6217 14.6308 14.6395 14.6485 14.6577 14.6666 14.6756 14.6847 14.6945
 14.704  14.7126 14.7224 14.7319 14.742  14.7504 14.7593 14.7689 14.7775
 14.7889 14.7995 14.8099 14.8185 14.8265 14.8349 14.8443 14.855  14.8638
 14.8736 14.8827 14.891  14.8999 14.9093 14.9193 14.9286 14.9385 14.9482
 14.9565 14.9642 14.9735 14.9826 14.9919 15.0012 15.0096 15.0191 15.0285
 15.0392 15.0489 15.0584 15.0679 15.0816 15.0918 15.1036 15.1141 15.1259
 15.135  15.1462 15.157  15.1672 15.1776 15.1882 15.1993 15.2126 15.224
 15.2368 15.2472 15.2601 15.276  15.2891 15.3016 15.313  15.3247 15.3369
 15.3525 15.3669 15.3811 15.3942 15.407  15.4196 15.4308 15.4457 15.459
 15.4754 15.4909 15.5038 15.52   15.5327 15.5531 15.5699 15.585  15.6005
 15.6267 15.6466 15.6648 15.6861 15.7083 15.729  15.7525 15.8041 15.8393
 15.8666 15.8903 16.0081 16.0507 16.0929 16.1593
21.889  22.0968 22.1297 22.1758 22.3279 22.3525 22.4283 22.5131 22.5339
 22.5844 22.6159 22.6359 22.6753 22.6909 22.7133 22.7324 22.7498 22.7711
 22.7845 22.8053 22.8361 22.8524 22.8672 22.8814 22.8975 22.9108 22.9244
 22.9377 22.9502 22.9641 22.9758 22.9865 22.9982 23.0094 23.022  23.035
 23.0499 23.0635 23.0821 23.0936 23.1047 23.1154 23.1263 23.1388 23.15
 23.1607 23.1734 23.1864 23.1952 23.2093 23.2219 23.2343 23.2452 23.2585
 23.2699 23.2783 23.2879 23.2979 23.31   23.3209 23.3314 23.3408 23.351
 23.3603 23.371  23.3824 23.3918 23.4025 23.4127 23.4236 23.434  23.4435
 23.4524 23.4629 23.4736 23.4837 23.4929 23.5017 23.5113 23.5204 23.5302
 23.5393 23.5503 23.5604 23.5703 23.5795 23.5889 23.5976 23.6077 23.6187
 23.6285 23.638  23.6463 23.6548 23.6634 23.6719 23.6813 23.6915 23.6995
 23.7093 23.7189 23.7283 23.7377 23.7481 23.7586 23.7685 23.7777 23.7869
 23.7961 23.8047 23.8139 23.8231 23.8323 23.8422 23.8518 23.8598 23.8705
 23.8791 23.8885 23.8964 23.9056 23.9141 23.9226 23.9316 23.9401 23.9484
 23.9571 23.967  23.9762 23.9845 23.995  24.0037 24.0125 24.0214 24.0304
 24.0399 24.0498 24.0591 24.0677 24.0788 24.0899 24.1008 24.1116 24.1225
 24.1321 24.1434 24.1535 24.1637 24.173  24.1837 24.1933 24.2043 24.2148
 24.2247 24.2343 24.2436 24.2536 24.2629 24.2729 24.2834 24.2944 24.3055
 24.3156 24.3258 24.3367 24.3462 24.3558 24.3653 24.3757 24.3856 24.3963
 24.4081 24.418  24.4276 24.4397 24.45   24.4594 24.4689 24.4808 24.4935
 24.5053 24.5174 24.5286 24.5412 24.5532 24.5649 24.5777 24.5891 24.601
 24.614  24.627  24.6405 24.6545 24.6696 24.6814 24.6935 24.705  24.7179
 24.7329 24.7488 24.7636 24.7867 24.8047 24.8217 24.8429 24.8574 24.8922
 24.9145 24.9575 24.9804 25.0204 25.0608 25.0859 25.147  25.1873 25.2385
30.8835 31.1655 31.3736 31.4484 31.4701 31.4968 31.5398 31.6255 31.6775
 31.705  31.7731 31.7897 31.8066 31.8197 31.838  31.855  31.8782 31.8888
 31.9074 31.9314 31.9486 31.9643 31.9802 32.0089 32.0229 32.0373 32.052
 32.0787 32.0922 32.1102 32.1243 32.1403 32.1567 32.1729 32.1862 32.2003
 32.2136 32.2321 32.2456 32.2592 32.2729 32.2862 32.3004 32.3101 32.3241
 32.3359 32.3467 32.3582 32.37   32.3845 32.3997 32.4131 32.4265 32.4426
 32.4538 32.4642 32.4733 32.4833 32.495  32.5076 32.5212 32.5323 32.545
 32.5549 32.5645 32.5747 32.5845 32.598  32.61   32.6205 32.6325 32.6424
 32.6516 32.6636 32.6734 32.684  32.695  32.7079 32.7201 32.7301 32.7401
 32.7514 32.7628 32.7736 32.7845 32.7938 32.805  32.8156 32.8273 32.8396
 32.851  32.865  32.8796 32.8913 32.905  32.9192 32.931  32.9418 32.954
 32.9665 32.9787 32.9927 33.0089 33.0216 33.0326 33.0457 33.062  33.0716
 33.0849 33.1008 33.1216 33.1336 33.1463 33.1615 33.1746 33.1861 33.1979
 33.213  33.2279 33.242  33.2548 33.2735 33.2922 33.3164 33.3318 33.3571
 33.372  33.3881 33.4021 33.4151 33.4314 33.4484 33.4658 33.4864 33.5068
 33.5265 33.5479 33.5738 33.5963 33.6301 33.6543 33.7314 33.7692 33.8019
 33.8302 33.8659 39.6046 39.6988 39.8599 39.9462 39.9732
40.105  40.1751 40.1917 40.2127 40.2356 40.2579 40.3003 40.3456 40.3769
 40.3987 40.4257 40.4655 40.4797 40.5009 40.5182 40.5337 40.5488 40.5701
 40.5918 40.6169 40.6305 40.6451 40.663  40.6839 40.6989 40.7152 40.7271
 40.7373 40.7557 40.7673 40.7797 40.7981 40.8102 40.8242 40.8373 40.8509
 40.8626 40.8758 40.8889 40.9048 40.9178 40.9296 40.939  40.9479 40.9579
 40.968  40.979  40.9929 41.0049 41.0166 41.0279 41.0402 41.0507 41.0612
 41.0722 41.0832 41.0934 41.1046 41.115  41.1245 41.1352 41.1454 41.1562
 41.1658 41.1765 41.1858 41.1951 41.2051 41.2144 41.2232 41.2328 41.242
 41.2515 41.2604 41.2708 41.281  41.2896 41.2981 41.3071 41.3165 41.3253
 41.3356 41.3467 41.3558 41.3644 41.3734 41.3824 41.3912 41.4026 41.4115
 41.4199 41.4295 41.4396 41.4482 41.4565 41.4665 41.4753 41.4847 41.4942
 41.5041 41.5132 41.5219 41.5309 41.5412 41.5505 41.5589 41.5679 41.5766
 41.5848 41.5935 41.6021 41.6107 41.6197 41.6288 41.6367 41.6469 41.6566
 41.6661 41.6767 41.6865 41.6945 41.7038 41.7122 41.7214 41.7327 41.7415
 41.7507 41.7612 41.772  41.7825 41.7915 41.8008 41.8108 41.82   41.8296
 41.8391 41.8497 41.8602 41.869  41.8789 41.8873 41.8971 41.9064 41.9165
 41.9265 41.9359 41.9466 41.9557 41.9664 41.9752 41.9843 41.994  42.0027
 42.0121 42.0215 42.03   42.0392 42.049  42.0584 42.0686 42.0776 42.0893
 42.1005 42.1116 42.1221 42.1316 42.1399 42.1511 42.1615 42.171  42.181
 42.1918 42.2012 42.212  42.2243 42.2345 42.2466 42.2568 42.2671 42.2765
 42.2864 42.2971 42.3083 42.3208 42.3308 42.3442 42.3544 42.3647 42.378
 42.3885 42.401  42.4118 42.4255 42.4355 42.4469 42.4574 42.4685 42.4795
 42.4905 42.5061 42.518  42.5345 42.5496 42.5614 42.5734 42.586  42.6002
 42.612  42.624  42.6384 42.6535 42.6674 42.6807 42.696  42.7159 42.739
 42.7606 42.7767 42.7925 42.8119 42.836  42.8787 42.9215 42.9427 43.0078
 43.1208 48.5856 48.6422 48.9246 48.9786 49.3941 49.5476 49.6048 49.6438
 49.6775 49.7099 49.7946 49.8224 49.8394 49.8579 49.8799 49.9035 49.9192
 49.937  49.9582 49.9837
50.0066 50.027  50.0439 50.0596 50.0719 50.0875 50.1053 50.1214 50.1349
 50.1472 50.1652 50.1751 50.1915 50.2051 50.2228 50.2403 50.2552 50.2698
 50.2848 50.2945 50.306  50.3163 50.3311 50.3471 50.3603 50.3725 50.3863
 50.3982 50.4087 50.4194 50.429  50.4418 50.4527 50.4633 50.4743 50.4868
 50.4971 50.5087 50.5207 50.5303 50.541  50.5543 50.565  50.5747 50.5846
 50.5928 50.6039 50.6138 50.6252 50.6342 50.6445 50.6544 50.6639 50.6742
 50.6839 50.6935 50.7036 50.7138 50.7249 50.7352 50.7444 50.753  50.7611
 50.7702 50.7788 50.7881 50.7973 50.8084 50.8192 50.8304 50.84   50.8493
 50.858  50.8679 50.8781 50.8875 50.8968 50.9049 50.9158 50.9262 50.936
 50.9459 50.9543 50.9635 50.9722 50.9818 50.9911 50.9999 51.0104 51.0202
 51.0318 51.0426 51.0515 51.0601 51.0699 51.0787 51.0876 51.0962 51.1044
 51.1129 51.1214 51.1301 51.139  51.1489 51.1605 51.1709 51.1794 51.1901
 51.199  51.2081 51.2179 51.2273 51.2369 51.2463 51.2557 51.2645 51.2739
 51.2825 51.2933 51.3039 51.3145 51.3229 51.3323 51.3425 51.3502 51.3613
 51.372  51.3812 51.3904 51.3998 51.4085 51.4169 51.4268 51.4369 51.4464
 51.4576 51.4669 51.4757 51.4849 51.4949 51.5046 51.5152 51.5258 51.535
 51.5447 51.558  51.569  51.5796 51.5921 51.6034 51.6158 51.6286 51.6399
 51.6532 51.6662 51.6794 51.6923 51.7055 51.7183 51.7333 51.7442 51.755
 51.7675 51.7809 51.7921 51.8047 51.8186 51.8316 51.8454 51.8586 51.8693
 51.8837 51.8952 51.9094 51.9261 51.9399 51.9572 51.9768 51.9962 52.0113
 52.0281 52.0439 52.0636 52.0937 52.1146 52.1369 52.1614 52.2135 52.2526
 52.2945 52.3625 57.7828 57.9646 58.1975 58.2218 58.3617 58.4814 58.5179
 58.543  58.5692 58.636  58.6593 58.6817 58.7457 58.7651 58.7905 58.8099
 58.8349 58.8539 58.8656 58.8817 58.9031 58.9246 58.9456 58.9637 58.9757
 58.9943 59.0074 59.0218 59.0443 59.0608 59.0719 59.0864 59.1062 59.118
 59.137  59.1553 59.1692 59.1798 59.1898 59.2016 59.2128 59.2229 59.2355
 59.2473 59.2582 59.2705 59.2833 59.2941 59.3044 59.3158 59.3254 59.3347
 59.3448 59.357  59.3683 59.3784 59.3897 59.4009 59.4123 59.4227 59.4314
 59.4402 59.4496 59.4587 59.4693 59.4812 59.4936 59.5036 59.513  59.5231
 59.5317 59.5414 59.5528 59.5654 59.5758 59.5862 59.5984 59.6087 59.621
 59.6318 59.6426 59.652  59.661  59.6694 59.6791 59.6888 59.6972 59.7057
 59.7156 59.726  59.7347 59.7435 59.7528 59.7629 59.7727 59.7814 59.7902
 59.7996 59.8082 59.817  59.8261 59.8341 59.843  59.8525 59.861  59.8699
 59.8788 59.8899 59.8984 59.9064 59.9155 59.9247 59.9335 59.9418 59.9516
 59.9607 59.9697 59.9832 59.994
60.004  60.0132 60.0218 60.0316 60.0405 60.0491 60.0589 60.0676 60.0782
 60.0886 60.0979 60.1079 60.119  60.1284 60.138  60.1469 60.1567 60.1663
 60.1764 60.1854 60.1949 60.2042 60.2128 60.2236 60.2328 60.2429 60.2531
 60.261  60.2695 60.2782 60.2888 60.2975 60.3069 60.3163 60.3259 60.3358
 60.3447 60.3545 60.3651 60.375  60.3842 60.3937 60.4036 60.4125 60.4227
 60.4332 60.4433 60.453  60.463  60.4727 60.4846 60.4958 60.5052 60.5162
 60.5254 60.5348 60.5446 60.5554 60.5671 60.5783 60.587  60.5964 60.6066
 60.618  60.6297 60.6409 60.6534 60.6634 60.6749 60.6868 60.6987 60.7097
 60.7218 60.7338 60.7452 60.7583 60.7701 60.7819 60.7929 60.8051 60.816
 60.8285 60.8407 60.8536 60.8666 60.8791 60.8905 60.9036 60.915  60.9262
 60.9369 60.9494 60.9629 60.9803 60.993  61.0039 61.0207 61.0368 61.0551
 61.0835 61.1026 61.1211 61.1389 61.1595 61.1876 61.2169 61.2367 61.2754
 61.3231 61.3418 61.3735 61.4188 61.4925 66.5316 67.2534 67.3265 67.4146
 67.5827 67.7426 67.793  67.8742 67.9087 67.9267 67.9486 68.0029 68.0432
 68.0799 68.1128 68.1422 68.1622 68.2087 68.2341 68.3029 68.3256 68.3609
 68.3802 68.4013 68.4173 68.4547 68.4712 68.4866 68.498  68.511  68.5247
 68.5389 68.5509 68.5696 68.5851 68.6009 68.6125 68.6221 68.633  68.6437
 68.6579 68.6709 68.6854 68.6996 68.7113 68.722  68.7322 68.7444 68.7589
 68.7698 68.7813 68.79   68.7995 68.8097 68.8202 68.8367 68.8491 68.8587
 68.8691 68.8824 68.8923 68.9034 68.9137 68.9241 68.9351 68.9449 68.9547
 68.9659 68.9752 68.9865 68.9973 69.0076 69.0179 69.0273 69.0369 69.0479
 69.0584 69.0677 69.0771 69.0883 69.0973 69.1067 69.1161 69.1259 69.1363
 69.1469 69.1571 69.1673 69.1774 69.1871 69.1971 69.2079 69.2205 69.2345
 69.246  69.256  69.2669 69.2775 69.2871 69.2974 69.3078 69.321  69.3326
 69.3428 69.3555 69.3655 69.3762 69.3883 69.4013 69.4102 69.4205 69.4313
 69.4433 69.4549 69.4659 69.478  69.4893 69.5    69.5125 69.5237 69.5424
 69.5521 69.5645 69.5765 69.5924 69.6041 69.6222 69.6343 69.6467 69.659
 69.6716 69.6837 69.6957 69.7077 69.7251 69.7398 69.7562 69.7688 69.7812
 69.795  69.8137 69.8299 69.8611 69.8761 69.8919 69.9056 69.9179 69.932
 69.9453 69.9569 69.9711 69.9875

