11.4215 12.3265 13.2178 13.4001 13.6709 13.7182 13.7838 13.861  13.9994
 14.0637
21.6506 21.7266 21.8008 22.1094 22.2482 22.3682 22.4104
31.0104 31.0698 31.1737 31.2018 31.4141 31.5225 31.5418 31.5836 31.7017
 31.7886 31.8212 31.8956 32.0225 38.1954 39.7301
40.1427 40.4726 40.5204 40.7227 40.7393 41.0941 41.2152 41.3996 48.145
 48.7389 49.1044 49.5321 49.6908 49.8649 49.9019 49.9566
50.3686 50.4403 50.5086 50.5499 57.1711 58.5302 58.6785 58.8447 58.9142
 58.9972 59.1325 59.2292 59.3415 59.4412 59.4948 59.6074 59.6419 59.6707
 59.7046
66.9796 67.8021 67.9126 67.9982 68.0532 68.2302 68.3775 68.4076 68.4693
 68.4934 68.5312 68.7796 68.8099

