12.2684 12.4782 12.667  12.9821 13.0659 13.1262 13.1473 13.201  13.3769
 13.465  13.5855 13.6676
20.7385 21.1565 21.8909 22.3136 22.3456 22.3937 22.4907 29.5789
30.6259 30.8147 31.0759 31.1996 31.2604 31.2806 31.3119 31.3369 31.4619
 31.5383 39.6315 39.912
40.2326 40.2599 40.9887 41.0068 49.6494 49.7894
50.1498 50.1846 50.4043 57.8322 58.3976 58.5798 58.7652 58.7978 58.8794
 58.953  59.1519 59.1823 59.2168 59.2515 59.3953
66.6928 67.5989 67.6995 67.7417 67.8277 67.8562 67.9148 68.2632 68.2804
 68.3059 68.34

