13.0679 13.1678 13.2828 13.3437 13.4216 13.4376 13.508  13.5393 13.5773
 13.5986 13.6228 13.6588 13.7121 13.7368 13.7581 13.7727 13.8065 13.8438
 13.8597 13.878  13.8934 13.9067 13.9189 13.9557 13.9784 13.9959 14.0518
 14.1422
21.7506 21.9534 22.0919 22.2804 22.3122 22.4092 22.4467 22.4587 22.5042
 22.5625 22.6339 22.7728 22.8063 22.843  22.8837 29.9387
31.2918 31.3929 31.4585 31.4865 31.5426 31.6026 31.6638 31.6905 31.7067
 31.8138 32.0514 32.1709
40.3327 40.37   40.3979 40.5855 40.7598 40.8287 40.8463 40.8978 40.9149
 40.9337 40.9967 41.0745 41.0923 41.1115 41.137  41.1574 41.189  41.2283
 41.2607 41.2773 41.3207 41.3436 41.399  49.5258 49.8224
50.1786 50.2679 50.2859 50.3006 50.3402 50.3907 50.4083 50.4547 50.4737
 50.497  50.5226 50.5575 50.5961 50.6194 50.648  50.6722 50.6825 50.7265
 50.8016 50.8259 50.8678 50.9603 58.4226 58.8003 58.9672 59.0638 59.0914
 59.1047 59.1689 59.2068 59.2661 59.278  59.2995 59.3148 59.3457 59.3897
 59.407  59.4574 59.5433 59.563  59.5826 59.5962 59.6463 59.6934 59.7325
 59.7574
66.696  66.9561 67.4199 67.4875 67.7418 67.8156 67.8624 67.9167 68.0387
 68.0937 68.1306 68.2455 68.2617 68.2983 68.3124 68.3389 68.3756 68.4117
 68.437  68.476  68.4902 68.5067 68.5184 68.5383 68.5636 68.5746 68.6041
 68.6303 68.6503 68.6937 68.7094 68.7545 68.7825 68.801

