11.5885 12.0317 12.145  12.8407 12.9361 12.966  13.0677 13.0877 13.12
 13.2358 13.2587 13.2944 13.3193 13.3552 13.3872 13.4059 13.4235 13.4392
 13.5029 13.5605 13.5792 13.6111 13.6477 13.6674 13.6825 13.6987 13.7121
 13.7275 13.7436 13.7662 13.7798 13.8193 13.8492 13.8688 13.8876 13.9693
 13.9878 14.0248
21.3007 21.59   21.8057 21.9052 22.0114 22.0391 22.1646 22.1895 22.226
 22.241  22.2566 22.271  22.3054 22.3268 22.3489 22.3887 22.407  22.4228
 22.4425 22.4718 22.5676 22.6213 22.64   22.6527 22.7059 22.7334 22.7678
 22.8149 22.8659
30.3039 30.3298 30.4527 30.7119 30.8506 30.9228 31.0119 31.1089 31.1247
 31.146  31.2282 31.2472 31.2678 31.3687 31.4187 31.4436 31.4595 31.4809
 31.5165 31.5296 31.5835 31.6009 31.6373 31.6615 31.709  31.7257 31.7645
 31.7824 31.9198 31.9382 31.9558 39.5318
40.0504 40.1951 40.2555 40.2809 40.2997 40.3438 40.4074 40.4706 40.4939
 40.5187 40.543  40.5649 40.5989 40.6299 40.6493 40.6736 40.7192 40.7424
 40.7677 40.7908 40.828  40.8678 40.8919 40.9109 40.9749 41.0169 41.0397
 41.058  41.0754 41.1752 41.1971 41.2165 41.2296 41.2908 46.1228 46.3854
 49.3745 49.5136 49.6729 49.9306 49.9803
50.0097 50.0927 50.1288 50.1566 50.1875 50.2093 50.2562 50.3084 50.326
 50.3685 50.3878 50.4015 50.4187 50.4947 50.5376 50.7004 50.7299 57.4327
 57.8436 57.9418 58.2306 58.3377 58.3948 58.4256 58.483  58.503  58.5758
 58.6313 58.7149 58.7864 58.8208 58.8532 58.8768 58.8996 58.9309 58.9615
 59.0074 59.0369 59.0932 59.1228 59.1449 59.177  59.1966 59.2098 59.2567
 59.2815 59.3032 59.3352 59.3662 59.4048 59.4233 59.4399 59.4592 59.4855
 59.5272 59.5435 59.563  59.601  59.682
67.1283 67.3213 67.4521 67.5749 67.601  67.6206 67.6574 67.7296 67.7563
 67.8733 67.9414 67.9664 68.0159 68.0374 68.0675 68.0844 68.1038 68.1242
 68.1457 68.1722 68.2034 68.2193 68.2583 68.2801 68.3009 68.3261 68.3398
 68.3643 68.3893 68.408  68.4273 68.4425 68.461  68.4932 68.5088 68.5389
 68.5695 68.5844 68.6046 68.6273 68.6674 68.8909

