12.8144 13.5166 13.6017 13.7758 13.8237 13.8432 13.9728 14.0715 14.0885
 14.1254 14.1469 14.1982 14.2222 14.2673 14.3036 14.336  14.3624 14.3963
 14.4193 14.437  14.4614 14.5369 14.6843 14.7105 14.758
20.6358 22.0039 22.4104 22.4725 22.6917 22.7558 22.8205 22.8828 22.9315
 22.9679 23.0299 23.0451 23.0658 23.1686 23.1981 23.2649 23.3045 23.358
 23.3979 23.4112 23.4718 23.4884 23.5037 23.5252 23.547  23.6445 23.6864
 23.7039
30.4548 30.6688 30.9643 31.3366 31.3627 31.3913 31.5164 31.5861 31.6227
 31.6418 31.6612 31.7398 31.7702 31.7952 31.8265 31.8871 31.9213 31.9447
 31.9804 32.0131 32.034  32.0545 32.0725 32.1364 32.1839 32.2161 32.2735
 32.2982 32.3184 32.3797 32.3937 32.4149 32.4364 32.4679 32.5768 32.6349
 32.719  32.7543 39.3855 39.9221
40.4077 40.8259 41.0056 41.0279 41.0838 41.1118 41.3017 41.3274 41.4607
 41.5221 41.5465 41.6155 41.6333 41.6992 41.7719 41.8197 41.9683 49.6293
 49.8811
50.0907 50.1764 50.2128 50.2471 50.2976 50.3422 50.3588 50.4071 50.4777
 50.5076 50.5853 50.6651 50.6898 50.7148 50.7467 50.7851 50.8239 50.8659
 50.9086 50.9788 51.0558 51.0708 51.0884 51.1057 51.1212 51.2138 51.229
 58.4705 58.8809 59.0041 59.146  59.2122 59.2538 59.4917 59.6376 59.6583
 59.6931 59.7182 59.8399 59.9027 59.9718
60.0794 60.1001 60.3278 66.4918 68.3847 68.4389 68.5086 68.5383 68.6079
 68.6249 68.7959 68.8375 68.9829 69.0141 69.0445 69.1391 69.2003 69.3414
 69.4355 69.5468

