13.2286 13.3668 13.4763 13.5498 13.6242 13.7047 13.7288 13.7714 13.864
 13.901  13.9509 13.9714 14.0735 14.0891 14.1321 14.2156 14.2377 14.2521
 14.2714 14.3135 14.328  14.3663 14.3958 14.412  14.4482 14.4778 14.5089
 14.5304 14.5462
21.0952 21.469  22.1161 22.1518 22.2406 22.3014 22.3467 22.3759 22.3998
 22.4229 22.4824 22.5208 22.5882 22.6502 22.7957 22.815  22.8433 22.8722
 22.917  22.9352 22.9553 22.9718 23.0096 23.0279 23.0476 23.0621 23.0952
 23.1211 23.1466 23.1733 23.1858 23.2112 23.2349 23.3097 23.3294 23.3562
 23.3748 23.4549 23.4697 23.5775
30.5483 30.7587 30.8057 30.8458 30.8941 30.9087 30.9711 31.013  31.0504
 31.0692 31.0879 31.1038 31.1255 31.1945 31.2184 31.2408 31.2626 31.2832
 31.3051 31.3312 31.3489 31.3653 31.4058 31.4348 31.4717 31.5293 31.5501
 31.5655 31.5903 31.6116 31.625  31.642  31.6539 31.6668 31.691  31.7073
 31.7243 31.7387 31.7619 31.7846 31.7971 31.8097 31.8262 31.8382 31.8561
 31.8734 31.884  31.8981 31.9304 31.955  31.9665 31.9867 32.0042 32.019
 32.0354 32.0685 32.0877 32.1107 32.1275 32.1519 32.1663 32.179  32.1921
 32.2046 32.2322 32.2541 32.3609 32.388
40.2154 40.3184 40.6746 40.8783 41.003  41.1014 41.1567 41.1809 41.2033
 41.2451 41.3204 41.3538 41.3881 41.4321 41.4528 41.5692 41.587  41.6069
 41.6271 41.6527 41.6802 41.7394 41.8193 41.8563 45.3427 48.8826 49.4289
 49.6353 49.6635 49.713  49.7606 49.8753 49.9514
50.0379 50.0618 50.0946 50.1781 50.245  50.3423 50.3695 50.39   50.4233
 50.4388 50.4646 50.4987 50.5267 50.5666 50.5894 50.6039 50.6232 50.6503
 50.6703 50.694  50.7144 50.7402 50.7837 50.8009 50.8179 50.8514 50.8744
 50.8928 50.9061 50.919  50.9324 50.9451 50.9782 51.0098 51.0465 51.0583
 51.0779 56.5077 57.9956 58.4816 58.5397 58.6056 58.638  58.8963 59.0073
 59.0406 59.1003 59.1661 59.2075 59.2459 59.2774 59.2921 59.3084 59.3315
 59.351  59.3723 59.4179 59.4379 59.4677 59.4843 59.5083 59.5683 59.5927
 59.6225 59.6584 59.6714 59.6852 59.7077 59.7295 59.7611 59.7828 59.8101
 59.8801 59.8996 59.9176
60.0104 60.0504 60.0696 67.6622 68.0258 68.1126 68.149  68.4392 68.469
 68.5249 68.5469 68.5652 68.6572 68.7097 68.7436 68.7628 68.7868 68.8366
 68.8538 68.88   68.9046 68.9457 68.9605 68.9711 69.0048 69.0956 69.1984
 69.215  69.2684

